0.000000	45033.000000
0.000000	45033.000000
0.000000	45033.000000
0.000000	45033.000000
0.000000	45033.000000
0.000000	45033.000000
0.000000	45033.000000
0.000000	45033.000000
0.000000	45033.000000
0.000000	45034.000000
0.000000	45034.000000
0.000000	45034.000000
0.000000	45034.000000
0.000000	45034.000000
0.000000	45034.000000
0.000000	45034.000000
0.000000	45034.000000
0.000000	45034.000000
0.000000	45034.000000
0.000000	45034.000000
0.000000	45034.000000
0.000000	45034.000000
0.000000	45034.000000
0.000000	45034.000000
0.000000	45034.000000
0.000000	45034.000000
0.000000	45035.000000
0.000000	45035.000000
0.000000	45035.000000
0.000000	45035.000000
0.000000	45035.000000
0.000000	45035.000000
0.000000	45035.000000
0.000000	45035.000000
0.000000	45035.000000
0.000000	45035.000000
0.000000	45035.000000
0.000000	45035.000000
0.000000	45035.000000
0.000000	45035.000000
0.000000	45035.000000
0.000000	45035.000000
0.000000	45035.000000
0.000000	45036.000000
0.000000	45036.000000
0.000000	45036.000000
0.000000	45036.000000
0.000000	45036.000000
0.000000	45036.000000
0.000000	45036.000000
0.000000	45036.000000
0.000000	45036.000000
0.000000	45036.000000
0.000000	45036.000000
0.000000	45036.000000
0.000000	45036.000000
0.000000	45036.000000
0.000000	45036.000000
0.000000	45036.000000
0.000000	45036.000000
0.000000	45037.000000
0.000000	45037.000000
0.000000	45037.000000
0.000000	45037.000000
0.000000	45037.000000
0.000000	45037.000000
0.000000	45037.000000
0.000000	45037.000000
0.000000	45037.000000
0.000000	45037.000000
0.000000	45037.000000
0.000000	45037.000000
0.000000	45037.000000
0.000000	45037.000000
0.000000	45037.000000
0.000000	45037.000000
0.000000	45037.000000
0.000000	45038.000000
0.000000	45038.000000
0.000000	45038.000000
0.000000	45038.000000
0.000000	45038.000000
0.000000	45038.000000
0.000000	45038.000000
0.000000	45038.000000
0.000000	45038.000000
0.000000	45038.000000
0.000000	45038.000000
0.000000	45038.000000
0.000000	45038.000000
0.000000	45038.000000
0.000000	45038.000000
0.000000	45038.000000
0.000000	45038.000000
0.000000	45039.000000
0.000000	45039.000000
0.000000	45039.000000
0.000000	45039.000000
0.000000	45039.000000
0.000000	45039.000000
0.000000	45039.000000
0.000000	45039.000000
0.000000	45039.000000
0.000000	45039.000000
0.000000	45039.000000
0.000000	45039.000000
0.000000	45039.000000
0.000000	45039.000000
0.000000	45039.000000
0.000000	45039.000000
0.000000	45039.000000
0.000000	45040.000000
0.000000	45040.000000
0.000000	45040.000000
0.000000	45040.000000
0.000000	45040.000000
0.000000	45040.000000
0.000000	45040.000000
0.000000	45040.000000
0.000000	45040.000000
0.000000	45040.000000
0.000000	45040.000000
0.000000	45040.000000
0.000000	45040.000000
0.000000	45040.000000
0.000000	45040.000000
0.000000	45040.000000
0.000000	45040.000000
0.000000	45040.000000
0.000000	45041.000000
0.000000	45041.000000
0.000000	45041.000000
0.000000	45041.000000
0.000000	45041.000000
0.000000	45041.000000
0.000000	45041.000000
0.000000	45041.000000
0.000000	45041.000000
0.000000	45041.000000
0.000000	45041.000000
0.000000	45041.000000
0.000000	45041.000000
0.000000	45041.000000
0.000000	45041.000000
0.000000	45041.000000
0.000000	45041.000000
0.000000	45042.000000
0.000000	45042.000000
0.000000	45042.000000
0.000000	45042.000000
0.000000	45042.000000
0.000000	45042.000000
0.000000	45042.000000
0.000000	45042.000000
0.000000	45042.000000
0.000000	45042.000000
0.000000	45042.000000
0.000000	45042.000000
0.000000	45042.000000
0.000000	45042.000000
0.000000	45042.000000
0.000000	45042.000000
0.000000	45042.000000
0.000000	45043.000000
0.000000	45043.000000
0.000000	45043.000000
0.000000	45043.000000
0.000000	45043.000000
0.000000	45043.000000
0.000000	45043.000000
0.000000	45043.000000
0.000000	45043.000000
0.000000	45043.000000
0.000000	45043.000000
0.000000	45043.000000
0.000000	45043.000000
0.000000	45043.000000
0.000000	45043.000000
0.000000	45043.000000
0.000000	45043.000000
0.000000	45044.000000
0.000000	45044.000000
0.000000	45044.000000
0.000000	45044.000000
0.000000	45044.000000
0.000000	45044.000000
0.000000	45044.000000
0.000000	45044.000000
0.000000	45044.000000
0.000000	45044.000000
0.000000	45044.000000
0.000000	45044.000000
0.000000	45044.000000
0.000000	45044.000000
0.000000	45044.000000
0.000000	45044.000000
0.000000	45044.000000
0.000000	45045.000000
0.000000	45045.000000
0.000000	45045.000000
0.000000	45045.000000
0.000000	45045.000000
0.000000	45045.000000
0.000000	45045.000000
0.000000	45045.000000
0.000000	45045.000000
0.000000	45045.000000
0.000000	45045.000000
0.000000	45045.000000
0.000000	45045.000000
0.000000	45045.000000
0.000000	45045.000000
0.000000	45045.000000
0.000000	45045.000000
0.000000	45046.000000
0.000000	45046.000000
0.000000	45046.000000
0.000000	45046.000000
0.000000	45046.000000
0.000000	45046.000000
0.000000	45046.000000
0.000000	45046.000000
0.000000	45046.000000
0.000000	45046.000000
0.000000	45046.000000
0.000000	45046.000000
0.000000	45046.000000
0.000000	45046.000000
0.000000	45046.000000
0.000000	45046.000000
0.000000	45046.000000
0.000000	45047.000000
0.000000	45047.000000
0.000000	45047.000000
0.000000	45047.000000
0.000000	45047.000000
0.000000	45047.000000
0.000000	45047.000000
0.000000	45047.000000
0.000000	45047.000000
0.000000	45047.000000
0.000000	45047.000000
0.000000	45047.000000
0.000000	45047.000000
0.000000	45047.000000
0.000000	45047.000000
0.000000	45047.000000
0.000000	45047.000000
0.000000	45048.000000
0.000000	45048.000000
0.000000	45048.000000
0.000000	45048.000000
0.000000	45048.000000
0.000000	45048.000000
0.000000	45048.000000
0.000000	45048.000000
0.000000	45048.000000
0.000000	45048.000000
0.000000	45048.000000
0.000000	45048.000000
0.000000	45048.000000
0.000000	45048.000000
0.000000	45048.000000
0.000000	45048.000000
0.000000	45048.000000
0.000000	45049.000000
0.000000	45049.000000
0.000000	45049.000000
0.000000	45049.000000
0.000000	45049.000000
0.000000	45049.000000
0.000000	45049.000000
0.000000	45049.000000
0.000000	45049.000000
0.000000	45049.000000
0.000000	45049.000000
0.000000	45049.000000
0.000000	45049.000000
0.000000	45049.000000
0.000000	45049.000000
0.000000	45049.000000
0.000000	45049.000000
0.000000	45050.000000
0.000000	45050.000000
0.000000	45050.000000
0.000000	45050.000000
0.000000	45050.000000
0.000000	45050.000000
0.000000	45050.000000
0.000000	45050.000000
0.000000	45050.000000
0.000000	45050.000000
0.000000	45050.000000
0.000000	45050.000000
0.000000	45050.000000
0.000000	45050.000000
0.000000	45050.000000
0.000000	45050.000000
0.000000	45050.000000
0.000000	45051.000000
0.000000	45051.000000
0.000000	45051.000000
0.000000	45051.000000
0.000000	45051.000000
0.000000	45051.000000
0.000000	45051.000000
0.000000	45051.000000
0.000000	45051.000000
0.000000	45051.000000
0.000000	45051.000000
0.000000	45051.000000
0.000000	45051.000000
0.000000	45051.000000
0.000000	45051.000000
0.000000	45051.000000
0.000000	45051.000000
0.000000	45052.000000
0.000000	45052.000000
0.000000	45052.000000
0.000000	45052.000000
0.000000	45052.000000
0.000000	45052.000000
0.000000	45052.000000
0.000000	45052.000000
0.000000	45052.000000
0.000000	45052.000000
0.000000	45052.000000
0.000000	45052.000000
0.000000	45052.000000
0.000000	45052.000000
0.000000	45052.000000
0.000000	45052.000000
0.000000	45052.000000
0.000000	45053.000000
0.000000	45053.000000
0.000000	45053.000000
0.000000	45053.000000
0.000000	45053.000000
0.000000	45053.000000
0.000000	45053.000000
0.000000	45053.000000
0.000000	45053.000000
0.000000	45053.000000
0.000000	45053.000000
0.000000	45053.000000
0.000000	45053.000000
0.000000	45053.000000
0.000000	45053.000000
0.000000	45053.000000
0.000000	45053.000000
0.000000	45054.000000
0.000000	45054.000000
0.000000	45054.000000
0.000000	45054.000000
0.000000	45054.000000
0.000000	45054.000000
0.000000	45054.000000
0.000000	45054.000000
0.000000	45054.000000
0.000000	45054.000000
0.000000	45054.000000
0.000000	45054.000000
0.000000	45054.000000
0.000000	45054.000000
0.000000	45054.000000
0.000000	45054.000000
0.000000	45054.000000
0.000000	45055.000000
0.000000	45055.000000
0.000000	45055.000000
0.000000	45055.000000
0.000000	45055.000000
0.000000	45055.000000
0.000000	45055.000000
0.000000	45055.000000
0.000000	45055.000000
0.000000	45055.000000
0.000000	45055.000000
0.000000	45055.000000
0.000000	45055.000000
0.000000	45055.000000
0.000000	45055.000000
0.000000	45055.000000
0.000000	45055.000000
0.000000	45055.000000
0.000000	45056.000000
0.000000	45056.000000
0.000000	45056.000000
0.000000	45056.000000
0.000000	45056.000000
0.000000	45056.000000
0.000000	45056.000000
0.000000	45056.000000
0.000000	45056.000000
0.000000	45056.000000
0.000000	45056.000000
0.000000	45056.000000
0.000000	45056.000000
0.000000	45056.000000
0.000000	45056.000000
0.000000	45056.000000
0.000000	45057.000000
0.000000	45057.000000
0.000000	45057.000000
0.000000	45057.000000
0.000000	45057.000000
0.000000	45057.000000
0.000000	45057.000000
0.000000	45057.000000
0.000000	45057.000000
0.000000	45057.000000
0.000000	45057.000000
0.000000	45057.000000
0.000000	45057.000000
0.000000	45057.000000
0.000000	45057.000000
0.000000	45057.000000
0.000000	45057.000000
0.000000	45057.000000
0.000000	45058.000000
0.000000	45058.000000
0.000000	45058.000000
0.000000	45058.000000
0.000000	45058.000000
0.000000	45058.000000
0.000000	45058.000000
0.000000	45058.000000
0.000000	45058.000000
0.000000	45058.000000
0.000000	45058.000000
0.000000	45058.000000
0.000000	45058.000000
0.000000	45058.000000
0.000000	45058.000000
0.000000	45058.000000
0.000000	45058.000000
0.000000	45059.000000
0.000000	45059.000000
0.000000	45059.000000
0.000000	45059.000000
0.000000	45059.000000
0.000000	45059.000000
0.000000	45059.000000
0.000000	45059.000000
0.000000	45059.000000
0.000000	45059.000000
0.000000	45059.000000
0.000000	45059.000000
0.000000	45059.000000
0.000000	45059.000000
0.000000	45059.000000
0.000000	45059.000000
0.000000	45059.000000
0.000000	45100.000000
0.000000	45100.000000
0.000000	45100.000000
0.000000	45100.000000
0.000000	45100.000000
0.000000	45100.000000
0.000000	45100.000000
0.000000	45100.000000
0.000000	45100.000000
0.000000	45100.000000
0.000000	45100.000000
0.000000	45100.000000
0.000000	45100.000000
0.000000	45100.000000
0.000000	45100.000000
0.000000	45100.000000
0.000000	45100.000000
0.000000	45101.000000
0.000000	45101.000000
0.000000	45101.000000
0.000000	45101.000000
0.000000	45101.000000
0.000000	45101.000000
0.000000	45101.000000
0.000000	45101.000000
0.000000	45101.000000
0.000000	45101.000000
0.000000	45101.000000
0.000000	45101.000000
0.000000	45101.000000
0.000000	45101.000000
0.000000	45101.000000
0.000000	45101.000000
0.000000	45101.000000
0.000000	45102.000000
0.000000	45102.000000
0.000000	45102.000000
0.000000	45102.000000
0.000000	45102.000000
0.000000	45102.000000
0.000000	45102.000000
0.000000	45102.000000
0.000000	45102.000000
0.000000	45102.000000
0.000000	45102.000000
0.000000	45102.000000
0.000000	45102.000000
0.000000	45102.000000
0.000000	45102.000000
0.000000	45102.000000
0.000000	45102.000000
0.000000	45103.000000
0.000000	45103.000000
0.000000	45103.000000
0.000000	45103.000000
0.000000	45103.000000
0.000000	45103.000000
0.000000	45103.000000
0.000000	45103.000000
0.000000	45103.000000
0.000000	45103.000000
0.000000	45103.000000
0.000000	45103.000000
0.000000	45103.000000
0.000000	45103.000000
0.000000	45103.000000
0.000000	45103.000000
0.000000	45103.000000
0.000000	45104.000000
0.000000	45104.000000
0.000000	45104.000000
0.000000	45104.000000
0.000000	45104.000000
0.000000	45104.000000
0.000000	45104.000000
0.000000	45104.000000
0.000000	45104.000000
0.000000	45104.000000
0.000000	45104.000000
0.000000	45104.000000
0.000000	45104.000000
0.000000	45104.000000
0.000000	45104.000000
0.000000	45104.000000
0.000000	45104.000000
0.000000	45105.000000
0.000000	45105.000000
0.000000	45105.000000
0.000000	45105.000000
0.000000	45105.000000
0.000000	45105.000000
0.000000	45105.000000
0.000000	45105.000000
0.000000	45105.000000
0.000000	45105.000000
0.000000	45105.000000
0.000000	45105.000000
0.000000	45105.000000
0.000000	45105.000000
0.000000	45105.000000
0.000000	45105.000000
0.000000	45105.000000
0.000000	45106.000000
0.000000	45106.000000
0.000000	45106.000000
0.000000	45106.000000
0.000000	45106.000000
0.000000	45106.000000
0.000000	45106.000000
0.000000	45106.000000
0.000000	45106.000000
0.000000	45106.000000
0.000000	45106.000000
0.000000	45106.000000
0.000000	45106.000000
0.000000	45106.000000
0.000000	45106.000000
0.000000	45106.000000
0.000000	45106.000000
0.000000	45107.000000
0.000000	45107.000000
0.000000	45107.000000
0.000000	45107.000000
0.000000	45107.000000
0.000000	45107.000000
0.000000	45107.000000
0.000000	45107.000000
0.000000	45107.000000
0.000000	45107.000000
0.000000	45107.000000
0.000000	45107.000000
0.000000	45107.000000
0.000000	45107.000000
0.000000	45107.000000
0.000000	45107.000000
0.000000	45107.000000
0.000000	45108.000000
0.000000	45108.000000
0.000000	45108.000000
0.000000	45108.000000
0.000000	45108.000000
0.000000	45108.000000
0.000000	45108.000000
0.000000	45108.000000
0.000000	45108.000000
0.000000	45108.000000
0.000000	45108.000000
0.000000	45108.000000
0.000000	45108.000000
0.000000	45108.000000
0.000000	45108.000000
0.000000	45108.000000
0.000000	45108.000000
0.000000	45109.000000
0.000000	45109.000000
0.000000	45109.000000
0.000000	45109.000000
0.000000	45109.000000
0.000000	45109.000000
0.000000	45109.000000
0.000000	45109.000000
0.000000	45109.000000
0.000000	45109.000000
0.000000	45109.000000
0.000000	45109.000000
0.000000	45109.000000
0.000000	45109.000000
0.000000	45109.000000
0.000000	45109.000000
0.000000	45109.000000
0.000000	45110.000000
0.000000	45110.000000
0.000000	45110.000000
0.000000	45110.000000
0.000000	45110.000000
0.000000	45110.000000
0.000000	45110.000000
0.000000	45110.000000
0.000000	45110.000000
0.000000	45110.000000
0.000000	45110.000000
0.000000	45110.000000
0.000000	45110.000000
0.000000	45110.000000
0.000000	45110.000000
0.000000	45110.000000
0.000000	45110.000000
0.000000	45110.000000
0.000000	45111.000000
0.000000	45111.000000
0.000000	45111.000000
0.000000	45111.000000
0.000000	45111.000000
0.000000	45111.000000
0.000000	45111.000000
0.000000	45111.000000
0.000000	45111.000000
0.000000	45111.000000
0.000000	45111.000000
0.000000	45111.000000
0.000000	45111.000000
0.000000	45111.000000
0.000000	45111.000000
0.000000	45111.000000
0.000000	45111.000000
0.000000	45112.000000
0.000000	45112.000000
0.000000	45112.000000
0.000000	45112.000000
0.000000	45112.000000
0.000000	45112.000000
0.000000	45112.000000
0.000000	45112.000000
0.000000	45112.000000
0.000000	45112.000000
0.000000	45112.000000
0.000000	45112.000000
0.000000	45112.000000
0.000000	45112.000000
0.000000	45112.000000
0.000000	45112.000000
0.000000	45112.000000
0.000000	45113.000000
0.000000	45113.000000
0.000000	45113.000000
0.000000	45113.000000
0.000000	45113.000000
0.000000	45113.000000
0.000000	45113.000000
0.000000	45113.000000
0.000000	45113.000000
0.000000	45113.000000
0.000000	45113.000000
0.000000	45113.000000
0.000000	45113.000000
0.000000	45113.000000
0.000000	45113.000000
0.000000	45113.000000
0.000000	45113.000000
0.000000	45114.000000
0.000000	45114.000000
0.000000	45114.000000
0.000000	45114.000000
0.000000	45114.000000
0.000000	45114.000000
0.000000	45114.000000
0.000000	45114.000000
0.000000	45114.000000
0.000000	45114.000000
0.000000	45114.000000
0.000000	45114.000000
0.000000	45114.000000
0.000000	45114.000000
0.000000	45114.000000
0.000000	45114.000000
0.000000	45114.000000
0.000000	45115.000000
0.000000	45115.000000
0.000000	45115.000000
0.000000	45115.000000
0.000000	45115.000000
0.000000	45115.000000
0.000000	45115.000000
0.000000	45115.000000
0.000000	45115.000000
0.000000	45115.000000
0.000000	45115.000000
0.000000	45115.000000
0.000000	45115.000000
0.000000	45115.000000
0.000000	45115.000000
0.000000	45115.000000
0.000000	45115.000000
0.000000	45116.000000
0.000000	45116.000000
0.000000	45116.000000
0.000000	45116.000000
0.000000	45116.000000
0.000000	45116.000000
0.000000	45116.000000
0.000000	45116.000000
0.000000	45116.000000
0.000000	45116.000000
0.000000	45116.000000
0.000000	45116.000000
0.000000	45116.000000
0.000000	45116.000000
0.000000	45116.000000
0.000000	45116.000000
0.000000	45116.000000
0.000000	45117.000000
0.000000	45117.000000
0.000000	45117.000000
0.000000	45117.000000
0.000000	45117.000000
0.000000	45117.000000
0.000000	45117.000000
0.000000	45117.000000
0.000000	45117.000000
0.000000	45117.000000
0.000000	45117.000000
0.000000	45117.000000
0.000000	45117.000000
0.000000	45117.000000
0.000000	45117.000000
0.000000	45117.000000
0.000000	45117.000000
0.000000	45118.000000
0.000000	45118.000000
0.000000	45118.000000
0.000000	45118.000000
0.000000	45118.000000
0.000000	45118.000000
0.000000	45118.000000
0.000000	45118.000000
0.000000	45118.000000
0.000000	45118.000000
0.000000	45118.000000
0.000000	45118.000000
0.000000	45118.000000
0.000000	45118.000000
0.000000	45118.000000
0.000000	45118.000000
0.000000	45118.000000
0.000000	45119.000000
0.000000	45119.000000
0.000000	45119.000000
0.000000	45119.000000
0.000000	45119.000000
0.000000	45119.000000
0.000000	45119.000000
0.000000	45119.000000
0.000000	45119.000000
0.000000	45119.000000
0.000000	45119.000000
0.000000	45119.000000
0.000000	45119.000000
0.000000	45119.000000
0.000000	45119.000000
0.000000	45119.000000
0.000000	45119.000000
0.000000	45120.000000
0.000000	45120.000000
0.000000	45120.000000
0.000000	45120.000000
0.000000	45120.000000
0.000000	45120.000000
0.000000	45120.000000
0.000000	45120.000000
0.000000	45120.000000
0.000000	45120.000000
0.000000	45120.000000
0.000000	45120.000000
0.000000	45120.000000
0.000000	45120.000000
0.000000	45120.000000
0.000000	45120.000000
0.000000	45120.000000
0.000000	45121.000000
0.000000	45121.000000
0.000000	45121.000000
0.000000	45121.000000
0.000000	45121.000000
0.000000	45121.000000
0.000000	45121.000000
0.000000	45121.000000
0.000000	45121.000000
0.000000	45121.000000
0.000000	45121.000000
0.000000	45121.000000
0.000000	45121.000000
0.000000	45121.000000
0.000000	45121.000000
0.000000	45121.000000
0.000000	45121.000000
0.000000	45122.000000
0.000000	45122.000000
0.000000	45122.000000
0.000000	45122.000000
0.000000	45122.000000
0.000000	45122.000000
0.000000	45122.000000
0.000000	45122.000000
0.000000	45122.000000
0.000000	45122.000000
0.000000	45122.000000
0.000000	45122.000000
0.000000	45122.000000
0.000000	45122.000000
0.000000	45122.000000
0.000000	45122.000000
0.000000	45122.000000
0.000000	45123.000000
0.000000	45123.000000
0.000000	45123.000000
0.000000	45123.000000
0.000000	45123.000000
0.000000	45123.000000
0.000000	45123.000000
0.000000	45123.000000
0.000000	45123.000000
0.000000	45123.000000
0.000000	45123.000000
0.000000	45123.000000
0.000000	45123.000000
0.000000	45123.000000
0.000000	45123.000000
0.000000	45123.000000
0.000000	45123.000000
0.000000	45124.000000
0.000000	45124.000000
0.000000	45124.000000
0.000000	45124.000000
0.000000	45124.000000
0.000000	45124.000000
0.000000	45124.000000
0.000000	45124.000000
0.000000	45124.000000
0.000000	45124.000000
0.000000	45124.000000
0.000000	45124.000000
0.000000	45124.000000
0.000000	45124.000000
0.000000	45124.000000
0.000000	45124.000000
0.000000	45124.000000
0.000000	45125.000000
0.000000	45125.000000
0.000000	45125.000000
0.000000	45125.000000
0.000000	45125.000000
0.000000	45125.000000
0.000000	45125.000000
0.000000	45125.000000
0.000000	45125.000000
0.000000	45125.000000
0.000000	45125.000000
0.000000	45125.000000
0.000000	45125.000000
0.000000	45125.000000
0.000000	45125.000000
0.000000	45125.000000
0.000000	45125.000000
0.000000	45125.000000
0.000000	45126.000000
0.000000	45126.000000
0.000000	45126.000000
0.000000	45126.000000
0.000000	45126.000000
0.000000	45126.000000
0.000000	45126.000000
0.000000	45126.000000
0.000000	45126.000000
0.000000	45126.000000
0.000000	45126.000000
0.000000	45126.000000
0.000000	45126.000000
0.000000	45126.000000
0.000000	45126.000000
0.000000	45126.000000
0.000000	45127.000000
0.000000	45127.000000
0.000000	45127.000000
0.000000	45127.000000
0.000000	45127.000000
0.000000	45127.000000
0.000000	45127.000000
0.000000	45127.000000
0.000000	45127.000000
0.000000	45127.000000
0.000000	45127.000000
0.000000	45127.000000
0.000000	45127.000000
0.000000	45127.000000
0.000000	45127.000000
0.000000	45127.000000
0.000000	45127.000000
0.000000	45127.000000
0.000000	45128.000000
0.000000	45128.000000
0.000000	45128.000000
0.000000	45128.000000
0.000000	45128.000000
0.000000	45128.000000
0.000000	45128.000000
0.000000	45128.000000
0.000000	45128.000000
0.000000	45128.000000
0.000000	45128.000000
0.000000	45128.000000
0.000000	45128.000000
0.000000	45128.000000
0.000000	45128.000000
0.000000	45128.000000
0.000000	45128.000000
0.000000	45129.000000
0.000000	45129.000000
0.000000	45129.000000
0.000000	45129.000000
0.000000	45129.000000
0.000000	45129.000000
0.000000	45129.000000
0.000000	45129.000000
0.000000	45129.000000
0.000000	45129.000000
0.000000	45129.000000
0.000000	45129.000000
0.000000	45129.000000
0.000000	45129.000000
0.000000	45129.000000
0.000000	45129.000000
0.000000	45129.000000
0.000000	45130.000000
0.000000	45130.000000
0.000000	45130.000000
0.000000	45130.000000
0.000000	45130.000000
0.000000	45130.000000
0.000000	45130.000000
0.000000	45130.000000
0.000000	45130.000000
0.000000	45130.000000
0.000000	45130.000000
0.000000	45130.000000
0.000000	45130.000000
0.000000	45130.000000
0.000000	45130.000000
0.000000	45130.000000
0.000000	45130.000000
0.000000	45131.000000
0.000000	45131.000000
0.000000	45131.000000
0.000000	45131.000000
0.000000	45131.000000
0.000000	45131.000000
0.000000	45131.000000
0.000000	45131.000000
0.000000	45131.000000
0.000000	45131.000000
0.000000	45131.000000
0.000000	45131.000000
0.000000	45131.000000
0.000000	45131.000000
0.000000	45131.000000
0.000000	45131.000000
0.000000	45131.000000
0.000000	45132.000000
0.000000	45132.000000
0.000000	45132.000000
0.000000	45132.000000
0.000000	45132.000000
0.000000	45132.000000
0.000000	45132.000000
0.000000	45132.000000
0.000000	45132.000000
0.000000	45132.000000
0.000000	45132.000000
0.000000	45132.000000
0.000000	45132.000000
0.000000	45132.000000
0.000000	45132.000000
0.000000	45132.000000
0.000000	45132.000000
0.000000	45133.000000
0.000000	45133.000000
0.000000	45133.000000
0.000000	45133.000000
0.000000	45133.000000
0.000000	45133.000000
0.000000	45133.000000
0.000000	45133.000000
0.000000	45133.000000
0.000000	45133.000000
0.000000	45133.000000
0.000000	45133.000000
0.000000	45133.000000
0.000000	45133.000000
0.000000	45133.000000
0.000000	45133.000000
0.000000	45133.000000
0.000000	45134.000000
0.000000	45134.000000
0.000000	45134.000000
0.000000	45134.000000
0.000000	45134.000000
0.000000	45134.000000
0.000000	45134.000000
0.000000	45134.000000
0.000000	45134.000000
0.000000	45134.000000
0.000000	45134.000000
0.000000	45134.000000
0.000000	45134.000000
0.000000	45134.000000
0.000000	45134.000000
0.000000	45134.000000
0.000000	45134.000000
0.000000	45135.000000
0.000000	45135.000000
0.000000	45135.000000
0.000000	45135.000000
0.000000	45135.000000
0.000000	45135.000000
0.000000	45135.000000
0.000000	45135.000000
0.000000	45135.000000
0.000000	45135.000000
0.000000	45135.000000
0.000000	45135.000000
0.000000	45135.000000
0.000000	45135.000000
0.000000	45135.000000
0.000000	45135.000000
0.000000	45135.000000
0.000000	45136.000000
0.000000	45136.000000
0.000000	45136.000000
0.000000	45136.000000
0.000000	45136.000000
0.000000	45136.000000
0.000000	45136.000000
0.000000	45136.000000
0.000000	45136.000000
0.000000	45136.000000
0.000000	45136.000000
0.000000	45136.000000
0.000000	45136.000000
0.000000	45136.000000
0.000000	45136.000000
0.000000	45136.000000
0.000000	45136.000000
0.000000	45137.000000
0.000000	45137.000000
0.000000	45137.000000
0.000000	45137.000000
0.000000	45137.000000
0.000000	45137.000000
0.000000	45137.000000
0.000000	45137.000000
0.000000	45137.000000
0.000000	45137.000000
0.000000	45137.000000
0.000000	45137.000000
0.000000	45137.000000
0.000000	45137.000000
0.000000	45137.000000
0.000000	45137.000000
0.000000	45137.000000
0.000000	45138.000000
0.000000	45138.000000
0.000000	45138.000000
0.000000	45138.000000
0.000000	45138.000000
0.000000	45138.000000
0.000000	45138.000000
0.000000	45138.000000
0.000000	45138.000000
0.000000	45138.000000
0.000000	45138.000000
0.000000	45138.000000
0.000000	45138.000000
0.000000	45138.000000
0.000000	45138.000000
0.000000	45138.000000
0.000000	45138.000000
0.000000	45139.000000
0.000000	45139.000000
0.000000	45139.000000
0.000000	45139.000000
0.000000	45139.000000
0.000000	45139.000000
0.000000	45139.000000
0.000000	45139.000000
0.000000	45139.000000
0.000000	45139.000000
0.000000	45139.000000
0.000000	45139.000000
0.000000	45139.000000
0.000000	45139.000000
0.000000	45139.000000
0.000000	45139.000000
0.000000	45139.000000
0.000000	45140.000000
0.000000	45140.000000
0.000000	45140.000000
0.000000	45140.000000
0.000000	45140.000000
0.000000	45140.000000
0.000000	45140.000000
0.000000	45140.000000
0.000000	45140.000000
0.000000	45140.000000
0.000000	45140.000000
0.000000	45140.000000
0.000000	45140.000000
0.000000	45140.000000
0.000000	45140.000000
0.000000	45140.000000
0.000000	45140.000000
0.000000	45141.000000
0.000000	45141.000000
0.000000	45141.000000
0.000000	45141.000000
0.000000	45141.000000
0.000000	45141.000000
0.000000	45141.000000
0.000000	45141.000000
0.000000	45141.000000
0.000000	45141.000000
0.000000	45141.000000
0.000000	45141.000000
0.000000	45141.000000
0.000000	45141.000000
0.000000	45141.000000
0.000000	45141.000000
0.000000	45141.000000
0.000000	45141.000000
0.000000	45142.000000
0.000000	45142.000000
0.000000	45142.000000
0.000000	45142.000000
0.000000	45142.000000
0.000000	45142.000000
0.000000	45142.000000
0.000000	45142.000000
0.000000	45142.000000
0.000000	45142.000000
0.000000	45142.000000
0.000000	45142.000000
0.000000	45142.000000
0.000000	45142.000000
0.000000	45142.000000
0.000000	45142.000000
0.000000	45142.000000
0.000000	45143.000000
0.000000	45143.000000
0.000000	45143.000000
0.000000	45143.000000
0.000000	45143.000000
0.000000	45143.000000
0.000000	45143.000000
0.000000	45143.000000
0.000000	45143.000000
0.000000	45143.000000
0.000000	45143.000000
0.000000	45143.000000
0.000000	45143.000000
0.000000	45143.000000
0.000000	45143.000000
0.000000	45143.000000
0.000000	45143.000000
0.000000	45144.000000
0.000000	45144.000000
0.000000	45144.000000
0.000000	45144.000000
0.000000	45144.000000
0.000000	45144.000000
0.000000	45144.000000
0.000000	45144.000000
0.000000	45144.000000
0.000000	45144.000000
0.000000	45144.000000
0.000000	45144.000000
0.000000	45144.000000
0.000000	45144.000000
0.000000	45144.000000
0.000000	45144.000000
0.000000	45144.000000
0.000000	45145.000000
0.000000	45145.000000
0.000000	45145.000000
0.000000	45145.000000
0.000000	45145.000000
0.000000	45145.000000
0.000000	45145.000000
0.000000	45145.000000
0.000000	45145.000000
0.000000	45145.000000
0.000000	45145.000000
0.000000	45145.000000
0.000000	45145.000000
0.000000	45145.000000
0.000000	45145.000000
0.000000	45145.000000
0.000000	45145.000000
0.000000	45146.000000
0.000000	45146.000000
0.000000	45146.000000
0.000000	45146.000000
0.000000	45146.000000
0.000000	45146.000000
0.000000	45146.000000
0.000000	45146.000000
0.000000	45146.000000
0.000000	45146.000000
0.000000	45146.000000
0.000000	45146.000000
0.000000	45146.000000
0.000000	45146.000000
0.000000	45146.000000
0.000000	45146.000000
0.000000	45146.000000
0.000000	45147.000000
0.000000	45147.000000
0.000000	45147.000000
0.000000	45147.000000
0.000000	45147.000000
0.000000	45147.000000
0.000000	45147.000000
0.000000	45147.000000
0.000000	45147.000000
0.000000	45147.000000
0.000000	45147.000000
0.000000	45147.000000
0.000000	45147.000000
0.000000	45147.000000
0.000000	45147.000000
0.000000	45147.000000
0.000000	45147.000000
0.000000	45148.000000
0.000000	45148.000000
0.000000	45148.000000
0.000000	45148.000000
0.000000	45148.000000
0.000000	45148.000000
0.000000	45148.000000
0.000000	45148.000000
0.000000	45148.000000
0.000000	45148.000000
0.000000	45148.000000
0.000000	45148.000000
0.000000	45148.000000
0.000000	45148.000000
0.000000	45148.000000
0.000000	45148.000000
0.000000	45148.000000
0.000000	45149.000000
0.000000	45149.000000
0.000000	45149.000000
0.000000	45149.000000
0.000000	45149.000000
0.000000	45149.000000
0.000000	45149.000000
0.000000	45149.000000
0.000000	45149.000000
0.000000	45149.000000
0.000000	45149.000000
0.000000	45149.000000
0.000000	45149.000000
0.000000	45149.000000
0.000000	45149.000000
0.000000	45149.000000
0.000000	45149.000000
0.000000	45150.000000
0.000000	45150.000000
0.000000	45150.000000
0.000000	45150.000000
0.000000	45150.000000
0.000000	45150.000000
0.000000	45150.000000
0.000000	45150.000000
0.000000	45150.000000
0.000000	45150.000000
0.000000	45150.000000
0.000000	45150.000000
0.000000	45150.000000
0.000000	45150.000000
0.000000	45150.000000
0.000000	45150.000000
0.000000	45150.000000
0.000000	45151.000000
0.000000	45151.000000
0.000000	45151.000000
0.000000	45151.000000
0.000000	45151.000000
0.000000	45151.000000
0.000000	45151.000000
0.000000	45151.000000
0.000000	45151.000000
0.000000	45151.000000
0.000000	45151.000000
0.000000	45151.000000
0.000000	45151.000000
0.000000	45151.000000
0.000000	45151.000000
0.000000	45151.000000
0.000000	45151.000000
0.000000	45152.000000
0.000000	45152.000000
0.000000	45152.000000
0.000000	45152.000000
0.000000	45152.000000
0.000000	45152.000000
0.000000	45152.000000
0.000000	45152.000000
0.000000	45152.000000
0.000000	45152.000000
0.000000	45152.000000
0.000000	45152.000000
0.000000	45152.000000
0.000000	45152.000000
0.000000	45152.000000
0.000000	45152.000000
0.000000	45152.000000
0.000000	45153.000000
0.000000	45153.000000
0.000000	45153.000000
0.000000	45153.000000
0.000000	45153.000000
0.000000	45153.000000
0.000000	45153.000000
0.000000	45153.000000
0.000000	45153.000000
0.000000	45153.000000
0.000000	45153.000000
0.000000	45153.000000
0.000000	45153.000000
0.000000	45153.000000
0.000000	45153.000000
0.000000	45153.000000
0.000000	45153.000000
0.000000	45154.000000
0.000000	45154.000000
0.000000	45154.000000
0.000000	45154.000000
0.000000	45154.000000
0.000000	45154.000000
0.000000	45154.000000
0.000000	45154.000000
0.000000	45154.000000
0.000000	45154.000000
0.000000	45154.000000
0.000000	45154.000000
0.000000	45154.000000
0.000000	45154.000000
0.000000	45154.000000
0.000000	45154.000000
0.000000	45154.000000
0.000000	45155.000000
0.000000	45155.000000
0.000000	45155.000000
0.000000	45155.000000
0.000000	45155.000000
0.000000	45155.000000
0.000000	45155.000000
0.000000	45155.000000
0.000000	45155.000000
0.000000	45155.000000
0.000000	45155.000000
0.000000	45155.000000
0.000000	45155.000000
0.000000	45155.000000
0.000000	45155.000000
0.000000	45155.000000
0.000000	45155.000000
0.000000	45155.000000
0.000000	45156.000000
0.000000	45156.000000
0.000000	45156.000000
0.000000	45156.000000
0.000000	45156.000000
0.000000	45156.000000
0.000000	45156.000000
0.000000	45156.000000
0.000000	45156.000000
0.000000	45156.000000
0.000000	45156.000000
0.000000	45156.000000
0.000000	45156.000000
0.000000	45156.000000
0.000000	45156.000000
0.000000	45156.000000
0.000000	45156.000000
0.000000	45157.000000
0.000000	45157.000000
0.000000	45157.000000
0.000000	45157.000000
0.000000	45157.000000
0.000000	45157.000000
0.000000	45157.000000
0.000000	45157.000000
0.000000	45157.000000
0.000000	45157.000000
0.000000	45157.000000
0.000000	45157.000000
0.000000	45157.000000
0.000000	45157.000000
0.000000	45157.000000
0.000000	45157.000000
0.000000	45157.000000
0.000000	45158.000000
0.000000	45158.000000
0.000000	45158.000000
0.000000	45158.000000
0.000000	45158.000000
0.000000	45158.000000
0.000000	45158.000000
0.000000	45158.000000
0.000000	45158.000000
0.000000	45158.000000
0.000000	45158.000000
0.000000	45158.000000
0.000000	45158.000000
0.000000	45158.000000
0.000000	45158.000000
0.000000	45158.000000
0.000000	45158.000000
0.000000	45159.000000
0.000000	45159.000000
0.000000	45159.000000
0.000000	45159.000000
0.000000	45159.000000
0.000000	45159.000000
0.000000	45159.000000
0.000000	45159.000000
0.000000	45159.000000
0.000000	45159.000000
0.000000	45159.000000
0.000000	45159.000000
0.000000	45159.000000
0.000000	45159.000000
0.000000	45159.000000
0.000000	45159.000000
0.000000	45159.000000
0.000000	45200.000000
0.000000	45200.000000
0.000000	45200.000000
0.000000	45200.000000
0.000000	45200.000000
0.000000	45200.000000
0.000000	45200.000000
0.000000	45200.000000
0.000000	45200.000000
0.000000	45200.000000
0.000000	45200.000000
0.000000	45200.000000
0.000000	45200.000000
0.000000	45200.000000
0.000000	45200.000000
0.000000	45200.000000
0.000000	45200.000000
0.000000	45201.000000
0.000000	45201.000000
0.000000	45201.000000
0.000000	45201.000000
0.000000	45201.000000
0.000000	45201.000000
0.000000	45201.000000
0.000000	45201.000000
0.000000	45201.000000
0.000000	45201.000000
0.000000	45201.000000
0.000000	45201.000000
0.000000	45201.000000
0.000000	45201.000000
0.000000	45201.000000
0.000000	45201.000000
0.000000	45201.000000
0.000000	45202.000000
0.000000	45202.000000
0.000000	45202.000000
0.000000	45202.000000
0.000000	45202.000000
0.000000	45202.000000
0.000000	45202.000000
0.000000	45202.000000
0.000000	45202.000000
0.000000	45202.000000
0.000000	45202.000000
0.000000	45202.000000
0.000000	45202.000000
0.000000	45202.000000
0.000000	45202.000000
0.000000	45202.000000
0.000000	45202.000000
0.000000	45203.000000
0.000000	45203.000000
0.000000	45203.000000
0.000000	45203.000000
0.000000	45203.000000
0.000000	45203.000000
0.000000	45203.000000
0.000000	45203.000000
0.000000	45203.000000
0.000000	45203.000000
0.000000	45203.000000
0.000000	45203.000000
0.000000	45203.000000
0.000000	45203.000000
0.000000	45203.000000
0.000000	45203.000000
0.000000	45203.000000
0.000000	45204.000000
0.000000	45204.000000
0.000000	45204.000000
0.000000	45204.000000
0.000000	45204.000000
0.000000	45204.000000
0.000000	45204.000000
0.000000	45204.000000
0.000000	45204.000000
0.000000	45204.000000
0.000000	45204.000000
0.000000	45204.000000
0.000000	45204.000000
0.000000	45204.000000
0.000000	45204.000000
0.000000	45204.000000
0.000000	45204.000000
0.000000	45205.000000
0.000000	45205.000000
0.000000	45205.000000
0.000000	45205.000000
0.000000	45205.000000
0.000000	45205.000000
0.000000	45205.000000
0.000000	45205.000000
0.000000	45205.000000
0.000000	45205.000000
0.000000	45205.000000
0.000000	45205.000000
0.000000	45205.000000
0.000000	45205.000000
0.000000	45205.000000
0.000000	45205.000000
0.000000	45205.000000
0.000000	45206.000000
0.000000	45206.000000
0.000000	45206.000000
0.000000	45206.000000
0.000000	45206.000000
0.000000	45206.000000
0.000000	45206.000000
0.000000	45206.000000
0.000000	45206.000000
0.000000	45206.000000
0.000000	45206.000000
0.000000	45206.000000
0.000000	45206.000000
0.000000	45206.000000
0.000000	45206.000000
0.000000	45206.000000
0.000000	45206.000000
0.000000	45207.000000
0.000000	45207.000000
0.000000	45207.000000
0.000000	45207.000000
0.000000	45207.000000
0.000000	45207.000000
0.000000	45207.000000
0.000000	45207.000000
0.000000	45207.000000
0.000000	45207.000000
0.000000	45207.000000
0.000000	45207.000000
0.000000	45207.000000
0.000000	45207.000000
0.000000	45207.000000
0.000000	45207.000000
0.000000	45207.000000
0.000000	45208.000000
0.000000	45208.000000
0.000000	45208.000000
0.000000	45208.000000
0.000000	45208.000000
0.000000	45208.000000
0.000000	45208.000000
0.000000	45208.000000
0.000000	45208.000000
0.000000	45208.000000
0.000000	45208.000000
0.000000	45208.000000
0.000000	45208.000000
0.000000	45208.000000
0.000000	45208.000000
0.000000	45208.000000
0.000000	45208.000000
0.000000	45209.000000
0.000000	45209.000000
0.000000	45209.000000
0.000000	45209.000000
0.000000	45209.000000
0.000000	45209.000000
0.000000	45209.000000
0.000000	45209.000000
0.000000	45209.000000
0.000000	45209.000000
0.000000	45209.000000
0.000000	45209.000000
0.000000	45209.000000
0.000000	45209.000000
0.000000	45209.000000
0.000000	45209.000000
0.000000	45209.000000
0.000000	45210.000000
0.000000	45210.000000
0.000000	45210.000000
0.000000	45210.000000
0.000000	45210.000000
0.000000	45210.000000
0.000000	45210.000000
0.000000	45210.000000
0.000000	45210.000000
0.000000	45210.000000
0.000000	45210.000000
0.000000	45210.000000
0.000000	45210.000000
0.000000	45210.000000
0.000000	45210.000000
0.000000	45210.000000
0.000000	45210.000000
0.000000	45210.000000
0.000000	45211.000000
0.000000	45211.000000
0.000000	45211.000000
0.000000	45211.000000
0.000000	45211.000000
0.000000	45211.000000
0.000000	45211.000000
0.000000	45211.000000
0.000000	45211.000000
0.000000	45211.000000
0.000000	45211.000000
0.000000	45211.000000
0.000000	45211.000000
0.000000	45211.000000
0.000000	45211.000000
0.000000	45211.000000
0.000000	45211.000000
0.000000	45212.000000
0.000000	45212.000000
0.000000	45212.000000
0.000000	45212.000000
0.000000	45212.000000
0.000000	45212.000000
0.000000	45212.000000
0.000000	45212.000000
0.000000	45212.000000
0.000000	45212.000000
0.000000	45212.000000
0.000000	45212.000000
0.000000	45212.000000
0.000000	45212.000000
0.000000	45212.000000
0.000000	45212.000000
0.000000	45212.000000
0.000000	45213.000000
0.000000	45213.000000
0.000000	45213.000000
0.000000	45213.000000
0.000000	45213.000000
0.000000	45213.000000
0.000000	45213.000000
0.000000	45213.000000
0.000000	45213.000000
0.000000	45213.000000
0.000000	45213.000000
0.000000	45213.000000
0.000000	45213.000000
0.000000	45213.000000
0.000000	45213.000000
0.000000	45213.000000
0.000000	45213.000000
0.000000	45214.000000
0.000000	45214.000000
0.000000	45214.000000
0.000000	45214.000000
0.000000	45214.000000
0.000000	45214.000000
0.000000	45214.000000
0.000000	45214.000000
0.000000	45214.000000
0.000000	45214.000000
0.000000	45214.000000
0.000000	45214.000000
0.000000	45214.000000
0.000000	45214.000000
0.000000	45214.000000
0.000000	45214.000000
0.000000	45214.000000
0.000000	45215.000000
0.000000	45215.000000
0.000000	45215.000000
0.000000	45215.000000
0.000000	45215.000000
0.000000	45215.000000
0.000000	45215.000000
0.000000	45215.000000
0.000000	45215.000000
0.000000	45215.000000
0.000000	45215.000000
0.000000	45215.000000
0.000000	45215.000000
0.000000	45215.000000
0.000000	45215.000000
0.000000	45215.000000
0.000000	45215.000000
0.000000	45216.000000
0.000000	45216.000000
0.000000	45216.000000
0.000000	45216.000000
0.000000	45216.000000
0.000000	45216.000000
0.000000	45216.000000
0.000000	45216.000000
0.000000	45216.000000
0.000000	45216.000000
0.000000	45216.000000
0.000000	45216.000000
0.000000	45216.000000
0.000000	45216.000000
0.000000	45216.000000
0.000000	45216.000000
0.000000	45216.000000
0.000000	45217.000000
0.000000	45217.000000
0.000000	45217.000000
0.000000	45217.000000
0.000000	45217.000000
0.000000	45217.000000
0.000000	45217.000000
0.000000	45217.000000
0.000000	45217.000000
0.000000	45217.000000
0.000000	45217.000000
0.000000	45217.000000
0.000000	45217.000000
0.000000	45217.000000
0.000000	45217.000000
0.000000	45217.000000
0.000000	45217.000000
0.000000	45218.000000
0.000000	45218.000000
0.000000	45218.000000
0.000000	45218.000000
0.000000	45218.000000
0.000000	45218.000000
0.000000	45218.000000
0.000000	45218.000000
0.000000	45218.000000
0.000000	45218.000000
0.000000	45218.000000
0.000000	45218.000000
0.000000	45218.000000
0.000000	45218.000000
0.000000	45218.000000
0.000000	45218.000000
0.000000	45218.000000
0.000000	45219.000000
0.000000	45219.000000
0.000000	45219.000000
0.000000	45219.000000
0.000000	45219.000000
0.000000	45219.000000
0.000000	45219.000000
0.000000	45219.000000
0.000000	45219.000000
0.000000	45219.000000
0.000000	45219.000000
0.000000	45219.000000
0.000000	45219.000000
0.000000	45219.000000
0.000000	45219.000000
0.000000	45219.000000
0.000000	45219.000000
0.000000	45220.000000
0.000000	45220.000000
0.000000	45220.000000
0.000000	45220.000000
0.000000	45220.000000
0.000000	45220.000000
0.000000	45220.000000
0.000000	45220.000000
0.000000	45220.000000
0.000000	45220.000000
0.000000	45220.000000
0.000000	45220.000000
0.000000	45220.000000
0.000000	45220.000000
0.000000	45220.000000
0.000000	45220.000000
0.000000	45220.000000
0.000000	45221.000000
0.000000	45221.000000
0.000000	45221.000000
0.000000	45221.000000
0.000000	45221.000000
0.000000	45221.000000
0.000000	45221.000000
0.000000	45221.000000
0.000000	45221.000000
0.000000	45221.000000
0.000000	45221.000000
0.000000	45221.000000
0.000000	45221.000000
0.000000	45221.000000
0.000000	45221.000000
0.000000	45221.000000
0.000000	45221.000000
0.000000	45222.000000
0.000000	45222.000000
0.000000	45222.000000
0.000000	45222.000000
0.000000	45222.000000
0.000000	45222.000000
0.000000	45222.000000
0.000000	45222.000000
0.000000	45222.000000
0.000000	45222.000000
0.000000	45222.000000
0.000000	45222.000000
0.000000	45222.000000
0.000000	45222.000000
0.000000	45222.000000
0.000000	45222.000000
0.000000	45222.000000
0.000000	45223.000000
0.000000	45223.000000
0.000000	45223.000000
0.000000	45223.000000
0.000000	45223.000000
0.000000	45223.000000
0.000000	45223.000000
0.000000	45223.000000
0.000000	45223.000000
0.000000	45223.000000
0.000000	45223.000000
0.000000	45223.000000
0.000000	45223.000000
0.000000	45223.000000
0.000000	45223.000000
0.000000	45223.000000
0.000000	45223.000000
0.000000	45224.000000
0.000000	45224.000000
0.000000	45224.000000
0.000000	45224.000000
0.000000	45224.000000
0.000000	45224.000000
0.000000	45224.000000
0.000000	45224.000000
0.000000	45224.000000
0.000000	45224.000000
0.000000	45224.000000
0.000000	45224.000000
0.000000	45224.000000
0.000000	45224.000000
0.000000	45224.000000
0.000000	45224.000000
0.000000	45224.000000
0.000000	45225.000000
0.000000	45225.000000
0.000000	45225.000000
0.000000	45225.000000
0.000000	45225.000000
0.000000	45225.000000
0.000000	45225.000000
0.000000	45225.000000
0.000000	45225.000000
0.000000	45225.000000
0.000000	45225.000000
0.000000	45225.000000
0.000000	45225.000000
0.000000	45225.000000
0.000000	45225.000000
0.000000	45225.000000
0.000000	45225.000000
0.000000	45226.000000
0.000000	45226.000000
0.000000	45226.000000
0.000000	45226.000000
0.000000	45226.000000
0.000000	45226.000000
0.000000	45226.000000
0.000000	45226.000000
0.000000	45226.000000
0.000000	45226.000000
0.000000	45226.000000
0.000000	45226.000000
0.000000	45226.000000
0.000000	45226.000000
0.000000	45226.000000
0.000000	45226.000000
0.000000	45226.000000
0.000000	45226.000000
0.000000	45227.000000
0.000000	45227.000000
0.000000	45227.000000
0.000000	45227.000000
0.000000	45227.000000
0.000000	45227.000000
0.000000	45227.000000
0.000000	45227.000000
0.000000	45227.000000
0.000000	45227.000000
0.000000	45227.000000
0.000000	45227.000000
0.000000	45227.000000
0.000000	45227.000000
0.000000	45227.000000
0.000000	45227.000000
0.000000	45227.000000
0.000000	45228.000000
0.000000	45228.000000
0.000000	45228.000000
0.000000	45228.000000
0.000000	45228.000000
0.000000	45228.000000
0.000000	45228.000000
0.000000	45228.000000
0.000000	45228.000000
0.000000	45228.000000
0.000000	45228.000000
0.000000	45228.000000
0.000000	45228.000000
0.000000	45228.000000
0.000000	45228.000000
0.000000	45228.000000
0.000000	45228.000000
0.000000	45229.000000
0.000000	45229.000000
0.000000	45229.000000
0.000000	45229.000000
0.000000	45229.000000
0.000000	45229.000000
0.000000	45229.000000
0.000000	45229.000000
0.000000	45229.000000
0.000000	45229.000000
0.000000	45229.000000
0.000000	45229.000000
0.000000	45229.000000
0.000000	45229.000000
0.000000	45229.000000
0.000000	45229.000000
0.000000	45229.000000
0.000000	45230.000000
0.000000	45230.000000
0.000000	45230.000000
0.000000	45230.000000
0.000000	45230.000000
0.000000	45230.000000
0.000000	45230.000000
0.000000	45230.000000
0.000000	45230.000000
0.000000	45230.000000
0.000000	45230.000000
0.000000	45230.000000
0.000000	45230.000000
0.000000	45230.000000
0.000000	45230.000000
0.000000	45230.000000
0.000000	45230.000000
0.000000	45231.000000
0.000000	45231.000000
0.000000	45231.000000
0.000000	45231.000000
0.000000	45231.000000
0.000000	45231.000000
0.000000	45231.000000
0.000000	45231.000000
0.000000	45231.000000
0.000000	45231.000000
0.000000	45231.000000
0.000000	45231.000000
0.000000	45231.000000
0.000000	45231.000000
0.000000	45231.000000
0.000000	45231.000000
0.000000	45231.000000
0.000000	45232.000000
0.000000	45232.000000
0.000000	45232.000000
0.000000	45232.000000
0.000000	45232.000000
0.000000	45232.000000
0.000000	45232.000000
0.000000	45232.000000
0.000000	45232.000000
0.000000	45232.000000
0.000000	45232.000000
0.000000	45232.000000
0.000000	45232.000000
0.000000	45232.000000
0.000000	45232.000000
0.000000	45232.000000
0.000000	45232.000000
0.000000	45233.000000
0.000000	45233.000000
0.000000	45233.000000
0.000000	45233.000000
0.000000	45233.000000
0.000000	45233.000000
0.000000	45233.000000
0.000000	45233.000000
0.000000	45233.000000
0.000000	45233.000000
0.000000	45233.000000
0.000000	45233.000000
0.000000	45233.000000
0.000000	45233.000000
0.000000	45233.000000
0.000000	45233.000000
0.000000	45233.000000
0.000000	45234.000000
0.000000	45234.000000
0.000000	45234.000000
0.000000	45234.000000
0.000000	45234.000000
0.000000	45234.000000
0.000000	45234.000000
0.000000	45234.000000
0.000000	45234.000000
0.000000	45234.000000
0.000000	45234.000000
0.000000	45234.000000
0.000000	45234.000000
0.000000	45234.000000
0.000000	45234.000000
0.000000	45234.000000
0.000000	45234.000000
0.000000	45235.000000
0.000000	45235.000000
0.000000	45235.000000
0.000000	45235.000000
0.000000	45235.000000
0.000000	45235.000000
0.000000	45235.000000
0.000000	45235.000000
0.000000	45235.000000
0.000000	45235.000000
0.000000	45235.000000
0.000000	45235.000000
0.000000	45235.000000
0.000000	45235.000000
0.000000	45235.000000
0.000000	45235.000000
0.000000	45235.000000
0.000000	45236.000000
0.000000	45236.000000
0.000000	45236.000000
0.000000	45236.000000
0.000000	45236.000000
0.000000	45236.000000
0.000000	45236.000000
0.000000	45236.000000
0.000000	45236.000000
0.000000	45236.000000
0.000000	45236.000000
0.000000	45236.000000
0.000000	45236.000000
0.000000	45236.000000
0.000000	45236.000000
0.000000	45236.000000
0.000000	45236.000000
0.000000	45237.000000
0.000000	45237.000000
0.000000	45237.000000
0.000000	45237.000000
0.000000	45237.000000
0.000000	45237.000000
0.000000	45237.000000
0.000000	45237.000000
0.000000	45237.000000
0.000000	45237.000000
0.000000	45237.000000
0.000000	45237.000000
0.000000	45237.000000
0.000000	45237.000000
0.000000	45237.000000
0.000000	45237.000000
0.000000	45237.000000
0.000000	45238.000000
0.000000	45238.000000
0.000000	45238.000000
0.000000	45238.000000
0.000000	45238.000000
0.000000	45238.000000
0.000000	45238.000000
0.000000	45238.000000
0.000000	45238.000000
0.000000	45238.000000
0.000000	45238.000000
0.000000	45238.000000
0.000000	45238.000000
0.000000	45238.000000
0.000000	45238.000000
0.000000	45238.000000
0.000000	45238.000000
0.000000	45239.000000
0.000000	45239.000000
0.000000	45239.000000
0.000000	45239.000000
0.000000	45239.000000
0.000000	45239.000000
0.000000	45239.000000
0.000000	45239.000000
0.000000	45239.000000
0.000000	45239.000000
0.000000	45239.000000
0.000000	45239.000000
0.000000	45239.000000
0.000000	45239.000000
0.000000	45239.000000
0.000000	45239.000000
0.000000	45239.000000
0.000000	45240.000000
0.000000	45240.000000
0.000000	45240.000000
0.000000	45240.000000
0.000000	45240.000000
0.000000	45240.000000
0.000000	45240.000000
0.000000	45240.000000
0.000000	45240.000000
0.000000	45240.000000
0.000000	45240.000000
0.000000	45240.000000
0.000000	45240.000000
0.000000	45240.000000
0.000000	45240.000000
0.000000	45240.000000
0.000000	45240.000000
0.000000	45240.000000
0.000000	45241.000000
0.000000	45241.000000
0.000000	45241.000000
0.000000	45241.000000
0.000000	45241.000000
0.000000	45241.000000
0.000000	45241.000000
0.000000	45241.000000
0.000000	45241.000000
0.000000	45241.000000
0.000000	45241.000000
0.000000	45241.000000
0.000000	45241.000000
0.000000	45241.000000
0.000000	45241.000000
0.000000	45241.000000
0.000000	45241.000000
0.000000	45242.000000
0.000000	45242.000000
0.000000	45242.000000
0.000000	45242.000000
0.000000	45242.000000
0.000000	45242.000000
0.000000	45242.000000
0.000000	45242.000000
0.000000	45242.000000
0.000000	45242.000000
0.000000	45242.000000
0.000000	45242.000000
0.000000	45242.000000
0.000000	45242.000000
0.000000	45242.000000
0.000000	45242.000000
0.000000	45242.000000
0.000000	45243.000000
0.000000	45243.000000
0.000000	45243.000000
0.000000	45243.000000
0.000000	45243.000000
0.000000	45243.000000
0.000000	45243.000000
0.000000	45243.000000
0.000000	45243.000000
0.000000	45243.000000
0.000000	45243.000000
0.000000	45243.000000
0.000000	45243.000000
0.000000	45243.000000
0.000000	45243.000000
0.000000	45243.000000
0.000000	45243.000000
0.000000	45244.000000
0.000000	45244.000000
0.000000	45244.000000
0.000000	45244.000000
0.000000	45244.000000
0.000000	45244.000000
0.000000	45244.000000
0.000000	45244.000000
0.000000	45244.000000
0.000000	45244.000000
0.000000	45244.000000
0.000000	45244.000000
0.000000	45244.000000
0.000000	45244.000000
0.000000	45244.000000
0.000000	45244.000000
0.000000	45244.000000
0.000000	45245.000000
0.000000	45245.000000
0.000000	45245.000000
0.000000	45245.000000
0.000000	45245.000000
0.000000	45245.000000
0.000000	45245.000000
0.000000	45245.000000
0.000000	45245.000000
0.000000	45245.000000
0.000000	45245.000000
0.000000	45245.000000
0.000000	45245.000000
0.000000	45245.000000
0.000000	45245.000000
0.000000	45245.000000
0.000000	45245.000000
0.000000	45246.000000
0.000000	45246.000000
0.000000	45246.000000
0.000000	45246.000000
0.000000	45246.000000
0.000000	45246.000000
0.000000	45246.000000
0.000000	45246.000000
0.000000	45246.000000
0.000000	45246.000000
0.000000	45246.000000
0.000000	45246.000000
0.000000	45246.000000
0.000000	45246.000000
0.000000	45246.000000
0.000000	45246.000000
0.000000	45246.000000
0.000000	45247.000000
0.000000	45247.000000
0.000000	45247.000000
0.000000	45247.000000
0.000000	45247.000000
0.000000	45247.000000
0.000000	45247.000000
0.000000	45247.000000
0.000000	45247.000000
0.000000	45247.000000
0.000000	45247.000000
0.000000	45247.000000
0.000000	45247.000000
0.000000	45247.000000
0.000000	45247.000000
0.000000	45247.000000
0.000000	45247.000000
0.000000	45248.000000
0.000000	45248.000000
0.000000	45248.000000
0.000000	45248.000000
0.000000	45248.000000
0.000000	45248.000000
0.000000	45248.000000
0.000000	45248.000000
0.000000	45248.000000
0.000000	45248.000000
0.000000	45248.000000
0.000000	45248.000000
0.000000	45248.000000
0.000000	45248.000000
0.000000	45248.000000
0.000000	45248.000000
0.000000	45248.000000
0.000000	45249.000000
0.000000	45249.000000
0.000000	45249.000000
0.000000	45249.000000
0.000000	45249.000000
0.000000	45249.000000
0.000000	45249.000000
0.000000	45249.000000
0.000000	45249.000000
0.000000	45249.000000
0.000000	45249.000000
0.000000	45249.000000
0.000000	45249.000000
0.000000	45249.000000
0.000000	45249.000000
0.000000	45249.000000
0.000000	45249.000000
0.000000	45250.000000
0.000000	45250.000000
0.000000	45250.000000
0.000000	45250.000000
0.000000	45250.000000
0.000000	45250.000000
0.000000	45250.000000
0.000000	45250.000000
0.000000	45250.000000
0.000000	45250.000000
0.000000	45250.000000
0.000000	45250.000000
0.000000	45250.000000
0.000000	45250.000000
0.000000	45250.000000
0.000000	45250.000000
0.000000	45250.000000
0.000000	45251.000000
0.000000	45251.000000
0.000000	45251.000000
0.000000	45251.000000
0.000000	45251.000000
0.000000	45251.000000
0.000000	45251.000000
0.000000	45251.000000
0.000000	45251.000000
0.000000	45251.000000
0.000000	45251.000000
0.000000	45251.000000
0.000000	45251.000000
0.000000	45251.000000
0.000000	45251.000000
0.000000	45251.000000
0.000000	45251.000000
0.000000	45252.000000
0.000000	45252.000000
0.000000	45252.000000
0.000000	45252.000000
0.000000	45252.000000
0.000000	45252.000000
0.000000	45252.000000
0.000000	45252.000000
0.000000	45252.000000
0.000000	45252.000000
0.000000	45252.000000
0.000000	45252.000000
0.000000	45252.000000
0.000000	45252.000000
0.000000	45252.000000
0.000000	45252.000000
0.000000	45252.000000
0.000000	45253.000000
0.000000	45253.000000
0.000000	45253.000000
0.000000	45253.000000
0.000000	45253.000000
0.000000	45253.000000
0.000000	45253.000000
0.000000	45253.000000
0.000000	45253.000000
0.000000	45253.000000
0.000000	45253.000000
0.000000	45253.000000
0.000000	45253.000000
0.000000	45253.000000
0.000000	45253.000000
0.000000	45253.000000
0.000000	45253.000000
0.000000	45254.000000
0.000000	45254.000000
0.000000	45254.000000
0.000000	45254.000000
0.000000	45254.000000
0.000000	45254.000000
0.000000	45254.000000
0.000000	45254.000000
0.000000	45254.000000
0.000000	45254.000000
0.000000	45254.000000
0.000000	45254.000000
0.000000	45254.000000
0.000000	45254.000000
0.000000	45254.000000
0.000000	45254.000000
0.000000	45254.000000
0.000000	45255.000000
0.000000	45255.000000
0.000000	45255.000000
0.000000	45255.000000
0.000000	45255.000000
0.000000	45255.000000
0.000000	45255.000000
0.000000	45255.000000
0.000000	45255.000000
0.000000	45255.000000
0.000000	45255.000000
0.000000	45255.000000
0.000000	45255.000000
0.000000	45255.000000
0.000000	45255.000000
0.000000	45255.000000
0.000000	45255.000000
0.000000	45255.000000
0.000000	45256.000000
0.000000	45256.000000
0.000000	45256.000000
0.000000	45256.000000
0.000000	45256.000000
0.000000	45256.000000
0.000000	45256.000000
0.000000	45256.000000
0.000000	45256.000000
0.000000	45256.000000
0.000000	45256.000000
0.000000	45256.000000
0.000000	45256.000000
0.000000	45256.000000
0.000000	45256.000000
0.000000	45256.000000
0.000000	45256.000000
0.000000	45257.000000
0.000000	45257.000000
0.000000	45257.000000
0.000000	45257.000000
0.000000	45257.000000
0.000000	45257.000000
0.000000	45257.000000
0.000000	45257.000000
0.000000	45257.000000
0.000000	45257.000000
0.000000	45257.000000
0.000000	45257.000000
0.000000	45257.000000
0.000000	45257.000000
0.000000	45257.000000
0.000000	45257.000000
0.000000	45257.000000
0.000000	45258.000000
0.000000	45258.000000
0.000000	45258.000000
0.000000	45258.000000
0.000000	45258.000000
0.000000	45258.000000
0.000000	45258.000000
0.000000	45258.000000
0.000000	45258.000000
0.000000	45258.000000
0.000000	45258.000000
0.000000	45258.000000
0.000000	45258.000000
0.000000	45258.000000
0.000000	45258.000000
0.000000	45258.000000
0.000000	45258.000000
0.000000	45259.000000
0.000000	45259.000000
0.000000	45259.000000
0.000000	45259.000000
0.000000	45259.000000
0.000000	45259.000000
0.000000	45259.000000
0.000000	45259.000000
0.000000	45259.000000
0.000000	45259.000000
0.000000	45259.000000
0.000000	45259.000000
0.000000	45259.000000
0.000000	45259.000000
0.000000	45259.000000
0.000000	45259.000000
0.000000	45259.000000
0.000000	45300.000000
0.000000	45300.000000
0.000000	45300.000000
0.000000	45300.000000
0.000000	45300.000000
0.000000	45300.000000
0.000000	45300.000000
0.000000	45300.000000
0.000000	45300.000000
0.000000	45300.000000
0.000000	45300.000000
0.000000	45300.000000
0.000000	45300.000000
0.000000	45300.000000
0.000000	45300.000000
0.000000	45300.000000
0.000000	45300.000000
0.000000	45301.000000
0.000000	45301.000000
0.000000	45301.000000
0.000000	45301.000000
0.000000	45301.000000
0.000000	45301.000000
0.000000	45301.000000
0.000000	45301.000000
0.000000	45301.000000
0.000000	45301.000000
0.000000	45301.000000
0.000000	45301.000000
0.000000	45301.000000
0.000000	45301.000000
0.000000	45301.000000
0.000000	45301.000000
0.000000	45301.000000
0.000000	45302.000000
0.000000	45302.000000
0.000000	45302.000000
0.000000	45302.000000
0.000000	45302.000000
0.000000	45302.000000
0.000000	45302.000000
0.000000	45302.000000
0.000000	45302.000000
0.000000	45302.000000
0.000000	45302.000000
0.000000	45302.000000
0.000000	45302.000000
0.000000	45302.000000
0.000000	45302.000000
0.000000	45302.000000
0.000000	45302.000000
0.000000	45303.000000
0.000000	45303.000000
0.000000	45303.000000
0.000000	45303.000000
0.000000	45303.000000
0.000000	45303.000000
0.000000	45303.000000
0.000000	45303.000000
0.000000	45303.000000
0.000000	45303.000000
0.000000	45303.000000
0.000000	45303.000000
0.000000	45303.000000
0.000000	45303.000000
0.000000	45303.000000
0.000000	45303.000000
0.000000	45303.000000
0.000000	45304.000000
0.000000	45304.000000
0.000000	45304.000000
0.000000	45304.000000
0.000000	45304.000000
0.000000	45304.000000
0.000000	45304.000000
0.000000	45304.000000
0.000000	45304.000000
0.000000	45304.000000
0.000000	45304.000000
0.000000	45304.000000
0.000000	45304.000000
0.000000	45304.000000
0.000000	45304.000000
0.000000	45304.000000
0.000000	45304.000000
0.000000	45305.000000
0.000000	45305.000000
0.000000	45305.000000
0.000000	45305.000000
0.000000	45305.000000
0.000000	45305.000000
0.000000	45305.000000
0.000000	45305.000000
0.000000	45305.000000
0.000000	45305.000000
0.000000	45305.000000
0.000000	45305.000000
0.000000	45305.000000
0.000000	45305.000000
0.000000	45305.000000
0.000000	45305.000000
0.000000	45305.000000
0.000000	45306.000000
0.000000	45306.000000
0.000000	45306.000000
0.000000	45306.000000
0.000000	45306.000000
0.000000	45306.000000
0.000000	45306.000000
0.000000	45306.000000
0.000000	45306.000000
0.000000	45306.000000
0.000000	45306.000000
0.000000	45306.000000
0.000000	45306.000000
0.000000	45306.000000
0.000000	45306.000000
0.000000	45306.000000
0.000000	45306.000000
0.000000	45307.000000
0.000000	45307.000000
0.000000	45307.000000
0.000000	45307.000000
0.000000	45307.000000
0.000000	45307.000000
0.000000	45307.000000
0.000000	45307.000000
0.000000	45307.000000
0.000000	45307.000000
0.000000	45307.000000
0.000000	45307.000000
0.000000	45307.000000
0.000000	45307.000000
0.000000	45307.000000
0.000000	45307.000000
0.000000	45307.000000
0.000000	45308.000000
0.000000	45308.000000
0.000000	45308.000000
0.000000	45308.000000
0.000000	45308.000000
0.000000	45308.000000
0.000000	45308.000000
0.000000	45308.000000
0.000000	45308.000000
0.000000	45308.000000
0.000000	45308.000000
0.000000	45308.000000
0.000000	45308.000000
0.000000	45308.000000
0.000000	45308.000000
0.000000	45308.000000
0.000000	45308.000000
0.000000	45309.000000
0.000000	45309.000000
0.000000	45309.000000
0.000000	45309.000000
0.000000	45309.000000
0.000000	45309.000000
0.000000	45309.000000
0.000000	45309.000000
0.000000	45309.000000
0.000000	45309.000000
0.000000	45309.000000
0.000000	45309.000000
0.000000	45309.000000
0.000000	45309.000000
0.000000	45309.000000
0.000000	45309.000000
0.000000	45309.000000
0.000000	45310.000000
0.000000	45310.000000
0.000000	45310.000000
0.000000	45310.000000
0.000000	45310.000000
0.000000	45310.000000
0.000000	45310.000000
0.000000	45310.000000
0.000000	45310.000000
0.000000	45310.000000
0.000000	45310.000000
0.000000	45310.000000
0.000000	45310.000000
0.000000	45310.000000
0.000000	45310.000000
0.000000	45310.000000
0.000000	45310.000000
0.000000	45310.000000
0.000000	45311.000000
0.000000	45311.000000
0.000000	45311.000000
0.000000	45311.000000
0.000000	45311.000000
0.000000	45311.000000
0.000000	45311.000000
0.000000	45311.000000
0.000000	45311.000000
0.000000	45311.000000
0.000000	45311.000000
0.000000	45311.000000
0.000000	45311.000000
0.000000	45311.000000
0.000000	45311.000000
0.000000	45311.000000
0.000000	45311.000000
0.000000	45312.000000
0.000000	45312.000000
0.000000	45312.000000
0.000000	45312.000000
0.000000	45312.000000
0.000000	45312.000000
0.000000	45312.000000
0.000000	45312.000000
0.000000	45312.000000
0.000000	45312.000000
0.000000	45312.000000
0.000000	45312.000000
0.000000	45312.000000
0.000000	45312.000000
0.000000	45312.000000
0.000000	45312.000000
0.000000	45312.000000
0.000000	45313.000000
0.000000	45313.000000
0.000000	45313.000000
0.000000	45313.000000
0.000000	45313.000000
0.000000	45313.000000
0.000000	45313.000000
0.000000	45313.000000
0.000000	45313.000000
0.000000	45313.000000
0.000000	45313.000000
0.000000	45313.000000
0.000000	45313.000000
0.000000	45313.000000
0.000000	45313.000000
0.000000	45313.000000
0.000000	45313.000000
0.000000	45314.000000
0.000000	45314.000000
0.000000	45314.000000
0.000000	45314.000000
0.000000	45314.000000
0.000000	45314.000000
0.000000	45314.000000
0.000000	45314.000000
0.000000	45314.000000
0.000000	45314.000000
0.000000	45314.000000
0.000000	45314.000000
0.000000	45314.000000
0.000000	45314.000000
0.000000	45314.000000
0.000000	45314.000000
0.000000	45314.000000
0.000000	45315.000000
0.000000	45315.000000
0.000000	45315.000000
0.000000	45315.000000
0.000000	45315.000000
0.000000	45315.000000
0.000000	45315.000000
0.000000	45315.000000
0.000000	45315.000000
0.000000	45315.000000
0.000000	45315.000000
0.000000	45315.000000
0.000000	45315.000000
0.000000	45315.000000
0.000000	45315.000000
0.000000	45315.000000
0.000000	45315.000000
0.000000	45316.000000
0.000000	45316.000000
0.000000	45316.000000
0.000000	45316.000000
0.000000	45316.000000
0.000000	45316.000000
0.000000	45316.000000
0.000000	45316.000000
0.000000	45316.000000
0.000000	45316.000000
0.000000	45316.000000
0.000000	45316.000000
0.000000	45316.000000
0.000000	45316.000000
0.000000	45316.000000
0.000000	45316.000000
0.000000	45316.000000
0.000000	45317.000000
0.000000	45317.000000
0.000000	45317.000000
0.000000	45317.000000
0.000000	45317.000000
0.000000	45317.000000
0.000000	45317.000000
0.000000	45317.000000
0.000000	45317.000000
0.000000	45317.000000
0.000000	45317.000000
0.000000	45317.000000
0.000000	45317.000000
0.000000	45317.000000
0.000000	45317.000000
0.000000	45317.000000
0.000000	45317.000000
0.000000	45318.000000
0.000000	45318.000000
0.000000	45318.000000
0.000000	45318.000000
0.000000	45318.000000
0.000000	45318.000000
0.000000	45318.000000
0.000000	45318.000000
0.000000	45318.000000
0.000000	45318.000000
0.000000	45318.000000
0.000000	45318.000000
0.000000	45318.000000
0.000000	45318.000000
0.000000	45318.000000
0.000000	45318.000000
0.000000	45318.000000
0.000000	45319.000000
0.000000	45319.000000
0.000000	45319.000000
0.000000	45319.000000
0.000000	45319.000000
0.000000	45319.000000
0.000000	45319.000000
0.000000	45319.000000
0.000000	45319.000000
0.000000	45319.000000
0.000000	45319.000000
0.000000	45319.000000
0.000000	45319.000000
0.000000	45319.000000
0.000000	45319.000000
0.000000	45319.000000
0.000000	45319.000000
0.000000	45320.000000
0.000000	45320.000000
0.000000	45320.000000
0.000000	45320.000000
0.000000	45320.000000
0.000000	45320.000000
0.000000	45320.000000
0.000000	45320.000000
0.000000	45320.000000
0.000000	45320.000000
0.000000	45320.000000
0.000000	45320.000000
0.000000	45320.000000
0.000000	45320.000000
0.000000	45320.000000
0.000000	45320.000000
0.000000	45320.000000
0.000000	45321.000000
0.000000	45321.000000
0.000000	45321.000000
0.000000	45321.000000
0.000000	45321.000000
0.000000	45321.000000
0.000000	45321.000000
0.000000	45321.000000
0.000000	45321.000000
0.000000	45321.000000
0.000000	45321.000000
0.000000	45321.000000
0.000000	45321.000000
0.000000	45321.000000
0.000000	45321.000000
0.000000	45321.000000
0.000000	45321.000000
0.000000	45322.000000
0.000000	45322.000000
0.000000	45322.000000
0.000000	45322.000000
0.000000	45322.000000
0.000000	45322.000000
0.000000	45322.000000
0.000000	45322.000000
0.000000	45322.000000
0.000000	45322.000000
0.000000	45322.000000
0.000000	45322.000000
0.000000	45322.000000
0.000000	45322.000000
0.000000	45322.000000
0.000000	45322.000000
0.000000	45322.000000
0.000000	45323.000000
0.000000	45323.000000
0.000000	45323.000000
0.000000	45323.000000
0.000000	45323.000000
0.000000	45323.000000
0.000000	45323.000000
0.000000	45323.000000
0.000000	45323.000000
0.000000	45323.000000
0.000000	45323.000000
0.000000	45323.000000
0.000000	45323.000000
0.000000	45323.000000
0.000000	45323.000000
0.000000	45323.000000
0.000000	45323.000000
0.000000	45324.000000
0.000000	45324.000000
0.000000	45324.000000
0.000000	45324.000000
0.000000	45324.000000
0.000000	45324.000000
0.000000	45324.000000
0.000000	45324.000000
0.000000	45324.000000
0.000000	45324.000000
0.000000	45324.000000
0.000000	45324.000000
0.000000	45324.000000
0.000000	45324.000000
0.000000	45324.000000
0.000000	45324.000000
0.000000	45324.000000
0.000000	45325.000000
0.000000	45325.000000
0.000000	45325.000000
0.000000	45325.000000
0.000000	45325.000000
0.000000	45325.000000
0.000000	45325.000000
0.000000	45325.000000
0.000000	45325.000000
0.000000	45325.000000
0.000000	45325.000000
0.000000	45325.000000
0.000000	45325.000000
0.000000	45325.000000
0.000000	45325.000000
0.000000	45325.000000
0.000000	45325.000000
0.000000	45326.000000
0.000000	45326.000000
0.000000	45326.000000
0.000000	45326.000000
0.000000	45326.000000
0.000000	45326.000000
0.000000	45326.000000
0.000000	45326.000000
0.000000	45326.000000
0.000000	45326.000000
0.000000	45326.000000
0.000000	45326.000000
0.000000	45326.000000
0.000000	45326.000000
0.000000	45326.000000
0.000000	45326.000000
0.000000	45326.000000
0.000000	45326.000000
0.000000	45327.000000
0.000000	45327.000000
0.000000	45327.000000
0.000000	45327.000000
0.000000	45327.000000
0.000000	45327.000000
0.000000	45327.000000
0.000000	45327.000000
0.000000	45327.000000
0.000000	45327.000000
0.000000	45327.000000
0.000000	45327.000000
0.000000	45327.000000
0.000000	45327.000000
0.000000	45327.000000
0.000000	45327.000000
0.000000	45327.000000
0.000000	45328.000000
0.000000	45328.000000
0.000000	45328.000000
0.000000	45328.000000
0.000000	45328.000000
0.000000	45328.000000
0.000000	45328.000000
0.000000	45328.000000
0.000000	45328.000000
0.000000	45328.000000
0.000000	45328.000000
0.000000	45328.000000
0.000000	45328.000000
0.000000	45328.000000
0.000000	45328.000000
0.000000	45328.000000
0.000000	45328.000000
0.000000	45329.000000
0.000000	45329.000000
0.000000	45329.000000
0.000000	45329.000000
0.000000	45329.000000
0.000000	45329.000000
0.000000	45329.000000
0.000000	45329.000000
0.000000	45329.000000
0.000000	45329.000000
0.000000	45329.000000
0.000000	45329.000000
0.000000	45329.000000
0.000000	45329.000000
0.000000	45329.000000
0.000000	45329.000000
0.000000	45329.000000
0.000000	45330.000000
0.000000	45330.000000
0.000000	45330.000000
0.000000	45330.000000
0.000000	45330.000000
0.000000	45330.000000
0.000000	45330.000000
0.000000	45330.000000
0.000000	45330.000000
0.000000	45330.000000
0.000000	45330.000000
0.000000	45330.000000
0.000000	45330.000000
0.000000	45330.000000
0.000000	45330.000000
0.000000	45330.000000
0.000000	45330.000000
0.000000	45331.000000
0.000000	45331.000000
0.000000	45331.000000
0.000000	45331.000000
0.000000	45331.000000
0.000000	45331.000000
0.000000	45331.000000
0.000000	45331.000000
0.000000	45331.000000
0.000000	45331.000000
0.000000	45331.000000
0.000000	45331.000000
0.000000	45331.000000
0.000000	45331.000000
0.000000	45331.000000
0.000000	45331.000000
0.000000	45331.000000
0.000000	45332.000000
0.000000	45332.000000
0.000000	45332.000000
0.000000	45332.000000
0.000000	45332.000000
0.000000	45332.000000
0.000000	45332.000000
0.000000	45332.000000
0.000000	45332.000000
0.000000	45332.000000
0.000000	45332.000000
0.000000	45332.000000
0.000000	45332.000000
0.000000	45332.000000
0.000000	45332.000000
0.000000	45332.000000
0.000000	45332.000000
0.000000	45333.000000
0.000000	45333.000000
0.000000	45333.000000
0.000000	45333.000000
0.000000	45333.000000
0.000000	45333.000000
0.000000	45333.000000
0.000000	45333.000000
