0.000000	121748.000000
0.000000	121748.000000
0.000000	121748.000000
0.000000	121748.000000
0.000000	121748.000000
0.000000	121748.000000
0.000000	121748.000000
0.000000	121749.000000
0.000000	121749.000000
0.000000	121749.000000
0.000000	121749.000000
0.000000	121749.000000
0.000000	121749.000000
0.000000	121749.000000
0.000000	121749.000000
0.000000	121749.000000
0.000000	121749.000000
0.000000	121749.000000
0.000000	121749.000000
0.000000	121749.000000
0.000000	121749.000000
0.000000	121749.000000
0.000000	121749.000000
0.000000	121749.000000
0.000000	121750.000000
0.000000	121750.000000
0.000000	121750.000000
0.000000	121750.000000
0.000000	121750.000000
0.000000	121750.000000
0.000000	121750.000000
0.000000	121750.000000
0.000000	121750.000000
0.000000	121750.000000
0.000000	121750.000000
0.000000	121750.000000
0.000000	121750.000000
0.000000	121750.000000
0.000000	121750.000000
0.000000	121750.000000
0.000000	121750.000000
0.000000	121751.000000
0.000000	121751.000000
0.000000	121751.000000
0.000000	121751.000000
0.000000	121751.000000
0.000000	121751.000000
0.000000	121751.000000
0.000000	121751.000000
0.000000	121751.000000
0.000000	121751.000000
0.000000	121751.000000
0.000000	121751.000000
0.000000	121751.000000
0.000000	121751.000000
0.000000	121751.000000
0.000000	121751.000000
0.000000	121751.000000
0.000000	121751.000000
0.000000	121752.000000
0.000000	121752.000000
0.000000	121752.000000
0.000000	121752.000000
0.000000	121752.000000
0.000000	121752.000000
0.000000	121752.000000
0.000000	121752.000000
0.000000	121752.000000
0.000000	121752.000000
0.000000	121752.000000
0.000000	121752.000000
0.000000	121752.000000
0.000000	121752.000000
0.000000	121752.000000
0.000000	121752.000000
0.000000	121752.000000
0.000000	121753.000000
0.000000	121753.000000
0.000000	121753.000000
0.000000	121753.000000
0.000000	121753.000000
0.000000	121753.000000
0.000000	121753.000000
0.000000	121753.000000
0.000000	121753.000000
0.000000	121753.000000
0.000000	121753.000000
0.000000	121753.000000
0.000000	121753.000000
0.000000	121753.000000
0.000000	121753.000000
0.000000	121753.000000
0.000000	121753.000000
0.000000	121754.000000
0.000000	121754.000000
0.000000	121754.000000
0.000000	121754.000000
0.000000	121754.000000
0.000000	121754.000000
0.000000	121754.000000
0.000000	121754.000000
0.000000	121754.000000
0.000000	121754.000000
0.000000	121754.000000
0.000000	121754.000000
0.000000	121754.000000
0.000000	121754.000000
0.000000	121754.000000
0.000000	121754.000000
0.000000	121754.000000
0.000000	121755.000000
0.000000	121755.000000
0.000000	121755.000000
0.000000	121755.000000
0.000000	121755.000000
0.000000	121755.000000
0.000000	121755.000000
0.000000	121755.000000
0.000000	121755.000000
0.000000	121755.000000
0.000000	121755.000000
0.000000	121755.000000
0.000000	121755.000000
0.000000	121755.000000
0.000000	121755.000000
0.000000	121755.000000
0.000000	121755.000000
0.000000	121756.000000
0.000000	121756.000000
0.000000	121756.000000
0.000000	121756.000000
0.000000	121756.000000
0.000000	121756.000000
0.000000	121756.000000
0.000000	121756.000000
0.000000	121756.000000
0.000000	121756.000000
0.000000	121756.000000
0.000000	121756.000000
0.000000	121756.000000
0.000000	121756.000000
0.000000	121756.000000
0.000000	121756.000000
0.000000	121756.000000
0.000000	121757.000000
0.000000	121757.000000
0.000000	121757.000000
0.000000	121757.000000
0.000000	121757.000000
0.000000	121757.000000
0.000000	121757.000000
0.000000	121757.000000
0.000000	121757.000000
0.000000	121757.000000
0.000000	121757.000000
0.000000	121757.000000
0.000000	121757.000000
0.000000	121757.000000
0.000000	121757.000000
0.000000	121757.000000
0.000000	121757.000000
0.000000	121758.000000
0.000000	121758.000000
0.000000	121758.000000
0.000000	121758.000000
0.000000	121758.000000
0.000000	121758.000000
0.000000	121758.000000
0.000000	121758.000000
0.000000	121758.000000
0.000000	121758.000000
0.000000	121758.000000
0.000000	121758.000000
0.000000	121758.000000
0.000000	121758.000000
0.000000	121758.000000
0.000000	121758.000000
0.000000	121758.000000
0.000000	121759.000000
0.000000	121759.000000
0.000000	121759.000000
0.000000	121759.000000
0.000000	121759.000000
0.000000	121759.000000
0.000000	121759.000000
0.000000	121759.000000
0.000000	121759.000000
0.000000	121759.000000
0.000000	121759.000000
0.000000	121759.000000
0.000000	121759.000000
0.000000	121759.000000
0.000000	121759.000000
0.000000	121759.000000
0.000000	121759.000000
0.000000	121800.000000
0.000000	121800.000000
0.000000	121800.000000
0.000000	121800.000000
0.000000	121800.000000
0.000000	121800.000000
0.000000	121800.000000
0.000000	121800.000000
0.000000	121800.000000
0.000000	121800.000000
0.000000	121800.000000
0.000000	121800.000000
0.000000	121800.000000
0.000000	121800.000000
0.000000	121800.000000
0.000000	121800.000000
0.000000	121800.000000
0.000000	121801.000000
0.000000	121801.000000
0.000000	121801.000000
0.000000	121801.000000
0.000000	121801.000000
0.000000	121801.000000
0.000000	121801.000000
0.000000	121801.000000
0.000000	121801.000000
0.000000	121801.000000
0.000000	121801.000000
0.000000	121801.000000
0.000000	121801.000000
0.000000	121801.000000
0.000000	121801.000000
0.000000	121801.000000
0.000000	121801.000000
0.000000	121802.000000
0.000000	121802.000000
0.000000	121802.000000
0.000000	121802.000000
0.000000	121802.000000
0.000000	121802.000000
0.000000	121802.000000
0.000000	121802.000000
0.000000	121802.000000
0.000000	121802.000000
0.000000	121802.000000
0.000000	121802.000000
0.000000	121802.000000
0.000000	121802.000000
0.000000	121802.000000
0.000000	121802.000000
0.000000	121802.000000
0.000000	121803.000000
0.000000	121803.000000
0.000000	121803.000000
0.000000	121803.000000
0.000000	121803.000000
0.000000	121803.000000
0.000000	121803.000000
0.000000	121803.000000
0.000000	121803.000000
0.000000	121803.000000
0.000000	121803.000000
0.000000	121803.000000
0.000000	121803.000000
0.000000	121803.000000
0.000000	121803.000000
0.000000	121803.000000
0.000000	121803.000000
0.000000	121804.000000
0.000000	121804.000000
0.000000	121804.000000
0.000000	121804.000000
0.000000	121804.000000
0.000000	121804.000000
0.000000	121804.000000
0.000000	121804.000000
0.000000	121804.000000
0.000000	121804.000000
0.000000	121804.000000
0.000000	121804.000000
0.000000	121804.000000
0.000000	121804.000000
0.000000	121804.000000
0.000000	121804.000000
0.000000	121804.000000
0.000000	121805.000000
0.000000	121805.000000
0.000000	121805.000000
0.000000	121805.000000
0.000000	121805.000000
0.000000	121805.000000
0.000000	121805.000000
0.000000	121805.000000
0.000000	121805.000000
0.000000	121805.000000
0.000000	121805.000000
0.000000	121805.000000
0.000000	121805.000000
0.000000	121805.000000
0.000000	121805.000000
0.000000	121805.000000
0.000000	121805.000000
0.000000	121806.000000
0.000000	121806.000000
0.000000	121806.000000
0.000000	121806.000000
0.000000	121806.000000
0.000000	121806.000000
0.000000	121806.000000
0.000000	121806.000000
0.000000	121806.000000
0.000000	121806.000000
0.000000	121806.000000
0.000000	121806.000000
0.000000	121806.000000
0.000000	121806.000000
0.000000	121806.000000
0.000000	121806.000000
0.000000	121806.000000
0.000000	121806.000000
0.000000	121807.000000
0.000000	121807.000000
0.000000	121807.000000
0.000000	121807.000000
0.000000	121807.000000
0.000000	121807.000000
0.000000	121807.000000
0.000000	121807.000000
0.000000	121807.000000
0.000000	121807.000000
0.000000	121807.000000
0.000000	121807.000000
0.000000	121807.000000
0.000000	121807.000000
0.000000	121807.000000
0.000000	121807.000000
0.000000	121807.000000
0.000000	121808.000000
0.000000	121808.000000
0.000000	121808.000000
0.000000	121808.000000
0.000000	121808.000000
0.000000	121808.000000
0.000000	121808.000000
0.000000	121808.000000
0.000000	121808.000000
0.000000	121808.000000
0.000000	121808.000000
0.000000	121808.000000
0.000000	121808.000000
0.000000	121808.000000
0.000000	121808.000000
0.000000	121808.000000
0.000000	121808.000000
0.000000	121809.000000
0.000000	121809.000000
0.000000	121809.000000
0.000000	121809.000000
0.000000	121809.000000
0.000000	121809.000000
0.000000	121809.000000
0.000000	121809.000000
0.000000	121809.000000
0.000000	121809.000000
0.000000	121809.000000
0.000000	121809.000000
0.000000	121809.000000
0.000000	121809.000000
0.000000	121809.000000
0.000000	121809.000000
0.000000	121809.000000
0.000000	121810.000000
0.000000	121810.000000
0.000000	121810.000000
0.000000	121810.000000
0.000000	121810.000000
0.000000	121810.000000
0.000000	121810.000000
0.000000	121810.000000
0.000000	121810.000000
0.000000	121810.000000
0.000000	121810.000000
0.000000	121810.000000
0.000000	121810.000000
0.000000	121810.000000
0.000000	121810.000000
0.000000	121810.000000
0.000000	121810.000000
0.000000	121811.000000
0.000000	121811.000000
0.000000	121811.000000
0.000000	121811.000000
0.000000	121811.000000
0.000000	121811.000000
0.000000	121811.000000
0.000000	121811.000000
0.000000	121811.000000
0.000000	121811.000000
0.000000	121811.000000
0.000000	121811.000000
0.000000	121811.000000
0.000000	121811.000000
0.000000	121811.000000
0.000000	121811.000000
0.000000	121811.000000
0.000000	121812.000000
0.000000	121812.000000
0.000000	121812.000000
0.000000	121812.000000
0.000000	121812.000000
0.000000	121812.000000
0.000000	121812.000000
0.000000	121812.000000
0.000000	121812.000000
0.000000	121812.000000
0.000000	121812.000000
0.000000	121812.000000
0.000000	121812.000000
0.000000	121812.000000
0.000000	121812.000000
0.000000	121812.000000
0.000000	121812.000000
0.000000	121813.000000
0.000000	121813.000000
0.000000	121813.000000
0.000000	121813.000000
0.000000	121813.000000
0.000000	121813.000000
0.000000	121813.000000
0.000000	121813.000000
0.000000	121813.000000
0.000000	121813.000000
0.000000	121813.000000
0.000000	121813.000000
0.000000	121813.000000
0.000000	121813.000000
0.000000	121813.000000
0.000000	121813.000000
0.000000	121813.000000
0.000000	121814.000000
0.000000	121814.000000
0.000000	121814.000000
0.000000	121814.000000
0.000000	121814.000000
0.000000	121814.000000
0.000000	121814.000000
0.000000	121814.000000
0.000000	121814.000000
0.000000	121814.000000
0.000000	121814.000000
0.000000	121814.000000
0.000000	121814.000000
0.000000	121814.000000
0.000000	121814.000000
0.000000	121814.000000
0.000000	121814.000000
0.000000	121815.000000
0.000000	121815.000000
0.000000	121815.000000
0.000000	121815.000000
0.000000	121815.000000
0.000000	121815.000000
0.000000	121815.000000
0.000000	121815.000000
0.000000	121815.000000
0.000000	121815.000000
0.000000	121815.000000
0.000000	121815.000000
0.000000	121815.000000
0.000000	121815.000000
0.000000	121815.000000
0.000000	121815.000000
0.000000	121815.000000
0.000000	121816.000000
0.000000	121816.000000
0.000000	121816.000000
0.000000	121816.000000
0.000000	121816.000000
0.000000	121816.000000
0.000000	121816.000000
0.000000	121816.000000
0.000000	121816.000000
0.000000	121816.000000
0.000000	121816.000000
0.000000	121816.000000
0.000000	121816.000000
0.000000	121816.000000
0.000000	121816.000000
0.000000	121816.000000
0.000000	121816.000000
0.000000	121817.000000
0.000000	121817.000000
0.000000	121817.000000
0.000000	121817.000000
0.000000	121817.000000
0.000000	121817.000000
0.000000	121817.000000
0.000000	121817.000000
0.000000	121817.000000
0.000000	121817.000000
0.000000	121817.000000
0.000000	121817.000000
0.000000	121817.000000
0.000000	121817.000000
0.000000	121817.000000
0.000000	121817.000000
0.000000	121817.000000
0.000000	121818.000000
0.000000	121818.000000
0.000000	121818.000000
0.000000	121818.000000
0.000000	121818.000000
0.000000	121818.000000
0.000000	121818.000000
0.000000	121818.000000
0.000000	121818.000000
0.000000	121818.000000
0.000000	121818.000000
0.000000	121818.000000
0.000000	121818.000000
0.000000	121818.000000
0.000000	121818.000000
0.000000	121818.000000
0.000000	121818.000000
0.000000	121819.000000
0.000000	121819.000000
0.000000	121819.000000
0.000000	121819.000000
0.000000	121819.000000
0.000000	121819.000000
0.000000	121819.000000
0.000000	121819.000000
0.000000	121819.000000
0.000000	121819.000000
0.000000	121819.000000
0.000000	121819.000000
0.000000	121819.000000
0.000000	121819.000000
0.000000	121819.000000
0.000000	121819.000000
0.000000	121819.000000
0.000000	121820.000000
0.000000	121820.000000
0.000000	121820.000000
0.000000	121820.000000
0.000000	121820.000000
0.000000	121820.000000
0.000000	121820.000000
0.000000	121820.000000
0.000000	121820.000000
0.000000	121820.000000
0.000000	121820.000000
0.000000	121820.000000
0.000000	121820.000000
0.000000	121820.000000
0.000000	121820.000000
0.000000	121820.000000
0.000000	121820.000000
0.000000	121821.000000
0.000000	121821.000000
0.000000	121821.000000
0.000000	121821.000000
0.000000	121821.000000
0.000000	121821.000000
0.000000	121821.000000
0.000000	121821.000000
0.000000	121821.000000
0.000000	121821.000000
0.000000	121821.000000
0.000000	121821.000000
0.000000	121821.000000
0.000000	121821.000000
0.000000	121821.000000
0.000000	121821.000000
0.000000	121821.000000
0.000000	121821.000000
0.000000	121822.000000
0.000000	121822.000000
0.000000	121822.000000
0.000000	121822.000000
0.000000	121822.000000
0.000000	121822.000000
0.000000	121822.000000
0.000000	121822.000000
0.000000	121822.000000
0.000000	121822.000000
0.000000	121822.000000
0.000000	121822.000000
0.000000	121822.000000
0.000000	121822.000000
0.000000	121822.000000
0.000000	121822.000000
0.000000	121822.000000
0.000000	121823.000000
0.000000	121823.000000
0.000000	121823.000000
0.000000	121823.000000
0.000000	121823.000000
0.000000	121823.000000
0.000000	121823.000000
0.000000	121823.000000
0.000000	121823.000000
0.000000	121823.000000
0.000000	121823.000000
0.000000	121823.000000
0.000000	121823.000000
0.000000	121823.000000
0.000000	121823.000000
0.000000	121823.000000
0.000000	121823.000000
0.000000	121824.000000
0.000000	121824.000000
0.000000	121824.000000
0.000000	121824.000000
0.000000	121824.000000
0.000000	121824.000000
0.000000	121824.000000
0.000000	121824.000000
0.000000	121824.000000
0.000000	121824.000000
0.000000	121824.000000
0.000000	121824.000000
0.000000	121824.000000
0.000000	121824.000000
0.000000	121824.000000
0.000000	121824.000000
0.000000	121824.000000
0.000000	121825.000000
0.000000	121825.000000
0.000000	121825.000000
0.000000	121825.000000
0.000000	121825.000000
0.000000	121825.000000
0.000000	121825.000000
0.000000	121825.000000
0.000000	121825.000000
0.000000	121825.000000
0.000000	121825.000000
0.000000	121825.000000
0.000000	121825.000000
0.000000	121825.000000
0.000000	121825.000000
0.000000	121825.000000
0.000000	121825.000000
0.000000	121826.000000
0.000000	121826.000000
0.000000	121826.000000
0.000000	121826.000000
0.000000	121826.000000
0.000000	121826.000000
0.000000	121826.000000
0.000000	121826.000000
0.000000	121826.000000
0.000000	121826.000000
0.000000	121826.000000
0.000000	121826.000000
0.000000	121826.000000
0.000000	121826.000000
0.000000	121826.000000
0.000000	121826.000000
0.000000	121826.000000
0.000000	121827.000000
0.000000	121827.000000
0.000000	121827.000000
0.000000	121827.000000
0.000000	121827.000000
0.000000	121827.000000
0.000000	121827.000000
0.000000	121827.000000
0.000000	121827.000000
0.000000	121827.000000
0.000000	121827.000000
0.000000	121827.000000
0.000000	121827.000000
0.000000	121827.000000
0.000000	121827.000000
0.000000	121827.000000
0.000000	121827.000000
0.000000	121828.000000
0.000000	121828.000000
0.000000	121828.000000
0.000000	121828.000000
0.000000	121828.000000
0.000000	121828.000000
0.000000	121828.000000
0.000000	121828.000000
0.000000	121828.000000
0.000000	121828.000000
0.000000	121828.000000
0.000000	121828.000000
0.000000	121828.000000
0.000000	121828.000000
0.000000	121828.000000
0.000000	121828.000000
0.000000	121828.000000
0.000000	121829.000000
0.000000	121829.000000
0.000000	121829.000000
0.000000	121829.000000
0.000000	121829.000000
0.000000	121829.000000
0.000000	121829.000000
0.000000	121829.000000
0.000000	121829.000000
0.000000	121829.000000
0.000000	121829.000000
0.000000	121829.000000
0.000000	121829.000000
0.000000	121829.000000
0.000000	121829.000000
0.000000	121829.000000
0.000000	121829.000000
0.000000	121830.000000
0.000000	121830.000000
0.000000	121830.000000
0.000000	121830.000000
0.000000	121830.000000
0.000000	121830.000000
0.000000	121830.000000
0.000000	121830.000000
0.000000	121830.000000
0.000000	121830.000000
0.000000	121830.000000
0.000000	121830.000000
0.000000	121830.000000
0.000000	121830.000000
0.000000	121830.000000
0.000000	121830.000000
0.000000	121830.000000
0.000000	121831.000000
0.000000	121831.000000
0.000000	121831.000000
0.000000	121831.000000
0.000000	121831.000000
0.000000	121831.000000
0.000000	121831.000000
0.000000	121831.000000
0.000000	121831.000000
0.000000	121831.000000
0.000000	121831.000000
0.000000	121831.000000
0.000000	121831.000000
0.000000	121831.000000
0.000000	121831.000000
0.000000	121831.000000
0.000000	121831.000000
0.000000	121832.000000
0.000000	121832.000000
0.000000	121832.000000
0.000000	121832.000000
0.000000	121832.000000
0.000000	121832.000000
0.000000	121832.000000
0.000000	121832.000000
0.000000	121832.000000
0.000000	121832.000000
0.000000	121832.000000
0.000000	121832.000000
0.000000	121832.000000
0.000000	121832.000000
0.000000	121832.000000
0.000000	121832.000000
0.000000	121832.000000
0.000000	121833.000000
0.000000	121833.000000
0.000000	121833.000000
0.000000	121833.000000
0.000000	121833.000000
0.000000	121833.000000
0.000000	121833.000000
0.000000	121833.000000
0.000000	121833.000000
0.000000	121833.000000
0.000000	121833.000000
0.000000	121833.000000
0.000000	121833.000000
0.000000	121833.000000
0.000000	121833.000000
0.000000	121833.000000
0.000000	121833.000000
0.000000	121834.000000
0.000000	121834.000000
0.000000	121834.000000
0.000000	121834.000000
0.000000	121834.000000
0.000000	121834.000000
0.000000	121834.000000
0.000000	121834.000000
0.000000	121834.000000
0.000000	121834.000000
0.000000	121834.000000
0.000000	121834.000000
0.000000	121834.000000
0.000000	121834.000000
0.000000	121834.000000
0.000000	121834.000000
0.000000	121834.000000
0.000000	121835.000000
0.000000	121835.000000
0.000000	121835.000000
0.000000	121835.000000
0.000000	121835.000000
0.000000	121835.000000
0.000000	121835.000000
0.000000	121835.000000
0.000000	121835.000000
0.000000	121835.000000
0.000000	121835.000000
0.000000	121835.000000
0.000000	121835.000000
0.000000	121835.000000
0.000000	121835.000000
0.000000	121835.000000
0.000000	121835.000000
0.000000	121836.000000
0.000000	121836.000000
0.000000	121836.000000
0.000000	121836.000000
0.000000	121836.000000
0.000000	121836.000000
0.000000	121836.000000
0.000000	121836.000000
0.000000	121836.000000
0.000000	121836.000000
0.000000	121836.000000
0.000000	121836.000000
0.000000	121836.000000
0.000000	121836.000000
0.000000	121836.000000
0.000000	121836.000000
0.000000	121836.000000
0.000000	121836.000000
0.000000	121837.000000
0.000000	121837.000000
0.000000	121837.000000
0.000000	121837.000000
0.000000	121837.000000
0.000000	121837.000000
0.000000	121837.000000
0.000000	121837.000000
0.000000	121837.000000
0.000000	121837.000000
0.000000	121837.000000
0.000000	121837.000000
0.000000	121837.000000
0.000000	121837.000000
0.000000	121837.000000
0.000000	121837.000000
0.000000	121837.000000
0.000000	121838.000000
0.000000	121838.000000
0.000000	121838.000000
0.000000	121838.000000
0.000000	121838.000000
0.000000	121838.000000
0.000000	121838.000000
0.000000	121838.000000
0.000000	121838.000000
0.000000	121838.000000
0.000000	121838.000000
0.000000	121838.000000
0.000000	121838.000000
0.000000	121838.000000
0.000000	121838.000000
0.000000	121838.000000
0.000000	121838.000000
0.000000	121839.000000
0.000000	121839.000000
0.000000	121839.000000
0.000000	121839.000000
0.000000	121839.000000
0.000000	121839.000000
0.000000	121839.000000
0.000000	121839.000000
0.000000	121839.000000
0.000000	121839.000000
0.000000	121839.000000
0.000000	121839.000000
0.000000	121839.000000
0.000000	121839.000000
0.000000	121839.000000
0.000000	121839.000000
0.000000	121839.000000
0.000000	121840.000000
0.000000	121840.000000
0.000000	121840.000000
0.000000	121840.000000
0.000000	121840.000000
0.000000	121840.000000
0.000000	121840.000000
0.000000	121840.000000
0.000000	121840.000000
0.000000	121840.000000
0.000000	121840.000000
0.000000	121840.000000
0.000000	121840.000000
0.000000	121840.000000
0.000000	121840.000000
0.000000	121840.000000
0.000000	121840.000000
0.000000	121841.000000
0.000000	121841.000000
0.000000	121841.000000
0.000000	121841.000000
0.000000	121841.000000
0.000000	121841.000000
0.000000	121841.000000
0.000000	121841.000000
0.000000	121841.000000
0.000000	121841.000000
0.000000	121841.000000
0.000000	121841.000000
0.000000	121841.000000
0.000000	121841.000000
0.000000	121841.000000
0.000000	121841.000000
0.000000	121841.000000
0.000000	121842.000000
0.000000	121842.000000
0.000000	121842.000000
0.000000	121842.000000
0.000000	121842.000000
0.000000	121842.000000
0.000000	121842.000000
0.000000	121842.000000
0.000000	121842.000000
0.000000	121842.000000
0.000000	121842.000000
0.000000	121842.000000
0.000000	121842.000000
0.000000	121842.000000
0.000000	121842.000000
0.000000	121842.000000
0.000000	121842.000000
0.000000	121843.000000
0.000000	121843.000000
0.000000	121843.000000
0.000000	121843.000000
0.000000	121843.000000
0.000000	121843.000000
0.000000	121843.000000
0.000000	121843.000000
0.000000	121843.000000
0.000000	121843.000000
0.000000	121843.000000
0.000000	121843.000000
0.000000	121843.000000
0.000000	121843.000000
0.000000	121843.000000
0.000000	121843.000000
0.000000	121843.000000
0.000000	121844.000000
0.000000	121844.000000
0.000000	121844.000000
0.000000	121844.000000
0.000000	121844.000000
0.000000	121844.000000
0.000000	121844.000000
0.000000	121844.000000
0.000000	121844.000000
0.000000	121844.000000
0.000000	121844.000000
0.000000	121844.000000
0.000000	121844.000000
0.000000	121844.000000
0.000000	121844.000000
0.000000	121844.000000
0.000000	121844.000000
0.000000	121845.000000
0.000000	121845.000000
0.000000	121845.000000
0.000000	121845.000000
0.000000	121845.000000
0.000000	121845.000000
0.000000	121845.000000
0.000000	121845.000000
0.000000	121845.000000
0.000000	121845.000000
0.000000	121845.000000
0.000000	121845.000000
0.000000	121845.000000
0.000000	121845.000000
0.000000	121845.000000
0.000000	121845.000000
0.000000	121845.000000
0.000000	121846.000000
0.000000	121846.000000
0.000000	121846.000000
0.000000	121846.000000
0.000000	121846.000000
0.000000	121846.000000
0.000000	121846.000000
0.000000	121846.000000
0.000000	121846.000000
0.000000	121846.000000
0.000000	121846.000000
0.000000	121846.000000
0.000000	121846.000000
0.000000	121846.000000
0.000000	121846.000000
0.000000	121846.000000
0.000000	121846.000000
0.000000	121847.000000
0.000000	121847.000000
0.000000	121847.000000
0.000000	121847.000000
0.000000	121847.000000
0.000000	121847.000000
0.000000	121847.000000
0.000000	121847.000000
0.000000	121847.000000
0.000000	121847.000000
0.000000	121847.000000
0.000000	121847.000000
0.000000	121847.000000
0.000000	121847.000000
0.000000	121847.000000
0.000000	121847.000000
0.000000	121847.000000
0.000000	121848.000000
0.000000	121848.000000
0.000000	121848.000000
0.000000	121848.000000
0.000000	121848.000000
0.000000	121848.000000
0.000000	121848.000000
0.000000	121848.000000
0.000000	121848.000000
0.000000	121848.000000
0.000000	121848.000000
0.000000	121848.000000
0.000000	121848.000000
0.000000	121848.000000
0.000000	121848.000000
0.000000	121848.000000
0.000000	121848.000000
0.000000	121849.000000
0.000000	121849.000000
0.000000	121849.000000
0.000000	121849.000000
0.000000	121849.000000
0.000000	121849.000000
0.000000	121849.000000
0.000000	121849.000000
0.000000	121849.000000
0.000000	121849.000000
0.000000	121849.000000
0.000000	121849.000000
0.000000	121849.000000
0.000000	121849.000000
0.000000	121849.000000
0.000000	121849.000000
0.000000	121849.000000
0.000000	121850.000000
0.000000	121850.000000
0.000000	121850.000000
0.000000	121850.000000
0.000000	121850.000000
0.000000	121850.000000
0.000000	121850.000000
0.000000	121850.000000
0.000000	121850.000000
0.000000	121850.000000
0.000000	121850.000000
0.000000	121850.000000
0.000000	121850.000000
0.000000	121850.000000
0.000000	121850.000000
0.000000	121850.000000
0.000000	121850.000000
0.000000	121851.000000
0.000000	121851.000000
0.000000	121851.000000
0.000000	121851.000000
0.000000	121851.000000
0.000000	121851.000000
0.000000	121851.000000
0.000000	121851.000000
0.000000	121851.000000
0.000000	121851.000000
0.000000	121851.000000
0.000000	121851.000000
0.000000	121851.000000
0.000000	121851.000000
0.000000	121851.000000
0.000000	121851.000000
0.000000	121851.000000
0.000000	121852.000000
0.000000	121852.000000
0.000000	121852.000000
0.000000	121852.000000
0.000000	121852.000000
0.000000	121852.000000
0.000000	121852.000000
0.000000	121852.000000
0.000000	121852.000000
0.000000	121852.000000
0.000000	121852.000000
0.000000	121852.000000
0.000000	121852.000000
0.000000	121852.000000
0.000000	121852.000000
0.000000	121852.000000
0.000000	121852.000000
0.000000	121852.000000
0.000000	121853.000000
0.000000	121853.000000
0.000000	121853.000000
0.000000	121853.000000
0.000000	121853.000000
0.000000	121853.000000
0.000000	121853.000000
0.000000	121853.000000
0.000000	121853.000000
0.000000	121853.000000
0.000000	121853.000000
0.000000	121853.000000
0.000000	121853.000000
0.000000	121853.000000
0.000000	121853.000000
0.000000	121853.000000
0.000000	121853.000000
0.000000	121854.000000
0.000000	121854.000000
0.000000	121854.000000
0.000000	121854.000000
0.000000	121854.000000
0.000000	121854.000000
0.000000	121854.000000
0.000000	121854.000000
0.000000	121854.000000
0.000000	121854.000000
0.000000	121854.000000
0.000000	121854.000000
0.000000	121854.000000
0.000000	121854.000000
0.000000	121854.000000
0.000000	121854.000000
0.000000	121854.000000
0.000000	121855.000000
0.000000	121855.000000
0.000000	121855.000000
0.000000	121855.000000
0.000000	121855.000000
0.000000	121855.000000
0.000000	121855.000000
0.000000	121855.000000
0.000000	121855.000000
0.000000	121855.000000
0.000000	121855.000000
0.000000	121855.000000
0.000000	121855.000000
0.000000	121855.000000
0.000000	121855.000000
0.000000	121855.000000
0.000000	121855.000000
0.000000	121856.000000
0.000000	121856.000000
0.000000	121856.000000
0.000000	121856.000000
0.000000	121856.000000
0.000000	121856.000000
0.000000	121856.000000
0.000000	121856.000000
0.000000	121856.000000
0.000000	121856.000000
0.000000	121856.000000
0.000000	121856.000000
0.000000	121856.000000
0.000000	121856.000000
0.000000	121856.000000
0.000000	121856.000000
0.000000	121856.000000
0.000000	121857.000000
0.000000	121857.000000
0.000000	121857.000000
0.000000	121857.000000
0.000000	121857.000000
0.000000	121857.000000
0.000000	121857.000000
0.000000	121857.000000
0.000000	121857.000000
0.000000	121857.000000
0.000000	121857.000000
0.000000	121857.000000
0.000000	121857.000000
0.000000	121857.000000
0.000000	121857.000000
0.000000	121857.000000
0.000000	121857.000000
0.000000	121858.000000
0.000000	121858.000000
0.000000	121858.000000
0.000000	121858.000000
0.000000	121858.000000
0.000000	121858.000000
0.000000	121858.000000
0.000000	121858.000000
0.000000	121858.000000
0.000000	121858.000000
0.000000	121858.000000
0.000000	121858.000000
0.000000	121858.000000
0.000000	121858.000000
0.000000	121858.000000
0.000000	121858.000000
0.000000	121858.000000
0.000000	121859.000000
0.000000	121859.000000
0.000000	121859.000000
0.000000	121859.000000
0.000000	121859.000000
0.000000	121859.000000
0.000000	121859.000000
0.000000	121859.000000
0.000000	121859.000000
0.000000	121859.000000
0.000000	121859.000000
0.000000	121859.000000
0.000000	121859.000000
0.000000	121859.000000
0.000000	121859.000000
0.000000	121859.000000
0.000000	121859.000000
0.000000	121900.000000
0.000000	121900.000000
0.000000	121900.000000
0.000000	121900.000000
0.000000	121900.000000
0.000000	121900.000000
0.000000	121900.000000
0.000000	121900.000000
0.000000	121900.000000
0.000000	121900.000000
0.000000	121900.000000
0.000000	121900.000000
0.000000	121900.000000
0.000000	121900.000000
0.000000	121900.000000
0.000000	121900.000000
0.000000	121900.000000
0.000000	121901.000000
0.000000	121901.000000
0.000000	121901.000000
0.000000	121901.000000
0.000000	121901.000000
0.000000	121901.000000
0.000000	121901.000000
0.000000	121901.000000
0.000000	121901.000000
0.000000	121901.000000
0.000000	121901.000000
0.000000	121901.000000
0.000000	121901.000000
0.000000	121901.000000
0.000000	121901.000000
0.000000	121901.000000
0.000000	121901.000000
0.000000	121902.000000
0.000000	121902.000000
0.000000	121902.000000
0.000000	121902.000000
0.000000	121902.000000
0.000000	121902.000000
0.000000	121902.000000
0.000000	121902.000000
0.000000	121902.000000
0.000000	121902.000000
0.000000	121902.000000
0.000000	121902.000000
0.000000	121902.000000
0.000000	121902.000000
0.000000	121902.000000
0.000000	121902.000000
0.000000	121902.000000
0.000000	121903.000000
0.000000	121903.000000
0.000000	121903.000000
0.000000	121903.000000
0.000000	121903.000000
0.000000	121903.000000
0.000000	121903.000000
0.000000	121903.000000
0.000000	121903.000000
0.000000	121903.000000
0.000000	121903.000000
0.000000	121903.000000
0.000000	121903.000000
0.000000	121903.000000
0.000000	121903.000000
0.000000	121903.000000
0.000000	121903.000000
0.000000	121904.000000
0.000000	121904.000000
0.000000	121904.000000
0.000000	121904.000000
0.000000	121904.000000
0.000000	121904.000000
0.000000	121904.000000
0.000000	121904.000000
0.000000	121904.000000
0.000000	121904.000000
0.000000	121904.000000
0.000000	121904.000000
0.000000	121904.000000
0.000000	121904.000000
0.000000	121904.000000
0.000000	121904.000000
0.000000	121904.000000
0.000000	121905.000000
0.000000	121905.000000
0.000000	121905.000000
0.000000	121905.000000
0.000000	121905.000000
0.000000	121905.000000
0.000000	121905.000000
0.000000	121905.000000
0.000000	121905.000000
0.000000	121905.000000
0.000000	121905.000000
0.000000	121905.000000
0.000000	121905.000000
0.000000	121905.000000
0.000000	121905.000000
0.000000	121905.000000
0.000000	121905.000000
0.000000	121906.000000
0.000000	121906.000000
0.000000	121906.000000
0.000000	121906.000000
0.000000	121906.000000
0.000000	121906.000000
0.000000	121906.000000
0.000000	121906.000000
0.000000	121906.000000
0.000000	121906.000000
0.000000	121906.000000
0.000000	121906.000000
0.000000	121906.000000
0.000000	121906.000000
0.000000	121906.000000
0.000000	121906.000000
0.000000	121906.000000
0.000000	121906.000000
0.000000	121907.000000
0.000000	121907.000000
0.000000	121907.000000
0.000000	121907.000000
0.000000	121907.000000
0.000000	121907.000000
0.000000	121907.000000
0.000000	121907.000000
0.000000	121907.000000
0.000000	121907.000000
0.000000	121907.000000
0.000000	121907.000000
0.000000	121907.000000
0.000000	121907.000000
0.000000	121907.000000
0.000000	121907.000000
0.000000	121907.000000
0.000000	121908.000000
0.000000	121908.000000
0.000000	121908.000000
0.000000	121908.000000
0.000000	121908.000000
0.000000	121908.000000
0.000000	121908.000000
0.000000	121908.000000
0.000000	121908.000000
0.000000	121908.000000
0.000000	121908.000000
0.000000	121908.000000
0.000000	121908.000000
0.000000	121908.000000
0.000000	121908.000000
0.000000	121908.000000
0.000000	121908.000000
0.000000	121909.000000
0.000000	121909.000000
0.000000	121909.000000
0.000000	121909.000000
0.000000	121909.000000
0.000000	121909.000000
0.000000	121909.000000
0.000000	121909.000000
0.000000	121909.000000
0.000000	121909.000000
0.000000	121909.000000
0.000000	121909.000000
0.000000	121909.000000
0.000000	121909.000000
0.000000	121909.000000
0.000000	121909.000000
0.000000	121909.000000
0.000000	121910.000000
0.000000	121910.000000
0.000000	121910.000000
0.000000	121910.000000
0.000000	121910.000000
0.000000	121910.000000
0.000000	121910.000000
0.000000	121910.000000
0.000000	121910.000000
0.000000	121910.000000
0.000000	121910.000000
0.000000	121910.000000
0.000000	121910.000000
0.000000	121910.000000
0.000000	121910.000000
0.000000	121910.000000
0.000000	121910.000000
0.000000	121911.000000
0.000000	121911.000000
0.000000	121911.000000
0.000000	121911.000000
0.000000	121911.000000
0.000000	121911.000000
0.000000	121911.000000
0.000000	121911.000000
0.000000	121911.000000
0.000000	121911.000000
0.000000	121911.000000
0.000000	121911.000000
0.000000	121911.000000
0.000000	121911.000000
0.000000	121911.000000
0.000000	121911.000000
0.000000	121911.000000
0.000000	121912.000000
0.000000	121912.000000
0.000000	121912.000000
0.000000	121912.000000
0.000000	121912.000000
0.000000	121912.000000
0.000000	121912.000000
0.000000	121912.000000
0.000000	121912.000000
0.000000	121912.000000
0.000000	121912.000000
0.000000	121912.000000
0.000000	121912.000000
0.000000	121912.000000
0.000000	121912.000000
0.000000	121912.000000
0.000000	121912.000000
0.000000	121913.000000
0.000000	121913.000000
0.000000	121913.000000
0.000000	121913.000000
0.000000	121913.000000
0.000000	121913.000000
0.000000	121913.000000
0.000000	121913.000000
0.000000	121913.000000
0.000000	121913.000000
0.000000	121913.000000
0.000000	121913.000000
0.000000	121913.000000
0.000000	121913.000000
0.000000	121913.000000
0.000000	121913.000000
0.000000	121913.000000
0.000000	121914.000000
0.000000	121914.000000
0.000000	121914.000000
0.000000	121914.000000
0.000000	121914.000000
0.000000	121914.000000
0.000000	121914.000000
0.000000	121914.000000
0.000000	121914.000000
0.000000	121914.000000
0.000000	121914.000000
0.000000	121914.000000
0.000000	121914.000000
0.000000	121914.000000
0.000000	121914.000000
0.000000	121914.000000
0.000000	121914.000000
0.000000	121915.000000
0.000000	121915.000000
0.000000	121915.000000
0.000000	121915.000000
0.000000	121915.000000
0.000000	121915.000000
0.000000	121915.000000
0.000000	121915.000000
0.000000	121915.000000
0.000000	121915.000000
0.000000	121915.000000
0.000000	121915.000000
0.000000	121915.000000
0.000000	121915.000000
0.000000	121915.000000
0.000000	121915.000000
0.000000	121915.000000
0.000000	121916.000000
0.000000	121916.000000
0.000000	121916.000000
0.000000	121916.000000
0.000000	121916.000000
0.000000	121916.000000
0.000000	121916.000000
0.000000	121916.000000
0.000000	121916.000000
0.000000	121916.000000
0.000000	121916.000000
0.000000	121916.000000
0.000000	121916.000000
0.000000	121916.000000
0.000000	121916.000000
0.000000	121916.000000
0.000000	121916.000000
0.000000	121917.000000
0.000000	121917.000000
0.000000	121917.000000
0.000000	121917.000000
0.000000	121917.000000
0.000000	121917.000000
0.000000	121917.000000
0.000000	121917.000000
0.000000	121917.000000
0.000000	121917.000000
0.000000	121917.000000
0.000000	121917.000000
0.000000	121917.000000
0.000000	121917.000000
0.000000	121917.000000
0.000000	121917.000000
0.000000	121917.000000
0.000000	121918.000000
0.000000	121918.000000
0.000000	121918.000000
0.000000	121918.000000
0.000000	121918.000000
0.000000	121918.000000
0.000000	121918.000000
0.000000	121918.000000
0.000000	121918.000000
0.000000	121918.000000
0.000000	121918.000000
0.000000	121918.000000
0.000000	121918.000000
0.000000	121918.000000
0.000000	121918.000000
0.000000	121918.000000
0.000000	121918.000000
0.000000	121919.000000
0.000000	121919.000000
0.000000	121919.000000
0.000000	121919.000000
0.000000	121919.000000
0.000000	121919.000000
0.000000	121919.000000
0.000000	121919.000000
0.000000	121919.000000
0.000000	121919.000000
0.000000	121919.000000
0.000000	121919.000000
0.000000	121919.000000
0.000000	121919.000000
0.000000	121919.000000
0.000000	121919.000000
0.000000	121919.000000
0.000000	121920.000000
0.000000	121920.000000
0.000000	121920.000000
0.000000	121920.000000
0.000000	121920.000000
0.000000	121920.000000
0.000000	121920.000000
0.000000	121920.000000
0.000000	121920.000000
0.000000	121920.000000
0.000000	121920.000000
0.000000	121920.000000
0.000000	121920.000000
0.000000	121920.000000
0.000000	121920.000000
0.000000	121920.000000
0.000000	121920.000000
0.000000	121921.000000
0.000000	121921.000000
0.000000	121921.000000
0.000000	121921.000000
0.000000	121921.000000
0.000000	121921.000000
0.000000	121921.000000
0.000000	121921.000000
0.000000	121921.000000
0.000000	121921.000000
0.000000	121921.000000
0.000000	121921.000000
0.000000	121921.000000
0.000000	121921.000000
0.000000	121921.000000
0.000000	121921.000000
0.000000	121921.000000
0.000000	121922.000000
0.000000	121922.000000
0.000000	121922.000000
0.000000	121922.000000
0.000000	121922.000000
0.000000	121922.000000
0.000000	121922.000000
0.000000	121922.000000
0.000000	121922.000000
0.000000	121922.000000
0.000000	121922.000000
0.000000	121922.000000
0.000000	121922.000000
0.000000	121922.000000
0.000000	121922.000000
0.000000	121922.000000
0.000000	121922.000000
0.000000	121922.000000
0.000000	121923.000000
0.000000	121923.000000
0.000000	121923.000000
0.000000	121923.000000
0.000000	121923.000000
0.000000	121923.000000
0.000000	121923.000000
0.000000	121923.000000
0.000000	121923.000000
0.000000	121923.000000
0.000000	121923.000000
0.000000	121923.000000
0.000000	121923.000000
0.000000	121923.000000
0.000000	121923.000000
0.000000	121923.000000
0.000000	121923.000000
0.000000	121924.000000
0.000000	121924.000000
0.000000	121924.000000
0.000000	121924.000000
0.000000	121924.000000
0.000000	121924.000000
0.000000	121924.000000
0.000000	121924.000000
0.000000	121924.000000
0.000000	121924.000000
0.000000	121924.000000
0.000000	121924.000000
0.000000	121924.000000
0.000000	121924.000000
0.000000	121924.000000
0.000000	121924.000000
0.000000	121924.000000
0.000000	121925.000000
0.000000	121925.000000
0.000000	121925.000000
0.000000	121925.000000
0.000000	121925.000000
0.000000	121925.000000
0.000000	121925.000000
0.000000	121925.000000
0.000000	121925.000000
0.000000	121925.000000
0.000000	121925.000000
0.000000	121925.000000
0.000000	121925.000000
0.000000	121925.000000
0.000000	121925.000000
0.000000	121925.000000
0.000000	121925.000000
0.000000	121926.000000
0.000000	121926.000000
0.000000	121926.000000
0.000000	121926.000000
0.000000	121926.000000
0.000000	121926.000000
0.000000	121926.000000
0.000000	121926.000000
0.000000	121926.000000
0.000000	121926.000000
0.000000	121926.000000
0.000000	121926.000000
0.000000	121926.000000
0.000000	121926.000000
0.000000	121926.000000
0.000000	121926.000000
0.000000	121926.000000
0.000000	121927.000000
0.000000	121927.000000
0.000000	121927.000000
0.000000	121927.000000
0.000000	121927.000000
0.000000	121927.000000
0.000000	121927.000000
0.000000	121927.000000
0.000000	121927.000000
0.000000	121927.000000
0.000000	121927.000000
0.000000	121927.000000
0.000000	121927.000000
0.000000	121927.000000
0.000000	121927.000000
0.000000	121927.000000
0.000000	121927.000000
0.000000	121928.000000
0.000000	121928.000000
0.000000	121928.000000
0.000000	121928.000000
0.000000	121928.000000
0.000000	121928.000000
0.000000	121928.000000
0.000000	121928.000000
0.000000	121928.000000
0.000000	121928.000000
0.000000	121928.000000
0.000000	121928.000000
0.000000	121928.000000
0.000000	121928.000000
0.000000	121928.000000
0.000000	121928.000000
0.000000	121928.000000
0.000000	121929.000000
0.000000	121929.000000
0.000000	121929.000000
0.000000	121929.000000
0.000000	121929.000000
0.000000	121929.000000
0.000000	121929.000000
0.000000	121929.000000
0.000000	121929.000000
0.000000	121929.000000
0.000000	121929.000000
0.000000	121929.000000
0.000000	121929.000000
0.000000	121929.000000
0.000000	121929.000000
0.000000	121929.000000
0.000000	121929.000000
0.000000	121930.000000
0.000000	121930.000000
0.000000	121930.000000
0.000000	121930.000000
0.000000	121930.000000
0.000000	121930.000000
0.000000	121930.000000
0.000000	121930.000000
0.000000	121930.000000
0.000000	121930.000000
0.000000	121930.000000
0.000000	121930.000000
0.000000	121930.000000
0.000000	121930.000000
0.000000	121930.000000
0.000000	121930.000000
0.000000	121930.000000
0.000000	121931.000000
0.000000	121931.000000
0.000000	121931.000000
0.000000	121931.000000
0.000000	121931.000000
0.000000	121931.000000
0.000000	121931.000000
0.000000	121931.000000
0.000000	121931.000000
0.000000	121931.000000
0.000000	121931.000000
0.000000	121931.000000
0.000000	121931.000000
0.000000	121931.000000
0.000000	121931.000000
0.000000	121931.000000
0.000000	121931.000000
0.000000	121932.000000
0.000000	121932.000000
0.000000	121932.000000
0.000000	121932.000000
0.000000	121932.000000
0.000000	121932.000000
0.000000	121932.000000
0.000000	121932.000000
0.000000	121932.000000
0.000000	121932.000000
0.000000	121932.000000
0.000000	121932.000000
0.000000	121932.000000
0.000000	121932.000000
0.000000	121932.000000
0.000000	121932.000000
0.000000	121932.000000
0.000000	121933.000000
0.000000	121933.000000
0.000000	121933.000000
0.000000	121933.000000
0.000000	121933.000000
0.000000	121933.000000
0.000000	121933.000000
0.000000	121933.000000
0.000000	121933.000000
0.000000	121933.000000
0.000000	121933.000000
0.000000	121933.000000
0.000000	121933.000000
0.000000	121933.000000
0.000000	121933.000000
0.000000	121933.000000
0.000000	121933.000000
0.000000	121934.000000
0.000000	121934.000000
0.000000	121934.000000
0.000000	121934.000000
0.000000	121934.000000
0.000000	121934.000000
0.000000	121934.000000
0.000000	121934.000000
0.000000	121934.000000
0.000000	121934.000000
0.000000	121934.000000
0.000000	121934.000000
0.000000	121934.000000
0.000000	121934.000000
0.000000	121934.000000
0.000000	121934.000000
0.000000	121934.000000
0.000000	121935.000000
0.000000	121935.000000
0.000000	121935.000000
0.000000	121935.000000
0.000000	121935.000000
0.000000	121935.000000
0.000000	121935.000000
0.000000	121935.000000
0.000000	121935.000000
0.000000	121935.000000
0.000000	121935.000000
0.000000	121935.000000
0.000000	121935.000000
0.000000	121935.000000
0.000000	121935.000000
0.000000	121935.000000
0.000000	121935.000000
0.000000	121936.000000
0.000000	121936.000000
0.000000	121936.000000
0.000000	121936.000000
0.000000	121936.000000
0.000000	121936.000000
0.000000	121936.000000
0.000000	121936.000000
0.000000	121936.000000
0.000000	121936.000000
0.000000	121936.000000
0.000000	121936.000000
0.000000	121936.000000
0.000000	121936.000000
0.000000	121936.000000
0.000000	121936.000000
0.000000	121936.000000
0.000000	121936.000000
0.000000	121937.000000
0.000000	121937.000000
0.000000	121937.000000
0.000000	121937.000000
0.000000	121937.000000
0.000000	121937.000000
0.000000	121937.000000
0.000000	121937.000000
0.000000	121937.000000
0.000000	121937.000000
0.000000	121937.000000
0.000000	121937.000000
0.000000	121937.000000
0.000000	121937.000000
0.000000	121937.000000
0.000000	121937.000000
0.000000	121937.000000
0.000000	121938.000000
0.000000	121938.000000
0.000000	121938.000000
0.000000	121938.000000
0.000000	121938.000000
0.000000	121938.000000
0.000000	121938.000000
0.000000	121938.000000
0.000000	121938.000000
0.000000	121938.000000
0.000000	121938.000000
0.000000	121938.000000
0.000000	121938.000000
0.000000	121938.000000
0.000000	121938.000000
0.000000	121938.000000
0.000000	121938.000000
0.000000	121939.000000
0.000000	121939.000000
0.000000	121939.000000
0.000000	121939.000000
0.000000	121939.000000
0.000000	121939.000000
0.000000	121939.000000
0.000000	121939.000000
0.000000	121939.000000
0.000000	121939.000000
0.000000	121939.000000
0.000000	121939.000000
0.000000	121939.000000
0.000000	121939.000000
0.000000	121939.000000
0.000000	121939.000000
0.000000	121939.000000
0.000000	121940.000000
0.000000	121940.000000
0.000000	121940.000000
0.000000	121940.000000
0.000000	121940.000000
0.000000	121940.000000
0.000000	121940.000000
0.000000	121940.000000
0.000000	121940.000000
0.000000	121940.000000
0.000000	121940.000000
0.000000	121940.000000
0.000000	121940.000000
0.000000	121940.000000
0.000000	121940.000000
0.000000	121940.000000
0.000000	121940.000000
0.000000	121941.000000
0.000000	121941.000000
0.000000	121941.000000
0.000000	121941.000000
0.000000	121941.000000
0.000000	121941.000000
0.000000	121941.000000
0.000000	121941.000000
0.000000	121941.000000
0.000000	121941.000000
0.000000	121941.000000
0.000000	121941.000000
0.000000	121941.000000
0.000000	121941.000000
0.000000	121941.000000
0.000000	121941.000000
0.000000	121941.000000
0.000000	121942.000000
0.000000	121942.000000
0.000000	121942.000000
0.000000	121942.000000
0.000000	121942.000000
0.000000	121942.000000
0.000000	121942.000000
0.000000	121942.000000
0.000000	121942.000000
0.000000	121942.000000
0.000000	121942.000000
0.000000	121942.000000
0.000000	121942.000000
0.000000	121942.000000
0.000000	121942.000000
0.000000	121942.000000
0.000000	121942.000000
0.000000	121943.000000
0.000000	121943.000000
0.000000	121943.000000
0.000000	121943.000000
0.000000	121943.000000
0.000000	121943.000000
0.000000	121943.000000
0.000000	121943.000000
0.000000	121943.000000
0.000000	121943.000000
0.000000	121943.000000
0.000000	121943.000000
0.000000	121943.000000
0.000000	121943.000000
0.000000	121943.000000
0.000000	121943.000000
0.000000	121943.000000
0.000000	121944.000000
0.000000	121944.000000
0.000000	121944.000000
0.000000	121944.000000
0.000000	121944.000000
0.000000	121944.000000
0.000000	121944.000000
0.000000	121944.000000
0.000000	121944.000000
0.000000	121944.000000
0.000000	121944.000000
0.000000	121944.000000
0.000000	121944.000000
0.000000	121944.000000
0.000000	121944.000000
0.000000	121944.000000
0.000000	121944.000000
0.000000	121945.000000
0.000000	121945.000000
0.000000	121945.000000
0.000000	121945.000000
0.000000	121945.000000
0.000000	121945.000000
0.000000	121945.000000
0.000000	121945.000000
0.000000	121945.000000
0.000000	121945.000000
0.000000	121945.000000
0.000000	121945.000000
0.000000	121945.000000
0.000000	121945.000000
0.000000	121945.000000
0.000000	121945.000000
0.000000	121945.000000
0.000000	121946.000000
0.000000	121946.000000
0.000000	121946.000000
0.000000	121946.000000
0.000000	121946.000000
0.000000	121946.000000
0.000000	121946.000000
0.000000	121946.000000
0.000000	121946.000000
0.000000	121946.000000
0.000000	121946.000000
0.000000	121946.000000
0.000000	121946.000000
0.000000	121946.000000
0.000000	121946.000000
0.000000	121946.000000
0.000000	121946.000000
0.000000	121947.000000
0.000000	121947.000000
0.000000	121947.000000
0.000000	121947.000000
0.000000	121947.000000
0.000000	121947.000000
0.000000	121947.000000
0.000000	121947.000000
0.000000	121947.000000
0.000000	121947.000000
0.000000	121947.000000
0.000000	121947.000000
0.000000	121947.000000
0.000000	121947.000000
0.000000	121947.000000
0.000000	121947.000000
0.000000	121947.000000
0.000000	121948.000000
0.000000	121948.000000
0.000000	121948.000000
0.000000	121948.000000
0.000000	121948.000000
0.000000	121948.000000
0.000000	121948.000000
0.000000	121948.000000
0.000000	121948.000000
0.000000	121948.000000
0.000000	121948.000000
0.000000	121948.000000
0.000000	121948.000000
0.000000	121948.000000
0.000000	121948.000000
0.000000	121948.000000
0.000000	121948.000000
0.000000	121949.000000
0.000000	121949.000000
0.000000	121949.000000
0.000000	121949.000000
0.000000	121949.000000
0.000000	121949.000000
0.000000	121949.000000
0.000000	121949.000000
0.000000	121949.000000
0.000000	121949.000000
0.000000	121949.000000
0.000000	121949.000000
0.000000	121949.000000
0.000000	121949.000000
0.000000	121949.000000
0.000000	121949.000000
0.000000	121949.000000
0.000000	121950.000000
0.000000	121950.000000
0.000000	121950.000000
0.000000	121950.000000
0.000000	121950.000000
0.000000	121950.000000
0.000000	121950.000000
0.000000	121950.000000
0.000000	121950.000000
0.000000	121950.000000
0.000000	121950.000000
0.000000	121950.000000
0.000000	121950.000000
0.000000	121950.000000
0.000000	121950.000000
0.000000	121950.000000
0.000000	121950.000000
0.000000	121951.000000
0.000000	121951.000000
0.000000	121951.000000
0.000000	121951.000000
0.000000	121951.000000
0.000000	121951.000000
0.000000	121951.000000
0.000000	121951.000000
0.000000	121951.000000
0.000000	121951.000000
0.000000	121951.000000
0.000000	121951.000000
0.000000	121951.000000
0.000000	121951.000000
0.000000	121951.000000
0.000000	121951.000000
0.000000	121951.000000
0.000000	121951.000000
0.000000	121952.000000
0.000000	121952.000000
0.000000	121952.000000
0.000000	121952.000000
0.000000	121952.000000
0.000000	121952.000000
0.000000	121952.000000
0.000000	121952.000000
0.000000	121952.000000
0.000000	121952.000000
0.000000	121952.000000
0.000000	121952.000000
0.000000	121952.000000
0.000000	121952.000000
0.000000	121952.000000
0.000000	121952.000000
0.000000	121952.000000
0.000000	121953.000000
0.000000	121953.000000
0.000000	121953.000000
0.000000	121953.000000
0.000000	121953.000000
0.000000	121953.000000
0.000000	121953.000000
0.000000	121953.000000
0.000000	121953.000000
0.000000	121953.000000
0.000000	121953.000000
0.000000	121953.000000
0.000000	121953.000000
0.000000	121953.000000
0.000000	121953.000000
0.000000	121953.000000
0.000000	121953.000000
0.000000	121954.000000
0.000000	121954.000000
0.000000	121954.000000
0.000000	121954.000000
0.000000	121954.000000
0.000000	121954.000000
0.000000	121954.000000
0.000000	121954.000000
0.000000	121954.000000
0.000000	121954.000000
0.000000	121954.000000
0.000000	121954.000000
0.000000	121954.000000
0.000000	121954.000000
0.000000	121954.000000
0.000000	121954.000000
0.000000	121954.000000
0.000000	121955.000000
0.000000	121955.000000
0.000000	121955.000000
0.000000	121955.000000
0.000000	121955.000000
0.000000	121955.000000
0.000000	121955.000000
0.000000	121955.000000
0.000000	121955.000000
0.000000	121955.000000
0.000000	121955.000000
0.000000	121955.000000
0.000000	121955.000000
0.000000	121955.000000
0.000000	121955.000000
0.000000	121955.000000
0.000000	121955.000000
0.000000	121956.000000
0.000000	121956.000000
0.000000	121956.000000
0.000000	121956.000000
0.000000	121956.000000
0.000000	121956.000000
0.000000	121956.000000
0.000000	121956.000000
0.000000	121956.000000
0.000000	121956.000000
0.000000	121956.000000
0.000000	121956.000000
0.000000	121956.000000
0.000000	121956.000000
0.000000	121956.000000
0.000000	121956.000000
0.000000	121956.000000
0.000000	121957.000000
0.000000	121957.000000
0.000000	121957.000000
0.000000	121957.000000
0.000000	121957.000000
0.000000	121957.000000
0.000000	121957.000000
0.000000	121957.000000
0.000000	121957.000000
0.000000	121957.000000
0.000000	121957.000000
0.000000	121957.000000
0.000000	121957.000000
0.000000	121957.000000
0.000000	121957.000000
0.000000	121957.000000
0.000000	121957.000000
0.000000	121958.000000
0.000000	121958.000000
0.000000	121958.000000
0.000000	121958.000000
0.000000	121958.000000
0.000000	121958.000000
0.000000	121958.000000
0.000000	121958.000000
0.000000	121958.000000
0.000000	121958.000000
0.000000	121958.000000
0.000000	121958.000000
0.000000	121958.000000
0.000000	121958.000000
0.000000	121958.000000
0.000000	121958.000000
0.000000	121958.000000
0.000000	121959.000000
0.000000	121959.000000
0.000000	121959.000000
0.000000	121959.000000
0.000000	121959.000000
0.000000	121959.000000
0.000000	121959.000000
0.000000	121959.000000
0.000000	121959.000000
0.000000	121959.000000
0.000000	121959.000000
0.000000	121959.000000
0.000000	121959.000000
0.000000	121959.000000
0.000000	121959.000000
0.000000	121959.000000
0.000000	121959.000000
0.000000	122000.000000
0.000000	122000.000000
0.000000	122000.000000
0.000000	122000.000000
0.000000	122000.000000
0.000000	122000.000000
0.000000	122000.000000
0.000000	122000.000000
0.000000	122000.000000
0.000000	122000.000000
0.000000	122000.000000
0.000000	122000.000000
0.000000	122000.000000
0.000000	122000.000000
0.000000	122000.000000
0.000000	122000.000000
0.000000	122000.000000
0.000000	122001.000000
0.000000	122001.000000
0.000000	122001.000000
0.000000	122001.000000
0.000000	122001.000000
0.000000	122001.000000
0.000000	122001.000000
0.000000	122001.000000
0.000000	122001.000000
0.000000	122001.000000
0.000000	122001.000000
0.000000	122001.000000
0.000000	122001.000000
0.000000	122001.000000
0.000000	122001.000000
0.000000	122001.000000
0.000000	122001.000000
0.000000	122002.000000
0.000000	122002.000000
0.000000	122002.000000
0.000000	122002.000000
0.000000	122002.000000
0.000000	122002.000000
0.000000	122002.000000
0.000000	122002.000000
0.000000	122002.000000
0.000000	122002.000000
0.000000	122002.000000
0.000000	122002.000000
0.000000	122002.000000
0.000000	122002.000000
0.000000	122002.000000
0.000000	122002.000000
0.000000	122002.000000
0.000000	122003.000000
0.000000	122003.000000
0.000000	122003.000000
0.000000	122003.000000
0.000000	122003.000000
0.000000	122003.000000
0.000000	122003.000000
0.000000	122003.000000
0.000000	122003.000000
0.000000	122003.000000
0.000000	122003.000000
0.000000	122003.000000
0.000000	122003.000000
0.000000	122003.000000
0.000000	122003.000000
0.000000	122003.000000
0.000000	122003.000000
0.000000	122004.000000
0.000000	122004.000000
0.000000	122004.000000
0.000000	122004.000000
0.000000	122004.000000
0.000000	122004.000000
0.000000	122004.000000
0.000000	122004.000000
0.000000	122004.000000
0.000000	122004.000000
0.000000	122004.000000
0.000000	122004.000000
0.000000	122004.000000
0.000000	122004.000000
0.000000	122004.000000
0.000000	122004.000000
0.000000	122004.000000
0.000000	122005.000000
0.000000	122005.000000
0.000000	122005.000000
0.000000	122005.000000
0.000000	122005.000000
0.000000	122005.000000
0.000000	122005.000000
0.000000	122005.000000
0.000000	122005.000000
0.000000	122005.000000
0.000000	122005.000000
0.000000	122005.000000
0.000000	122005.000000
0.000000	122005.000000
0.000000	122005.000000
0.000000	122005.000000
0.000000	122005.000000
0.000000	122006.000000
0.000000	122006.000000
0.000000	122006.000000
0.000000	122006.000000
0.000000	122006.000000
0.000000	122006.000000
0.000000	122006.000000
0.000000	122006.000000
0.000000	122006.000000
0.000000	122006.000000
0.000000	122006.000000
0.000000	122006.000000
0.000000	122006.000000
0.000000	122006.000000
0.000000	122006.000000
0.000000	122006.000000
0.000000	122006.000000
0.000000	122006.000000
0.000000	122007.000000
0.000000	122007.000000
0.000000	122007.000000
0.000000	122007.000000
0.000000	122007.000000
0.000000	122007.000000
0.000000	122007.000000
0.000000	122007.000000
0.000000	122007.000000
0.000000	122007.000000
0.000000	122007.000000
0.000000	122007.000000
0.000000	122007.000000
0.000000	122007.000000
0.000000	122007.000000
0.000000	122007.000000
0.000000	122007.000000
0.000000	122008.000000
0.000000	122008.000000
0.000000	122008.000000
0.000000	122008.000000
0.000000	122008.000000
0.000000	122008.000000
0.000000	122008.000000
0.000000	122008.000000
0.000000	122008.000000
0.000000	122008.000000
0.000000	122008.000000
0.000000	122008.000000
0.000000	122008.000000
0.000000	122008.000000
0.000000	122008.000000
0.000000	122008.000000
0.000000	122008.000000
0.000000	122009.000000
0.000000	122009.000000
0.000000	122009.000000
0.000000	122009.000000
0.000000	122009.000000
0.000000	122009.000000
0.000000	122009.000000
0.000000	122009.000000
0.000000	122009.000000
0.000000	122009.000000
0.000000	122009.000000
0.000000	122009.000000
0.000000	122009.000000
0.000000	122009.000000
0.000000	122009.000000
0.000000	122009.000000
0.000000	122009.000000
0.000000	122010.000000
0.000000	122010.000000
0.000000	122010.000000
0.000000	122010.000000
0.000000	122010.000000
0.000000	122010.000000
0.000000	122010.000000
0.000000	122010.000000
0.000000	122010.000000
0.000000	122010.000000
0.000000	122010.000000
0.000000	122010.000000
0.000000	122010.000000
0.000000	122010.000000
0.000000	122010.000000
0.000000	122010.000000
0.000000	122010.000000
0.000000	122011.000000
0.000000	122011.000000
0.000000	122011.000000
0.000000	122011.000000
0.000000	122011.000000
0.000000	122011.000000
0.000000	122011.000000
0.000000	122011.000000
0.000000	122011.000000
0.000000	122011.000000
0.000000	122011.000000
0.000000	122011.000000
0.000000	122011.000000
0.000000	122011.000000
0.000000	122011.000000
0.000000	122011.000000
0.000000	122011.000000
0.000000	122012.000000
0.000000	122012.000000
0.000000	122012.000000
0.000000	122012.000000
0.000000	122012.000000
0.000000	122012.000000
0.000000	122012.000000
0.000000	122012.000000
0.000000	122012.000000
0.000000	122012.000000
0.000000	122012.000000
0.000000	122012.000000
0.000000	122012.000000
0.000000	122012.000000
0.000000	122012.000000
0.000000	122012.000000
0.000000	122012.000000
0.000000	122013.000000
0.000000	122013.000000
0.000000	122013.000000
0.000000	122013.000000
0.000000	122013.000000
0.000000	122013.000000
0.000000	122013.000000
0.000000	122013.000000
0.000000	122013.000000
0.000000	122013.000000
0.000000	122013.000000
0.000000	122013.000000
0.000000	122013.000000
0.000000	122013.000000
0.000000	122013.000000
0.000000	122013.000000
0.000000	122013.000000
0.000000	122014.000000
0.000000	122014.000000
0.000000	122014.000000
0.000000	122014.000000
0.000000	122014.000000
0.000000	122014.000000
0.000000	122014.000000
0.000000	122014.000000
0.000000	122014.000000
0.000000	122014.000000
0.000000	122014.000000
0.000000	122014.000000
0.000000	122014.000000
0.000000	122014.000000
0.000000	122014.000000
0.000000	122014.000000
0.000000	122014.000000
0.000000	122015.000000
0.000000	122015.000000
0.000000	122015.000000
0.000000	122015.000000
0.000000	122015.000000
0.000000	122015.000000
0.000000	122015.000000
0.000000	122015.000000
0.000000	122015.000000
0.000000	122015.000000
0.000000	122015.000000
0.000000	122015.000000
0.000000	122015.000000
0.000000	122015.000000
0.000000	122015.000000
0.000000	122015.000000
0.000000	122015.000000
0.000000	122016.000000
0.000000	122016.000000
0.000000	122016.000000
0.000000	122016.000000
0.000000	122016.000000
0.000000	122016.000000
0.000000	122016.000000
0.000000	122016.000000
0.000000	122016.000000
0.000000	122016.000000
0.000000	122016.000000
0.000000	122016.000000
0.000000	122016.000000
0.000000	122016.000000
0.000000	122016.000000
0.000000	122016.000000
0.000000	122016.000000
0.000000	122017.000000
0.000000	122017.000000
0.000000	122017.000000
0.000000	122017.000000
0.000000	122017.000000
0.000000	122017.000000
0.000000	122017.000000
0.000000	122017.000000
0.000000	122017.000000
0.000000	122017.000000
0.000000	122017.000000
0.000000	122017.000000
0.000000	122017.000000
0.000000	122017.000000
0.000000	122017.000000
0.000000	122017.000000
0.000000	122017.000000
0.000000	122018.000000
0.000000	122018.000000
0.000000	122018.000000
0.000000	122018.000000
0.000000	122018.000000
0.000000	122018.000000
0.000000	122018.000000
0.000000	122018.000000
0.000000	122018.000000
0.000000	122018.000000
0.000000	122018.000000
0.000000	122018.000000
0.000000	122018.000000
0.000000	122018.000000
0.000000	122018.000000
0.000000	122018.000000
0.000000	122018.000000
0.000000	122019.000000
0.000000	122019.000000
0.000000	122019.000000
0.000000	122019.000000
0.000000	122019.000000
0.000000	122019.000000
0.000000	122019.000000
0.000000	122019.000000
0.000000	122019.000000
0.000000	122019.000000
0.000000	122019.000000
0.000000	122019.000000
0.000000	122019.000000
0.000000	122019.000000
0.000000	122019.000000
0.000000	122019.000000
0.000000	122019.000000
0.000000	122020.000000
0.000000	122020.000000
0.000000	122020.000000
0.000000	122020.000000
0.000000	122020.000000
0.000000	122020.000000
0.000000	122020.000000
0.000000	122020.000000
0.000000	122020.000000
0.000000	122020.000000
0.000000	122020.000000
0.000000	122020.000000
0.000000	122020.000000
0.000000	122020.000000
0.000000	122020.000000
0.000000	122020.000000
0.000000	122020.000000
0.000000	122021.000000
0.000000	122021.000000
0.000000	122021.000000
0.000000	122021.000000
0.000000	122021.000000
0.000000	122021.000000
0.000000	122021.000000
0.000000	122021.000000
0.000000	122021.000000
0.000000	122021.000000
0.000000	122021.000000
0.000000	122021.000000
0.000000	122021.000000
0.000000	122021.000000
0.000000	122021.000000
0.000000	122021.000000
0.000000	122021.000000
0.000000	122021.000000
0.000000	122022.000000
0.000000	122022.000000
0.000000	122022.000000
0.000000	122022.000000
0.000000	122022.000000
0.000000	122022.000000
0.000000	122022.000000
0.000000	122022.000000
0.000000	122022.000000
0.000000	122022.000000
0.000000	122022.000000
0.000000	122022.000000
0.000000	122022.000000
0.000000	122022.000000
0.000000	122022.000000
0.000000	122022.000000
0.000000	122022.000000
0.000000	122023.000000
0.000000	122023.000000
0.000000	122023.000000
0.000000	122023.000000
0.000000	122023.000000
0.000000	122023.000000
0.000000	122023.000000
0.000000	122023.000000
0.000000	122023.000000
0.000000	122023.000000
0.000000	122023.000000
0.000000	122023.000000
0.000000	122023.000000
0.000000	122023.000000
0.000000	122023.000000
0.000000	122023.000000
0.000000	122023.000000
0.000000	122024.000000
0.000000	122024.000000
0.000000	122024.000000
0.000000	122024.000000
0.000000	122024.000000
0.000000	122024.000000
0.000000	122024.000000
0.000000	122024.000000
0.000000	122024.000000
0.000000	122024.000000
0.000000	122024.000000
0.000000	122024.000000
0.000000	122024.000000
0.000000	122024.000000
0.000000	122024.000000
0.000000	122024.000000
0.000000	122024.000000
0.000000	122025.000000
0.000000	122025.000000
0.000000	122025.000000
0.000000	122025.000000
0.000000	122025.000000
0.000000	122025.000000
0.000000	122025.000000
0.000000	122025.000000
0.000000	122025.000000
0.000000	122025.000000
0.000000	122025.000000
0.000000	122025.000000
0.000000	122025.000000
0.000000	122025.000000
0.000000	122025.000000
0.000000	122025.000000
0.000000	122025.000000
0.000000	122026.000000
0.000000	122026.000000
0.000000	122026.000000
0.000000	122026.000000
0.000000	122026.000000
0.000000	122026.000000
0.000000	122026.000000
0.000000	122026.000000
0.000000	122026.000000
0.000000	122026.000000
0.000000	122026.000000
0.000000	122026.000000
0.000000	122026.000000
0.000000	122026.000000
0.000000	122026.000000
0.000000	122026.000000
0.000000	122026.000000
0.000000	122027.000000
0.000000	122027.000000
0.000000	122027.000000
0.000000	122027.000000
0.000000	122027.000000
0.000000	122027.000000
0.000000	122027.000000
0.000000	122027.000000
0.000000	122027.000000
0.000000	122027.000000
0.000000	122027.000000
0.000000	122027.000000
0.000000	122027.000000
0.000000	122027.000000
0.000000	122027.000000
0.000000	122027.000000
0.000000	122027.000000
0.000000	122028.000000
0.000000	122028.000000
0.000000	122028.000000
0.000000	122028.000000
0.000000	122028.000000
0.000000	122028.000000
0.000000	122028.000000
0.000000	122028.000000
0.000000	122028.000000
0.000000	122028.000000
0.000000	122028.000000
0.000000	122028.000000
0.000000	122028.000000
0.000000	122028.000000
0.000000	122028.000000
0.000000	122028.000000
0.000000	122028.000000
0.000000	122029.000000
0.000000	122029.000000
0.000000	122029.000000
0.000000	122029.000000
0.000000	122029.000000
0.000000	122029.000000
0.000000	122029.000000
0.000000	122029.000000
0.000000	122029.000000
0.000000	122029.000000
0.000000	122029.000000
0.000000	122029.000000
0.000000	122029.000000
0.000000	122029.000000
0.000000	122029.000000
0.000000	122029.000000
0.000000	122029.000000
0.000000	122030.000000
0.000000	122030.000000
0.000000	122030.000000
0.000000	122030.000000
0.000000	122030.000000
0.000000	122030.000000
0.000000	122030.000000
0.000000	122030.000000
0.000000	122030.000000
0.000000	122030.000000
0.000000	122030.000000
0.000000	122030.000000
0.000000	122030.000000
0.000000	122030.000000
0.000000	122030.000000
0.000000	122030.000000
0.000000	122030.000000
0.000000	122031.000000
0.000000	122031.000000
0.000000	122031.000000
0.000000	122031.000000
0.000000	122031.000000
0.000000	122031.000000
0.000000	122031.000000
0.000000	122031.000000
0.000000	122031.000000
0.000000	122031.000000
0.000000	122031.000000
0.000000	122031.000000
0.000000	122031.000000
0.000000	122031.000000
0.000000	122031.000000
0.000000	122031.000000
0.000000	122031.000000
0.000000	122032.000000
0.000000	122032.000000
0.000000	122032.000000
0.000000	122032.000000
0.000000	122032.000000
0.000000	122032.000000
0.000000	122032.000000
0.000000	122032.000000
0.000000	122032.000000
0.000000	122032.000000
0.000000	122032.000000
0.000000	122032.000000
0.000000	122032.000000
0.000000	122032.000000
0.000000	122032.000000
0.000000	122032.000000
0.000000	122032.000000
0.000000	122033.000000
0.000000	122033.000000
0.000000	122033.000000
0.000000	122033.000000
0.000000	122033.000000
0.000000	122033.000000
0.000000	122033.000000
0.000000	122033.000000
0.000000	122033.000000
0.000000	122033.000000
0.000000	122033.000000
0.000000	122033.000000
0.000000	122033.000000
0.000000	122033.000000
0.000000	122033.000000
0.000000	122033.000000
0.000000	122033.000000
0.000000	122034.000000
0.000000	122034.000000
0.000000	122034.000000
0.000000	122034.000000
0.000000	122034.000000
0.000000	122034.000000
0.000000	122034.000000
0.000000	122034.000000
0.000000	122034.000000
0.000000	122034.000000
0.000000	122034.000000
0.000000	122034.000000
0.000000	122034.000000
0.000000	122034.000000
0.000000	122034.000000
0.000000	122034.000000
0.000000	122034.000000
0.000000	122035.000000
0.000000	122035.000000
0.000000	122035.000000
0.000000	122035.000000
0.000000	122035.000000
0.000000	122035.000000
0.000000	122035.000000
0.000000	122035.000000
0.000000	122035.000000
0.000000	122035.000000
0.000000	122035.000000
0.000000	122035.000000
0.000000	122035.000000
0.000000	122035.000000
0.000000	122035.000000
0.000000	122035.000000
0.000000	122035.000000
0.000000	122036.000000
0.000000	122036.000000
0.000000	122036.000000
0.000000	122036.000000
0.000000	122036.000000
0.000000	122036.000000
0.000000	122036.000000
0.000000	122036.000000
0.000000	122036.000000
0.000000	122036.000000
0.000000	122036.000000
0.000000	122036.000000
0.000000	122036.000000
0.000000	122036.000000
0.000000	122036.000000
0.000000	122036.000000
0.000000	122036.000000
0.000000	122036.000000
0.000000	122037.000000
0.000000	122037.000000
0.000000	122037.000000
0.000000	122037.000000
0.000000	122037.000000
0.000000	122037.000000
0.000000	122037.000000
0.000000	122037.000000
0.000000	122037.000000
0.000000	122037.000000
0.000000	122037.000000
0.000000	122037.000000
0.000000	122037.000000
0.000000	122037.000000
0.000000	122037.000000
0.000000	122037.000000
0.000000	122037.000000
0.000000	122038.000000
0.000000	122038.000000
0.000000	122038.000000
0.000000	122038.000000
0.000000	122038.000000
0.000000	122038.000000
0.000000	122038.000000
0.000000	122038.000000
0.000000	122038.000000
0.000000	122038.000000
0.000000	122038.000000
0.000000	122038.000000
0.000000	122038.000000
0.000000	122038.000000
0.000000	122038.000000
0.000000	122038.000000
0.000000	122038.000000
0.000000	122039.000000
0.000000	122039.000000
0.000000	122039.000000
0.000000	122039.000000
0.000000	122039.000000
0.000000	122039.000000
0.000000	122039.000000
0.000000	122039.000000
0.000000	122039.000000
0.000000	122039.000000
0.000000	122039.000000
0.000000	122039.000000
0.000000	122039.000000
0.000000	122039.000000
0.000000	122039.000000
0.000000	122039.000000
0.000000	122039.000000
0.000000	122040.000000
0.000000	122040.000000
0.000000	122040.000000
0.000000	122040.000000
0.000000	122040.000000
0.000000	122040.000000
0.000000	122040.000000
0.000000	122040.000000
0.000000	122040.000000
0.000000	122040.000000
0.000000	122040.000000
0.000000	122040.000000
0.000000	122040.000000
0.000000	122040.000000
0.000000	122040.000000
0.000000	122040.000000
0.000000	122040.000000
0.000000	122041.000000
0.000000	122041.000000
0.000000	122041.000000
0.000000	122041.000000
0.000000	122041.000000
0.000000	122041.000000
0.000000	122041.000000
0.000000	122041.000000
0.000000	122041.000000
0.000000	122041.000000
0.000000	122041.000000
0.000000	122041.000000
0.000000	122041.000000
0.000000	122041.000000
0.000000	122041.000000
0.000000	122041.000000
0.000000	122041.000000
0.000000	122042.000000
0.000000	122042.000000
0.000000	122042.000000
0.000000	122042.000000
0.000000	122042.000000
0.000000	122042.000000
0.000000	122042.000000
0.000000	122042.000000
0.000000	122042.000000
0.000000	122042.000000
0.000000	122042.000000
0.000000	122042.000000
0.000000	122042.000000
0.000000	122042.000000
0.000000	122042.000000
0.000000	122042.000000
0.000000	122042.000000
0.000000	122043.000000
0.000000	122043.000000
0.000000	122043.000000
0.000000	122043.000000
0.000000	122043.000000
0.000000	122043.000000
0.000000	122043.000000
0.000000	122043.000000
0.000000	122043.000000
0.000000	122043.000000
0.000000	122043.000000
0.000000	122043.000000
0.000000	122043.000000
0.000000	122043.000000
0.000000	122043.000000
0.000000	122043.000000
0.000000	122043.000000
0.000000	122044.000000
0.000000	122044.000000
0.000000	122044.000000
0.000000	122044.000000
0.000000	122044.000000
0.000000	122044.000000
0.000000	122044.000000
0.000000	122044.000000
0.000000	122044.000000
0.000000	122044.000000
0.000000	122044.000000
0.000000	122044.000000
0.000000	122044.000000
0.000000	122044.000000
0.000000	122044.000000
0.000000	122044.000000
0.000000	122044.000000
0.000000	122045.000000
0.000000	122045.000000
0.000000	122045.000000
0.000000	122045.000000
0.000000	122045.000000
0.000000	122045.000000
0.000000	122045.000000
0.000000	122045.000000
0.000000	122045.000000
0.000000	122045.000000
0.000000	122045.000000
0.000000	122045.000000
0.000000	122045.000000
0.000000	122045.000000
0.000000	122045.000000
0.000000	122045.000000
0.000000	122045.000000
0.000000	122046.000000
0.000000	122046.000000
0.000000	122046.000000
0.000000	122046.000000
0.000000	122046.000000
0.000000	122046.000000
0.000000	122046.000000
0.000000	122046.000000
0.000000	122046.000000
0.000000	122046.000000
0.000000	122046.000000
0.000000	122046.000000
0.000000	122046.000000
0.000000	122046.000000
0.000000	122046.000000
0.000000	122046.000000
0.000000	122046.000000
0.000000	122047.000000
0.000000	122047.000000
0.000000	122047.000000
0.000000	122047.000000
0.000000	122047.000000
0.000000	122047.000000
0.000000	122047.000000
0.000000	122047.000000
0.000000	122047.000000
0.000000	122047.000000
0.000000	122047.000000
0.000000	122047.000000
0.000000	122047.000000
0.000000	122047.000000
0.000000	122047.000000
0.000000	122047.000000
0.000000	122047.000000
0.000000	122048.000000
0.000000	122048.000000
0.000000	122048.000000
0.000000	122048.000000
0.000000	122048.000000
0.000000	122048.000000
0.000000	122048.000000
0.000000	122048.000000
