0.000000	102813.000000
0.000000	102813.000000
0.000000	102813.000000
0.000000	102813.000000
0.000000	102813.000000
0.000000	102813.000000
0.000000	102813.000000
0.000000	102813.000000
0.000000	102813.000000
0.000000	102814.000000
0.000000	102814.000000
0.000000	102814.000000
0.000000	102814.000000
0.000000	102814.000000
0.000000	102814.000000
0.000000	102814.000000
0.000000	102814.000000
0.000000	102814.000000
0.000000	102814.000000
0.000000	102814.000000
0.000000	102814.000000
0.000000	102814.000000
0.000000	102814.000000
0.000000	102814.000000
0.000000	102814.000000
0.000000	102814.000000
0.000000	102814.000000
0.000000	102815.000000
0.000000	102815.000000
0.000000	102815.000000
0.000000	102815.000000
0.000000	102815.000000
0.000000	102815.000000
0.000000	102815.000000
0.000000	102815.000000
0.000000	102815.000000
0.000000	102815.000000
0.000000	102815.000000
0.000000	102815.000000
0.000000	102815.000000
0.000000	102815.000000
0.000000	102815.000000
0.000000	102815.000000
0.000000	102815.000000
0.000000	102816.000000
0.000000	102816.000000
0.000000	102816.000000
0.000000	102816.000000
0.000000	102816.000000
0.000000	102816.000000
0.000000	102816.000000
0.000000	102816.000000
0.000000	102816.000000
0.000000	102816.000000
0.000000	102816.000000
0.000000	102816.000000
0.000000	102816.000000
0.000000	102816.000000
0.000000	102816.000000
0.000000	102816.000000
0.000000	102816.000000
0.000000	102817.000000
0.000000	102817.000000
0.000000	102817.000000
0.000000	102817.000000
0.000000	102817.000000
0.000000	102817.000000
0.000000	102817.000000
0.000000	102817.000000
0.000000	102817.000000
0.000000	102817.000000
0.000000	102817.000000
0.000000	102817.000000
0.000000	102817.000000
0.000000	102817.000000
0.000000	102817.000000
0.000000	102817.000000
0.000000	102817.000000
0.000000	102818.000000
0.000000	102818.000000
0.000000	102818.000000
0.000000	102818.000000
0.000000	102818.000000
0.000000	102818.000000
0.000000	102818.000000
0.000000	102818.000000
0.000000	102818.000000
0.000000	102818.000000
0.000000	102818.000000
0.000000	102818.000000
0.000000	102818.000000
0.000000	102818.000000
0.000000	102818.000000
0.000000	102818.000000
0.000000	102818.000000
0.000000	102819.000000
0.000000	102819.000000
0.000000	102819.000000
0.000000	102819.000000
0.000000	102819.000000
0.000000	102819.000000
0.000000	102819.000000
0.000000	102819.000000
0.000000	102819.000000
0.000000	102819.000000
0.000000	102819.000000
0.000000	102819.000000
0.000000	102819.000000
0.000000	102819.000000
0.000000	102819.000000
0.000000	102819.000000
0.000000	102819.000000
0.000000	102820.000000
0.000000	102820.000000
0.000000	102820.000000
0.000000	102820.000000
0.000000	102820.000000
0.000000	102820.000000
0.000000	102820.000000
0.000000	102820.000000
0.000000	102820.000000
0.000000	102820.000000
0.000000	102820.000000
0.000000	102820.000000
0.000000	102820.000000
0.000000	102820.000000
0.000000	102820.000000
0.000000	102820.000000
0.000000	102820.000000
0.000000	102821.000000
0.000000	102821.000000
0.000000	102821.000000
0.000000	102821.000000
0.000000	102821.000000
0.000000	102821.000000
0.000000	102821.000000
0.000000	102821.000000
0.000000	102821.000000
0.000000	102821.000000
0.000000	102821.000000
0.000000	102821.000000
0.000000	102821.000000
0.000000	102821.000000
0.000000	102821.000000
0.000000	102821.000000
0.000000	102821.000000
0.000000	102822.000000
0.000000	102822.000000
0.000000	102822.000000
0.000000	102822.000000
0.000000	102822.000000
0.000000	102822.000000
0.000000	102822.000000
0.000000	102822.000000
0.000000	102822.000000
0.000000	102822.000000
0.000000	102822.000000
0.000000	102822.000000
0.000000	102822.000000
0.000000	102822.000000
0.000000	102822.000000
0.000000	102822.000000
0.000000	102822.000000
0.000000	102823.000000
0.000000	102823.000000
0.000000	102823.000000
0.000000	102823.000000
0.000000	102823.000000
0.000000	102823.000000
0.000000	102823.000000
0.000000	102823.000000
0.000000	102823.000000
0.000000	102823.000000
0.000000	102823.000000
0.000000	102823.000000
0.000000	102823.000000
0.000000	102823.000000
0.000000	102823.000000
0.000000	102823.000000
0.000000	102823.000000
0.000000	102824.000000
0.000000	102824.000000
0.000000	102824.000000
0.000000	102824.000000
0.000000	102824.000000
0.000000	102824.000000
0.000000	102824.000000
0.000000	102824.000000
0.000000	102824.000000
0.000000	102824.000000
0.000000	102824.000000
0.000000	102824.000000
0.000000	102824.000000
0.000000	102824.000000
0.000000	102824.000000
0.000000	102824.000000
0.000000	102824.000000
0.000000	102825.000000
0.000000	102825.000000
0.000000	102825.000000
0.000000	102825.000000
0.000000	102825.000000
0.000000	102825.000000
0.000000	102825.000000
0.000000	102825.000000
0.000000	102825.000000
0.000000	102825.000000
0.000000	102825.000000
0.000000	102825.000000
0.000000	102825.000000
0.000000	102825.000000
0.000000	102825.000000
0.000000	102825.000000
0.000000	102825.000000
0.000000	102826.000000
0.000000	102826.000000
0.000000	102826.000000
0.000000	102826.000000
0.000000	102826.000000
0.000000	102826.000000
0.000000	102826.000000
0.000000	102826.000000
0.000000	102826.000000
0.000000	102826.000000
0.000000	102826.000000
0.000000	102826.000000
0.000000	102826.000000
0.000000	102826.000000
0.000000	102826.000000
0.000000	102826.000000
0.000000	102826.000000
0.000000	102827.000000
0.000000	102827.000000
0.000000	102827.000000
0.000000	102827.000000
0.000000	102827.000000
0.000000	102827.000000
0.000000	102827.000000
0.000000	102827.000000
0.000000	102827.000000
0.000000	102827.000000
0.000000	102827.000000
0.000000	102827.000000
0.000000	102827.000000
0.000000	102827.000000
0.000000	102827.000000
0.000000	102827.000000
0.000000	102827.000000
0.000000	102828.000000
0.000000	102828.000000
0.000000	102828.000000
0.000000	102828.000000
0.000000	102828.000000
0.000000	102828.000000
0.000000	102828.000000
0.000000	102828.000000
0.000000	102828.000000
0.000000	102828.000000
0.000000	102828.000000
0.000000	102828.000000
0.000000	102828.000000
0.000000	102828.000000
0.000000	102828.000000
0.000000	102828.000000
0.000000	102828.000000
0.000000	102829.000000
0.000000	102829.000000
0.000000	102829.000000
0.000000	102829.000000
0.000000	102829.000000
0.000000	102829.000000
0.000000	102829.000000
0.000000	102829.000000
0.000000	102829.000000
0.000000	102829.000000
0.000000	102829.000000
0.000000	102829.000000
0.000000	102829.000000
0.000000	102829.000000
0.000000	102829.000000
0.000000	102829.000000
0.000000	102829.000000
0.000000	102829.000000
0.000000	102830.000000
0.000000	102830.000000
0.000000	102830.000000
0.000000	102830.000000
0.000000	102830.000000
0.000000	102830.000000
0.000000	102830.000000
0.000000	102830.000000
0.000000	102830.000000
0.000000	102830.000000
0.000000	102830.000000
0.000000	102830.000000
0.000000	102830.000000
0.000000	102830.000000
0.000000	102830.000000
0.000000	102830.000000
0.000000	102830.000000
0.000000	102831.000000
0.000000	102831.000000
0.000000	102831.000000
0.000000	102831.000000
0.000000	102831.000000
0.000000	102831.000000
0.000000	102831.000000
0.000000	102831.000000
0.000000	102831.000000
0.000000	102831.000000
0.000000	102831.000000
0.000000	102831.000000
0.000000	102831.000000
0.000000	102831.000000
0.000000	102831.000000
0.000000	102831.000000
0.000000	102831.000000
0.000000	102832.000000
0.000000	102832.000000
0.000000	102832.000000
0.000000	102832.000000
0.000000	102832.000000
0.000000	102832.000000
0.000000	102832.000000
0.000000	102832.000000
0.000000	102832.000000
0.000000	102832.000000
0.000000	102832.000000
0.000000	102832.000000
0.000000	102832.000000
0.000000	102832.000000
0.000000	102832.000000
0.000000	102832.000000
0.000000	102832.000000
0.000000	102833.000000
0.000000	102833.000000
0.000000	102833.000000
0.000000	102833.000000
0.000000	102833.000000
0.000000	102833.000000
0.000000	102833.000000
0.000000	102833.000000
0.000000	102833.000000
0.000000	102833.000000
0.000000	102833.000000
0.000000	102833.000000
0.000000	102833.000000
0.000000	102833.000000
0.000000	102833.000000
0.000000	102833.000000
0.000000	102833.000000
0.000000	102834.000000
0.000000	102834.000000
0.000000	102834.000000
0.000000	102834.000000
0.000000	102834.000000
0.000000	102834.000000
0.000000	102834.000000
0.000000	102834.000000
0.000000	102834.000000
0.000000	102834.000000
0.000000	102834.000000
0.000000	102834.000000
0.000000	102834.000000
0.000000	102834.000000
0.000000	102834.000000
0.000000	102834.000000
0.000000	102834.000000
0.000000	102835.000000
0.000000	102835.000000
0.000000	102835.000000
0.000000	102835.000000
0.000000	102835.000000
0.000000	102835.000000
0.000000	102835.000000
0.000000	102835.000000
0.000000	102835.000000
0.000000	102835.000000
0.000000	102835.000000
0.000000	102835.000000
0.000000	102835.000000
0.000000	102835.000000
0.000000	102835.000000
0.000000	102835.000000
0.000000	102835.000000
0.000000	102836.000000
0.000000	102836.000000
0.000000	102836.000000
0.000000	102836.000000
0.000000	102836.000000
0.000000	102836.000000
0.000000	102836.000000
0.000000	102836.000000
0.000000	102836.000000
0.000000	102836.000000
0.000000	102836.000000
0.000000	102836.000000
0.000000	102836.000000
0.000000	102836.000000
0.000000	102836.000000
0.000000	102836.000000
0.000000	102836.000000
0.000000	102837.000000
0.000000	102837.000000
0.000000	102837.000000
0.000000	102837.000000
0.000000	102837.000000
0.000000	102837.000000
0.000000	102837.000000
0.000000	102837.000000
0.000000	102837.000000
0.000000	102837.000000
0.000000	102837.000000
0.000000	102837.000000
0.000000	102837.000000
0.000000	102837.000000
0.000000	102837.000000
0.000000	102837.000000
0.000000	102837.000000
0.000000	102838.000000
0.000000	102838.000000
0.000000	102838.000000
0.000000	102838.000000
0.000000	102838.000000
0.000000	102838.000000
0.000000	102838.000000
0.000000	102838.000000
0.000000	102838.000000
0.000000	102838.000000
0.000000	102838.000000
0.000000	102838.000000
0.000000	102838.000000
0.000000	102838.000000
0.000000	102838.000000
0.000000	102838.000000
0.000000	102838.000000
0.000000	102839.000000
0.000000	102839.000000
0.000000	102839.000000
0.000000	102839.000000
0.000000	102839.000000
0.000000	102839.000000
0.000000	102839.000000
0.000000	102839.000000
0.000000	102839.000000
0.000000	102839.000000
0.000000	102839.000000
0.000000	102839.000000
0.000000	102839.000000
0.000000	102839.000000
0.000000	102839.000000
0.000000	102839.000000
0.000000	102839.000000
0.000000	102840.000000
0.000000	102840.000000
0.000000	102840.000000
0.000000	102840.000000
0.000000	102840.000000
0.000000	102840.000000
0.000000	102840.000000
0.000000	102840.000000
0.000000	102840.000000
0.000000	102840.000000
0.000000	102840.000000
0.000000	102840.000000
0.000000	102840.000000
0.000000	102840.000000
0.000000	102840.000000
0.000000	102840.000000
0.000000	102840.000000
0.000000	102841.000000
0.000000	102841.000000
0.000000	102841.000000
0.000000	102841.000000
0.000000	102841.000000
0.000000	102841.000000
0.000000	102841.000000
0.000000	102841.000000
0.000000	102841.000000
0.000000	102841.000000
0.000000	102841.000000
0.000000	102841.000000
0.000000	102841.000000
0.000000	102841.000000
0.000000	102841.000000
0.000000	102841.000000
0.000000	102841.000000
0.000000	102842.000000
0.000000	102842.000000
0.000000	102842.000000
0.000000	102842.000000
0.000000	102842.000000
0.000000	102842.000000
0.000000	102842.000000
0.000000	102842.000000
0.000000	102842.000000
0.000000	102842.000000
0.000000	102842.000000
0.000000	102842.000000
0.000000	102842.000000
0.000000	102842.000000
0.000000	102842.000000
0.000000	102842.000000
0.000000	102842.000000
0.000000	102843.000000
0.000000	102843.000000
0.000000	102843.000000
0.000000	102843.000000
0.000000	102843.000000
0.000000	102843.000000
0.000000	102843.000000
0.000000	102843.000000
0.000000	102843.000000
0.000000	102843.000000
0.000000	102843.000000
0.000000	102843.000000
0.000000	102843.000000
0.000000	102843.000000
0.000000	102843.000000
0.000000	102843.000000
0.000000	102843.000000
0.000000	102844.000000
0.000000	102844.000000
0.000000	102844.000000
0.000000	102844.000000
0.000000	102844.000000
0.000000	102844.000000
0.000000	102844.000000
0.000000	102844.000000
0.000000	102844.000000
0.000000	102844.000000
0.000000	102844.000000
0.000000	102844.000000
0.000000	102844.000000
0.000000	102844.000000
0.000000	102844.000000
0.000000	102844.000000
0.000000	102844.000000
0.000000	102844.000000
0.000000	102845.000000
0.000000	102845.000000
0.000000	102845.000000
0.000000	102845.000000
0.000000	102845.000000
0.000000	102845.000000
0.000000	102845.000000
0.000000	102845.000000
0.000000	102845.000000
0.000000	102845.000000
0.000000	102845.000000
0.000000	102845.000000
0.000000	102845.000000
0.000000	102845.000000
0.000000	102845.000000
0.000000	102845.000000
0.000000	102845.000000
0.000000	102846.000000
0.000000	102846.000000
0.000000	102846.000000
0.000000	102846.000000
0.000000	102846.000000
0.000000	102846.000000
0.000000	102846.000000
0.000000	102846.000000
0.000000	102846.000000
0.000000	102846.000000
0.000000	102846.000000
0.000000	102846.000000
0.000000	102846.000000
0.000000	102846.000000
0.000000	102846.000000
0.000000	102846.000000
0.000000	102846.000000
0.000000	102847.000000
0.000000	102847.000000
0.000000	102847.000000
0.000000	102847.000000
0.000000	102847.000000
0.000000	102847.000000
0.000000	102847.000000
0.000000	102847.000000
0.000000	102847.000000
0.000000	102847.000000
0.000000	102847.000000
0.000000	102847.000000
0.000000	102847.000000
0.000000	102847.000000
0.000000	102847.000000
0.000000	102847.000000
0.000000	102847.000000
0.000000	102848.000000
0.000000	102848.000000
0.000000	102848.000000
0.000000	102848.000000
0.000000	102848.000000
0.000000	102848.000000
0.000000	102848.000000
0.000000	102848.000000
0.000000	102848.000000
0.000000	102848.000000
0.000000	102848.000000
0.000000	102848.000000
0.000000	102848.000000
0.000000	102848.000000
0.000000	102848.000000
0.000000	102848.000000
0.000000	102848.000000
0.000000	102849.000000
0.000000	102849.000000
0.000000	102849.000000
0.000000	102849.000000
0.000000	102849.000000
0.000000	102849.000000
0.000000	102849.000000
0.000000	102849.000000
0.000000	102849.000000
0.000000	102849.000000
0.000000	102849.000000
0.000000	102849.000000
0.000000	102849.000000
0.000000	102849.000000
0.000000	102849.000000
0.000000	102849.000000
0.000000	102849.000000
0.000000	102850.000000
0.000000	102850.000000
0.000000	102850.000000
0.000000	102850.000000
0.000000	102850.000000
0.000000	102850.000000
0.000000	102850.000000
0.000000	102850.000000
0.000000	102850.000000
0.000000	102850.000000
0.000000	102850.000000
0.000000	102850.000000
0.000000	102850.000000
0.000000	102850.000000
0.000000	102850.000000
0.000000	102850.000000
0.000000	102850.000000
0.000000	102851.000000
0.000000	102851.000000
0.000000	102851.000000
0.000000	102851.000000
0.000000	102851.000000
0.000000	102851.000000
0.000000	102851.000000
0.000000	102851.000000
0.000000	102851.000000
0.000000	102851.000000
0.000000	102851.000000
0.000000	102851.000000
0.000000	102851.000000
0.000000	102851.000000
0.000000	102851.000000
0.000000	102851.000000
0.000000	102851.000000
0.000000	102852.000000
0.000000	102852.000000
0.000000	102852.000000
0.000000	102852.000000
0.000000	102852.000000
0.000000	102852.000000
0.000000	102852.000000
0.000000	102852.000000
0.000000	102852.000000
0.000000	102852.000000
0.000000	102852.000000
0.000000	102852.000000
0.000000	102852.000000
0.000000	102852.000000
0.000000	102852.000000
0.000000	102852.000000
0.000000	102852.000000
0.000000	102853.000000
0.000000	102853.000000
0.000000	102853.000000
0.000000	102853.000000
0.000000	102853.000000
0.000000	102853.000000
0.000000	102853.000000
0.000000	102853.000000
0.000000	102853.000000
0.000000	102853.000000
0.000000	102853.000000
0.000000	102853.000000
0.000000	102853.000000
0.000000	102853.000000
0.000000	102853.000000
0.000000	102853.000000
0.000000	102853.000000
0.000000	102854.000000
0.000000	102854.000000
0.000000	102854.000000
0.000000	102854.000000
0.000000	102854.000000
0.000000	102854.000000
0.000000	102854.000000
0.000000	102854.000000
0.000000	102854.000000
0.000000	102854.000000
0.000000	102854.000000
0.000000	102854.000000
0.000000	102854.000000
0.000000	102854.000000
0.000000	102854.000000
0.000000	102854.000000
0.000000	102854.000000
0.000000	102855.000000
0.000000	102855.000000
0.000000	102855.000000
0.000000	102855.000000
0.000000	102855.000000
0.000000	102855.000000
0.000000	102855.000000
0.000000	102855.000000
0.000000	102855.000000
0.000000	102855.000000
0.000000	102855.000000
0.000000	102855.000000
0.000000	102855.000000
0.000000	102855.000000
0.000000	102855.000000
0.000000	102855.000000
0.000000	102855.000000
0.000000	102856.000000
0.000000	102856.000000
0.000000	102856.000000
0.000000	102856.000000
0.000000	102856.000000
0.000000	102856.000000
0.000000	102856.000000
0.000000	102856.000000
0.000000	102856.000000
0.000000	102856.000000
0.000000	102856.000000
0.000000	102856.000000
0.000000	102856.000000
0.000000	102856.000000
0.000000	102856.000000
0.000000	102856.000000
0.000000	102856.000000
0.000000	102857.000000
0.000000	102857.000000
0.000000	102857.000000
0.000000	102857.000000
0.000000	102857.000000
0.000000	102857.000000
0.000000	102857.000000
0.000000	102857.000000
0.000000	102857.000000
0.000000	102857.000000
0.000000	102857.000000
0.000000	102857.000000
0.000000	102857.000000
0.000000	102857.000000
0.000000	102857.000000
0.000000	102857.000000
0.000000	102857.000000
0.000000	102858.000000
0.000000	102858.000000
0.000000	102858.000000
0.000000	102858.000000
0.000000	102858.000000
0.000000	102858.000000
0.000000	102858.000000
0.000000	102858.000000
0.000000	102858.000000
0.000000	102858.000000
0.000000	102858.000000
0.000000	102858.000000
0.000000	102858.000000
0.000000	102858.000000
0.000000	102858.000000
0.000000	102858.000000
0.000000	102858.000000
0.000000	102859.000000
0.000000	102859.000000
0.000000	102859.000000
0.000000	102859.000000
0.000000	102859.000000
0.000000	102859.000000
0.000000	102859.000000
0.000000	102859.000000
0.000000	102859.000000
0.000000	102859.000000
0.000000	102859.000000
0.000000	102859.000000
0.000000	102859.000000
0.000000	102859.000000
0.000000	102859.000000
0.000000	102859.000000
0.000000	102859.000000
0.000000	102859.000000
0.000000	102900.000000
0.000000	102900.000000
0.000000	102900.000000
0.000000	102900.000000
0.000000	102900.000000
0.000000	102900.000000
0.000000	102900.000000
0.000000	102900.000000
0.000000	102900.000000
0.000000	102900.000000
0.000000	102900.000000
0.000000	102900.000000
0.000000	102900.000000
0.000000	102900.000000
0.000000	102900.000000
0.000000	102900.000000
0.000000	102900.000000
0.000000	102901.000000
0.000000	102901.000000
0.000000	102901.000000
0.000000	102901.000000
0.000000	102901.000000
0.000000	102901.000000
0.000000	102901.000000
0.000000	102901.000000
0.000000	102901.000000
0.000000	102901.000000
0.000000	102901.000000
0.000000	102901.000000
0.000000	102901.000000
0.000000	102901.000000
0.000000	102901.000000
0.000000	102901.000000
0.000000	102901.000000
0.000000	102902.000000
0.000000	102902.000000
0.000000	102902.000000
0.000000	102902.000000
0.000000	102902.000000
0.000000	102902.000000
0.000000	102902.000000
0.000000	102902.000000
0.000000	102902.000000
0.000000	102902.000000
0.000000	102902.000000
0.000000	102902.000000
0.000000	102902.000000
0.000000	102902.000000
0.000000	102902.000000
0.000000	102902.000000
0.000000	102902.000000
0.000000	102903.000000
0.000000	102903.000000
0.000000	102903.000000
0.000000	102903.000000
0.000000	102903.000000
0.000000	102903.000000
0.000000	102903.000000
0.000000	102903.000000
0.000000	102903.000000
0.000000	102903.000000
0.000000	102903.000000
0.000000	102903.000000
0.000000	102903.000000
0.000000	102903.000000
0.000000	102903.000000
0.000000	102903.000000
0.000000	102903.000000
0.000000	102904.000000
0.000000	102904.000000
0.000000	102904.000000
0.000000	102904.000000
0.000000	102904.000000
0.000000	102904.000000
0.000000	102904.000000
0.000000	102904.000000
0.000000	102904.000000
0.000000	102904.000000
0.000000	102904.000000
0.000000	102904.000000
0.000000	102904.000000
0.000000	102904.000000
0.000000	102904.000000
0.000000	102904.000000
0.000000	102904.000000
0.000000	102905.000000
0.000000	102905.000000
0.000000	102905.000000
0.000000	102905.000000
0.000000	102905.000000
0.000000	102905.000000
0.000000	102905.000000
0.000000	102905.000000
0.000000	102905.000000
0.000000	102905.000000
0.000000	102905.000000
0.000000	102905.000000
0.000000	102905.000000
0.000000	102905.000000
0.000000	102905.000000
0.000000	102905.000000
0.000000	102905.000000
0.000000	102906.000000
0.000000	102906.000000
0.000000	102906.000000
0.000000	102906.000000
0.000000	102906.000000
0.000000	102906.000000
0.000000	102906.000000
0.000000	102906.000000
0.000000	102906.000000
0.000000	102906.000000
0.000000	102906.000000
0.000000	102906.000000
0.000000	102906.000000
0.000000	102906.000000
0.000000	102906.000000
0.000000	102906.000000
0.000000	102906.000000
0.000000	102907.000000
0.000000	102907.000000
0.000000	102907.000000
0.000000	102907.000000
0.000000	102907.000000
0.000000	102907.000000
0.000000	102907.000000
0.000000	102907.000000
0.000000	102907.000000
0.000000	102907.000000
0.000000	102907.000000
0.000000	102907.000000
0.000000	102907.000000
0.000000	102907.000000
0.000000	102907.000000
0.000000	102907.000000
0.000000	102907.000000
0.000000	102908.000000
0.000000	102908.000000
0.000000	102908.000000
0.000000	102908.000000
0.000000	102908.000000
0.000000	102908.000000
0.000000	102908.000000
0.000000	102908.000000
0.000000	102908.000000
0.000000	102908.000000
0.000000	102908.000000
0.000000	102908.000000
0.000000	102908.000000
0.000000	102908.000000
0.000000	102908.000000
0.000000	102908.000000
0.000000	102908.000000
0.000000	102909.000000
0.000000	102909.000000
0.000000	102909.000000
0.000000	102909.000000
0.000000	102909.000000
0.000000	102909.000000
0.000000	102909.000000
0.000000	102909.000000
0.000000	102909.000000
0.000000	102909.000000
0.000000	102909.000000
0.000000	102909.000000
0.000000	102909.000000
0.000000	102909.000000
0.000000	102909.000000
0.000000	102909.000000
0.000000	102909.000000
0.000000	102910.000000
0.000000	102910.000000
0.000000	102910.000000
0.000000	102910.000000
0.000000	102910.000000
0.000000	102910.000000
0.000000	102910.000000
0.000000	102910.000000
0.000000	102910.000000
0.000000	102910.000000
0.000000	102910.000000
0.000000	102910.000000
0.000000	102910.000000
0.000000	102910.000000
0.000000	102910.000000
0.000000	102910.000000
0.000000	102910.000000
0.000000	102911.000000
0.000000	102911.000000
0.000000	102911.000000
0.000000	102911.000000
0.000000	102911.000000
0.000000	102911.000000
0.000000	102911.000000
0.000000	102911.000000
0.000000	102911.000000
0.000000	102911.000000
0.000000	102911.000000
0.000000	102911.000000
0.000000	102911.000000
0.000000	102911.000000
0.000000	102911.000000
0.000000	102911.000000
0.000000	102911.000000
0.000000	102912.000000
0.000000	102912.000000
0.000000	102912.000000
0.000000	102912.000000
0.000000	102912.000000
0.000000	102912.000000
0.000000	102912.000000
0.000000	102912.000000
0.000000	102912.000000
0.000000	102912.000000
0.000000	102912.000000
0.000000	102912.000000
0.000000	102912.000000
0.000000	102912.000000
0.000000	102912.000000
0.000000	102912.000000
0.000000	102912.000000
0.000000	102913.000000
0.000000	102913.000000
0.000000	102913.000000
0.000000	102913.000000
0.000000	102913.000000
0.000000	102913.000000
0.000000	102913.000000
0.000000	102913.000000
0.000000	102913.000000
0.000000	102913.000000
0.000000	102913.000000
0.000000	102913.000000
0.000000	102913.000000
0.000000	102913.000000
0.000000	102913.000000
0.000000	102913.000000
0.000000	102913.000000
0.000000	102914.000000
0.000000	102914.000000
0.000000	102914.000000
0.000000	102914.000000
0.000000	102914.000000
0.000000	102914.000000
0.000000	102914.000000
0.000000	102914.000000
0.000000	102914.000000
0.000000	102914.000000
0.000000	102914.000000
0.000000	102914.000000
0.000000	102914.000000
0.000000	102914.000000
0.000000	102914.000000
0.000000	102914.000000
0.000000	102914.000000
0.000000	102915.000000
0.000000	102915.000000
0.000000	102915.000000
0.000000	102915.000000
0.000000	102915.000000
0.000000	102915.000000
0.000000	102915.000000
0.000000	102915.000000
0.000000	102915.000000
0.000000	102915.000000
0.000000	102915.000000
0.000000	102915.000000
0.000000	102915.000000
0.000000	102915.000000
0.000000	102915.000000
0.000000	102915.000000
0.000000	102915.000000
0.000000	102915.000000
0.000000	102916.000000
0.000000	102916.000000
0.000000	102916.000000
0.000000	102916.000000
0.000000	102916.000000
0.000000	102916.000000
0.000000	102916.000000
0.000000	102916.000000
0.000000	102916.000000
0.000000	102916.000000
0.000000	102916.000000
0.000000	102916.000000
0.000000	102916.000000
0.000000	102916.000000
0.000000	102916.000000
0.000000	102916.000000
0.000000	102916.000000
0.000000	102917.000000
0.000000	102917.000000
0.000000	102917.000000
0.000000	102917.000000
0.000000	102917.000000
0.000000	102917.000000
0.000000	102917.000000
0.000000	102917.000000
0.000000	102917.000000
0.000000	102917.000000
0.000000	102917.000000
0.000000	102917.000000
0.000000	102917.000000
0.000000	102917.000000
0.000000	102917.000000
0.000000	102917.000000
0.000000	102917.000000
0.000000	102918.000000
0.000000	102918.000000
0.000000	102918.000000
0.000000	102918.000000
0.000000	102918.000000
0.000000	102918.000000
0.000000	102918.000000
0.000000	102918.000000
0.000000	102918.000000
0.000000	102918.000000
0.000000	102918.000000
0.000000	102918.000000
0.000000	102918.000000
0.000000	102918.000000
0.000000	102918.000000
0.000000	102918.000000
0.000000	102918.000000
0.000000	102919.000000
0.000000	102919.000000
0.000000	102919.000000
0.000000	102919.000000
0.000000	102919.000000
0.000000	102919.000000
0.000000	102919.000000
0.000000	102919.000000
0.000000	102919.000000
0.000000	102919.000000
0.000000	102919.000000
0.000000	102919.000000
0.000000	102919.000000
0.000000	102919.000000
0.000000	102919.000000
0.000000	102919.000000
0.000000	102920.000000
0.000000	102920.000000
0.000000	102920.000000
0.000000	102920.000000
0.000000	102920.000000
0.000000	102920.000000
0.000000	102920.000000
0.000000	102920.000000
0.000000	102920.000000
0.000000	102920.000000
0.000000	102920.000000
0.000000	102920.000000
0.000000	102920.000000
0.000000	102920.000000
0.000000	102920.000000
0.000000	102920.000000
0.000000	102920.000000
0.000000	102920.000000
0.000000	102921.000000
0.000000	102921.000000
0.000000	102921.000000
0.000000	102921.000000
0.000000	102921.000000
0.000000	102921.000000
0.000000	102921.000000
0.000000	102921.000000
0.000000	102921.000000
0.000000	102921.000000
0.000000	102921.000000
0.000000	102921.000000
0.000000	102921.000000
0.000000	102921.000000
0.000000	102921.000000
0.000000	102921.000000
0.000000	102921.000000
0.000000	102922.000000
0.000000	102922.000000
0.000000	102922.000000
0.000000	102922.000000
0.000000	102922.000000
0.000000	102922.000000
0.000000	102922.000000
0.000000	102922.000000
0.000000	102922.000000
0.000000	102922.000000
0.000000	102922.000000
0.000000	102922.000000
0.000000	102922.000000
0.000000	102922.000000
0.000000	102922.000000
0.000000	102922.000000
0.000000	102922.000000
0.000000	102923.000000
0.000000	102923.000000
0.000000	102923.000000
0.000000	102923.000000
0.000000	102923.000000
0.000000	102923.000000
0.000000	102923.000000
0.000000	102923.000000
0.000000	102923.000000
0.000000	102923.000000
0.000000	102923.000000
0.000000	102923.000000
0.000000	102923.000000
0.000000	102923.000000
0.000000	102923.000000
0.000000	102923.000000
0.000000	102923.000000
0.000000	102924.000000
0.000000	102924.000000
0.000000	102924.000000
0.000000	102924.000000
0.000000	102924.000000
0.000000	102924.000000
0.000000	102924.000000
0.000000	102924.000000
0.000000	102924.000000
0.000000	102924.000000
0.000000	102924.000000
0.000000	102924.000000
0.000000	102924.000000
0.000000	102924.000000
0.000000	102924.000000
0.000000	102924.000000
0.000000	102924.000000
0.000000	102925.000000
0.000000	102925.000000
0.000000	102925.000000
0.000000	102925.000000
0.000000	102925.000000
0.000000	102925.000000
0.000000	102925.000000
0.000000	102925.000000
0.000000	102925.000000
0.000000	102925.000000
0.000000	102925.000000
0.000000	102925.000000
0.000000	102925.000000
0.000000	102925.000000
0.000000	102925.000000
0.000000	102925.000000
0.000000	102925.000000
0.000000	102926.000000
0.000000	102926.000000
0.000000	102926.000000
0.000000	102926.000000
0.000000	102926.000000
0.000000	102926.000000
0.000000	102926.000000
0.000000	102926.000000
0.000000	102926.000000
0.000000	102926.000000
0.000000	102926.000000
0.000000	102926.000000
0.000000	102926.000000
0.000000	102926.000000
0.000000	102926.000000
0.000000	102926.000000
0.000000	102926.000000
0.000000	102927.000000
0.000000	102927.000000
0.000000	102927.000000
0.000000	102927.000000
0.000000	102927.000000
0.000000	102927.000000
0.000000	102927.000000
0.000000	102927.000000
0.000000	102927.000000
0.000000	102927.000000
0.000000	102927.000000
0.000000	102927.000000
0.000000	102927.000000
0.000000	102927.000000
0.000000	102927.000000
0.000000	102927.000000
0.000000	102927.000000
0.000000	102928.000000
0.000000	102928.000000
0.000000	102928.000000
0.000000	102928.000000
0.000000	102928.000000
0.000000	102928.000000
0.000000	102928.000000
0.000000	102928.000000
0.000000	102928.000000
0.000000	102928.000000
0.000000	102928.000000
0.000000	102928.000000
0.000000	102928.000000
0.000000	102928.000000
0.000000	102928.000000
0.000000	102928.000000
0.000000	102928.000000
0.000000	102929.000000
0.000000	102929.000000
0.000000	102929.000000
0.000000	102929.000000
0.000000	102929.000000
0.000000	102929.000000
0.000000	102929.000000
0.000000	102929.000000
0.000000	102929.000000
0.000000	102929.000000
0.000000	102929.000000
0.000000	102929.000000
0.000000	102929.000000
0.000000	102929.000000
0.000000	102929.000000
0.000000	102929.000000
0.000000	102929.000000
0.000000	102929.000000
0.000000	102930.000000
0.000000	102930.000000
0.000000	102930.000000
0.000000	102930.000000
0.000000	102930.000000
0.000000	102930.000000
0.000000	102930.000000
0.000000	102930.000000
0.000000	102930.000000
0.000000	102930.000000
0.000000	102930.000000
0.000000	102930.000000
0.000000	102930.000000
0.000000	102930.000000
0.000000	102930.000000
0.000000	102930.000000
0.000000	102930.000000
0.000000	102931.000000
0.000000	102931.000000
0.000000	102931.000000
0.000000	102931.000000
0.000000	102931.000000
0.000000	102931.000000
0.000000	102931.000000
0.000000	102931.000000
0.000000	102931.000000
0.000000	102931.000000
0.000000	102931.000000
0.000000	102931.000000
0.000000	102931.000000
0.000000	102931.000000
0.000000	102931.000000
0.000000	102931.000000
0.000000	102931.000000
0.000000	102932.000000
0.000000	102932.000000
0.000000	102932.000000
0.000000	102932.000000
0.000000	102932.000000
0.000000	102932.000000
0.000000	102932.000000
0.000000	102932.000000
0.000000	102932.000000
0.000000	102932.000000
0.000000	102932.000000
0.000000	102932.000000
0.000000	102932.000000
0.000000	102932.000000
0.000000	102932.000000
0.000000	102932.000000
0.000000	102932.000000
0.000000	102933.000000
0.000000	102933.000000
0.000000	102933.000000
0.000000	102933.000000
0.000000	102933.000000
0.000000	102933.000000
0.000000	102933.000000
0.000000	102933.000000
0.000000	102933.000000
0.000000	102933.000000
0.000000	102933.000000
0.000000	102933.000000
0.000000	102933.000000
0.000000	102933.000000
0.000000	102933.000000
0.000000	102933.000000
0.000000	102933.000000
0.000000	102934.000000
0.000000	102934.000000
0.000000	102934.000000
0.000000	102934.000000
0.000000	102934.000000
0.000000	102934.000000
0.000000	102934.000000
0.000000	102934.000000
0.000000	102934.000000
0.000000	102934.000000
0.000000	102934.000000
0.000000	102934.000000
0.000000	102934.000000
0.000000	102934.000000
0.000000	102934.000000
0.000000	102934.000000
0.000000	102934.000000
0.000000	102935.000000
0.000000	102935.000000
0.000000	102935.000000
0.000000	102935.000000
0.000000	102935.000000
0.000000	102935.000000
0.000000	102935.000000
0.000000	102935.000000
0.000000	102935.000000
0.000000	102935.000000
0.000000	102935.000000
0.000000	102935.000000
0.000000	102935.000000
0.000000	102935.000000
0.000000	102935.000000
0.000000	102935.000000
0.000000	102935.000000
0.000000	102936.000000
0.000000	102936.000000
0.000000	102936.000000
0.000000	102936.000000
0.000000	102936.000000
0.000000	102936.000000
0.000000	102936.000000
0.000000	102936.000000
0.000000	102936.000000
0.000000	102936.000000
0.000000	102936.000000
0.000000	102936.000000
0.000000	102936.000000
0.000000	102936.000000
0.000000	102936.000000
0.000000	102936.000000
0.000000	102936.000000
0.000000	102937.000000
0.000000	102937.000000
0.000000	102937.000000
0.000000	102937.000000
0.000000	102937.000000
0.000000	102937.000000
0.000000	102937.000000
0.000000	102937.000000
0.000000	102937.000000
0.000000	102937.000000
0.000000	102937.000000
0.000000	102937.000000
0.000000	102937.000000
0.000000	102937.000000
0.000000	102937.000000
0.000000	102937.000000
0.000000	102937.000000
0.000000	102938.000000
0.000000	102938.000000
0.000000	102938.000000
0.000000	102938.000000
0.000000	102938.000000
0.000000	102938.000000
0.000000	102938.000000
0.000000	102938.000000
0.000000	102938.000000
0.000000	102938.000000
0.000000	102938.000000
0.000000	102938.000000
0.000000	102938.000000
0.000000	102938.000000
0.000000	102938.000000
0.000000	102938.000000
0.000000	102938.000000
0.000000	102939.000000
0.000000	102939.000000
0.000000	102939.000000
0.000000	102939.000000
0.000000	102939.000000
0.000000	102939.000000
0.000000	102939.000000
0.000000	102939.000000
0.000000	102939.000000
0.000000	102939.000000
0.000000	102939.000000
0.000000	102939.000000
0.000000	102939.000000
0.000000	102939.000000
0.000000	102939.000000
0.000000	102939.000000
0.000000	102939.000000
0.000000	102940.000000
0.000000	102940.000000
0.000000	102940.000000
0.000000	102940.000000
0.000000	102940.000000
0.000000	102940.000000
0.000000	102940.000000
0.000000	102940.000000
0.000000	102940.000000
0.000000	102940.000000
0.000000	102940.000000
0.000000	102940.000000
0.000000	102940.000000
0.000000	102940.000000
0.000000	102940.000000
0.000000	102940.000000
0.000000	102940.000000
0.000000	102941.000000
0.000000	102941.000000
0.000000	102941.000000
0.000000	102941.000000
0.000000	102941.000000
0.000000	102941.000000
0.000000	102941.000000
0.000000	102941.000000
0.000000	102941.000000
0.000000	102941.000000
0.000000	102941.000000
0.000000	102941.000000
0.000000	102941.000000
0.000000	102941.000000
0.000000	102941.000000
0.000000	102941.000000
0.000000	102941.000000
0.000000	102942.000000
0.000000	102942.000000
0.000000	102942.000000
0.000000	102942.000000
0.000000	102942.000000
0.000000	102942.000000
0.000000	102942.000000
0.000000	102942.000000
0.000000	102942.000000
0.000000	102942.000000
0.000000	102942.000000
0.000000	102942.000000
0.000000	102942.000000
0.000000	102942.000000
0.000000	102942.000000
0.000000	102942.000000
0.000000	102942.000000
0.000000	102943.000000
0.000000	102943.000000
0.000000	102943.000000
0.000000	102943.000000
0.000000	102943.000000
0.000000	102943.000000
0.000000	102943.000000
0.000000	102943.000000
0.000000	102943.000000
0.000000	102943.000000
0.000000	102943.000000
0.000000	102943.000000
0.000000	102943.000000
0.000000	102943.000000
0.000000	102943.000000
0.000000	102943.000000
0.000000	102943.000000
0.000000	102944.000000
0.000000	102944.000000
0.000000	102944.000000
0.000000	102944.000000
0.000000	102944.000000
0.000000	102944.000000
0.000000	102944.000000
0.000000	102944.000000
0.000000	102944.000000
0.000000	102944.000000
0.000000	102944.000000
0.000000	102944.000000
0.000000	102944.000000
0.000000	102944.000000
0.000000	102944.000000
0.000000	102944.000000
0.000000	102944.000000
0.000000	102944.000000
0.000000	102945.000000
0.000000	102945.000000
0.000000	102945.000000
0.000000	102945.000000
0.000000	102945.000000
0.000000	102945.000000
0.000000	102945.000000
0.000000	102945.000000
0.000000	102945.000000
0.000000	102945.000000
0.000000	102945.000000
0.000000	102945.000000
0.000000	102945.000000
0.000000	102945.000000
0.000000	102945.000000
0.000000	102945.000000
0.000000	102945.000000
0.000000	102946.000000
0.000000	102946.000000
0.000000	102946.000000
0.000000	102946.000000
0.000000	102946.000000
0.000000	102946.000000
0.000000	102946.000000
0.000000	102946.000000
0.000000	102946.000000
0.000000	102946.000000
0.000000	102946.000000
0.000000	102946.000000
0.000000	102946.000000
0.000000	102946.000000
0.000000	102946.000000
0.000000	102946.000000
0.000000	102946.000000
0.000000	102947.000000
0.000000	102947.000000
0.000000	102947.000000
0.000000	102947.000000
0.000000	102947.000000
0.000000	102947.000000
0.000000	102947.000000
0.000000	102947.000000
0.000000	102947.000000
0.000000	102947.000000
0.000000	102947.000000
0.000000	102947.000000
0.000000	102947.000000
0.000000	102947.000000
0.000000	102947.000000
0.000000	102947.000000
0.000000	102948.000000
0.000000	102948.000000
0.000000	102948.000000
0.000000	102948.000000
0.000000	102948.000000
0.000000	102948.000000
0.000000	102948.000000
0.000000	102948.000000
0.000000	102948.000000
0.000000	102948.000000
0.000000	102948.000000
0.000000	102948.000000
0.000000	102948.000000
0.000000	102948.000000
0.000000	102948.000000
0.000000	102948.000000
0.000000	102948.000000
0.000000	102948.000000
0.000000	102949.000000
0.000000	102949.000000
0.000000	102949.000000
0.000000	102949.000000
0.000000	102949.000000
0.000000	102949.000000
0.000000	102949.000000
0.000000	102949.000000
0.000000	102949.000000
0.000000	102949.000000
0.000000	102949.000000
0.000000	102949.000000
0.000000	102949.000000
0.000000	102949.000000
0.000000	102949.000000
0.000000	102949.000000
0.000000	102949.000000
0.000000	102950.000000
0.000000	102950.000000
0.000000	102950.000000
0.000000	102950.000000
0.000000	102950.000000
0.000000	102950.000000
0.000000	102950.000000
0.000000	102950.000000
0.000000	102950.000000
0.000000	102950.000000
0.000000	102950.000000
0.000000	102950.000000
0.000000	102950.000000
0.000000	102950.000000
0.000000	102950.000000
0.000000	102950.000000
0.000000	102950.000000
0.000000	102951.000000
0.000000	102951.000000
0.000000	102951.000000
0.000000	102951.000000
0.000000	102951.000000
0.000000	102951.000000
0.000000	102951.000000
0.000000	102951.000000
0.000000	102951.000000
0.000000	102951.000000
0.000000	102951.000000
0.000000	102951.000000
0.000000	102951.000000
0.000000	102951.000000
0.000000	102951.000000
0.000000	102951.000000
0.000000	102951.000000
0.000000	102952.000000
0.000000	102952.000000
0.000000	102952.000000
0.000000	102952.000000
0.000000	102952.000000
0.000000	102952.000000
0.000000	102952.000000
0.000000	102952.000000
0.000000	102952.000000
0.000000	102952.000000
0.000000	102952.000000
0.000000	102952.000000
0.000000	102952.000000
0.000000	102952.000000
0.000000	102952.000000
0.000000	102952.000000
0.000000	102952.000000
0.000000	102953.000000
0.000000	102953.000000
0.000000	102953.000000
0.000000	102953.000000
0.000000	102953.000000
0.000000	102953.000000
0.000000	102953.000000
0.000000	102953.000000
0.000000	102953.000000
0.000000	102953.000000
0.000000	102953.000000
0.000000	102953.000000
0.000000	102953.000000
0.000000	102953.000000
0.000000	102953.000000
0.000000	102953.000000
0.000000	102953.000000
0.000000	102954.000000
0.000000	102954.000000
0.000000	102954.000000
0.000000	102954.000000
0.000000	102954.000000
0.000000	102954.000000
0.000000	102954.000000
0.000000	102954.000000
0.000000	102954.000000
0.000000	102954.000000
0.000000	102954.000000
0.000000	102954.000000
0.000000	102954.000000
0.000000	102954.000000
0.000000	102954.000000
0.000000	102954.000000
0.000000	102954.000000
0.000000	102955.000000
0.000000	102955.000000
0.000000	102955.000000
0.000000	102955.000000
0.000000	102955.000000
0.000000	102955.000000
0.000000	102955.000000
0.000000	102955.000000
0.000000	102955.000000
0.000000	102955.000000
0.000000	102955.000000
0.000000	102955.000000
0.000000	102955.000000
0.000000	102955.000000
0.000000	102955.000000
0.000000	102955.000000
0.000000	102955.000000
0.000000	102956.000000
0.000000	102956.000000
0.000000	102956.000000
0.000000	102956.000000
0.000000	102956.000000
0.000000	102956.000000
0.000000	102956.000000
0.000000	102956.000000
0.000000	102956.000000
0.000000	102956.000000
0.000000	102956.000000
0.000000	102956.000000
0.000000	102956.000000
0.000000	102956.000000
0.000000	102956.000000
0.000000	102956.000000
0.000000	102956.000000
0.000000	102957.000000
0.000000	102957.000000
0.000000	102957.000000
0.000000	102957.000000
0.000000	102957.000000
0.000000	102957.000000
0.000000	102957.000000
0.000000	102957.000000
0.000000	102957.000000
0.000000	102957.000000
0.000000	102957.000000
0.000000	102957.000000
0.000000	102957.000000
0.000000	102957.000000
0.000000	102957.000000
0.000000	102957.000000
0.000000	102957.000000
0.000000	102958.000000
0.000000	102958.000000
0.000000	102958.000000
0.000000	102958.000000
0.000000	102958.000000
0.000000	102958.000000
0.000000	102958.000000
0.000000	102958.000000
0.000000	102958.000000
0.000000	102958.000000
0.000000	102958.000000
0.000000	102958.000000
0.000000	102958.000000
0.000000	102958.000000
0.000000	102958.000000
0.000000	102958.000000
0.000000	102958.000000
0.000000	102959.000000
0.000000	102959.000000
0.000000	102959.000000
0.000000	102959.000000
0.000000	102959.000000
0.000000	102959.000000
0.000000	102959.000000
0.000000	102959.000000
0.000000	102959.000000
0.000000	102959.000000
0.000000	102959.000000
0.000000	102959.000000
0.000000	102959.000000
0.000000	102959.000000
0.000000	102959.000000
0.000000	102959.000000
0.000000	102959.000000
0.000000	102959.000000
0.000000	103000.000000
0.000000	103000.000000
0.000000	103000.000000
0.000000	103000.000000
0.000000	103000.000000
0.000000	103000.000000
0.000000	103000.000000
0.000000	103000.000000
0.000000	103000.000000
0.000000	103000.000000
0.000000	103000.000000
0.000000	103000.000000
0.000000	103000.000000
0.000000	103000.000000
0.000000	103000.000000
0.000000	103000.000000
0.000000	103001.000000
0.000000	103001.000000
0.000000	103001.000000
0.000000	103001.000000
0.000000	103001.000000
0.000000	103001.000000
0.000000	103001.000000
0.000000	103001.000000
0.000000	103001.000000
0.000000	103001.000000
0.000000	103001.000000
0.000000	103001.000000
0.000000	103001.000000
0.000000	103001.000000
0.000000	103001.000000
0.000000	103001.000000
0.000000	103001.000000
0.000000	103001.000000
0.000000	103002.000000
0.000000	103002.000000
0.000000	103002.000000
0.000000	103002.000000
0.000000	103002.000000
0.000000	103002.000000
0.000000	103002.000000
0.000000	103002.000000
0.000000	103002.000000
0.000000	103002.000000
0.000000	103002.000000
0.000000	103002.000000
0.000000	103002.000000
0.000000	103002.000000
0.000000	103002.000000
0.000000	103002.000000
0.000000	103002.000000
0.000000	103003.000000
0.000000	103003.000000
0.000000	103003.000000
0.000000	103003.000000
0.000000	103003.000000
0.000000	103003.000000
0.000000	103003.000000
0.000000	103003.000000
0.000000	103003.000000
0.000000	103003.000000
0.000000	103003.000000
0.000000	103003.000000
0.000000	103003.000000
0.000000	103003.000000
0.000000	103003.000000
0.000000	103003.000000
0.000000	103003.000000
0.000000	103004.000000
0.000000	103004.000000
0.000000	103004.000000
0.000000	103004.000000
0.000000	103004.000000
0.000000	103004.000000
0.000000	103004.000000
0.000000	103004.000000
0.000000	103004.000000
0.000000	103004.000000
0.000000	103004.000000
0.000000	103004.000000
0.000000	103004.000000
0.000000	103004.000000
0.000000	103004.000000
0.000000	103004.000000
0.000000	103004.000000
0.000000	103005.000000
0.000000	103005.000000
0.000000	103005.000000
0.000000	103005.000000
0.000000	103005.000000
0.000000	103005.000000
0.000000	103005.000000
0.000000	103005.000000
0.000000	103005.000000
0.000000	103005.000000
0.000000	103005.000000
0.000000	103005.000000
0.000000	103005.000000
0.000000	103005.000000
0.000000	103005.000000
0.000000	103005.000000
0.000000	103005.000000
0.000000	103006.000000
0.000000	103006.000000
0.000000	103006.000000
0.000000	103006.000000
0.000000	103006.000000
0.000000	103006.000000
0.000000	103006.000000
0.000000	103006.000000
0.000000	103006.000000
0.000000	103006.000000
0.000000	103006.000000
0.000000	103006.000000
0.000000	103006.000000
0.000000	103006.000000
0.000000	103006.000000
0.000000	103006.000000
0.000000	103006.000000
0.000000	103007.000000
0.000000	103007.000000
0.000000	103007.000000
0.000000	103007.000000
0.000000	103007.000000
0.000000	103007.000000
0.000000	103007.000000
0.000000	103007.000000
0.000000	103007.000000
0.000000	103007.000000
0.000000	103007.000000
0.000000	103007.000000
0.000000	103007.000000
0.000000	103007.000000
0.000000	103007.000000
0.000000	103007.000000
0.000000	103007.000000
0.000000	103008.000000
0.000000	103008.000000
0.000000	103008.000000
0.000000	103008.000000
0.000000	103008.000000
0.000000	103008.000000
0.000000	103008.000000
0.000000	103008.000000
0.000000	103008.000000
0.000000	103008.000000
0.000000	103008.000000
0.000000	103008.000000
0.000000	103008.000000
0.000000	103008.000000
0.000000	103008.000000
0.000000	103008.000000
0.000000	103008.000000
0.000000	103009.000000
0.000000	103009.000000
0.000000	103009.000000
0.000000	103009.000000
0.000000	103009.000000
0.000000	103009.000000
0.000000	103009.000000
0.000000	103009.000000
0.000000	103009.000000
0.000000	103009.000000
0.000000	103009.000000
0.000000	103009.000000
0.000000	103009.000000
0.000000	103009.000000
0.000000	103009.000000
0.000000	103009.000000
0.000000	103009.000000
0.000000	103010.000000
0.000000	103010.000000
0.000000	103010.000000
0.000000	103010.000000
0.000000	103010.000000
0.000000	103010.000000
0.000000	103010.000000
0.000000	103010.000000
0.000000	103010.000000
0.000000	103010.000000
0.000000	103010.000000
0.000000	103010.000000
0.000000	103010.000000
0.000000	103010.000000
0.000000	103010.000000
0.000000	103010.000000
0.000000	103010.000000
0.000000	103011.000000
0.000000	103011.000000
0.000000	103011.000000
0.000000	103011.000000
0.000000	103011.000000
0.000000	103011.000000
0.000000	103011.000000
0.000000	103011.000000
0.000000	103011.000000
0.000000	103011.000000
0.000000	103011.000000
0.000000	103011.000000
0.000000	103011.000000
0.000000	103011.000000
0.000000	103011.000000
0.000000	103011.000000
0.000000	103011.000000
0.000000	103012.000000
0.000000	103012.000000
0.000000	103012.000000
0.000000	103012.000000
0.000000	103012.000000
0.000000	103012.000000
0.000000	103012.000000
0.000000	103012.000000
0.000000	103012.000000
0.000000	103012.000000
0.000000	103012.000000
0.000000	103012.000000
0.000000	103012.000000
0.000000	103012.000000
0.000000	103012.000000
0.000000	103012.000000
0.000000	103012.000000
0.000000	103013.000000
0.000000	103013.000000
0.000000	103013.000000
0.000000	103013.000000
0.000000	103013.000000
0.000000	103013.000000
0.000000	103013.000000
0.000000	103013.000000
0.000000	103013.000000
0.000000	103013.000000
0.000000	103013.000000
0.000000	103013.000000
0.000000	103013.000000
0.000000	103013.000000
0.000000	103013.000000
0.000000	103013.000000
0.000000	103013.000000
0.000000	103014.000000
0.000000	103014.000000
0.000000	103014.000000
0.000000	103014.000000
0.000000	103014.000000
0.000000	103014.000000
0.000000	103014.000000
0.000000	103014.000000
0.000000	103014.000000
0.000000	103014.000000
0.000000	103014.000000
0.000000	103014.000000
0.000000	103014.000000
0.000000	103014.000000
0.000000	103014.000000
0.000000	103014.000000
0.000000	103014.000000
0.000000	103015.000000
0.000000	103015.000000
0.000000	103015.000000
0.000000	103015.000000
0.000000	103015.000000
0.000000	103015.000000
0.000000	103015.000000
0.000000	103015.000000
0.000000	103015.000000
0.000000	103015.000000
0.000000	103015.000000
0.000000	103015.000000
0.000000	103015.000000
0.000000	103015.000000
0.000000	103015.000000
0.000000	103015.000000
0.000000	103015.000000
0.000000	103015.000000
0.000000	103016.000000
0.000000	103016.000000
0.000000	103016.000000
0.000000	103016.000000
0.000000	103016.000000
0.000000	103016.000000
0.000000	103016.000000
0.000000	103016.000000
0.000000	103016.000000
0.000000	103016.000000
0.000000	103016.000000
0.000000	103016.000000
0.000000	103016.000000
0.000000	103016.000000
0.000000	103016.000000
0.000000	103016.000000
0.000000	103016.000000
0.000000	103017.000000
0.000000	103017.000000
0.000000	103017.000000
0.000000	103017.000000
0.000000	103017.000000
0.000000	103017.000000
0.000000	103017.000000
0.000000	103017.000000
0.000000	103017.000000
0.000000	103017.000000
0.000000	103017.000000
0.000000	103017.000000
0.000000	103017.000000
0.000000	103017.000000
0.000000	103017.000000
0.000000	103017.000000
0.000000	103017.000000
0.000000	103018.000000
0.000000	103018.000000
0.000000	103018.000000
0.000000	103018.000000
0.000000	103018.000000
0.000000	103018.000000
0.000000	103018.000000
0.000000	103018.000000
0.000000	103018.000000
0.000000	103018.000000
0.000000	103018.000000
0.000000	103018.000000
0.000000	103018.000000
0.000000	103018.000000
0.000000	103018.000000
0.000000	103018.000000
0.000000	103018.000000
0.000000	103019.000000
0.000000	103019.000000
0.000000	103019.000000
0.000000	103019.000000
0.000000	103019.000000
0.000000	103019.000000
0.000000	103019.000000
0.000000	103019.000000
0.000000	103019.000000
0.000000	103019.000000
0.000000	103019.000000
0.000000	103019.000000
0.000000	103019.000000
0.000000	103019.000000
0.000000	103019.000000
0.000000	103019.000000
0.000000	103019.000000
0.000000	103020.000000
0.000000	103020.000000
0.000000	103020.000000
0.000000	103020.000000
0.000000	103020.000000
0.000000	103020.000000
0.000000	103020.000000
0.000000	103020.000000
0.000000	103020.000000
0.000000	103020.000000
0.000000	103020.000000
0.000000	103020.000000
0.000000	103020.000000
0.000000	103020.000000
0.000000	103020.000000
0.000000	103020.000000
0.000000	103020.000000
0.000000	103021.000000
0.000000	103021.000000
0.000000	103021.000000
0.000000	103021.000000
0.000000	103021.000000
0.000000	103021.000000
0.000000	103021.000000
0.000000	103021.000000
0.000000	103021.000000
0.000000	103021.000000
0.000000	103021.000000
0.000000	103021.000000
0.000000	103021.000000
0.000000	103021.000000
0.000000	103021.000000
0.000000	103021.000000
0.000000	103021.000000
0.000000	103022.000000
0.000000	103022.000000
0.000000	103022.000000
0.000000	103022.000000
0.000000	103022.000000
0.000000	103022.000000
0.000000	103022.000000
0.000000	103022.000000
0.000000	103022.000000
0.000000	103022.000000
0.000000	103022.000000
0.000000	103022.000000
0.000000	103022.000000
0.000000	103022.000000
0.000000	103022.000000
0.000000	103022.000000
0.000000	103022.000000
0.000000	103023.000000
0.000000	103023.000000
0.000000	103023.000000
0.000000	103023.000000
0.000000	103023.000000
0.000000	103023.000000
0.000000	103023.000000
0.000000	103023.000000
0.000000	103023.000000
0.000000	103023.000000
0.000000	103023.000000
0.000000	103023.000000
0.000000	103023.000000
0.000000	103023.000000
0.000000	103023.000000
0.000000	103023.000000
0.000000	103023.000000
0.000000	103024.000000
0.000000	103024.000000
0.000000	103024.000000
0.000000	103024.000000
0.000000	103024.000000
0.000000	103024.000000
0.000000	103024.000000
0.000000	103024.000000
0.000000	103024.000000
0.000000	103024.000000
0.000000	103024.000000
0.000000	103024.000000
0.000000	103024.000000
0.000000	103024.000000
0.000000	103024.000000
0.000000	103024.000000
0.000000	103024.000000
0.000000	103025.000000
0.000000	103025.000000
0.000000	103025.000000
0.000000	103025.000000
0.000000	103025.000000
0.000000	103025.000000
0.000000	103025.000000
0.000000	103025.000000
0.000000	103025.000000
0.000000	103025.000000
0.000000	103025.000000
0.000000	103025.000000
0.000000	103025.000000
0.000000	103025.000000
0.000000	103025.000000
0.000000	103025.000000
0.000000	103025.000000
0.000000	103026.000000
0.000000	103026.000000
0.000000	103026.000000
0.000000	103026.000000
0.000000	103026.000000
0.000000	103026.000000
0.000000	103026.000000
0.000000	103026.000000
0.000000	103026.000000
0.000000	103026.000000
0.000000	103026.000000
0.000000	103026.000000
0.000000	103026.000000
0.000000	103026.000000
0.000000	103026.000000
0.000000	103026.000000
0.000000	103026.000000
0.000000	103027.000000
0.000000	103027.000000
0.000000	103027.000000
0.000000	103027.000000
0.000000	103027.000000
0.000000	103027.000000
0.000000	103027.000000
0.000000	103027.000000
0.000000	103027.000000
0.000000	103027.000000
0.000000	103027.000000
0.000000	103027.000000
0.000000	103027.000000
0.000000	103027.000000
0.000000	103027.000000
0.000000	103027.000000
0.000000	103027.000000
0.000000	103028.000000
0.000000	103028.000000
0.000000	103028.000000
0.000000	103028.000000
0.000000	103028.000000
0.000000	103028.000000
0.000000	103028.000000
0.000000	103028.000000
0.000000	103028.000000
0.000000	103028.000000
0.000000	103028.000000
0.000000	103028.000000
0.000000	103028.000000
0.000000	103028.000000
0.000000	103028.000000
0.000000	103028.000000
0.000000	103028.000000
0.000000	103029.000000
0.000000	103029.000000
0.000000	103029.000000
0.000000	103029.000000
0.000000	103029.000000
0.000000	103029.000000
0.000000	103029.000000
0.000000	103029.000000
0.000000	103029.000000
0.000000	103029.000000
0.000000	103029.000000
0.000000	103029.000000
0.000000	103029.000000
0.000000	103029.000000
0.000000	103029.000000
0.000000	103029.000000
0.000000	103029.000000
0.000000	103030.000000
0.000000	103030.000000
0.000000	103030.000000
0.000000	103030.000000
0.000000	103030.000000
0.000000	103030.000000
0.000000	103030.000000
0.000000	103030.000000
0.000000	103030.000000
0.000000	103030.000000
0.000000	103030.000000
0.000000	103030.000000
0.000000	103030.000000
0.000000	103030.000000
0.000000	103030.000000
0.000000	103030.000000
0.000000	103030.000000
0.000000	103030.000000
0.000000	103031.000000
0.000000	103031.000000
0.000000	103031.000000
0.000000	103031.000000
0.000000	103031.000000
0.000000	103031.000000
0.000000	103031.000000
0.000000	103031.000000
0.000000	103031.000000
0.000000	103031.000000
0.000000	103031.000000
0.000000	103031.000000
0.000000	103031.000000
0.000000	103031.000000
0.000000	103031.000000
0.000000	103031.000000
0.000000	103031.000000
0.000000	103032.000000
0.000000	103032.000000
0.000000	103032.000000
0.000000	103032.000000
0.000000	103032.000000
0.000000	103032.000000
0.000000	103032.000000
0.000000	103032.000000
0.000000	103032.000000
0.000000	103032.000000
0.000000	103032.000000
0.000000	103032.000000
0.000000	103032.000000
0.000000	103032.000000
0.000000	103032.000000
0.000000	103032.000000
0.000000	103032.000000
0.000000	103033.000000
0.000000	103033.000000
0.000000	103033.000000
0.000000	103033.000000
0.000000	103033.000000
0.000000	103033.000000
0.000000	103033.000000
0.000000	103033.000000
0.000000	103033.000000
0.000000	103033.000000
0.000000	103033.000000
0.000000	103033.000000
0.000000	103033.000000
0.000000	103033.000000
0.000000	103033.000000
0.000000	103033.000000
0.000000	103033.000000
0.000000	103034.000000
0.000000	103034.000000
0.000000	103034.000000
0.000000	103034.000000
0.000000	103034.000000
0.000000	103034.000000
0.000000	103034.000000
0.000000	103034.000000
0.000000	103034.000000
0.000000	103034.000000
0.000000	103034.000000
0.000000	103034.000000
0.000000	103034.000000
0.000000	103034.000000
0.000000	103034.000000
0.000000	103034.000000
0.000000	103034.000000
0.000000	103035.000000
0.000000	103035.000000
0.000000	103035.000000
0.000000	103035.000000
0.000000	103035.000000
0.000000	103035.000000
0.000000	103035.000000
0.000000	103035.000000
0.000000	103035.000000
0.000000	103035.000000
0.000000	103035.000000
0.000000	103035.000000
0.000000	103035.000000
0.000000	103035.000000
0.000000	103035.000000
0.000000	103035.000000
0.000000	103035.000000
0.000000	103036.000000
0.000000	103036.000000
0.000000	103036.000000
0.000000	103036.000000
0.000000	103036.000000
0.000000	103036.000000
0.000000	103036.000000
0.000000	103036.000000
0.000000	103036.000000
0.000000	103036.000000
0.000000	103036.000000
0.000000	103036.000000
0.000000	103036.000000
0.000000	103036.000000
0.000000	103036.000000
0.000000	103036.000000
0.000000	103036.000000
0.000000	103037.000000
0.000000	103037.000000
0.000000	103037.000000
0.000000	103037.000000
0.000000	103037.000000
0.000000	103037.000000
0.000000	103037.000000
0.000000	103037.000000
0.000000	103037.000000
0.000000	103037.000000
0.000000	103037.000000
0.000000	103037.000000
0.000000	103037.000000
0.000000	103037.000000
0.000000	103037.000000
0.000000	103037.000000
0.000000	103037.000000
0.000000	103038.000000
0.000000	103038.000000
0.000000	103038.000000
0.000000	103038.000000
0.000000	103038.000000
0.000000	103038.000000
0.000000	103038.000000
0.000000	103038.000000
0.000000	103038.000000
0.000000	103038.000000
0.000000	103038.000000
0.000000	103038.000000
0.000000	103038.000000
0.000000	103038.000000
0.000000	103038.000000
0.000000	103038.000000
0.000000	103038.000000
0.000000	103039.000000
0.000000	103039.000000
0.000000	103039.000000
0.000000	103039.000000
0.000000	103039.000000
0.000000	103039.000000
0.000000	103039.000000
0.000000	103039.000000
0.000000	103039.000000
0.000000	103039.000000
0.000000	103039.000000
0.000000	103039.000000
0.000000	103039.000000
0.000000	103039.000000
0.000000	103039.000000
0.000000	103039.000000
0.000000	103039.000000
0.000000	103040.000000
0.000000	103040.000000
0.000000	103040.000000
0.000000	103040.000000
0.000000	103040.000000
0.000000	103040.000000
0.000000	103040.000000
0.000000	103040.000000
0.000000	103040.000000
0.000000	103040.000000
0.000000	103040.000000
0.000000	103040.000000
0.000000	103040.000000
0.000000	103040.000000
0.000000	103040.000000
0.000000	103040.000000
0.000000	103040.000000
0.000000	103041.000000
0.000000	103041.000000
0.000000	103041.000000
0.000000	103041.000000
0.000000	103041.000000
0.000000	103041.000000
0.000000	103041.000000
0.000000	103041.000000
0.000000	103041.000000
0.000000	103041.000000
0.000000	103041.000000
0.000000	103041.000000
0.000000	103041.000000
0.000000	103041.000000
0.000000	103041.000000
0.000000	103041.000000
0.000000	103041.000000
0.000000	103042.000000
0.000000	103042.000000
0.000000	103042.000000
0.000000	103042.000000
0.000000	103042.000000
0.000000	103042.000000
0.000000	103042.000000
0.000000	103042.000000
0.000000	103042.000000
0.000000	103042.000000
0.000000	103042.000000
0.000000	103042.000000
0.000000	103042.000000
0.000000	103042.000000
0.000000	103042.000000
0.000000	103042.000000
0.000000	103042.000000
0.000000	103043.000000
0.000000	103043.000000
0.000000	103043.000000
0.000000	103043.000000
0.000000	103043.000000
0.000000	103043.000000
0.000000	103043.000000
0.000000	103043.000000
0.000000	103043.000000
0.000000	103043.000000
0.000000	103043.000000
0.000000	103043.000000
0.000000	103043.000000
0.000000	103043.000000
0.000000	103043.000000
0.000000	103043.000000
0.000000	103044.000000
0.000000	103044.000000
0.000000	103044.000000
0.000000	103044.000000
0.000000	103044.000000
0.000000	103044.000000
0.000000	103044.000000
0.000000	103044.000000
0.000000	103044.000000
0.000000	103044.000000
0.000000	103044.000000
0.000000	103044.000000
0.000000	103044.000000
0.000000	103044.000000
0.000000	103044.000000
0.000000	103044.000000
0.000000	103044.000000
0.000000	103044.000000
0.000000	103045.000000
0.000000	103045.000000
0.000000	103045.000000
0.000000	103045.000000
0.000000	103045.000000
0.000000	103045.000000
0.000000	103045.000000
0.000000	103045.000000
0.000000	103045.000000
0.000000	103045.000000
0.000000	103045.000000
0.000000	103045.000000
0.000000	103045.000000
0.000000	103045.000000
0.000000	103045.000000
0.000000	103045.000000
0.000000	103045.000000
0.000000	103045.000000
0.000000	103046.000000
0.000000	103046.000000
0.000000	103046.000000
0.000000	103046.000000
0.000000	103046.000000
0.000000	103046.000000
0.000000	103046.000000
0.000000	103046.000000
0.000000	103046.000000
0.000000	103046.000000
0.000000	103046.000000
0.000000	103046.000000
0.000000	103046.000000
0.000000	103046.000000
0.000000	103046.000000
0.000000	103046.000000
0.000000	103046.000000
0.000000	103047.000000
0.000000	103047.000000
0.000000	103047.000000
0.000000	103047.000000
0.000000	103047.000000
0.000000	103047.000000
0.000000	103047.000000
0.000000	103047.000000
0.000000	103047.000000
0.000000	103047.000000
0.000000	103047.000000
0.000000	103047.000000
0.000000	103047.000000
0.000000	103047.000000
0.000000	103047.000000
0.000000	103047.000000
0.000000	103047.000000
0.000000	103048.000000
0.000000	103048.000000
0.000000	103048.000000
0.000000	103048.000000
0.000000	103048.000000
0.000000	103048.000000
0.000000	103048.000000
0.000000	103048.000000
0.000000	103048.000000
0.000000	103048.000000
0.000000	103048.000000
0.000000	103048.000000
0.000000	103048.000000
0.000000	103048.000000
0.000000	103048.000000
0.000000	103048.000000
0.000000	103048.000000
0.000000	103049.000000
0.000000	103049.000000
0.000000	103049.000000
0.000000	103049.000000
0.000000	103049.000000
0.000000	103049.000000
0.000000	103049.000000
0.000000	103049.000000
0.000000	103049.000000
0.000000	103049.000000
0.000000	103049.000000
0.000000	103049.000000
0.000000	103049.000000
0.000000	103049.000000
0.000000	103049.000000
0.000000	103049.000000
0.000000	103049.000000
0.000000	103050.000000
0.000000	103050.000000
0.000000	103050.000000
0.000000	103050.000000
0.000000	103050.000000
0.000000	103050.000000
0.000000	103050.000000
0.000000	103050.000000
0.000000	103050.000000
0.000000	103050.000000
0.000000	103050.000000
0.000000	103050.000000
0.000000	103050.000000
0.000000	103050.000000
0.000000	103050.000000
0.000000	103050.000000
0.000000	103050.000000
0.000000	103051.000000
0.000000	103051.000000
0.000000	103051.000000
0.000000	103051.000000
0.000000	103051.000000
0.000000	103051.000000
0.000000	103051.000000
0.000000	103051.000000
0.000000	103051.000000
0.000000	103051.000000
0.000000	103051.000000
0.000000	103051.000000
0.000000	103051.000000
0.000000	103051.000000
0.000000	103051.000000
0.000000	103051.000000
0.000000	103051.000000
0.000000	103052.000000
0.000000	103052.000000
0.000000	103052.000000
0.000000	103052.000000
0.000000	103052.000000
0.000000	103052.000000
0.000000	103052.000000
0.000000	103052.000000
0.000000	103052.000000
0.000000	103052.000000
0.000000	103052.000000
0.000000	103052.000000
0.000000	103052.000000
0.000000	103052.000000
0.000000	103052.000000
0.000000	103052.000000
0.000000	103052.000000
0.000000	103053.000000
0.000000	103053.000000
0.000000	103053.000000
0.000000	103053.000000
0.000000	103053.000000
0.000000	103053.000000
0.000000	103053.000000
0.000000	103053.000000
0.000000	103053.000000
0.000000	103053.000000
0.000000	103053.000000
0.000000	103053.000000
0.000000	103053.000000
0.000000	103053.000000
0.000000	103053.000000
0.000000	103053.000000
0.000000	103053.000000
0.000000	103054.000000
0.000000	103054.000000
0.000000	103054.000000
0.000000	103054.000000
0.000000	103054.000000
0.000000	103054.000000
0.000000	103054.000000
0.000000	103054.000000
0.000000	103054.000000
0.000000	103054.000000
0.000000	103054.000000
0.000000	103054.000000
0.000000	103054.000000
0.000000	103054.000000
0.000000	103054.000000
0.000000	103054.000000
0.000000	103054.000000
0.000000	103055.000000
0.000000	103055.000000
0.000000	103055.000000
0.000000	103055.000000
0.000000	103055.000000
0.000000	103055.000000
0.000000	103055.000000
0.000000	103055.000000
0.000000	103055.000000
0.000000	103055.000000
0.000000	103055.000000
0.000000	103055.000000
0.000000	103055.000000
0.000000	103055.000000
0.000000	103055.000000
0.000000	103055.000000
0.000000	103055.000000
0.000000	103056.000000
0.000000	103056.000000
0.000000	103056.000000
0.000000	103056.000000
0.000000	103056.000000
0.000000	103056.000000
0.000000	103056.000000
0.000000	103056.000000
0.000000	103056.000000
0.000000	103056.000000
0.000000	103056.000000
0.000000	103056.000000
0.000000	103056.000000
0.000000	103056.000000
0.000000	103056.000000
0.000000	103056.000000
0.000000	103056.000000
0.000000	103057.000000
0.000000	103057.000000
0.000000	103057.000000
0.000000	103057.000000
0.000000	103057.000000
0.000000	103057.000000
0.000000	103057.000000
0.000000	103057.000000
0.000000	103057.000000
0.000000	103057.000000
0.000000	103057.000000
0.000000	103057.000000
0.000000	103057.000000
0.000000	103057.000000
0.000000	103057.000000
0.000000	103057.000000
0.000000	103057.000000
0.000000	103058.000000
0.000000	103058.000000
0.000000	103058.000000
0.000000	103058.000000
0.000000	103058.000000
0.000000	103058.000000
0.000000	103058.000000
0.000000	103058.000000
0.000000	103058.000000
0.000000	103058.000000
0.000000	103058.000000
0.000000	103058.000000
0.000000	103058.000000
0.000000	103058.000000
0.000000	103058.000000
0.000000	103058.000000
0.000000	103058.000000
0.000000	103059.000000
0.000000	103059.000000
0.000000	103059.000000
0.000000	103059.000000
0.000000	103059.000000
0.000000	103059.000000
0.000000	103059.000000
0.000000	103059.000000
0.000000	103059.000000
0.000000	103059.000000
0.000000	103059.000000
0.000000	103059.000000
0.000000	103059.000000
0.000000	103059.000000
0.000000	103059.000000
0.000000	103059.000000
0.000000	103059.000000
0.000000	103059.000000
0.000000	103100.000000
0.000000	103100.000000
0.000000	103100.000000
0.000000	103100.000000
0.000000	103100.000000
0.000000	103100.000000
0.000000	103100.000000
0.000000	103100.000000
0.000000	103100.000000
0.000000	103100.000000
0.000000	103100.000000
0.000000	103100.000000
0.000000	103100.000000
0.000000	103100.000000
0.000000	103100.000000
0.000000	103100.000000
0.000000	103100.000000
0.000000	103101.000000
0.000000	103101.000000
0.000000	103101.000000
0.000000	103101.000000
0.000000	103101.000000
0.000000	103101.000000
0.000000	103101.000000
0.000000	103101.000000
0.000000	103101.000000
0.000000	103101.000000
0.000000	103101.000000
0.000000	103101.000000
0.000000	103101.000000
0.000000	103101.000000
0.000000	103101.000000
0.000000	103101.000000
0.000000	103101.000000
0.000000	103102.000000
0.000000	103102.000000
0.000000	103102.000000
0.000000	103102.000000
0.000000	103102.000000
0.000000	103102.000000
0.000000	103102.000000
0.000000	103102.000000
0.000000	103102.000000
0.000000	103102.000000
0.000000	103102.000000
0.000000	103102.000000
0.000000	103102.000000
0.000000	103102.000000
0.000000	103102.000000
0.000000	103102.000000
0.000000	103102.000000
0.000000	103103.000000
0.000000	103103.000000
0.000000	103103.000000
0.000000	103103.000000
0.000000	103103.000000
0.000000	103103.000000
0.000000	103103.000000
0.000000	103103.000000
0.000000	103103.000000
0.000000	103103.000000
0.000000	103103.000000
0.000000	103103.000000
0.000000	103103.000000
0.000000	103103.000000
0.000000	103103.000000
0.000000	103103.000000
0.000000	103103.000000
0.000000	103104.000000
0.000000	103104.000000
0.000000	103104.000000
0.000000	103104.000000
0.000000	103104.000000
0.000000	103104.000000
0.000000	103104.000000
0.000000	103104.000000
0.000000	103104.000000
0.000000	103104.000000
0.000000	103104.000000
0.000000	103104.000000
0.000000	103104.000000
0.000000	103104.000000
0.000000	103104.000000
0.000000	103104.000000
0.000000	103104.000000
0.000000	103105.000000
0.000000	103105.000000
0.000000	103105.000000
0.000000	103105.000000
0.000000	103105.000000
0.000000	103105.000000
0.000000	103105.000000
0.000000	103105.000000
0.000000	103105.000000
0.000000	103105.000000
0.000000	103105.000000
0.000000	103105.000000
0.000000	103105.000000
0.000000	103105.000000
0.000000	103105.000000
0.000000	103105.000000
0.000000	103105.000000
0.000000	103106.000000
0.000000	103106.000000
0.000000	103106.000000
0.000000	103106.000000
0.000000	103106.000000
0.000000	103106.000000
0.000000	103106.000000
0.000000	103106.000000
0.000000	103106.000000
0.000000	103106.000000
0.000000	103106.000000
0.000000	103106.000000
0.000000	103106.000000
0.000000	103106.000000
0.000000	103106.000000
0.000000	103106.000000
0.000000	103106.000000
0.000000	103107.000000
0.000000	103107.000000
0.000000	103107.000000
0.000000	103107.000000
0.000000	103107.000000
0.000000	103107.000000
0.000000	103107.000000
0.000000	103107.000000
0.000000	103107.000000
0.000000	103107.000000
0.000000	103107.000000
0.000000	103107.000000
0.000000	103107.000000
0.000000	103107.000000
0.000000	103107.000000
0.000000	103107.000000
0.000000	103107.000000
0.000000	103108.000000
0.000000	103108.000000
0.000000	103108.000000
0.000000	103108.000000
0.000000	103108.000000
0.000000	103108.000000
0.000000	103108.000000
0.000000	103108.000000
0.000000	103108.000000
0.000000	103108.000000
0.000000	103108.000000
0.000000	103108.000000
0.000000	103108.000000
0.000000	103108.000000
0.000000	103108.000000
0.000000	103108.000000
0.000000	103109.000000
0.000000	103109.000000
0.000000	103109.000000
0.000000	103109.000000
0.000000	103109.000000
0.000000	103109.000000
0.000000	103109.000000
0.000000	103109.000000
0.000000	103109.000000
0.000000	103109.000000
0.000000	103109.000000
0.000000	103109.000000
0.000000	103109.000000
0.000000	103109.000000
0.000000	103109.000000
0.000000	103109.000000
0.000000	103109.000000
0.000000	103109.000000
0.000000	103110.000000
0.000000	103110.000000
0.000000	103110.000000
0.000000	103110.000000
0.000000	103110.000000
0.000000	103110.000000
0.000000	103110.000000
0.000000	103110.000000
0.000000	103110.000000
0.000000	103110.000000
0.000000	103110.000000
0.000000	103110.000000
0.000000	103110.000000
0.000000	103110.000000
0.000000	103110.000000
0.000000	103110.000000
0.000000	103110.000000
0.000000	103111.000000
0.000000	103111.000000
0.000000	103111.000000
0.000000	103111.000000
0.000000	103111.000000
0.000000	103111.000000
0.000000	103111.000000
0.000000	103111.000000
0.000000	103111.000000
0.000000	103111.000000
0.000000	103111.000000
0.000000	103111.000000
0.000000	103111.000000
0.000000	103111.000000
0.000000	103111.000000
0.000000	103111.000000
0.000000	103111.000000
0.000000	103112.000000
0.000000	103112.000000
0.000000	103112.000000
0.000000	103112.000000
0.000000	103112.000000
0.000000	103112.000000
0.000000	103112.000000
0.000000	103112.000000
0.000000	103112.000000
0.000000	103112.000000
0.000000	103112.000000
0.000000	103112.000000
0.000000	103112.000000
0.000000	103112.000000
0.000000	103112.000000
0.000000	103112.000000
0.000000	103112.000000
0.000000	103113.000000
0.000000	103113.000000
0.000000	103113.000000
0.000000	103113.000000
0.000000	103113.000000
0.000000	103113.000000
0.000000	103113.000000
0.000000	103113.000000
