0.000000	125012.000000
0.000000	125012.000000
0.000000	125012.000000
0.000000	125012.000000
0.000000	125012.000000
0.000000	125012.000000
0.000000	125012.000000
0.000000	125012.000000
0.000000	125012.000000
0.000000	125013.000000
0.000000	125013.000000
0.000000	125013.000000
0.000000	125013.000000
0.000000	125013.000000
0.000000	125013.000000
0.000000	125013.000000
0.000000	125013.000000
0.000000	125013.000000
0.000000	125013.000000
0.000000	125013.000000
0.000000	125013.000000
0.000000	125013.000000
0.000000	125013.000000
0.000000	125013.000000
0.000000	125013.000000
0.000000	125013.000000
0.000000	125014.000000
0.000000	125014.000000
0.000000	125014.000000
0.000000	125014.000000
0.000000	125014.000000
0.000000	125014.000000
0.000000	125014.000000
0.000000	125014.000000
0.000000	125014.000000
0.000000	125014.000000
0.000000	125014.000000
0.000000	125014.000000
0.000000	125014.000000
0.000000	125014.000000
0.000000	125014.000000
0.000000	125014.000000
0.000000	125014.000000
0.000000	125015.000000
0.000000	125015.000000
0.000000	125015.000000
0.000000	125015.000000
0.000000	125015.000000
0.000000	125015.000000
0.000000	125015.000000
0.000000	125015.000000
0.000000	125015.000000
0.000000	125015.000000
0.000000	125015.000000
0.000000	125015.000000
0.000000	125015.000000
0.000000	125015.000000
0.000000	125015.000000
0.000000	125015.000000
0.000000	125015.000000
0.000000	125015.000000
0.000000	125016.000000
0.000000	125016.000000
0.000000	125016.000000
0.000000	125016.000000
0.000000	125016.000000
0.000000	125016.000000
0.000000	125016.000000
0.000000	125016.000000
0.000000	125016.000000
0.000000	125016.000000
0.000000	125016.000000
0.000000	125016.000000
0.000000	125016.000000
0.000000	125016.000000
0.000000	125016.000000
0.000000	125016.000000
0.000000	125016.000000
0.000000	125017.000000
0.000000	125017.000000
0.000000	125017.000000
0.000000	125017.000000
0.000000	125017.000000
0.000000	125017.000000
0.000000	125017.000000
0.000000	125017.000000
0.000000	125017.000000
0.000000	125017.000000
0.000000	125017.000000
0.000000	125017.000000
0.000000	125017.000000
0.000000	125017.000000
0.000000	125017.000000
0.000000	125017.000000
0.000000	125017.000000
0.000000	125018.000000
0.000000	125018.000000
0.000000	125018.000000
0.000000	125018.000000
0.000000	125018.000000
0.000000	125018.000000
0.000000	125018.000000
0.000000	125018.000000
0.000000	125018.000000
0.000000	125018.000000
0.000000	125018.000000
0.000000	125018.000000
0.000000	125018.000000
0.000000	125018.000000
0.000000	125018.000000
0.000000	125018.000000
0.000000	125018.000000
0.000000	125019.000000
0.000000	125019.000000
0.000000	125019.000000
0.000000	125019.000000
0.000000	125019.000000
0.000000	125019.000000
0.000000	125019.000000
0.000000	125019.000000
0.000000	125019.000000
0.000000	125019.000000
0.000000	125019.000000
0.000000	125019.000000
0.000000	125019.000000
0.000000	125019.000000
0.000000	125019.000000
0.000000	125019.000000
0.000000	125019.000000
0.000000	125020.000000
0.000000	125020.000000
0.000000	125020.000000
0.000000	125020.000000
0.000000	125020.000000
0.000000	125020.000000
0.000000	125020.000000
0.000000	125020.000000
0.000000	125020.000000
0.000000	125020.000000
0.000000	125020.000000
0.000000	125020.000000
0.000000	125020.000000
0.000000	125020.000000
0.000000	125020.000000
0.000000	125020.000000
0.000000	125020.000000
0.000000	125021.000000
0.000000	125021.000000
0.000000	125021.000000
0.000000	125021.000000
0.000000	125021.000000
0.000000	125021.000000
0.000000	125021.000000
0.000000	125021.000000
0.000000	125021.000000
0.000000	125021.000000
0.000000	125021.000000
0.000000	125021.000000
0.000000	125021.000000
0.000000	125021.000000
0.000000	125021.000000
0.000000	125021.000000
0.000000	125021.000000
0.000000	125022.000000
0.000000	125022.000000
0.000000	125022.000000
0.000000	125022.000000
0.000000	125022.000000
0.000000	125022.000000
0.000000	125022.000000
0.000000	125022.000000
0.000000	125022.000000
0.000000	125022.000000
0.000000	125022.000000
0.000000	125022.000000
0.000000	125022.000000
0.000000	125022.000000
0.000000	125022.000000
0.000000	125022.000000
0.000000	125022.000000
0.000000	125023.000000
0.000000	125023.000000
0.000000	125023.000000
0.000000	125023.000000
0.000000	125023.000000
0.000000	125023.000000
0.000000	125023.000000
0.000000	125023.000000
0.000000	125023.000000
0.000000	125023.000000
0.000000	125023.000000
0.000000	125023.000000
0.000000	125023.000000
0.000000	125023.000000
0.000000	125023.000000
0.000000	125023.000000
0.000000	125023.000000
0.000000	125024.000000
0.000000	125024.000000
0.000000	125024.000000
0.000000	125024.000000
0.000000	125024.000000
0.000000	125024.000000
0.000000	125024.000000
0.000000	125024.000000
0.000000	125024.000000
0.000000	125024.000000
0.000000	125024.000000
0.000000	125024.000000
0.000000	125024.000000
0.000000	125024.000000
0.000000	125024.000000
0.000000	125024.000000
0.000000	125024.000000
0.000000	125025.000000
0.000000	125025.000000
0.000000	125025.000000
0.000000	125025.000000
0.000000	125025.000000
0.000000	125025.000000
0.000000	125025.000000
0.000000	125025.000000
0.000000	125025.000000
0.000000	125025.000000
0.000000	125025.000000
0.000000	125025.000000
0.000000	125025.000000
0.000000	125025.000000
0.000000	125025.000000
0.000000	125025.000000
0.000000	125025.000000
0.000000	125026.000000
0.000000	125026.000000
0.000000	125026.000000
0.000000	125026.000000
0.000000	125026.000000
0.000000	125026.000000
0.000000	125026.000000
0.000000	125026.000000
0.000000	125026.000000
0.000000	125026.000000
0.000000	125026.000000
0.000000	125026.000000
0.000000	125026.000000
0.000000	125026.000000
0.000000	125026.000000
0.000000	125026.000000
0.000000	125026.000000
0.000000	125027.000000
0.000000	125027.000000
0.000000	125027.000000
0.000000	125027.000000
0.000000	125027.000000
0.000000	125027.000000
0.000000	125027.000000
0.000000	125027.000000
0.000000	125027.000000
0.000000	125027.000000
0.000000	125027.000000
0.000000	125027.000000
0.000000	125027.000000
0.000000	125027.000000
0.000000	125027.000000
0.000000	125027.000000
0.000000	125027.000000
0.000000	125028.000000
0.000000	125028.000000
0.000000	125028.000000
0.000000	125028.000000
0.000000	125028.000000
0.000000	125028.000000
0.000000	125028.000000
0.000000	125028.000000
0.000000	125028.000000
0.000000	125028.000000
0.000000	125028.000000
0.000000	125028.000000
0.000000	125028.000000
0.000000	125028.000000
0.000000	125028.000000
0.000000	125028.000000
0.000000	125028.000000
0.000000	125029.000000
0.000000	125029.000000
0.000000	125029.000000
0.000000	125029.000000
0.000000	125029.000000
0.000000	125029.000000
0.000000	125029.000000
0.000000	125029.000000
0.000000	125029.000000
0.000000	125029.000000
0.000000	125029.000000
0.000000	125029.000000
0.000000	125029.000000
0.000000	125029.000000
0.000000	125029.000000
0.000000	125029.000000
0.000000	125029.000000
0.000000	125030.000000
0.000000	125030.000000
0.000000	125030.000000
0.000000	125030.000000
0.000000	125030.000000
0.000000	125030.000000
0.000000	125030.000000
0.000000	125030.000000
0.000000	125030.000000
0.000000	125030.000000
0.000000	125030.000000
0.000000	125030.000000
0.000000	125030.000000
0.000000	125030.000000
0.000000	125030.000000
0.000000	125030.000000
0.000000	125030.000000
0.000000	125030.000000
0.000000	125031.000000
0.000000	125031.000000
0.000000	125031.000000
0.000000	125031.000000
0.000000	125031.000000
0.000000	125031.000000
0.000000	125031.000000
0.000000	125031.000000
0.000000	125031.000000
0.000000	125031.000000
0.000000	125031.000000
0.000000	125031.000000
0.000000	125031.000000
0.000000	125031.000000
0.000000	125031.000000
0.000000	125031.000000
0.000000	125031.000000
0.000000	125032.000000
0.000000	125032.000000
0.000000	125032.000000
0.000000	125032.000000
0.000000	125032.000000
0.000000	125032.000000
0.000000	125032.000000
0.000000	125032.000000
0.000000	125032.000000
0.000000	125032.000000
0.000000	125032.000000
0.000000	125032.000000
0.000000	125032.000000
0.000000	125032.000000
0.000000	125032.000000
0.000000	125032.000000
0.000000	125032.000000
0.000000	125033.000000
0.000000	125033.000000
0.000000	125033.000000
0.000000	125033.000000
0.000000	125033.000000
0.000000	125033.000000
0.000000	125033.000000
0.000000	125033.000000
0.000000	125033.000000
0.000000	125033.000000
0.000000	125033.000000
0.000000	125033.000000
0.000000	125033.000000
0.000000	125033.000000
0.000000	125033.000000
0.000000	125033.000000
0.000000	125033.000000
0.000000	125034.000000
0.000000	125034.000000
0.000000	125034.000000
0.000000	125034.000000
0.000000	125034.000000
0.000000	125034.000000
0.000000	125034.000000
0.000000	125034.000000
0.000000	125034.000000
0.000000	125034.000000
0.000000	125034.000000
0.000000	125034.000000
0.000000	125034.000000
0.000000	125034.000000
0.000000	125034.000000
0.000000	125034.000000
0.000000	125034.000000
0.000000	125035.000000
0.000000	125035.000000
0.000000	125035.000000
0.000000	125035.000000
0.000000	125035.000000
0.000000	125035.000000
0.000000	125035.000000
0.000000	125035.000000
0.000000	125035.000000
0.000000	125035.000000
0.000000	125035.000000
0.000000	125035.000000
0.000000	125035.000000
0.000000	125035.000000
0.000000	125035.000000
0.000000	125035.000000
0.000000	125035.000000
0.000000	125036.000000
0.000000	125036.000000
0.000000	125036.000000
0.000000	125036.000000
0.000000	125036.000000
0.000000	125036.000000
0.000000	125036.000000
0.000000	125036.000000
0.000000	125036.000000
0.000000	125036.000000
0.000000	125036.000000
0.000000	125036.000000
0.000000	125036.000000
0.000000	125036.000000
0.000000	125036.000000
0.000000	125036.000000
0.000000	125036.000000
0.000000	125037.000000
0.000000	125037.000000
0.000000	125037.000000
0.000000	125037.000000
0.000000	125037.000000
0.000000	125037.000000
0.000000	125037.000000
0.000000	125037.000000
0.000000	125037.000000
0.000000	125037.000000
0.000000	125037.000000
0.000000	125037.000000
0.000000	125037.000000
0.000000	125037.000000
0.000000	125037.000000
0.000000	125037.000000
0.000000	125037.000000
0.000000	125038.000000
0.000000	125038.000000
0.000000	125038.000000
0.000000	125038.000000
0.000000	125038.000000
0.000000	125038.000000
0.000000	125038.000000
0.000000	125038.000000
0.000000	125038.000000
0.000000	125038.000000
0.000000	125038.000000
0.000000	125038.000000
0.000000	125038.000000
0.000000	125038.000000
0.000000	125038.000000
0.000000	125038.000000
0.000000	125038.000000
0.000000	125039.000000
0.000000	125039.000000
0.000000	125039.000000
0.000000	125039.000000
0.000000	125039.000000
0.000000	125039.000000
0.000000	125039.000000
0.000000	125039.000000
0.000000	125039.000000
0.000000	125039.000000
0.000000	125039.000000
0.000000	125039.000000
0.000000	125039.000000
0.000000	125039.000000
0.000000	125039.000000
0.000000	125039.000000
0.000000	125039.000000
0.000000	125040.000000
0.000000	125040.000000
0.000000	125040.000000
0.000000	125040.000000
0.000000	125040.000000
0.000000	125040.000000
0.000000	125040.000000
0.000000	125040.000000
0.000000	125040.000000
0.000000	125040.000000
0.000000	125040.000000
0.000000	125040.000000
0.000000	125040.000000
0.000000	125040.000000
0.000000	125040.000000
0.000000	125040.000000
0.000000	125040.000000
0.000000	125041.000000
0.000000	125041.000000
0.000000	125041.000000
0.000000	125041.000000
0.000000	125041.000000
0.000000	125041.000000
0.000000	125041.000000
0.000000	125041.000000
0.000000	125041.000000
0.000000	125041.000000
0.000000	125041.000000
0.000000	125041.000000
0.000000	125041.000000
0.000000	125041.000000
0.000000	125041.000000
0.000000	125041.000000
0.000000	125041.000000
0.000000	125042.000000
0.000000	125042.000000
0.000000	125042.000000
0.000000	125042.000000
0.000000	125042.000000
0.000000	125042.000000
0.000000	125042.000000
0.000000	125042.000000
0.000000	125042.000000
0.000000	125042.000000
0.000000	125042.000000
0.000000	125042.000000
0.000000	125042.000000
0.000000	125042.000000
0.000000	125042.000000
0.000000	125042.000000
0.000000	125042.000000
0.000000	125043.000000
0.000000	125043.000000
0.000000	125043.000000
0.000000	125043.000000
0.000000	125043.000000
0.000000	125043.000000
0.000000	125043.000000
0.000000	125043.000000
0.000000	125043.000000
0.000000	125043.000000
0.000000	125043.000000
0.000000	125043.000000
0.000000	125043.000000
0.000000	125043.000000
0.000000	125043.000000
0.000000	125043.000000
0.000000	125043.000000
0.000000	125044.000000
0.000000	125044.000000
0.000000	125044.000000
0.000000	125044.000000
0.000000	125044.000000
0.000000	125044.000000
0.000000	125044.000000
0.000000	125044.000000
0.000000	125044.000000
0.000000	125044.000000
0.000000	125044.000000
0.000000	125044.000000
0.000000	125044.000000
0.000000	125044.000000
0.000000	125044.000000
0.000000	125044.000000
0.000000	125044.000000
0.000000	125045.000000
0.000000	125045.000000
0.000000	125045.000000
0.000000	125045.000000
0.000000	125045.000000
0.000000	125045.000000
0.000000	125045.000000
0.000000	125045.000000
0.000000	125045.000000
0.000000	125045.000000
0.000000	125045.000000
0.000000	125045.000000
0.000000	125045.000000
0.000000	125045.000000
0.000000	125045.000000
0.000000	125045.000000
0.000000	125045.000000
0.000000	125045.000000
0.000000	125046.000000
0.000000	125046.000000
0.000000	125046.000000
0.000000	125046.000000
0.000000	125046.000000
0.000000	125046.000000
0.000000	125046.000000
0.000000	125046.000000
0.000000	125046.000000
0.000000	125046.000000
0.000000	125046.000000
0.000000	125046.000000
0.000000	125046.000000
0.000000	125046.000000
0.000000	125046.000000
0.000000	125046.000000
0.000000	125046.000000
0.000000	125047.000000
0.000000	125047.000000
0.000000	125047.000000
0.000000	125047.000000
0.000000	125047.000000
0.000000	125047.000000
0.000000	125047.000000
0.000000	125047.000000
0.000000	125047.000000
0.000000	125047.000000
0.000000	125047.000000
0.000000	125047.000000
0.000000	125047.000000
0.000000	125047.000000
0.000000	125047.000000
0.000000	125047.000000
0.000000	125047.000000
0.000000	125048.000000
0.000000	125048.000000
0.000000	125048.000000
0.000000	125048.000000
0.000000	125048.000000
0.000000	125048.000000
0.000000	125048.000000
0.000000	125048.000000
0.000000	125048.000000
0.000000	125048.000000
0.000000	125048.000000
0.000000	125048.000000
0.000000	125048.000000
0.000000	125048.000000
0.000000	125048.000000
0.000000	125048.000000
0.000000	125048.000000
0.000000	125049.000000
0.000000	125049.000000
0.000000	125049.000000
0.000000	125049.000000
0.000000	125049.000000
0.000000	125049.000000
0.000000	125049.000000
0.000000	125049.000000
0.000000	125049.000000
0.000000	125049.000000
0.000000	125049.000000
0.000000	125049.000000
0.000000	125049.000000
0.000000	125049.000000
0.000000	125049.000000
0.000000	125049.000000
0.000000	125049.000000
0.000000	125050.000000
0.000000	125050.000000
0.000000	125050.000000
0.000000	125050.000000
0.000000	125050.000000
0.000000	125050.000000
0.000000	125050.000000
0.000000	125050.000000
0.000000	125050.000000
0.000000	125050.000000
0.000000	125050.000000
0.000000	125050.000000
0.000000	125050.000000
0.000000	125050.000000
0.000000	125050.000000
0.000000	125050.000000
0.000000	125050.000000
0.000000	125051.000000
0.000000	125051.000000
0.000000	125051.000000
0.000000	125051.000000
0.000000	125051.000000
0.000000	125051.000000
0.000000	125051.000000
0.000000	125051.000000
0.000000	125051.000000
0.000000	125051.000000
0.000000	125051.000000
0.000000	125051.000000
0.000000	125051.000000
0.000000	125051.000000
0.000000	125051.000000
0.000000	125051.000000
0.000000	125051.000000
0.000000	125052.000000
0.000000	125052.000000
0.000000	125052.000000
0.000000	125052.000000
0.000000	125052.000000
0.000000	125052.000000
0.000000	125052.000000
0.000000	125052.000000
0.000000	125052.000000
0.000000	125052.000000
0.000000	125052.000000
0.000000	125052.000000
0.000000	125052.000000
0.000000	125052.000000
0.000000	125052.000000
0.000000	125052.000000
0.000000	125052.000000
0.000000	125053.000000
0.000000	125053.000000
0.000000	125053.000000
0.000000	125053.000000
0.000000	125053.000000
0.000000	125053.000000
0.000000	125053.000000
0.000000	125053.000000
0.000000	125053.000000
0.000000	125053.000000
0.000000	125053.000000
0.000000	125053.000000
0.000000	125053.000000
0.000000	125053.000000
0.000000	125053.000000
0.000000	125053.000000
0.000000	125053.000000
0.000000	125054.000000
0.000000	125054.000000
0.000000	125054.000000
0.000000	125054.000000
0.000000	125054.000000
0.000000	125054.000000
0.000000	125054.000000
0.000000	125054.000000
0.000000	125054.000000
0.000000	125054.000000
0.000000	125054.000000
0.000000	125054.000000
0.000000	125054.000000
0.000000	125054.000000
0.000000	125054.000000
0.000000	125054.000000
0.000000	125054.000000
0.000000	125055.000000
0.000000	125055.000000
0.000000	125055.000000
0.000000	125055.000000
0.000000	125055.000000
0.000000	125055.000000
0.000000	125055.000000
0.000000	125055.000000
0.000000	125055.000000
0.000000	125055.000000
0.000000	125055.000000
0.000000	125055.000000
0.000000	125055.000000
0.000000	125055.000000
0.000000	125055.000000
0.000000	125055.000000
0.000000	125055.000000
0.000000	125056.000000
0.000000	125056.000000
0.000000	125056.000000
0.000000	125056.000000
0.000000	125056.000000
0.000000	125056.000000
0.000000	125056.000000
0.000000	125056.000000
0.000000	125056.000000
0.000000	125056.000000
0.000000	125056.000000
0.000000	125056.000000
0.000000	125056.000000
0.000000	125056.000000
0.000000	125056.000000
0.000000	125056.000000
0.000000	125056.000000
0.000000	125057.000000
0.000000	125057.000000
0.000000	125057.000000
0.000000	125057.000000
0.000000	125057.000000
0.000000	125057.000000
0.000000	125057.000000
0.000000	125057.000000
0.000000	125057.000000
0.000000	125057.000000
0.000000	125057.000000
0.000000	125057.000000
0.000000	125057.000000
0.000000	125057.000000
0.000000	125057.000000
0.000000	125057.000000
0.000000	125057.000000
0.000000	125058.000000
0.000000	125058.000000
0.000000	125058.000000
0.000000	125058.000000
0.000000	125058.000000
0.000000	125058.000000
0.000000	125058.000000
0.000000	125058.000000
0.000000	125058.000000
0.000000	125058.000000
0.000000	125058.000000
0.000000	125058.000000
0.000000	125058.000000
0.000000	125058.000000
0.000000	125058.000000
0.000000	125058.000000
0.000000	125058.000000
0.000000	125059.000000
0.000000	125059.000000
0.000000	125059.000000
0.000000	125059.000000
0.000000	125059.000000
0.000000	125059.000000
0.000000	125059.000000
0.000000	125059.000000
0.000000	125059.000000
0.000000	125059.000000
0.000000	125059.000000
0.000000	125059.000000
0.000000	125059.000000
0.000000	125059.000000
0.000000	125059.000000
0.000000	125059.000000
0.000000	125059.000000
0.000000	125100.000000
0.000000	125100.000000
0.000000	125100.000000
0.000000	125100.000000
0.000000	125100.000000
0.000000	125100.000000
0.000000	125100.000000
0.000000	125100.000000
0.000000	125100.000000
0.000000	125100.000000
0.000000	125100.000000
0.000000	125100.000000
0.000000	125100.000000
0.000000	125100.000000
0.000000	125100.000000
0.000000	125100.000000
0.000000	125100.000000
0.000000	125100.000000
0.000000	125101.000000
0.000000	125101.000000
0.000000	125101.000000
0.000000	125101.000000
0.000000	125101.000000
0.000000	125101.000000
0.000000	125101.000000
0.000000	125101.000000
0.000000	125101.000000
0.000000	125101.000000
0.000000	125101.000000
0.000000	125101.000000
0.000000	125101.000000
0.000000	125101.000000
0.000000	125101.000000
0.000000	125101.000000
0.000000	125101.000000
0.000000	125102.000000
0.000000	125102.000000
0.000000	125102.000000
0.000000	125102.000000
0.000000	125102.000000
0.000000	125102.000000
0.000000	125102.000000
0.000000	125102.000000
0.000000	125102.000000
0.000000	125102.000000
0.000000	125102.000000
0.000000	125102.000000
0.000000	125102.000000
0.000000	125102.000000
0.000000	125102.000000
0.000000	125102.000000
0.000000	125102.000000
0.000000	125103.000000
0.000000	125103.000000
0.000000	125103.000000
0.000000	125103.000000
0.000000	125103.000000
0.000000	125103.000000
0.000000	125103.000000
0.000000	125103.000000
0.000000	125103.000000
0.000000	125103.000000
0.000000	125103.000000
0.000000	125103.000000
0.000000	125103.000000
0.000000	125103.000000
0.000000	125103.000000
0.000000	125103.000000
0.000000	125103.000000
0.000000	125104.000000
0.000000	125104.000000
0.000000	125104.000000
0.000000	125104.000000
0.000000	125104.000000
0.000000	125104.000000
0.000000	125104.000000
0.000000	125104.000000
0.000000	125104.000000
0.000000	125104.000000
0.000000	125104.000000
0.000000	125104.000000
0.000000	125104.000000
0.000000	125104.000000
0.000000	125104.000000
0.000000	125104.000000
0.000000	125104.000000
0.000000	125105.000000
0.000000	125105.000000
0.000000	125105.000000
0.000000	125105.000000
0.000000	125105.000000
0.000000	125105.000000
0.000000	125105.000000
0.000000	125105.000000
0.000000	125105.000000
0.000000	125105.000000
0.000000	125105.000000
0.000000	125105.000000
0.000000	125105.000000
0.000000	125105.000000
0.000000	125105.000000
0.000000	125105.000000
0.000000	125105.000000
0.000000	125106.000000
0.000000	125106.000000
0.000000	125106.000000
0.000000	125106.000000
0.000000	125106.000000
0.000000	125106.000000
0.000000	125106.000000
0.000000	125106.000000
0.000000	125106.000000
0.000000	125106.000000
0.000000	125106.000000
0.000000	125106.000000
0.000000	125106.000000
0.000000	125106.000000
0.000000	125106.000000
0.000000	125106.000000
0.000000	125106.000000
0.000000	125107.000000
0.000000	125107.000000
0.000000	125107.000000
0.000000	125107.000000
0.000000	125107.000000
0.000000	125107.000000
0.000000	125107.000000
0.000000	125107.000000
0.000000	125107.000000
0.000000	125107.000000
0.000000	125107.000000
0.000000	125107.000000
0.000000	125107.000000
0.000000	125107.000000
0.000000	125107.000000
0.000000	125107.000000
0.000000	125107.000000
0.000000	125108.000000
0.000000	125108.000000
0.000000	125108.000000
0.000000	125108.000000
0.000000	125108.000000
0.000000	125108.000000
0.000000	125108.000000
0.000000	125108.000000
0.000000	125108.000000
0.000000	125108.000000
0.000000	125108.000000
0.000000	125108.000000
0.000000	125108.000000
0.000000	125108.000000
0.000000	125108.000000
0.000000	125108.000000
0.000000	125108.000000
0.000000	125109.000000
0.000000	125109.000000
0.000000	125109.000000
0.000000	125109.000000
0.000000	125109.000000
0.000000	125109.000000
0.000000	125109.000000
0.000000	125109.000000
0.000000	125109.000000
0.000000	125109.000000
0.000000	125109.000000
0.000000	125109.000000
0.000000	125109.000000
0.000000	125109.000000
0.000000	125109.000000
0.000000	125109.000000
0.000000	125109.000000
0.000000	125110.000000
0.000000	125110.000000
0.000000	125110.000000
0.000000	125110.000000
0.000000	125110.000000
0.000000	125110.000000
0.000000	125110.000000
0.000000	125110.000000
0.000000	125110.000000
0.000000	125110.000000
0.000000	125110.000000
0.000000	125110.000000
0.000000	125110.000000
0.000000	125110.000000
0.000000	125110.000000
0.000000	125110.000000
0.000000	125110.000000
0.000000	125111.000000
0.000000	125111.000000
0.000000	125111.000000
0.000000	125111.000000
0.000000	125111.000000
0.000000	125111.000000
0.000000	125111.000000
0.000000	125111.000000
0.000000	125111.000000
0.000000	125111.000000
0.000000	125111.000000
0.000000	125111.000000
0.000000	125111.000000
0.000000	125111.000000
0.000000	125111.000000
0.000000	125111.000000
0.000000	125111.000000
0.000000	125112.000000
0.000000	125112.000000
0.000000	125112.000000
0.000000	125112.000000
0.000000	125112.000000
0.000000	125112.000000
0.000000	125112.000000
0.000000	125112.000000
0.000000	125112.000000
0.000000	125112.000000
0.000000	125112.000000
0.000000	125112.000000
0.000000	125112.000000
0.000000	125112.000000
0.000000	125112.000000
0.000000	125112.000000
0.000000	125112.000000
0.000000	125113.000000
0.000000	125113.000000
0.000000	125113.000000
0.000000	125113.000000
0.000000	125113.000000
0.000000	125113.000000
0.000000	125113.000000
0.000000	125113.000000
0.000000	125113.000000
0.000000	125113.000000
0.000000	125113.000000
0.000000	125113.000000
0.000000	125113.000000
0.000000	125113.000000
0.000000	125113.000000
0.000000	125113.000000
0.000000	125113.000000
0.000000	125114.000000
0.000000	125114.000000
0.000000	125114.000000
0.000000	125114.000000
0.000000	125114.000000
0.000000	125114.000000
0.000000	125114.000000
0.000000	125114.000000
0.000000	125114.000000
0.000000	125114.000000
0.000000	125114.000000
0.000000	125114.000000
0.000000	125114.000000
0.000000	125114.000000
0.000000	125114.000000
0.000000	125114.000000
0.000000	125114.000000
0.000000	125115.000000
0.000000	125115.000000
0.000000	125115.000000
0.000000	125115.000000
0.000000	125115.000000
0.000000	125115.000000
0.000000	125115.000000
0.000000	125115.000000
0.000000	125115.000000
0.000000	125115.000000
0.000000	125115.000000
0.000000	125115.000000
0.000000	125115.000000
0.000000	125115.000000
0.000000	125115.000000
0.000000	125115.000000
0.000000	125115.000000
0.000000	125115.000000
0.000000	125116.000000
0.000000	125116.000000
0.000000	125116.000000
0.000000	125116.000000
0.000000	125116.000000
0.000000	125116.000000
0.000000	125116.000000
0.000000	125116.000000
0.000000	125116.000000
0.000000	125116.000000
0.000000	125116.000000
0.000000	125116.000000
0.000000	125116.000000
0.000000	125116.000000
0.000000	125116.000000
0.000000	125116.000000
0.000000	125116.000000
0.000000	125117.000000
0.000000	125117.000000
0.000000	125117.000000
0.000000	125117.000000
0.000000	125117.000000
0.000000	125117.000000
0.000000	125117.000000
0.000000	125117.000000
0.000000	125117.000000
0.000000	125117.000000
0.000000	125117.000000
0.000000	125117.000000
0.000000	125117.000000
0.000000	125117.000000
0.000000	125117.000000
0.000000	125117.000000
0.000000	125117.000000
0.000000	125118.000000
0.000000	125118.000000
0.000000	125118.000000
0.000000	125118.000000
0.000000	125118.000000
0.000000	125118.000000
0.000000	125118.000000
0.000000	125118.000000
0.000000	125118.000000
0.000000	125118.000000
0.000000	125118.000000
0.000000	125118.000000
0.000000	125118.000000
0.000000	125118.000000
0.000000	125118.000000
0.000000	125118.000000
0.000000	125118.000000
0.000000	125119.000000
0.000000	125119.000000
0.000000	125119.000000
0.000000	125119.000000
0.000000	125119.000000
0.000000	125119.000000
0.000000	125119.000000
0.000000	125119.000000
0.000000	125119.000000
0.000000	125119.000000
0.000000	125119.000000
0.000000	125119.000000
0.000000	125119.000000
0.000000	125119.000000
0.000000	125119.000000
0.000000	125119.000000
0.000000	125119.000000
0.000000	125120.000000
0.000000	125120.000000
0.000000	125120.000000
0.000000	125120.000000
0.000000	125120.000000
0.000000	125120.000000
0.000000	125120.000000
0.000000	125120.000000
0.000000	125120.000000
0.000000	125120.000000
0.000000	125120.000000
0.000000	125120.000000
0.000000	125120.000000
0.000000	125120.000000
0.000000	125120.000000
0.000000	125120.000000
0.000000	125120.000000
0.000000	125121.000000
0.000000	125121.000000
0.000000	125121.000000
0.000000	125121.000000
0.000000	125121.000000
0.000000	125121.000000
0.000000	125121.000000
0.000000	125121.000000
0.000000	125121.000000
0.000000	125121.000000
0.000000	125121.000000
0.000000	125121.000000
0.000000	125121.000000
0.000000	125121.000000
0.000000	125121.000000
0.000000	125121.000000
0.000000	125121.000000
0.000000	125122.000000
0.000000	125122.000000
0.000000	125122.000000
0.000000	125122.000000
0.000000	125122.000000
0.000000	125122.000000
0.000000	125122.000000
0.000000	125122.000000
0.000000	125122.000000
0.000000	125122.000000
0.000000	125122.000000
0.000000	125122.000000
0.000000	125122.000000
0.000000	125122.000000
0.000000	125122.000000
0.000000	125122.000000
0.000000	125122.000000
0.000000	125123.000000
0.000000	125123.000000
0.000000	125123.000000
0.000000	125123.000000
0.000000	125123.000000
0.000000	125123.000000
0.000000	125123.000000
0.000000	125123.000000
0.000000	125123.000000
0.000000	125123.000000
0.000000	125123.000000
0.000000	125123.000000
0.000000	125123.000000
0.000000	125123.000000
0.000000	125123.000000
0.000000	125123.000000
0.000000	125123.000000
0.000000	125124.000000
0.000000	125124.000000
0.000000	125124.000000
0.000000	125124.000000
0.000000	125124.000000
0.000000	125124.000000
0.000000	125124.000000
0.000000	125124.000000
0.000000	125124.000000
0.000000	125124.000000
0.000000	125124.000000
0.000000	125124.000000
0.000000	125124.000000
0.000000	125124.000000
0.000000	125124.000000
0.000000	125124.000000
0.000000	125124.000000
0.000000	125125.000000
0.000000	125125.000000
0.000000	125125.000000
0.000000	125125.000000
0.000000	125125.000000
0.000000	125125.000000
0.000000	125125.000000
0.000000	125125.000000
0.000000	125125.000000
0.000000	125125.000000
0.000000	125125.000000
0.000000	125125.000000
0.000000	125125.000000
0.000000	125125.000000
0.000000	125125.000000
0.000000	125125.000000
0.000000	125125.000000
0.000000	125126.000000
0.000000	125126.000000
0.000000	125126.000000
0.000000	125126.000000
0.000000	125126.000000
0.000000	125126.000000
0.000000	125126.000000
0.000000	125126.000000
0.000000	125126.000000
0.000000	125126.000000
0.000000	125126.000000
0.000000	125126.000000
0.000000	125126.000000
0.000000	125126.000000
0.000000	125126.000000
0.000000	125126.000000
0.000000	125126.000000
0.000000	125127.000000
0.000000	125127.000000
0.000000	125127.000000
0.000000	125127.000000
0.000000	125127.000000
0.000000	125127.000000
0.000000	125127.000000
0.000000	125127.000000
0.000000	125127.000000
0.000000	125127.000000
0.000000	125127.000000
0.000000	125127.000000
0.000000	125127.000000
0.000000	125127.000000
0.000000	125127.000000
0.000000	125127.000000
0.000000	125127.000000
0.000000	125128.000000
0.000000	125128.000000
0.000000	125128.000000
0.000000	125128.000000
0.000000	125128.000000
0.000000	125128.000000
0.000000	125128.000000
0.000000	125128.000000
0.000000	125128.000000
0.000000	125128.000000
0.000000	125128.000000
0.000000	125128.000000
0.000000	125128.000000
0.000000	125128.000000
0.000000	125128.000000
0.000000	125128.000000
0.000000	125128.000000
0.000000	125129.000000
0.000000	125129.000000
0.000000	125129.000000
0.000000	125129.000000
0.000000	125129.000000
0.000000	125129.000000
0.000000	125129.000000
0.000000	125129.000000
0.000000	125129.000000
0.000000	125129.000000
0.000000	125129.000000
0.000000	125129.000000
0.000000	125129.000000
0.000000	125129.000000
0.000000	125129.000000
0.000000	125129.000000
0.000000	125129.000000
0.000000	125130.000000
0.000000	125130.000000
0.000000	125130.000000
0.000000	125130.000000
0.000000	125130.000000
0.000000	125130.000000
0.000000	125130.000000
0.000000	125130.000000
0.000000	125130.000000
0.000000	125130.000000
0.000000	125130.000000
0.000000	125130.000000
0.000000	125130.000000
0.000000	125130.000000
0.000000	125130.000000
0.000000	125130.000000
0.000000	125130.000000
0.000000	125130.000000
0.000000	125131.000000
0.000000	125131.000000
0.000000	125131.000000
0.000000	125131.000000
0.000000	125131.000000
0.000000	125131.000000
0.000000	125131.000000
0.000000	125131.000000
0.000000	125131.000000
0.000000	125131.000000
0.000000	125131.000000
0.000000	125131.000000
0.000000	125131.000000
0.000000	125131.000000
0.000000	125131.000000
0.000000	125131.000000
0.000000	125131.000000
0.000000	125132.000000
0.000000	125132.000000
0.000000	125132.000000
0.000000	125132.000000
0.000000	125132.000000
0.000000	125132.000000
0.000000	125132.000000
0.000000	125132.000000
0.000000	125132.000000
0.000000	125132.000000
0.000000	125132.000000
0.000000	125132.000000
0.000000	125132.000000
0.000000	125132.000000
0.000000	125132.000000
0.000000	125132.000000
0.000000	125132.000000
0.000000	125133.000000
0.000000	125133.000000
0.000000	125133.000000
0.000000	125133.000000
0.000000	125133.000000
0.000000	125133.000000
0.000000	125133.000000
0.000000	125133.000000
0.000000	125133.000000
0.000000	125133.000000
0.000000	125133.000000
0.000000	125133.000000
0.000000	125133.000000
0.000000	125133.000000
0.000000	125133.000000
0.000000	125133.000000
0.000000	125133.000000
0.000000	125134.000000
0.000000	125134.000000
0.000000	125134.000000
0.000000	125134.000000
0.000000	125134.000000
0.000000	125134.000000
0.000000	125134.000000
0.000000	125134.000000
0.000000	125134.000000
0.000000	125134.000000
0.000000	125134.000000
0.000000	125134.000000
0.000000	125134.000000
0.000000	125134.000000
0.000000	125134.000000
0.000000	125134.000000
0.000000	125134.000000
0.000000	125135.000000
0.000000	125135.000000
0.000000	125135.000000
0.000000	125135.000000
0.000000	125135.000000
0.000000	125135.000000
0.000000	125135.000000
0.000000	125135.000000
0.000000	125135.000000
0.000000	125135.000000
0.000000	125135.000000
0.000000	125135.000000
0.000000	125135.000000
0.000000	125135.000000
0.000000	125135.000000
0.000000	125135.000000
0.000000	125135.000000
0.000000	125136.000000
0.000000	125136.000000
0.000000	125136.000000
0.000000	125136.000000
0.000000	125136.000000
0.000000	125136.000000
0.000000	125136.000000
0.000000	125136.000000
0.000000	125136.000000
0.000000	125136.000000
0.000000	125136.000000
0.000000	125136.000000
0.000000	125136.000000
0.000000	125136.000000
0.000000	125136.000000
0.000000	125136.000000
0.000000	125136.000000
0.000000	125137.000000
0.000000	125137.000000
0.000000	125137.000000
0.000000	125137.000000
0.000000	125137.000000
0.000000	125137.000000
0.000000	125137.000000
0.000000	125137.000000
0.000000	125137.000000
0.000000	125137.000000
0.000000	125137.000000
0.000000	125137.000000
0.000000	125137.000000
0.000000	125137.000000
0.000000	125137.000000
0.000000	125137.000000
0.000000	125137.000000
0.000000	125138.000000
0.000000	125138.000000
0.000000	125138.000000
0.000000	125138.000000
0.000000	125138.000000
0.000000	125138.000000
0.000000	125138.000000
0.000000	125138.000000
0.000000	125138.000000
0.000000	125138.000000
0.000000	125138.000000
0.000000	125138.000000
0.000000	125138.000000
0.000000	125138.000000
0.000000	125138.000000
0.000000	125138.000000
0.000000	125138.000000
0.000000	125139.000000
0.000000	125139.000000
0.000000	125139.000000
0.000000	125139.000000
0.000000	125139.000000
0.000000	125139.000000
0.000000	125139.000000
0.000000	125139.000000
0.000000	125139.000000
0.000000	125139.000000
0.000000	125139.000000
0.000000	125139.000000
0.000000	125139.000000
0.000000	125139.000000
0.000000	125139.000000
0.000000	125139.000000
0.000000	125139.000000
0.000000	125140.000000
0.000000	125140.000000
0.000000	125140.000000
0.000000	125140.000000
0.000000	125140.000000
0.000000	125140.000000
0.000000	125140.000000
0.000000	125140.000000
0.000000	125140.000000
0.000000	125140.000000
0.000000	125140.000000
0.000000	125140.000000
0.000000	125140.000000
0.000000	125140.000000
0.000000	125140.000000
0.000000	125140.000000
0.000000	125140.000000
0.000000	125141.000000
0.000000	125141.000000
0.000000	125141.000000
0.000000	125141.000000
0.000000	125141.000000
0.000000	125141.000000
0.000000	125141.000000
0.000000	125141.000000
0.000000	125141.000000
0.000000	125141.000000
0.000000	125141.000000
0.000000	125141.000000
0.000000	125141.000000
0.000000	125141.000000
0.000000	125141.000000
0.000000	125141.000000
0.000000	125141.000000
0.000000	125142.000000
0.000000	125142.000000
0.000000	125142.000000
0.000000	125142.000000
0.000000	125142.000000
0.000000	125142.000000
0.000000	125142.000000
0.000000	125142.000000
0.000000	125142.000000
0.000000	125142.000000
0.000000	125142.000000
0.000000	125142.000000
0.000000	125142.000000
0.000000	125142.000000
0.000000	125142.000000
0.000000	125142.000000
0.000000	125142.000000
0.000000	125143.000000
0.000000	125143.000000
0.000000	125143.000000
0.000000	125143.000000
0.000000	125143.000000
0.000000	125143.000000
0.000000	125143.000000
0.000000	125143.000000
0.000000	125143.000000
0.000000	125143.000000
0.000000	125143.000000
0.000000	125143.000000
0.000000	125143.000000
0.000000	125143.000000
0.000000	125143.000000
0.000000	125143.000000
0.000000	125143.000000
0.000000	125144.000000
0.000000	125144.000000
0.000000	125144.000000
0.000000	125144.000000
0.000000	125144.000000
0.000000	125144.000000
0.000000	125144.000000
0.000000	125144.000000
0.000000	125144.000000
0.000000	125144.000000
0.000000	125144.000000
0.000000	125144.000000
0.000000	125144.000000
0.000000	125144.000000
0.000000	125144.000000
0.000000	125144.000000
0.000000	125144.000000
0.000000	125145.000000
0.000000	125145.000000
0.000000	125145.000000
0.000000	125145.000000
0.000000	125145.000000
0.000000	125145.000000
0.000000	125145.000000
0.000000	125145.000000
0.000000	125145.000000
0.000000	125145.000000
0.000000	125145.000000
0.000000	125145.000000
0.000000	125145.000000
0.000000	125145.000000
0.000000	125145.000000
0.000000	125145.000000
0.000000	125145.000000
0.000000	125145.000000
0.000000	125146.000000
0.000000	125146.000000
0.000000	125146.000000
0.000000	125146.000000
0.000000	125146.000000
0.000000	125146.000000
0.000000	125146.000000
0.000000	125146.000000
0.000000	125146.000000
0.000000	125146.000000
0.000000	125146.000000
0.000000	125146.000000
0.000000	125146.000000
0.000000	125146.000000
0.000000	125146.000000
0.000000	125146.000000
0.000000	125146.000000
0.000000	125147.000000
0.000000	125147.000000
0.000000	125147.000000
0.000000	125147.000000
0.000000	125147.000000
0.000000	125147.000000
0.000000	125147.000000
0.000000	125147.000000
0.000000	125147.000000
0.000000	125147.000000
0.000000	125147.000000
0.000000	125147.000000
0.000000	125147.000000
0.000000	125147.000000
0.000000	125147.000000
0.000000	125147.000000
0.000000	125147.000000
0.000000	125148.000000
0.000000	125148.000000
0.000000	125148.000000
0.000000	125148.000000
0.000000	125148.000000
0.000000	125148.000000
0.000000	125148.000000
0.000000	125148.000000
0.000000	125148.000000
0.000000	125148.000000
0.000000	125148.000000
0.000000	125148.000000
0.000000	125148.000000
0.000000	125148.000000
0.000000	125148.000000
0.000000	125148.000000
0.000000	125148.000000
0.000000	125149.000000
0.000000	125149.000000
0.000000	125149.000000
0.000000	125149.000000
0.000000	125149.000000
0.000000	125149.000000
0.000000	125149.000000
0.000000	125149.000000
0.000000	125149.000000
0.000000	125149.000000
0.000000	125149.000000
0.000000	125149.000000
0.000000	125149.000000
0.000000	125149.000000
0.000000	125149.000000
0.000000	125149.000000
0.000000	125149.000000
0.000000	125150.000000
0.000000	125150.000000
0.000000	125150.000000
0.000000	125150.000000
0.000000	125150.000000
0.000000	125150.000000
0.000000	125150.000000
0.000000	125150.000000
0.000000	125150.000000
0.000000	125150.000000
0.000000	125150.000000
0.000000	125150.000000
0.000000	125150.000000
0.000000	125150.000000
0.000000	125150.000000
0.000000	125150.000000
0.000000	125150.000000
0.000000	125151.000000
0.000000	125151.000000
0.000000	125151.000000
0.000000	125151.000000
0.000000	125151.000000
0.000000	125151.000000
0.000000	125151.000000
0.000000	125151.000000
0.000000	125151.000000
0.000000	125151.000000
0.000000	125151.000000
0.000000	125151.000000
0.000000	125151.000000
0.000000	125151.000000
0.000000	125151.000000
0.000000	125151.000000
0.000000	125151.000000
0.000000	125152.000000
0.000000	125152.000000
0.000000	125152.000000
0.000000	125152.000000
0.000000	125152.000000
0.000000	125152.000000
0.000000	125152.000000
0.000000	125152.000000
0.000000	125152.000000
0.000000	125152.000000
0.000000	125152.000000
0.000000	125152.000000
0.000000	125152.000000
0.000000	125152.000000
0.000000	125152.000000
0.000000	125152.000000
0.000000	125152.000000
0.000000	125153.000000
0.000000	125153.000000
0.000000	125153.000000
0.000000	125153.000000
0.000000	125153.000000
0.000000	125153.000000
0.000000	125153.000000
0.000000	125153.000000
0.000000	125153.000000
0.000000	125153.000000
0.000000	125153.000000
0.000000	125153.000000
0.000000	125153.000000
0.000000	125153.000000
0.000000	125153.000000
0.000000	125153.000000
0.000000	125153.000000
0.000000	125154.000000
0.000000	125154.000000
0.000000	125154.000000
0.000000	125154.000000
0.000000	125154.000000
0.000000	125154.000000
0.000000	125154.000000
0.000000	125154.000000
0.000000	125154.000000
0.000000	125154.000000
0.000000	125154.000000
0.000000	125154.000000
0.000000	125154.000000
0.000000	125154.000000
0.000000	125154.000000
0.000000	125154.000000
0.000000	125154.000000
0.000000	125155.000000
0.000000	125155.000000
0.000000	125155.000000
0.000000	125155.000000
0.000000	125155.000000
0.000000	125155.000000
0.000000	125155.000000
0.000000	125155.000000
0.000000	125155.000000
0.000000	125155.000000
0.000000	125155.000000
0.000000	125155.000000
0.000000	125155.000000
0.000000	125155.000000
0.000000	125155.000000
0.000000	125155.000000
0.000000	125155.000000
0.000000	125156.000000
0.000000	125156.000000
0.000000	125156.000000
0.000000	125156.000000
0.000000	125156.000000
0.000000	125156.000000
0.000000	125156.000000
0.000000	125156.000000
0.000000	125156.000000
0.000000	125156.000000
0.000000	125156.000000
0.000000	125156.000000
0.000000	125156.000000
0.000000	125156.000000
0.000000	125156.000000
0.000000	125156.000000
0.000000	125156.000000
0.000000	125157.000000
0.000000	125157.000000
0.000000	125157.000000
0.000000	125157.000000
0.000000	125157.000000
0.000000	125157.000000
0.000000	125157.000000
0.000000	125157.000000
0.000000	125157.000000
0.000000	125157.000000
0.000000	125157.000000
0.000000	125157.000000
0.000000	125157.000000
0.000000	125157.000000
0.000000	125157.000000
0.000000	125157.000000
0.000000	125157.000000
0.000000	125158.000000
0.000000	125158.000000
0.000000	125158.000000
0.000000	125158.000000
0.000000	125158.000000
0.000000	125158.000000
0.000000	125158.000000
0.000000	125158.000000
0.000000	125158.000000
0.000000	125158.000000
0.000000	125158.000000
0.000000	125158.000000
0.000000	125158.000000
0.000000	125158.000000
0.000000	125158.000000
0.000000	125158.000000
0.000000	125158.000000
0.000000	125159.000000
0.000000	125159.000000
0.000000	125159.000000
0.000000	125159.000000
0.000000	125159.000000
0.000000	125159.000000
0.000000	125159.000000
0.000000	125159.000000
0.000000	125159.000000
0.000000	125159.000000
0.000000	125159.000000
0.000000	125159.000000
0.000000	125159.000000
0.000000	125159.000000
0.000000	125159.000000
0.000000	125159.000000
0.000000	125159.000000
0.000000	125200.000000
0.000000	125200.000000
0.000000	125200.000000
0.000000	125200.000000
0.000000	125200.000000
0.000000	125200.000000
0.000000	125200.000000
0.000000	125200.000000
0.000000	125200.000000
0.000000	125200.000000
0.000000	125200.000000
0.000000	125200.000000
0.000000	125200.000000
0.000000	125200.000000
0.000000	125200.000000
0.000000	125200.000000
0.000000	125200.000000
0.000000	125200.000000
0.000000	125201.000000
0.000000	125201.000000
0.000000	125201.000000
0.000000	125201.000000
0.000000	125201.000000
0.000000	125201.000000
0.000000	125201.000000
0.000000	125201.000000
0.000000	125201.000000
0.000000	125201.000000
0.000000	125201.000000
0.000000	125201.000000
0.000000	125201.000000
0.000000	125201.000000
0.000000	125201.000000
0.000000	125201.000000
0.000000	125201.000000
0.000000	125202.000000
0.000000	125202.000000
0.000000	125202.000000
0.000000	125202.000000
0.000000	125202.000000
0.000000	125202.000000
0.000000	125202.000000
0.000000	125202.000000
0.000000	125202.000000
0.000000	125202.000000
0.000000	125202.000000
0.000000	125202.000000
0.000000	125202.000000
0.000000	125202.000000
0.000000	125202.000000
0.000000	125202.000000
0.000000	125202.000000
0.000000	125203.000000
0.000000	125203.000000
0.000000	125203.000000
0.000000	125203.000000
0.000000	125203.000000
0.000000	125203.000000
0.000000	125203.000000
0.000000	125203.000000
0.000000	125203.000000
0.000000	125203.000000
0.000000	125203.000000
0.000000	125203.000000
0.000000	125203.000000
0.000000	125203.000000
0.000000	125203.000000
0.000000	125203.000000
0.000000	125203.000000
0.000000	125204.000000
0.000000	125204.000000
0.000000	125204.000000
0.000000	125204.000000
0.000000	125204.000000
0.000000	125204.000000
0.000000	125204.000000
0.000000	125204.000000
0.000000	125204.000000
0.000000	125204.000000
0.000000	125204.000000
0.000000	125204.000000
0.000000	125204.000000
0.000000	125204.000000
0.000000	125204.000000
0.000000	125204.000000
0.000000	125204.000000
0.000000	125205.000000
0.000000	125205.000000
0.000000	125205.000000
0.000000	125205.000000
0.000000	125205.000000
0.000000	125205.000000
0.000000	125205.000000
0.000000	125205.000000
0.000000	125205.000000
0.000000	125205.000000
0.000000	125205.000000
0.000000	125205.000000
0.000000	125205.000000
0.000000	125205.000000
0.000000	125205.000000
0.000000	125205.000000
0.000000	125205.000000
0.000000	125206.000000
0.000000	125206.000000
0.000000	125206.000000
0.000000	125206.000000
0.000000	125206.000000
0.000000	125206.000000
0.000000	125206.000000
0.000000	125206.000000
0.000000	125206.000000
0.000000	125206.000000
0.000000	125206.000000
0.000000	125206.000000
0.000000	125206.000000
0.000000	125206.000000
0.000000	125206.000000
0.000000	125206.000000
0.000000	125206.000000
0.000000	125207.000000
0.000000	125207.000000
0.000000	125207.000000
0.000000	125207.000000
0.000000	125207.000000
0.000000	125207.000000
0.000000	125207.000000
0.000000	125207.000000
0.000000	125207.000000
0.000000	125207.000000
0.000000	125207.000000
0.000000	125207.000000
0.000000	125207.000000
0.000000	125207.000000
0.000000	125207.000000
0.000000	125207.000000
0.000000	125207.000000
0.000000	125208.000000
0.000000	125208.000000
0.000000	125208.000000
0.000000	125208.000000
0.000000	125208.000000
0.000000	125208.000000
0.000000	125208.000000
0.000000	125208.000000
0.000000	125208.000000
0.000000	125208.000000
0.000000	125208.000000
0.000000	125208.000000
0.000000	125208.000000
0.000000	125208.000000
0.000000	125208.000000
0.000000	125208.000000
0.000000	125208.000000
0.000000	125209.000000
0.000000	125209.000000
0.000000	125209.000000
0.000000	125209.000000
0.000000	125209.000000
0.000000	125209.000000
0.000000	125209.000000
0.000000	125209.000000
0.000000	125209.000000
0.000000	125209.000000
0.000000	125209.000000
0.000000	125209.000000
0.000000	125209.000000
0.000000	125209.000000
0.000000	125209.000000
0.000000	125209.000000
0.000000	125209.000000
0.000000	125210.000000
0.000000	125210.000000
0.000000	125210.000000
0.000000	125210.000000
0.000000	125210.000000
0.000000	125210.000000
0.000000	125210.000000
0.000000	125210.000000
0.000000	125210.000000
0.000000	125210.000000
0.000000	125210.000000
0.000000	125210.000000
0.000000	125210.000000
0.000000	125210.000000
0.000000	125210.000000
0.000000	125210.000000
0.000000	125210.000000
0.000000	125211.000000
0.000000	125211.000000
0.000000	125211.000000
0.000000	125211.000000
0.000000	125211.000000
0.000000	125211.000000
0.000000	125211.000000
0.000000	125211.000000
0.000000	125211.000000
0.000000	125211.000000
0.000000	125211.000000
0.000000	125211.000000
0.000000	125211.000000
0.000000	125211.000000
0.000000	125211.000000
0.000000	125211.000000
0.000000	125211.000000
0.000000	125212.000000
0.000000	125212.000000
0.000000	125212.000000
0.000000	125212.000000
0.000000	125212.000000
0.000000	125212.000000
0.000000	125212.000000
0.000000	125212.000000
0.000000	125212.000000
0.000000	125212.000000
0.000000	125212.000000
0.000000	125212.000000
0.000000	125212.000000
0.000000	125212.000000
0.000000	125212.000000
0.000000	125212.000000
0.000000	125212.000000
0.000000	125213.000000
0.000000	125213.000000
0.000000	125213.000000
0.000000	125213.000000
0.000000	125213.000000
0.000000	125213.000000
0.000000	125213.000000
0.000000	125213.000000
0.000000	125213.000000
0.000000	125213.000000
0.000000	125213.000000
0.000000	125213.000000
0.000000	125213.000000
0.000000	125213.000000
0.000000	125213.000000
0.000000	125213.000000
0.000000	125213.000000
0.000000	125214.000000
0.000000	125214.000000
0.000000	125214.000000
0.000000	125214.000000
0.000000	125214.000000
0.000000	125214.000000
0.000000	125214.000000
0.000000	125214.000000
0.000000	125214.000000
0.000000	125214.000000
0.000000	125214.000000
0.000000	125214.000000
0.000000	125214.000000
0.000000	125214.000000
0.000000	125214.000000
0.000000	125214.000000
0.000000	125214.000000
0.000000	125215.000000
0.000000	125215.000000
0.000000	125215.000000
0.000000	125215.000000
0.000000	125215.000000
0.000000	125215.000000
0.000000	125215.000000
0.000000	125215.000000
0.000000	125215.000000
0.000000	125215.000000
0.000000	125215.000000
0.000000	125215.000000
0.000000	125215.000000
0.000000	125215.000000
0.000000	125215.000000
0.000000	125215.000000
0.000000	125215.000000
0.000000	125216.000000
0.000000	125216.000000
0.000000	125216.000000
0.000000	125216.000000
0.000000	125216.000000
0.000000	125216.000000
0.000000	125216.000000
0.000000	125216.000000
0.000000	125216.000000
0.000000	125216.000000
0.000000	125216.000000
0.000000	125216.000000
0.000000	125216.000000
0.000000	125216.000000
0.000000	125216.000000
0.000000	125216.000000
0.000000	125216.000000
0.000000	125216.000000
0.000000	125217.000000
0.000000	125217.000000
0.000000	125217.000000
0.000000	125217.000000
0.000000	125217.000000
0.000000	125217.000000
0.000000	125217.000000
0.000000	125217.000000
0.000000	125217.000000
0.000000	125217.000000
0.000000	125217.000000
0.000000	125217.000000
0.000000	125217.000000
0.000000	125217.000000
0.000000	125217.000000
0.000000	125217.000000
0.000000	125217.000000
0.000000	125218.000000
0.000000	125218.000000
0.000000	125218.000000
0.000000	125218.000000
0.000000	125218.000000
0.000000	125218.000000
0.000000	125218.000000
0.000000	125218.000000
0.000000	125218.000000
0.000000	125218.000000
0.000000	125218.000000
0.000000	125218.000000
0.000000	125218.000000
0.000000	125218.000000
0.000000	125218.000000
0.000000	125218.000000
0.000000	125218.000000
0.000000	125219.000000
0.000000	125219.000000
0.000000	125219.000000
0.000000	125219.000000
0.000000	125219.000000
0.000000	125219.000000
0.000000	125219.000000
0.000000	125219.000000
0.000000	125219.000000
0.000000	125219.000000
0.000000	125219.000000
0.000000	125219.000000
0.000000	125219.000000
0.000000	125219.000000
0.000000	125219.000000
0.000000	125219.000000
0.000000	125219.000000
0.000000	125220.000000
0.000000	125220.000000
0.000000	125220.000000
0.000000	125220.000000
0.000000	125220.000000
0.000000	125220.000000
0.000000	125220.000000
0.000000	125220.000000
0.000000	125220.000000
0.000000	125220.000000
0.000000	125220.000000
0.000000	125220.000000
0.000000	125220.000000
0.000000	125220.000000
0.000000	125220.000000
0.000000	125220.000000
0.000000	125220.000000
0.000000	125221.000000
0.000000	125221.000000
0.000000	125221.000000
0.000000	125221.000000
0.000000	125221.000000
0.000000	125221.000000
0.000000	125221.000000
0.000000	125221.000000
0.000000	125221.000000
0.000000	125221.000000
0.000000	125221.000000
0.000000	125221.000000
0.000000	125221.000000
0.000000	125221.000000
0.000000	125221.000000
0.000000	125221.000000
0.000000	125221.000000
0.000000	125222.000000
0.000000	125222.000000
0.000000	125222.000000
0.000000	125222.000000
0.000000	125222.000000
0.000000	125222.000000
0.000000	125222.000000
0.000000	125222.000000
0.000000	125222.000000
0.000000	125222.000000
0.000000	125222.000000
0.000000	125222.000000
0.000000	125222.000000
0.000000	125222.000000
0.000000	125222.000000
0.000000	125222.000000
0.000000	125222.000000
0.000000	125223.000000
0.000000	125223.000000
0.000000	125223.000000
0.000000	125223.000000
0.000000	125223.000000
0.000000	125223.000000
0.000000	125223.000000
0.000000	125223.000000
0.000000	125223.000000
0.000000	125223.000000
0.000000	125223.000000
0.000000	125223.000000
0.000000	125223.000000
0.000000	125223.000000
0.000000	125223.000000
0.000000	125223.000000
0.000000	125223.000000
0.000000	125224.000000
0.000000	125224.000000
0.000000	125224.000000
0.000000	125224.000000
0.000000	125224.000000
0.000000	125224.000000
0.000000	125224.000000
0.000000	125224.000000
0.000000	125224.000000
0.000000	125224.000000
0.000000	125224.000000
0.000000	125224.000000
0.000000	125224.000000
0.000000	125224.000000
0.000000	125224.000000
0.000000	125224.000000
0.000000	125224.000000
0.000000	125225.000000
0.000000	125225.000000
0.000000	125225.000000
0.000000	125225.000000
0.000000	125225.000000
0.000000	125225.000000
0.000000	125225.000000
0.000000	125225.000000
0.000000	125225.000000
0.000000	125225.000000
0.000000	125225.000000
0.000000	125225.000000
0.000000	125225.000000
0.000000	125225.000000
0.000000	125225.000000
0.000000	125225.000000
0.000000	125225.000000
0.000000	125226.000000
0.000000	125226.000000
0.000000	125226.000000
0.000000	125226.000000
0.000000	125226.000000
0.000000	125226.000000
0.000000	125226.000000
0.000000	125226.000000
0.000000	125226.000000
0.000000	125226.000000
0.000000	125226.000000
0.000000	125226.000000
0.000000	125226.000000
0.000000	125226.000000
0.000000	125226.000000
0.000000	125226.000000
0.000000	125226.000000
0.000000	125227.000000
0.000000	125227.000000
0.000000	125227.000000
0.000000	125227.000000
0.000000	125227.000000
0.000000	125227.000000
0.000000	125227.000000
0.000000	125227.000000
0.000000	125227.000000
0.000000	125227.000000
0.000000	125227.000000
0.000000	125227.000000
0.000000	125227.000000
0.000000	125227.000000
0.000000	125227.000000
0.000000	125227.000000
0.000000	125227.000000
0.000000	125228.000000
0.000000	125228.000000
0.000000	125228.000000
0.000000	125228.000000
0.000000	125228.000000
0.000000	125228.000000
0.000000	125228.000000
0.000000	125228.000000
0.000000	125228.000000
0.000000	125228.000000
0.000000	125228.000000
0.000000	125228.000000
0.000000	125228.000000
0.000000	125228.000000
0.000000	125228.000000
0.000000	125228.000000
0.000000	125228.000000
0.000000	125229.000000
0.000000	125229.000000
0.000000	125229.000000
0.000000	125229.000000
0.000000	125229.000000
0.000000	125229.000000
0.000000	125229.000000
0.000000	125229.000000
0.000000	125229.000000
0.000000	125229.000000
0.000000	125229.000000
0.000000	125229.000000
0.000000	125229.000000
0.000000	125229.000000
0.000000	125229.000000
0.000000	125229.000000
0.000000	125229.000000
0.000000	125230.000000
0.000000	125230.000000
0.000000	125230.000000
0.000000	125230.000000
0.000000	125230.000000
0.000000	125230.000000
0.000000	125230.000000
0.000000	125230.000000
0.000000	125230.000000
0.000000	125230.000000
0.000000	125230.000000
0.000000	125230.000000
0.000000	125230.000000
0.000000	125230.000000
0.000000	125230.000000
0.000000	125230.000000
0.000000	125230.000000
0.000000	125230.000000
0.000000	125231.000000
0.000000	125231.000000
0.000000	125231.000000
0.000000	125231.000000
0.000000	125231.000000
0.000000	125231.000000
0.000000	125231.000000
0.000000	125231.000000
0.000000	125231.000000
0.000000	125231.000000
0.000000	125231.000000
0.000000	125231.000000
0.000000	125231.000000
0.000000	125231.000000
0.000000	125231.000000
0.000000	125231.000000
0.000000	125231.000000
0.000000	125232.000000
0.000000	125232.000000
0.000000	125232.000000
0.000000	125232.000000
0.000000	125232.000000
0.000000	125232.000000
0.000000	125232.000000
0.000000	125232.000000
0.000000	125232.000000
0.000000	125232.000000
0.000000	125232.000000
0.000000	125232.000000
0.000000	125232.000000
0.000000	125232.000000
0.000000	125232.000000
0.000000	125232.000000
0.000000	125232.000000
0.000000	125233.000000
0.000000	125233.000000
0.000000	125233.000000
0.000000	125233.000000
0.000000	125233.000000
0.000000	125233.000000
0.000000	125233.000000
0.000000	125233.000000
0.000000	125233.000000
0.000000	125233.000000
0.000000	125233.000000
0.000000	125233.000000
0.000000	125233.000000
0.000000	125233.000000
0.000000	125233.000000
0.000000	125233.000000
0.000000	125233.000000
0.000000	125234.000000
0.000000	125234.000000
0.000000	125234.000000
0.000000	125234.000000
0.000000	125234.000000
0.000000	125234.000000
0.000000	125234.000000
0.000000	125234.000000
0.000000	125234.000000
0.000000	125234.000000
0.000000	125234.000000
0.000000	125234.000000
0.000000	125234.000000
0.000000	125234.000000
0.000000	125234.000000
0.000000	125234.000000
0.000000	125234.000000
0.000000	125235.000000
0.000000	125235.000000
0.000000	125235.000000
0.000000	125235.000000
0.000000	125235.000000
0.000000	125235.000000
0.000000	125235.000000
0.000000	125235.000000
0.000000	125235.000000
0.000000	125235.000000
0.000000	125235.000000
0.000000	125235.000000
0.000000	125235.000000
0.000000	125235.000000
0.000000	125235.000000
0.000000	125235.000000
0.000000	125235.000000
0.000000	125236.000000
0.000000	125236.000000
0.000000	125236.000000
0.000000	125236.000000
0.000000	125236.000000
0.000000	125236.000000
0.000000	125236.000000
0.000000	125236.000000
0.000000	125236.000000
0.000000	125236.000000
0.000000	125236.000000
0.000000	125236.000000
0.000000	125236.000000
0.000000	125236.000000
0.000000	125236.000000
0.000000	125236.000000
0.000000	125236.000000
0.000000	125237.000000
0.000000	125237.000000
0.000000	125237.000000
0.000000	125237.000000
0.000000	125237.000000
0.000000	125237.000000
0.000000	125237.000000
0.000000	125237.000000
0.000000	125237.000000
0.000000	125237.000000
0.000000	125237.000000
0.000000	125237.000000
0.000000	125237.000000
0.000000	125237.000000
0.000000	125237.000000
0.000000	125237.000000
0.000000	125237.000000
0.000000	125238.000000
0.000000	125238.000000
0.000000	125238.000000
0.000000	125238.000000
0.000000	125238.000000
0.000000	125238.000000
0.000000	125238.000000
0.000000	125238.000000
0.000000	125238.000000
0.000000	125238.000000
0.000000	125238.000000
0.000000	125238.000000
0.000000	125238.000000
0.000000	125238.000000
0.000000	125238.000000
0.000000	125238.000000
0.000000	125238.000000
0.000000	125239.000000
0.000000	125239.000000
0.000000	125239.000000
0.000000	125239.000000
0.000000	125239.000000
0.000000	125239.000000
0.000000	125239.000000
0.000000	125239.000000
0.000000	125239.000000
0.000000	125239.000000
0.000000	125239.000000
0.000000	125239.000000
0.000000	125239.000000
0.000000	125239.000000
0.000000	125239.000000
0.000000	125239.000000
0.000000	125239.000000
0.000000	125240.000000
0.000000	125240.000000
0.000000	125240.000000
0.000000	125240.000000
0.000000	125240.000000
0.000000	125240.000000
0.000000	125240.000000
0.000000	125240.000000
0.000000	125240.000000
0.000000	125240.000000
0.000000	125240.000000
0.000000	125240.000000
0.000000	125240.000000
0.000000	125240.000000
0.000000	125240.000000
0.000000	125240.000000
0.000000	125240.000000
0.000000	125241.000000
0.000000	125241.000000
0.000000	125241.000000
0.000000	125241.000000
0.000000	125241.000000
0.000000	125241.000000
0.000000	125241.000000
0.000000	125241.000000
0.000000	125241.000000
0.000000	125241.000000
0.000000	125241.000000
0.000000	125241.000000
0.000000	125241.000000
0.000000	125241.000000
0.000000	125241.000000
0.000000	125241.000000
0.000000	125241.000000
0.000000	125242.000000
0.000000	125242.000000
0.000000	125242.000000
0.000000	125242.000000
0.000000	125242.000000
0.000000	125242.000000
0.000000	125242.000000
0.000000	125242.000000
0.000000	125242.000000
0.000000	125242.000000
0.000000	125242.000000
0.000000	125242.000000
0.000000	125242.000000
0.000000	125242.000000
0.000000	125242.000000
0.000000	125242.000000
0.000000	125242.000000
0.000000	125243.000000
0.000000	125243.000000
0.000000	125243.000000
0.000000	125243.000000
0.000000	125243.000000
0.000000	125243.000000
0.000000	125243.000000
0.000000	125243.000000
0.000000	125243.000000
0.000000	125243.000000
0.000000	125243.000000
0.000000	125243.000000
0.000000	125243.000000
0.000000	125243.000000
0.000000	125243.000000
0.000000	125243.000000
0.000000	125243.000000
0.000000	125244.000000
0.000000	125244.000000
0.000000	125244.000000
0.000000	125244.000000
0.000000	125244.000000
0.000000	125244.000000
0.000000	125244.000000
0.000000	125244.000000
0.000000	125244.000000
0.000000	125244.000000
0.000000	125244.000000
0.000000	125244.000000
0.000000	125244.000000
0.000000	125244.000000
0.000000	125244.000000
0.000000	125244.000000
0.000000	125244.000000
0.000000	125245.000000
0.000000	125245.000000
0.000000	125245.000000
0.000000	125245.000000
0.000000	125245.000000
0.000000	125245.000000
0.000000	125245.000000
0.000000	125245.000000
0.000000	125245.000000
0.000000	125245.000000
0.000000	125245.000000
0.000000	125245.000000
0.000000	125245.000000
0.000000	125245.000000
0.000000	125245.000000
0.000000	125245.000000
0.000000	125245.000000
0.000000	125245.000000
0.000000	125246.000000
0.000000	125246.000000
0.000000	125246.000000
0.000000	125246.000000
0.000000	125246.000000
0.000000	125246.000000
0.000000	125246.000000
0.000000	125246.000000
0.000000	125246.000000
0.000000	125246.000000
0.000000	125246.000000
0.000000	125246.000000
0.000000	125246.000000
0.000000	125246.000000
0.000000	125246.000000
0.000000	125246.000000
0.000000	125246.000000
0.000000	125247.000000
0.000000	125247.000000
0.000000	125247.000000
0.000000	125247.000000
0.000000	125247.000000
0.000000	125247.000000
0.000000	125247.000000
0.000000	125247.000000
0.000000	125247.000000
0.000000	125247.000000
0.000000	125247.000000
0.000000	125247.000000
0.000000	125247.000000
0.000000	125247.000000
0.000000	125247.000000
0.000000	125247.000000
0.000000	125247.000000
0.000000	125248.000000
0.000000	125248.000000
0.000000	125248.000000
0.000000	125248.000000
0.000000	125248.000000
0.000000	125248.000000
0.000000	125248.000000
0.000000	125248.000000
0.000000	125248.000000
0.000000	125248.000000
0.000000	125248.000000
0.000000	125248.000000
0.000000	125248.000000
0.000000	125248.000000
0.000000	125248.000000
0.000000	125248.000000
0.000000	125249.000000
0.000000	125249.000000
0.000000	125249.000000
0.000000	125249.000000
0.000000	125249.000000
0.000000	125249.000000
0.000000	125249.000000
0.000000	125249.000000
0.000000	125249.000000
0.000000	125249.000000
0.000000	125249.000000
0.000000	125249.000000
0.000000	125249.000000
0.000000	125249.000000
0.000000	125249.000000
0.000000	125249.000000
0.000000	125249.000000
0.000000	125249.000000
0.000000	125250.000000
0.000000	125250.000000
0.000000	125250.000000
0.000000	125250.000000
0.000000	125250.000000
0.000000	125250.000000
0.000000	125250.000000
0.000000	125250.000000
0.000000	125250.000000
0.000000	125250.000000
0.000000	125250.000000
0.000000	125250.000000
0.000000	125250.000000
0.000000	125250.000000
0.000000	125250.000000
0.000000	125250.000000
0.000000	125250.000000
0.000000	125251.000000
0.000000	125251.000000
0.000000	125251.000000
0.000000	125251.000000
0.000000	125251.000000
0.000000	125251.000000
0.000000	125251.000000
0.000000	125251.000000
0.000000	125251.000000
0.000000	125251.000000
0.000000	125251.000000
0.000000	125251.000000
0.000000	125251.000000
0.000000	125251.000000
0.000000	125251.000000
0.000000	125251.000000
0.000000	125251.000000
0.000000	125252.000000
0.000000	125252.000000
0.000000	125252.000000
0.000000	125252.000000
0.000000	125252.000000
0.000000	125252.000000
0.000000	125252.000000
0.000000	125252.000000
0.000000	125252.000000
0.000000	125252.000000
0.000000	125252.000000
0.000000	125252.000000
0.000000	125252.000000
0.000000	125252.000000
0.000000	125252.000000
0.000000	125252.000000
0.000000	125252.000000
0.000000	125253.000000
0.000000	125253.000000
0.000000	125253.000000
0.000000	125253.000000
0.000000	125253.000000
0.000000	125253.000000
0.000000	125253.000000
0.000000	125253.000000
0.000000	125253.000000
0.000000	125253.000000
0.000000	125253.000000
0.000000	125253.000000
0.000000	125253.000000
0.000000	125253.000000
0.000000	125253.000000
0.000000	125253.000000
0.000000	125253.000000
0.000000	125254.000000
0.000000	125254.000000
0.000000	125254.000000
0.000000	125254.000000
0.000000	125254.000000
0.000000	125254.000000
0.000000	125254.000000
0.000000	125254.000000
0.000000	125254.000000
0.000000	125254.000000
0.000000	125254.000000
0.000000	125254.000000
0.000000	125254.000000
0.000000	125254.000000
0.000000	125254.000000
0.000000	125254.000000
0.000000	125254.000000
0.000000	125255.000000
0.000000	125255.000000
0.000000	125255.000000
0.000000	125255.000000
0.000000	125255.000000
0.000000	125255.000000
0.000000	125255.000000
0.000000	125255.000000
0.000000	125255.000000
0.000000	125255.000000
0.000000	125255.000000
0.000000	125255.000000
0.000000	125255.000000
0.000000	125255.000000
0.000000	125255.000000
0.000000	125255.000000
0.000000	125255.000000
0.000000	125256.000000
0.000000	125256.000000
0.000000	125256.000000
0.000000	125256.000000
0.000000	125256.000000
0.000000	125256.000000
0.000000	125256.000000
0.000000	125256.000000
0.000000	125256.000000
0.000000	125256.000000
0.000000	125256.000000
0.000000	125256.000000
0.000000	125256.000000
0.000000	125256.000000
0.000000	125256.000000
0.000000	125256.000000
0.000000	125256.000000
0.000000	125257.000000
0.000000	125257.000000
0.000000	125257.000000
0.000000	125257.000000
0.000000	125257.000000
0.000000	125257.000000
0.000000	125257.000000
0.000000	125257.000000
0.000000	125257.000000
0.000000	125257.000000
0.000000	125257.000000
0.000000	125257.000000
0.000000	125257.000000
0.000000	125257.000000
0.000000	125257.000000
0.000000	125257.000000
0.000000	125257.000000
0.000000	125258.000000
0.000000	125258.000000
0.000000	125258.000000
0.000000	125258.000000
0.000000	125258.000000
0.000000	125258.000000
0.000000	125258.000000
0.000000	125258.000000
0.000000	125258.000000
0.000000	125258.000000
0.000000	125258.000000
0.000000	125258.000000
0.000000	125258.000000
0.000000	125258.000000
0.000000	125258.000000
0.000000	125258.000000
0.000000	125258.000000
0.000000	125259.000000
0.000000	125259.000000
0.000000	125259.000000
0.000000	125259.000000
0.000000	125259.000000
0.000000	125259.000000
0.000000	125259.000000
0.000000	125259.000000
0.000000	125259.000000
0.000000	125259.000000
0.000000	125259.000000
0.000000	125259.000000
0.000000	125259.000000
0.000000	125259.000000
0.000000	125259.000000
0.000000	125259.000000
0.000000	125259.000000
0.000000	125300.000000
0.000000	125300.000000
0.000000	125300.000000
0.000000	125300.000000
0.000000	125300.000000
0.000000	125300.000000
0.000000	125300.000000
0.000000	125300.000000
0.000000	125300.000000
0.000000	125300.000000
0.000000	125300.000000
0.000000	125300.000000
0.000000	125300.000000
0.000000	125300.000000
0.000000	125300.000000
0.000000	125300.000000
0.000000	125300.000000
0.000000	125300.000000
0.000000	125301.000000
0.000000	125301.000000
0.000000	125301.000000
0.000000	125301.000000
0.000000	125301.000000
0.000000	125301.000000
0.000000	125301.000000
0.000000	125301.000000
0.000000	125301.000000
0.000000	125301.000000
0.000000	125301.000000
0.000000	125301.000000
0.000000	125301.000000
0.000000	125301.000000
0.000000	125301.000000
0.000000	125301.000000
0.000000	125301.000000
0.000000	125302.000000
0.000000	125302.000000
0.000000	125302.000000
0.000000	125302.000000
0.000000	125302.000000
0.000000	125302.000000
0.000000	125302.000000
0.000000	125302.000000
0.000000	125302.000000
0.000000	125302.000000
0.000000	125302.000000
0.000000	125302.000000
0.000000	125302.000000
0.000000	125302.000000
0.000000	125302.000000
0.000000	125302.000000
0.000000	125302.000000
0.000000	125303.000000
0.000000	125303.000000
0.000000	125303.000000
0.000000	125303.000000
0.000000	125303.000000
0.000000	125303.000000
0.000000	125303.000000
0.000000	125303.000000
0.000000	125303.000000
0.000000	125303.000000
0.000000	125303.000000
0.000000	125303.000000
0.000000	125303.000000
0.000000	125303.000000
0.000000	125303.000000
0.000000	125303.000000
0.000000	125303.000000
0.000000	125304.000000
0.000000	125304.000000
0.000000	125304.000000
0.000000	125304.000000
0.000000	125304.000000
0.000000	125304.000000
0.000000	125304.000000
0.000000	125304.000000
0.000000	125304.000000
0.000000	125304.000000
0.000000	125304.000000
0.000000	125304.000000
0.000000	125304.000000
0.000000	125304.000000
0.000000	125304.000000
0.000000	125304.000000
0.000000	125304.000000
0.000000	125305.000000
0.000000	125305.000000
0.000000	125305.000000
0.000000	125305.000000
0.000000	125305.000000
0.000000	125305.000000
0.000000	125305.000000
0.000000	125305.000000
0.000000	125305.000000
0.000000	125305.000000
0.000000	125305.000000
0.000000	125305.000000
0.000000	125305.000000
0.000000	125305.000000
0.000000	125305.000000
0.000000	125305.000000
0.000000	125305.000000
0.000000	125306.000000
0.000000	125306.000000
0.000000	125306.000000
0.000000	125306.000000
0.000000	125306.000000
0.000000	125306.000000
0.000000	125306.000000
0.000000	125306.000000
0.000000	125306.000000
0.000000	125306.000000
0.000000	125306.000000
0.000000	125306.000000
0.000000	125306.000000
0.000000	125306.000000
0.000000	125306.000000
0.000000	125306.000000
0.000000	125306.000000
0.000000	125307.000000
0.000000	125307.000000
0.000000	125307.000000
0.000000	125307.000000
0.000000	125307.000000
0.000000	125307.000000
0.000000	125307.000000
0.000000	125307.000000
0.000000	125307.000000
0.000000	125307.000000
0.000000	125307.000000
0.000000	125307.000000
0.000000	125307.000000
0.000000	125307.000000
0.000000	125307.000000
0.000000	125307.000000
0.000000	125307.000000
0.000000	125308.000000
0.000000	125308.000000
0.000000	125308.000000
0.000000	125308.000000
0.000000	125308.000000
0.000000	125308.000000
0.000000	125308.000000
0.000000	125308.000000
0.000000	125308.000000
0.000000	125308.000000
0.000000	125308.000000
0.000000	125308.000000
0.000000	125308.000000
0.000000	125308.000000
0.000000	125308.000000
0.000000	125308.000000
0.000000	125308.000000
0.000000	125309.000000
0.000000	125309.000000
0.000000	125309.000000
0.000000	125309.000000
0.000000	125309.000000
0.000000	125309.000000
0.000000	125309.000000
0.000000	125309.000000
0.000000	125309.000000
0.000000	125309.000000
0.000000	125309.000000
0.000000	125309.000000
0.000000	125309.000000
0.000000	125309.000000
0.000000	125309.000000
0.000000	125309.000000
0.000000	125309.000000
0.000000	125310.000000
0.000000	125310.000000
0.000000	125310.000000
0.000000	125310.000000
0.000000	125310.000000
0.000000	125310.000000
0.000000	125310.000000
0.000000	125310.000000
0.000000	125310.000000
0.000000	125310.000000
0.000000	125310.000000
0.000000	125310.000000
0.000000	125310.000000
0.000000	125310.000000
0.000000	125310.000000
0.000000	125310.000000
0.000000	125310.000000
0.000000	125311.000000
0.000000	125311.000000
0.000000	125311.000000
0.000000	125311.000000
0.000000	125311.000000
0.000000	125311.000000
0.000000	125311.000000
0.000000	125311.000000
0.000000	125311.000000
0.000000	125311.000000
0.000000	125311.000000
0.000000	125311.000000
0.000000	125311.000000
0.000000	125311.000000
0.000000	125311.000000
0.000000	125311.000000
0.000000	125311.000000
0.000000	125312.000000
0.000000	125312.000000
0.000000	125312.000000
0.000000	125312.000000
0.000000	125312.000000
0.000000	125312.000000
0.000000	125312.000000
0.000000	125312.000000
