0.000000	42317.000000
0.000000	42317.000000
0.000000	42317.000000
0.000000	42317.000000
0.000000	42317.000000
0.000000	42317.000000
0.000000	42317.000000
0.000000	42317.000000
0.000000	42317.000000
0.000000	42317.000000
0.000000	42318.000000
0.000000	42318.000000
0.000000	42318.000000
0.000000	42318.000000
0.000000	42318.000000
0.000000	42318.000000
0.000000	42318.000000
0.000000	42318.000000
0.000000	42318.000000
0.000000	42318.000000
0.000000	42318.000000
0.000000	42318.000000
0.000000	42318.000000
0.000000	42318.000000
0.000000	42318.000000
0.000000	42318.000000
0.000000	42318.000000
0.000000	42319.000000
0.000000	42319.000000
0.000000	42319.000000
0.000000	42319.000000
0.000000	42319.000000
0.000000	42319.000000
0.000000	42319.000000
0.000000	42319.000000
0.000000	42319.000000
0.000000	42319.000000
0.000000	42319.000000
0.000000	42319.000000
0.000000	42319.000000
0.000000	42319.000000
0.000000	42319.000000
0.000000	42319.000000
0.000000	42319.000000
0.000000	42320.000000
0.000000	42320.000000
0.000000	42320.000000
0.000000	42320.000000
0.000000	42320.000000
0.000000	42320.000000
0.000000	42320.000000
0.000000	42320.000000
0.000000	42320.000000
0.000000	42320.000000
0.000000	42320.000000
0.000000	42320.000000
0.000000	42320.000000
0.000000	42320.000000
0.000000	42320.000000
0.000000	42320.000000
0.000000	42320.000000
0.000000	42321.000000
0.000000	42321.000000
0.000000	42321.000000
0.000000	42321.000000
0.000000	42321.000000
0.000000	42321.000000
0.000000	42321.000000
0.000000	42321.000000
0.000000	42321.000000
0.000000	42321.000000
0.000000	42321.000000
0.000000	42321.000000
0.000000	42321.000000
0.000000	42321.000000
0.000000	42321.000000
0.000000	42321.000000
0.000000	42321.000000
0.000000	42322.000000
0.000000	42322.000000
0.000000	42322.000000
0.000000	42322.000000
0.000000	42322.000000
0.000000	42322.000000
0.000000	42322.000000
0.000000	42322.000000
0.000000	42322.000000
0.000000	42322.000000
0.000000	42322.000000
0.000000	42322.000000
0.000000	42322.000000
0.000000	42322.000000
0.000000	42322.000000
0.000000	42322.000000
0.000000	42322.000000
0.000000	42323.000000
0.000000	42323.000000
0.000000	42323.000000
0.000000	42323.000000
0.000000	42323.000000
0.000000	42323.000000
0.000000	42323.000000
0.000000	42323.000000
0.000000	42323.000000
0.000000	42323.000000
0.000000	42323.000000
0.000000	42323.000000
0.000000	42323.000000
0.000000	42323.000000
0.000000	42323.000000
0.000000	42323.000000
0.000000	42323.000000
0.000000	42324.000000
0.000000	42324.000000
0.000000	42324.000000
0.000000	42324.000000
0.000000	42324.000000
0.000000	42324.000000
0.000000	42324.000000
0.000000	42324.000000
0.000000	42324.000000
0.000000	42324.000000
0.000000	42324.000000
0.000000	42324.000000
0.000000	42324.000000
0.000000	42324.000000
0.000000	42324.000000
0.000000	42324.000000
0.000000	42324.000000
0.000000	42325.000000
0.000000	42325.000000
0.000000	42325.000000
0.000000	42325.000000
0.000000	42325.000000
0.000000	42325.000000
0.000000	42325.000000
0.000000	42325.000000
0.000000	42325.000000
0.000000	42325.000000
0.000000	42325.000000
0.000000	42325.000000
0.000000	42325.000000
0.000000	42325.000000
0.000000	42325.000000
0.000000	42325.000000
0.000000	42325.000000
0.000000	42326.000000
0.000000	42326.000000
0.000000	42326.000000
0.000000	42326.000000
0.000000	42326.000000
0.000000	42326.000000
0.000000	42326.000000
0.000000	42326.000000
0.000000	42326.000000
0.000000	42326.000000
0.000000	42326.000000
0.000000	42326.000000
0.000000	42326.000000
0.000000	42326.000000
0.000000	42326.000000
0.000000	42326.000000
0.000000	42326.000000
0.000000	42327.000000
0.000000	42327.000000
0.000000	42327.000000
0.000000	42327.000000
0.000000	42327.000000
0.000000	42327.000000
0.000000	42327.000000
0.000000	42327.000000
0.000000	42327.000000
0.000000	42327.000000
0.000000	42327.000000
0.000000	42327.000000
0.000000	42327.000000
0.000000	42327.000000
0.000000	42327.000000
0.000000	42327.000000
0.000000	42327.000000
0.000000	42328.000000
0.000000	42328.000000
0.000000	42328.000000
0.000000	42328.000000
0.000000	42328.000000
0.000000	42328.000000
0.000000	42328.000000
0.000000	42328.000000
0.000000	42328.000000
0.000000	42328.000000
0.000000	42328.000000
0.000000	42328.000000
0.000000	42328.000000
0.000000	42328.000000
0.000000	42328.000000
0.000000	42328.000000
0.000000	42328.000000
0.000000	42329.000000
0.000000	42329.000000
0.000000	42329.000000
0.000000	42329.000000
0.000000	42329.000000
0.000000	42329.000000
0.000000	42329.000000
0.000000	42329.000000
0.000000	42329.000000
0.000000	42329.000000
0.000000	42329.000000
0.000000	42329.000000
0.000000	42329.000000
0.000000	42329.000000
0.000000	42329.000000
0.000000	42329.000000
0.000000	42329.000000
0.000000	42330.000000
0.000000	42330.000000
0.000000	42330.000000
0.000000	42330.000000
0.000000	42330.000000
0.000000	42330.000000
0.000000	42330.000000
0.000000	42330.000000
0.000000	42330.000000
0.000000	42330.000000
0.000000	42330.000000
0.000000	42330.000000
0.000000	42330.000000
0.000000	42330.000000
0.000000	42330.000000
0.000000	42330.000000
0.000000	42330.000000
0.000000	42331.000000
0.000000	42331.000000
0.000000	42331.000000
0.000000	42331.000000
0.000000	42331.000000
0.000000	42331.000000
0.000000	42331.000000
0.000000	42331.000000
0.000000	42331.000000
0.000000	42331.000000
0.000000	42331.000000
0.000000	42331.000000
0.000000	42331.000000
0.000000	42331.000000
0.000000	42331.000000
0.000000	42331.000000
0.000000	42331.000000
0.000000	42331.000000
0.000000	42332.000000
0.000000	42332.000000
0.000000	42332.000000
0.000000	42332.000000
0.000000	42332.000000
0.000000	42332.000000
0.000000	42332.000000
0.000000	42332.000000
0.000000	42332.000000
0.000000	42332.000000
0.000000	42332.000000
0.000000	42332.000000
0.000000	42332.000000
0.000000	42332.000000
0.000000	42332.000000
0.000000	42332.000000
0.000000	42332.000000
0.000000	42333.000000
0.000000	42333.000000
0.000000	42333.000000
0.000000	42333.000000
0.000000	42333.000000
0.000000	42333.000000
0.000000	42333.000000
0.000000	42333.000000
0.000000	42333.000000
0.000000	42333.000000
0.000000	42333.000000
0.000000	42333.000000
0.000000	42333.000000
0.000000	42333.000000
0.000000	42333.000000
0.000000	42333.000000
0.000000	42333.000000
0.000000	42334.000000
0.000000	42334.000000
0.000000	42334.000000
0.000000	42334.000000
0.000000	42334.000000
0.000000	42334.000000
0.000000	42334.000000
0.000000	42334.000000
0.000000	42334.000000
0.000000	42334.000000
0.000000	42334.000000
0.000000	42334.000000
0.000000	42334.000000
0.000000	42334.000000
0.000000	42334.000000
0.000000	42334.000000
0.000000	42334.000000
0.000000	42335.000000
0.000000	42335.000000
0.000000	42335.000000
0.000000	42335.000000
0.000000	42335.000000
0.000000	42335.000000
0.000000	42335.000000
0.000000	42335.000000
0.000000	42335.000000
0.000000	42335.000000
0.000000	42335.000000
0.000000	42335.000000
0.000000	42335.000000
0.000000	42335.000000
0.000000	42335.000000
0.000000	42335.000000
0.000000	42335.000000
0.000000	42336.000000
0.000000	42336.000000
0.000000	42336.000000
0.000000	42336.000000
0.000000	42336.000000
0.000000	42336.000000
0.000000	42336.000000
0.000000	42336.000000
0.000000	42336.000000
0.000000	42336.000000
0.000000	42336.000000
0.000000	42336.000000
0.000000	42336.000000
0.000000	42336.000000
0.000000	42336.000000
0.000000	42336.000000
0.000000	42336.000000
0.000000	42337.000000
0.000000	42337.000000
0.000000	42337.000000
0.000000	42337.000000
0.000000	42337.000000
0.000000	42337.000000
0.000000	42337.000000
0.000000	42337.000000
0.000000	42337.000000
0.000000	42337.000000
0.000000	42337.000000
0.000000	42337.000000
0.000000	42337.000000
0.000000	42337.000000
0.000000	42337.000000
0.000000	42337.000000
0.000000	42337.000000
0.000000	42338.000000
0.000000	42338.000000
0.000000	42338.000000
0.000000	42338.000000
0.000000	42338.000000
0.000000	42338.000000
0.000000	42338.000000
0.000000	42338.000000
0.000000	42338.000000
0.000000	42338.000000
0.000000	42338.000000
0.000000	42338.000000
0.000000	42338.000000
0.000000	42338.000000
0.000000	42338.000000
0.000000	42338.000000
0.000000	42338.000000
0.000000	42339.000000
0.000000	42339.000000
0.000000	42339.000000
0.000000	42339.000000
0.000000	42339.000000
0.000000	42339.000000
0.000000	42339.000000
0.000000	42339.000000
0.000000	42339.000000
0.000000	42339.000000
0.000000	42339.000000
0.000000	42339.000000
0.000000	42339.000000
0.000000	42339.000000
0.000000	42339.000000
0.000000	42339.000000
0.000000	42339.000000
0.000000	42340.000000
0.000000	42340.000000
0.000000	42340.000000
0.000000	42340.000000
0.000000	42340.000000
0.000000	42340.000000
0.000000	42340.000000
0.000000	42340.000000
0.000000	42340.000000
0.000000	42340.000000
0.000000	42340.000000
0.000000	42340.000000
0.000000	42340.000000
0.000000	42340.000000
0.000000	42340.000000
0.000000	42340.000000
0.000000	42340.000000
0.000000	42341.000000
0.000000	42341.000000
0.000000	42341.000000
0.000000	42341.000000
0.000000	42341.000000
0.000000	42341.000000
0.000000	42341.000000
0.000000	42341.000000
0.000000	42341.000000
0.000000	42341.000000
0.000000	42341.000000
0.000000	42341.000000
0.000000	42341.000000
0.000000	42341.000000
0.000000	42341.000000
0.000000	42341.000000
0.000000	42341.000000
0.000000	42342.000000
0.000000	42342.000000
0.000000	42342.000000
0.000000	42342.000000
0.000000	42342.000000
0.000000	42342.000000
0.000000	42342.000000
0.000000	42342.000000
0.000000	42342.000000
0.000000	42342.000000
0.000000	42342.000000
0.000000	42342.000000
0.000000	42342.000000
0.000000	42342.000000
0.000000	42342.000000
0.000000	42342.000000
0.000000	42342.000000
0.000000	42343.000000
0.000000	42343.000000
0.000000	42343.000000
0.000000	42343.000000
0.000000	42343.000000
0.000000	42343.000000
0.000000	42343.000000
0.000000	42343.000000
0.000000	42343.000000
0.000000	42343.000000
0.000000	42343.000000
0.000000	42343.000000
0.000000	42343.000000
0.000000	42343.000000
0.000000	42343.000000
0.000000	42343.000000
0.000000	42343.000000
0.000000	42344.000000
0.000000	42344.000000
0.000000	42344.000000
0.000000	42344.000000
0.000000	42344.000000
0.000000	42344.000000
0.000000	42344.000000
0.000000	42344.000000
0.000000	42344.000000
0.000000	42344.000000
0.000000	42344.000000
0.000000	42344.000000
0.000000	42344.000000
0.000000	42344.000000
0.000000	42344.000000
0.000000	42344.000000
0.000000	42344.000000
0.000000	42345.000000
0.000000	42345.000000
0.000000	42345.000000
0.000000	42345.000000
0.000000	42345.000000
0.000000	42345.000000
0.000000	42345.000000
0.000000	42345.000000
0.000000	42345.000000
0.000000	42345.000000
0.000000	42345.000000
0.000000	42345.000000
0.000000	42345.000000
0.000000	42345.000000
0.000000	42345.000000
0.000000	42345.000000
0.000000	42345.000000
0.000000	42346.000000
0.000000	42346.000000
0.000000	42346.000000
0.000000	42346.000000
0.000000	42346.000000
0.000000	42346.000000
0.000000	42346.000000
0.000000	42346.000000
0.000000	42346.000000
0.000000	42346.000000
0.000000	42346.000000
0.000000	42346.000000
0.000000	42346.000000
0.000000	42346.000000
0.000000	42346.000000
0.000000	42346.000000
0.000000	42346.000000
0.000000	42346.000000
0.000000	42347.000000
0.000000	42347.000000
0.000000	42347.000000
0.000000	42347.000000
0.000000	42347.000000
0.000000	42347.000000
0.000000	42347.000000
0.000000	42347.000000
0.000000	42347.000000
0.000000	42347.000000
0.000000	42347.000000
0.000000	42347.000000
0.000000	42347.000000
0.000000	42347.000000
0.000000	42347.000000
0.000000	42347.000000
0.000000	42347.000000
0.000000	42348.000000
0.000000	42348.000000
0.000000	42348.000000
0.000000	42348.000000
0.000000	42348.000000
0.000000	42348.000000
0.000000	42348.000000
0.000000	42348.000000
0.000000	42348.000000
0.000000	42348.000000
0.000000	42348.000000
0.000000	42348.000000
0.000000	42348.000000
0.000000	42348.000000
0.000000	42348.000000
0.000000	42348.000000
0.000000	42348.000000
0.000000	42349.000000
0.000000	42349.000000
0.000000	42349.000000
0.000000	42349.000000
0.000000	42349.000000
0.000000	42349.000000
0.000000	42349.000000
0.000000	42349.000000
0.000000	42349.000000
0.000000	42349.000000
0.000000	42349.000000
0.000000	42349.000000
0.000000	42349.000000
0.000000	42349.000000
0.000000	42349.000000
0.000000	42349.000000
0.000000	42349.000000
0.000000	42350.000000
0.000000	42350.000000
0.000000	42350.000000
0.000000	42350.000000
0.000000	42350.000000
0.000000	42350.000000
0.000000	42350.000000
0.000000	42350.000000
0.000000	42350.000000
0.000000	42350.000000
0.000000	42350.000000
0.000000	42350.000000
0.000000	42350.000000
0.000000	42350.000000
0.000000	42350.000000
0.000000	42350.000000
0.000000	42350.000000
0.000000	42351.000000
0.000000	42351.000000
0.000000	42351.000000
0.000000	42351.000000
0.000000	42351.000000
0.000000	42351.000000
0.000000	42351.000000
0.000000	42351.000000
0.000000	42351.000000
0.000000	42351.000000
0.000000	42351.000000
0.000000	42351.000000
0.000000	42351.000000
0.000000	42351.000000
0.000000	42351.000000
0.000000	42351.000000
0.000000	42351.000000
0.000000	42352.000000
0.000000	42352.000000
0.000000	42352.000000
0.000000	42352.000000
0.000000	42352.000000
0.000000	42352.000000
0.000000	42352.000000
0.000000	42352.000000
0.000000	42352.000000
0.000000	42352.000000
0.000000	42352.000000
0.000000	42352.000000
0.000000	42352.000000
0.000000	42352.000000
0.000000	42352.000000
0.000000	42352.000000
0.000000	42352.000000
0.000000	42353.000000
0.000000	42353.000000
0.000000	42353.000000
0.000000	42353.000000
0.000000	42353.000000
0.000000	42353.000000
0.000000	42353.000000
0.000000	42353.000000
0.000000	42353.000000
0.000000	42353.000000
0.000000	42353.000000
0.000000	42353.000000
0.000000	42353.000000
0.000000	42353.000000
0.000000	42353.000000
0.000000	42353.000000
0.000000	42353.000000
0.000000	42354.000000
0.000000	42354.000000
0.000000	42354.000000
0.000000	42354.000000
0.000000	42354.000000
0.000000	42354.000000
0.000000	42354.000000
0.000000	42354.000000
0.000000	42354.000000
0.000000	42354.000000
0.000000	42354.000000
0.000000	42354.000000
0.000000	42354.000000
0.000000	42354.000000
0.000000	42354.000000
0.000000	42354.000000
0.000000	42354.000000
0.000000	42355.000000
0.000000	42355.000000
0.000000	42355.000000
0.000000	42355.000000
0.000000	42355.000000
0.000000	42355.000000
0.000000	42355.000000
0.000000	42355.000000
0.000000	42355.000000
0.000000	42355.000000
0.000000	42355.000000
0.000000	42355.000000
0.000000	42355.000000
0.000000	42355.000000
0.000000	42355.000000
0.000000	42355.000000
0.000000	42355.000000
0.000000	42356.000000
0.000000	42356.000000
0.000000	42356.000000
0.000000	42356.000000
0.000000	42356.000000
0.000000	42356.000000
0.000000	42356.000000
0.000000	42356.000000
0.000000	42356.000000
0.000000	42356.000000
0.000000	42356.000000
0.000000	42356.000000
0.000000	42356.000000
0.000000	42356.000000
0.000000	42356.000000
0.000000	42356.000000
0.000000	42356.000000
0.000000	42357.000000
0.000000	42357.000000
0.000000	42357.000000
0.000000	42357.000000
0.000000	42357.000000
0.000000	42357.000000
0.000000	42357.000000
0.000000	42357.000000
0.000000	42357.000000
0.000000	42357.000000
0.000000	42357.000000
0.000000	42357.000000
0.000000	42357.000000
0.000000	42357.000000
0.000000	42357.000000
0.000000	42357.000000
0.000000	42357.000000
0.000000	42358.000000
0.000000	42358.000000
0.000000	42358.000000
0.000000	42358.000000
0.000000	42358.000000
0.000000	42358.000000
0.000000	42358.000000
0.000000	42358.000000
0.000000	42358.000000
0.000000	42358.000000
0.000000	42358.000000
0.000000	42358.000000
0.000000	42358.000000
0.000000	42358.000000
0.000000	42358.000000
0.000000	42358.000000
0.000000	42358.000000
0.000000	42359.000000
0.000000	42359.000000
0.000000	42359.000000
0.000000	42359.000000
0.000000	42359.000000
0.000000	42359.000000
0.000000	42359.000000
0.000000	42359.000000
0.000000	42359.000000
0.000000	42359.000000
0.000000	42359.000000
0.000000	42359.000000
0.000000	42359.000000
0.000000	42359.000000
0.000000	42359.000000
0.000000	42359.000000
0.000000	42359.000000
0.000000	42400.000000
0.000000	42400.000000
0.000000	42400.000000
0.000000	42400.000000
0.000000	42400.000000
0.000000	42400.000000
0.000000	42400.000000
0.000000	42400.000000
0.000000	42400.000000
0.000000	42400.000000
0.000000	42400.000000
0.000000	42400.000000
0.000000	42400.000000
0.000000	42400.000000
0.000000	42400.000000
0.000000	42400.000000
0.000000	42400.000000
0.000000	42401.000000
0.000000	42401.000000
0.000000	42401.000000
0.000000	42401.000000
0.000000	42401.000000
0.000000	42401.000000
0.000000	42401.000000
0.000000	42401.000000
0.000000	42401.000000
0.000000	42401.000000
0.000000	42401.000000
0.000000	42401.000000
0.000000	42401.000000
0.000000	42401.000000
0.000000	42401.000000
0.000000	42401.000000
0.000000	42401.000000
0.000000	42401.000000
0.000000	42402.000000
0.000000	42402.000000
0.000000	42402.000000
0.000000	42402.000000
0.000000	42402.000000
0.000000	42402.000000
0.000000	42402.000000
0.000000	42402.000000
0.000000	42402.000000
0.000000	42402.000000
0.000000	42402.000000
0.000000	42402.000000
0.000000	42402.000000
0.000000	42402.000000
0.000000	42402.000000
0.000000	42402.000000
0.000000	42402.000000
0.000000	42403.000000
0.000000	42403.000000
0.000000	42403.000000
0.000000	42403.000000
0.000000	42403.000000
0.000000	42403.000000
0.000000	42403.000000
0.000000	42403.000000
0.000000	42403.000000
0.000000	42403.000000
0.000000	42403.000000
0.000000	42403.000000
0.000000	42403.000000
0.000000	42403.000000
0.000000	42403.000000
0.000000	42403.000000
0.000000	42403.000000
0.000000	42404.000000
0.000000	42404.000000
0.000000	42404.000000
0.000000	42404.000000
0.000000	42404.000000
0.000000	42404.000000
0.000000	42404.000000
0.000000	42404.000000
0.000000	42404.000000
0.000000	42404.000000
0.000000	42404.000000
0.000000	42404.000000
0.000000	42404.000000
0.000000	42404.000000
0.000000	42404.000000
0.000000	42404.000000
0.000000	42404.000000
0.000000	42405.000000
0.000000	42405.000000
0.000000	42405.000000
0.000000	42405.000000
0.000000	42405.000000
0.000000	42405.000000
0.000000	42405.000000
0.000000	42405.000000
0.000000	42405.000000
0.000000	42405.000000
0.000000	42405.000000
0.000000	42405.000000
0.000000	42405.000000
0.000000	42405.000000
0.000000	42405.000000
0.000000	42405.000000
0.000000	42405.000000
0.000000	42406.000000
0.000000	42406.000000
0.000000	42406.000000
0.000000	42406.000000
0.000000	42406.000000
0.000000	42406.000000
0.000000	42406.000000
0.000000	42406.000000
0.000000	42406.000000
0.000000	42406.000000
0.000000	42406.000000
0.000000	42406.000000
0.000000	42406.000000
0.000000	42406.000000
0.000000	42406.000000
0.000000	42406.000000
0.000000	42406.000000
0.000000	42407.000000
0.000000	42407.000000
0.000000	42407.000000
0.000000	42407.000000
0.000000	42407.000000
0.000000	42407.000000
0.000000	42407.000000
0.000000	42407.000000
0.000000	42407.000000
0.000000	42407.000000
0.000000	42407.000000
0.000000	42407.000000
0.000000	42407.000000
0.000000	42407.000000
0.000000	42407.000000
0.000000	42407.000000
0.000000	42407.000000
0.000000	42408.000000
0.000000	42408.000000
0.000000	42408.000000
0.000000	42408.000000
0.000000	42408.000000
0.000000	42408.000000
0.000000	42408.000000
0.000000	42408.000000
0.000000	42408.000000
0.000000	42408.000000
0.000000	42408.000000
0.000000	42408.000000
0.000000	42408.000000
0.000000	42408.000000
0.000000	42408.000000
0.000000	42408.000000
0.000000	42408.000000
0.000000	42409.000000
0.000000	42409.000000
0.000000	42409.000000
0.000000	42409.000000
0.000000	42409.000000
0.000000	42409.000000
0.000000	42409.000000
0.000000	42409.000000
0.000000	42409.000000
0.000000	42409.000000
0.000000	42409.000000
0.000000	42409.000000
0.000000	42409.000000
0.000000	42409.000000
0.000000	42409.000000
0.000000	42409.000000
0.000000	42409.000000
0.000000	42410.000000
0.000000	42410.000000
0.000000	42410.000000
0.000000	42410.000000
0.000000	42410.000000
0.000000	42410.000000
0.000000	42410.000000
0.000000	42410.000000
0.000000	42410.000000
0.000000	42410.000000
0.000000	42410.000000
0.000000	42410.000000
0.000000	42410.000000
0.000000	42410.000000
0.000000	42410.000000
0.000000	42410.000000
0.000000	42410.000000
0.000000	42411.000000
0.000000	42411.000000
0.000000	42411.000000
0.000000	42411.000000
0.000000	42411.000000
0.000000	42411.000000
0.000000	42411.000000
0.000000	42411.000000
0.000000	42411.000000
0.000000	42411.000000
0.000000	42411.000000
0.000000	42411.000000
0.000000	42411.000000
0.000000	42411.000000
0.000000	42411.000000
0.000000	42411.000000
0.000000	42411.000000
0.000000	42412.000000
0.000000	42412.000000
0.000000	42412.000000
0.000000	42412.000000
0.000000	42412.000000
0.000000	42412.000000
0.000000	42412.000000
0.000000	42412.000000
0.000000	42412.000000
0.000000	42412.000000
0.000000	42412.000000
0.000000	42412.000000
0.000000	42412.000000
0.000000	42412.000000
0.000000	42412.000000
0.000000	42412.000000
0.000000	42412.000000
0.000000	42413.000000
0.000000	42413.000000
0.000000	42413.000000
0.000000	42413.000000
0.000000	42413.000000
0.000000	42413.000000
0.000000	42413.000000
0.000000	42413.000000
0.000000	42413.000000
0.000000	42413.000000
0.000000	42413.000000
0.000000	42413.000000
0.000000	42413.000000
0.000000	42413.000000
0.000000	42413.000000
0.000000	42413.000000
0.000000	42413.000000
0.000000	42414.000000
0.000000	42414.000000
0.000000	42414.000000
0.000000	42414.000000
0.000000	42414.000000
0.000000	42414.000000
0.000000	42414.000000
0.000000	42414.000000
0.000000	42414.000000
0.000000	42414.000000
0.000000	42414.000000
0.000000	42414.000000
0.000000	42414.000000
0.000000	42414.000000
0.000000	42414.000000
0.000000	42414.000000
0.000000	42414.000000
0.000000	42415.000000
0.000000	42415.000000
0.000000	42415.000000
0.000000	42415.000000
0.000000	42415.000000
0.000000	42415.000000
0.000000	42415.000000
0.000000	42415.000000
0.000000	42415.000000
0.000000	42415.000000
0.000000	42415.000000
0.000000	42415.000000
0.000000	42415.000000
0.000000	42415.000000
0.000000	42415.000000
0.000000	42415.000000
0.000000	42415.000000
0.000000	42416.000000
0.000000	42416.000000
0.000000	42416.000000
0.000000	42416.000000
0.000000	42416.000000
0.000000	42416.000000
0.000000	42416.000000
0.000000	42416.000000
0.000000	42416.000000
0.000000	42416.000000
0.000000	42416.000000
0.000000	42416.000000
0.000000	42416.000000
0.000000	42416.000000
0.000000	42416.000000
0.000000	42416.000000
0.000000	42416.000000
0.000000	42416.000000
0.000000	42417.000000
0.000000	42417.000000
0.000000	42417.000000
0.000000	42417.000000
0.000000	42417.000000
0.000000	42417.000000
0.000000	42417.000000
0.000000	42417.000000
0.000000	42417.000000
0.000000	42417.000000
0.000000	42417.000000
0.000000	42417.000000
0.000000	42417.000000
0.000000	42417.000000
0.000000	42417.000000
0.000000	42417.000000
0.000000	42417.000000
0.000000	42418.000000
0.000000	42418.000000
0.000000	42418.000000
0.000000	42418.000000
0.000000	42418.000000
0.000000	42418.000000
0.000000	42418.000000
0.000000	42418.000000
0.000000	42418.000000
0.000000	42418.000000
0.000000	42418.000000
0.000000	42418.000000
0.000000	42418.000000
0.000000	42418.000000
0.000000	42418.000000
0.000000	42418.000000
0.000000	42418.000000
0.000000	42419.000000
0.000000	42419.000000
0.000000	42419.000000
0.000000	42419.000000
0.000000	42419.000000
0.000000	42419.000000
0.000000	42419.000000
0.000000	42419.000000
0.000000	42419.000000
0.000000	42419.000000
0.000000	42419.000000
0.000000	42419.000000
0.000000	42419.000000
0.000000	42419.000000
0.000000	42419.000000
0.000000	42419.000000
0.000000	42419.000000
0.000000	42420.000000
0.000000	42420.000000
0.000000	42420.000000
0.000000	42420.000000
0.000000	42420.000000
0.000000	42420.000000
0.000000	42420.000000
0.000000	42420.000000
0.000000	42420.000000
0.000000	42420.000000
0.000000	42420.000000
0.000000	42420.000000
0.000000	42420.000000
0.000000	42420.000000
0.000000	42420.000000
0.000000	42420.000000
0.000000	42420.000000
0.000000	42421.000000
0.000000	42421.000000
0.000000	42421.000000
0.000000	42421.000000
0.000000	42421.000000
0.000000	42421.000000
0.000000	42421.000000
0.000000	42421.000000
0.000000	42421.000000
0.000000	42421.000000
0.000000	42421.000000
0.000000	42421.000000
0.000000	42421.000000
0.000000	42421.000000
0.000000	42421.000000
0.000000	42421.000000
0.000000	42421.000000
0.000000	42422.000000
0.000000	42422.000000
0.000000	42422.000000
0.000000	42422.000000
0.000000	42422.000000
0.000000	42422.000000
0.000000	42422.000000
0.000000	42422.000000
0.000000	42422.000000
0.000000	42422.000000
0.000000	42422.000000
0.000000	42422.000000
0.000000	42422.000000
0.000000	42422.000000
0.000000	42422.000000
0.000000	42422.000000
0.000000	42422.000000
0.000000	42423.000000
0.000000	42423.000000
0.000000	42423.000000
0.000000	42423.000000
0.000000	42423.000000
0.000000	42423.000000
0.000000	42423.000000
0.000000	42423.000000
0.000000	42423.000000
0.000000	42423.000000
0.000000	42423.000000
0.000000	42423.000000
0.000000	42423.000000
0.000000	42423.000000
0.000000	42423.000000
0.000000	42423.000000
0.000000	42423.000000
0.000000	42424.000000
0.000000	42424.000000
0.000000	42424.000000
0.000000	42424.000000
0.000000	42424.000000
0.000000	42424.000000
0.000000	42424.000000
0.000000	42424.000000
0.000000	42424.000000
0.000000	42424.000000
0.000000	42424.000000
0.000000	42424.000000
0.000000	42424.000000
0.000000	42424.000000
0.000000	42424.000000
0.000000	42424.000000
0.000000	42424.000000
0.000000	42425.000000
0.000000	42425.000000
0.000000	42425.000000
0.000000	42425.000000
0.000000	42425.000000
0.000000	42425.000000
0.000000	42425.000000
0.000000	42425.000000
0.000000	42425.000000
0.000000	42425.000000
0.000000	42425.000000
0.000000	42425.000000
0.000000	42425.000000
0.000000	42425.000000
0.000000	42425.000000
0.000000	42425.000000
0.000000	42425.000000
0.000000	42426.000000
0.000000	42426.000000
0.000000	42426.000000
0.000000	42426.000000
0.000000	42426.000000
0.000000	42426.000000
0.000000	42426.000000
0.000000	42426.000000
0.000000	42426.000000
0.000000	42426.000000
0.000000	42426.000000
0.000000	42426.000000
0.000000	42426.000000
0.000000	42426.000000
0.000000	42426.000000
0.000000	42426.000000
0.000000	42426.000000
0.000000	42427.000000
0.000000	42427.000000
0.000000	42427.000000
0.000000	42427.000000
0.000000	42427.000000
0.000000	42427.000000
0.000000	42427.000000
0.000000	42427.000000
0.000000	42427.000000
0.000000	42427.000000
0.000000	42427.000000
0.000000	42427.000000
0.000000	42427.000000
0.000000	42427.000000
0.000000	42427.000000
0.000000	42427.000000
0.000000	42427.000000
0.000000	42428.000000
0.000000	42428.000000
0.000000	42428.000000
0.000000	42428.000000
0.000000	42428.000000
0.000000	42428.000000
0.000000	42428.000000
0.000000	42428.000000
0.000000	42428.000000
0.000000	42428.000000
0.000000	42428.000000
0.000000	42428.000000
0.000000	42428.000000
0.000000	42428.000000
0.000000	42428.000000
0.000000	42428.000000
0.000000	42428.000000
0.000000	42429.000000
0.000000	42429.000000
0.000000	42429.000000
0.000000	42429.000000
0.000000	42429.000000
0.000000	42429.000000
0.000000	42429.000000
0.000000	42429.000000
0.000000	42429.000000
0.000000	42429.000000
0.000000	42429.000000
0.000000	42429.000000
0.000000	42429.000000
0.000000	42429.000000
0.000000	42429.000000
0.000000	42429.000000
0.000000	42429.000000
0.000000	42430.000000
0.000000	42430.000000
0.000000	42430.000000
0.000000	42430.000000
0.000000	42430.000000
0.000000	42430.000000
0.000000	42430.000000
0.000000	42430.000000
0.000000	42430.000000
0.000000	42430.000000
0.000000	42430.000000
0.000000	42430.000000
0.000000	42430.000000
0.000000	42430.000000
0.000000	42430.000000
0.000000	42430.000000
0.000000	42430.000000
0.000000	42431.000000
0.000000	42431.000000
0.000000	42431.000000
0.000000	42431.000000
0.000000	42431.000000
0.000000	42431.000000
0.000000	42431.000000
0.000000	42431.000000
0.000000	42431.000000
0.000000	42431.000000
0.000000	42431.000000
0.000000	42431.000000
0.000000	42431.000000
0.000000	42431.000000
0.000000	42431.000000
0.000000	42431.000000
0.000000	42431.000000
0.000000	42432.000000
0.000000	42432.000000
0.000000	42432.000000
0.000000	42432.000000
0.000000	42432.000000
0.000000	42432.000000
0.000000	42432.000000
0.000000	42432.000000
0.000000	42432.000000
0.000000	42432.000000
0.000000	42432.000000
0.000000	42432.000000
0.000000	42432.000000
0.000000	42432.000000
0.000000	42432.000000
0.000000	42432.000000
0.000000	42432.000000
0.000000	42432.000000
0.000000	42433.000000
0.000000	42433.000000
0.000000	42433.000000
0.000000	42433.000000
0.000000	42433.000000
0.000000	42433.000000
0.000000	42433.000000
0.000000	42433.000000
0.000000	42433.000000
0.000000	42433.000000
0.000000	42433.000000
0.000000	42433.000000
0.000000	42433.000000
0.000000	42433.000000
0.000000	42433.000000
0.000000	42433.000000
0.000000	42433.000000
0.000000	42434.000000
0.000000	42434.000000
0.000000	42434.000000
0.000000	42434.000000
0.000000	42434.000000
0.000000	42434.000000
0.000000	42434.000000
0.000000	42434.000000
0.000000	42434.000000
0.000000	42434.000000
0.000000	42434.000000
0.000000	42434.000000
0.000000	42434.000000
0.000000	42434.000000
0.000000	42434.000000
0.000000	42434.000000
0.000000	42434.000000
0.000000	42435.000000
0.000000	42435.000000
0.000000	42435.000000
0.000000	42435.000000
0.000000	42435.000000
0.000000	42435.000000
0.000000	42435.000000
0.000000	42435.000000
0.000000	42435.000000
0.000000	42435.000000
0.000000	42435.000000
0.000000	42435.000000
0.000000	42435.000000
0.000000	42435.000000
0.000000	42435.000000
0.000000	42435.000000
0.000000	42435.000000
0.000000	42436.000000
0.000000	42436.000000
0.000000	42436.000000
0.000000	42436.000000
0.000000	42436.000000
0.000000	42436.000000
0.000000	42436.000000
0.000000	42436.000000
0.000000	42436.000000
0.000000	42436.000000
0.000000	42436.000000
0.000000	42436.000000
0.000000	42436.000000
0.000000	42436.000000
0.000000	42436.000000
0.000000	42436.000000
0.000000	42436.000000
0.000000	42437.000000
0.000000	42437.000000
0.000000	42437.000000
0.000000	42437.000000
0.000000	42437.000000
0.000000	42437.000000
0.000000	42437.000000
0.000000	42437.000000
0.000000	42437.000000
0.000000	42437.000000
0.000000	42437.000000
0.000000	42437.000000
0.000000	42437.000000
0.000000	42437.000000
0.000000	42437.000000
0.000000	42437.000000
0.000000	42437.000000
0.000000	42438.000000
0.000000	42438.000000
0.000000	42438.000000
0.000000	42438.000000
0.000000	42438.000000
0.000000	42438.000000
0.000000	42438.000000
0.000000	42438.000000
0.000000	42438.000000
0.000000	42438.000000
0.000000	42438.000000
0.000000	42438.000000
0.000000	42438.000000
0.000000	42438.000000
0.000000	42438.000000
0.000000	42438.000000
0.000000	42438.000000
0.000000	42439.000000
0.000000	42439.000000
0.000000	42439.000000
0.000000	42439.000000
0.000000	42439.000000
0.000000	42439.000000
0.000000	42439.000000
0.000000	42439.000000
0.000000	42439.000000
0.000000	42439.000000
0.000000	42439.000000
0.000000	42439.000000
0.000000	42439.000000
0.000000	42439.000000
0.000000	42439.000000
0.000000	42439.000000
0.000000	42439.000000
0.000000	42440.000000
0.000000	42440.000000
0.000000	42440.000000
0.000000	42440.000000
0.000000	42440.000000
0.000000	42440.000000
0.000000	42440.000000
0.000000	42440.000000
0.000000	42440.000000
0.000000	42440.000000
0.000000	42440.000000
0.000000	42440.000000
0.000000	42440.000000
0.000000	42440.000000
0.000000	42440.000000
0.000000	42440.000000
0.000000	42440.000000
0.000000	42441.000000
0.000000	42441.000000
0.000000	42441.000000
0.000000	42441.000000
0.000000	42441.000000
0.000000	42441.000000
0.000000	42441.000000
0.000000	42441.000000
0.000000	42441.000000
0.000000	42441.000000
0.000000	42441.000000
0.000000	42441.000000
0.000000	42441.000000
0.000000	42441.000000
0.000000	42441.000000
0.000000	42441.000000
0.000000	42441.000000
0.000000	42442.000000
0.000000	42442.000000
0.000000	42442.000000
0.000000	42442.000000
0.000000	42442.000000
0.000000	42442.000000
0.000000	42442.000000
0.000000	42442.000000
0.000000	42442.000000
0.000000	42442.000000
0.000000	42442.000000
0.000000	42442.000000
0.000000	42442.000000
0.000000	42442.000000
0.000000	42442.000000
0.000000	42442.000000
0.000000	42442.000000
0.000000	42443.000000
0.000000	42443.000000
0.000000	42443.000000
0.000000	42443.000000
0.000000	42443.000000
0.000000	42443.000000
0.000000	42443.000000
0.000000	42443.000000
0.000000	42443.000000
0.000000	42443.000000
0.000000	42443.000000
0.000000	42443.000000
0.000000	42443.000000
0.000000	42443.000000
0.000000	42443.000000
0.000000	42443.000000
0.000000	42443.000000
0.000000	42444.000000
0.000000	42444.000000
0.000000	42444.000000
0.000000	42444.000000
0.000000	42444.000000
0.000000	42444.000000
0.000000	42444.000000
0.000000	42444.000000
0.000000	42444.000000
0.000000	42444.000000
0.000000	42444.000000
0.000000	42444.000000
0.000000	42444.000000
0.000000	42444.000000
0.000000	42444.000000
0.000000	42444.000000
0.000000	42444.000000
0.000000	42445.000000
0.000000	42445.000000
0.000000	42445.000000
0.000000	42445.000000
0.000000	42445.000000
0.000000	42445.000000
0.000000	42445.000000
0.000000	42445.000000
0.000000	42445.000000
0.000000	42445.000000
0.000000	42445.000000
0.000000	42445.000000
0.000000	42445.000000
0.000000	42445.000000
0.000000	42445.000000
0.000000	42445.000000
0.000000	42445.000000
0.000000	42446.000000
0.000000	42446.000000
0.000000	42446.000000
0.000000	42446.000000
0.000000	42446.000000
0.000000	42446.000000
0.000000	42446.000000
0.000000	42446.000000
0.000000	42446.000000
0.000000	42446.000000
0.000000	42446.000000
0.000000	42446.000000
0.000000	42446.000000
0.000000	42446.000000
0.000000	42446.000000
0.000000	42446.000000
0.000000	42446.000000
0.000000	42447.000000
0.000000	42447.000000
0.000000	42447.000000
0.000000	42447.000000
0.000000	42447.000000
0.000000	42447.000000
0.000000	42447.000000
0.000000	42447.000000
0.000000	42447.000000
0.000000	42447.000000
0.000000	42447.000000
0.000000	42447.000000
0.000000	42447.000000
0.000000	42447.000000
0.000000	42447.000000
0.000000	42447.000000
0.000000	42447.000000
0.000000	42447.000000
0.000000	42448.000000
0.000000	42448.000000
0.000000	42448.000000
0.000000	42448.000000
0.000000	42448.000000
0.000000	42448.000000
0.000000	42448.000000
0.000000	42448.000000
0.000000	42448.000000
0.000000	42448.000000
0.000000	42448.000000
0.000000	42448.000000
0.000000	42448.000000
0.000000	42448.000000
0.000000	42448.000000
0.000000	42448.000000
0.000000	42448.000000
0.000000	42449.000000
0.000000	42449.000000
0.000000	42449.000000
0.000000	42449.000000
0.000000	42449.000000
0.000000	42449.000000
0.000000	42449.000000
0.000000	42449.000000
0.000000	42449.000000
0.000000	42449.000000
0.000000	42449.000000
0.000000	42449.000000
0.000000	42449.000000
0.000000	42449.000000
0.000000	42449.000000
0.000000	42449.000000
0.000000	42449.000000
0.000000	42450.000000
0.000000	42450.000000
0.000000	42450.000000
0.000000	42450.000000
0.000000	42450.000000
0.000000	42450.000000
0.000000	42450.000000
0.000000	42450.000000
0.000000	42450.000000
0.000000	42450.000000
0.000000	42450.000000
0.000000	42450.000000
0.000000	42450.000000
0.000000	42450.000000
0.000000	42450.000000
0.000000	42450.000000
0.000000	42450.000000
0.000000	42451.000000
0.000000	42451.000000
0.000000	42451.000000
0.000000	42451.000000
0.000000	42451.000000
0.000000	42451.000000
0.000000	42451.000000
0.000000	42451.000000
0.000000	42451.000000
0.000000	42451.000000
0.000000	42451.000000
0.000000	42451.000000
0.000000	42451.000000
0.000000	42451.000000
0.000000	42451.000000
0.000000	42451.000000
0.000000	42451.000000
0.000000	42452.000000
0.000000	42452.000000
0.000000	42452.000000
0.000000	42452.000000
0.000000	42452.000000
0.000000	42452.000000
0.000000	42452.000000
0.000000	42452.000000
0.000000	42452.000000
0.000000	42452.000000
0.000000	42452.000000
0.000000	42452.000000
0.000000	42452.000000
0.000000	42452.000000
0.000000	42452.000000
0.000000	42452.000000
0.000000	42452.000000
0.000000	42453.000000
0.000000	42453.000000
0.000000	42453.000000
0.000000	42453.000000
0.000000	42453.000000
0.000000	42453.000000
0.000000	42453.000000
0.000000	42453.000000
0.000000	42453.000000
0.000000	42453.000000
0.000000	42453.000000
0.000000	42453.000000
0.000000	42453.000000
0.000000	42453.000000
0.000000	42453.000000
0.000000	42453.000000
0.000000	42453.000000
0.000000	42454.000000
0.000000	42454.000000
0.000000	42454.000000
0.000000	42454.000000
0.000000	42454.000000
0.000000	42454.000000
0.000000	42454.000000
0.000000	42454.000000
0.000000	42454.000000
0.000000	42454.000000
0.000000	42454.000000
0.000000	42454.000000
0.000000	42454.000000
0.000000	42454.000000
0.000000	42454.000000
0.000000	42454.000000
0.000000	42454.000000
0.000000	42455.000000
0.000000	42455.000000
0.000000	42455.000000
0.000000	42455.000000
0.000000	42455.000000
0.000000	42455.000000
0.000000	42455.000000
0.000000	42455.000000
0.000000	42455.000000
0.000000	42455.000000
0.000000	42455.000000
0.000000	42455.000000
0.000000	42455.000000
0.000000	42455.000000
0.000000	42455.000000
0.000000	42455.000000
0.000000	42455.000000
0.000000	42456.000000
0.000000	42456.000000
0.000000	42456.000000
0.000000	42456.000000
0.000000	42456.000000
0.000000	42456.000000
0.000000	42456.000000
0.000000	42456.000000
0.000000	42456.000000
0.000000	42456.000000
0.000000	42456.000000
0.000000	42456.000000
0.000000	42456.000000
0.000000	42456.000000
0.000000	42456.000000
0.000000	42456.000000
0.000000	42456.000000
0.000000	42457.000000
0.000000	42457.000000
0.000000	42457.000000
0.000000	42457.000000
0.000000	42457.000000
0.000000	42457.000000
0.000000	42457.000000
0.000000	42457.000000
0.000000	42457.000000
0.000000	42457.000000
0.000000	42457.000000
0.000000	42457.000000
0.000000	42457.000000
0.000000	42457.000000
0.000000	42457.000000
0.000000	42457.000000
0.000000	42457.000000
0.000000	42458.000000
0.000000	42458.000000
0.000000	42458.000000
0.000000	42458.000000
0.000000	42458.000000
0.000000	42458.000000
0.000000	42458.000000
0.000000	42458.000000
0.000000	42458.000000
0.000000	42458.000000
0.000000	42458.000000
0.000000	42458.000000
0.000000	42458.000000
0.000000	42458.000000
0.000000	42458.000000
0.000000	42458.000000
0.000000	42458.000000
0.000000	42459.000000
0.000000	42459.000000
0.000000	42459.000000
0.000000	42459.000000
0.000000	42459.000000
0.000000	42459.000000
0.000000	42459.000000
0.000000	42459.000000
0.000000	42459.000000
0.000000	42459.000000
0.000000	42459.000000
0.000000	42459.000000
0.000000	42459.000000
0.000000	42459.000000
0.000000	42459.000000
0.000000	42459.000000
0.000000	42459.000000
0.000000	42500.000000
0.000000	42500.000000
0.000000	42500.000000
0.000000	42500.000000
0.000000	42500.000000
0.000000	42500.000000
0.000000	42500.000000
0.000000	42500.000000
0.000000	42500.000000
0.000000	42500.000000
0.000000	42500.000000
0.000000	42500.000000
0.000000	42500.000000
0.000000	42500.000000
0.000000	42500.000000
0.000000	42500.000000
0.000000	42500.000000
0.000000	42501.000000
0.000000	42501.000000
0.000000	42501.000000
0.000000	42501.000000
0.000000	42501.000000
0.000000	42501.000000
0.000000	42501.000000
0.000000	42501.000000
0.000000	42501.000000
0.000000	42501.000000
0.000000	42501.000000
0.000000	42501.000000
0.000000	42501.000000
0.000000	42501.000000
0.000000	42501.000000
0.000000	42501.000000
0.000000	42501.000000
0.000000	42501.000000
0.000000	42502.000000
0.000000	42502.000000
0.000000	42502.000000
0.000000	42502.000000
0.000000	42502.000000
0.000000	42502.000000
0.000000	42502.000000
0.000000	42502.000000
0.000000	42502.000000
0.000000	42502.000000
0.000000	42502.000000
0.000000	42502.000000
0.000000	42502.000000
0.000000	42502.000000
0.000000	42502.000000
0.000000	42502.000000
0.000000	42502.000000
0.000000	42503.000000
0.000000	42503.000000
0.000000	42503.000000
0.000000	42503.000000
0.000000	42503.000000
0.000000	42503.000000
0.000000	42503.000000
0.000000	42503.000000
0.000000	42503.000000
0.000000	42503.000000
0.000000	42503.000000
0.000000	42503.000000
0.000000	42503.000000
0.000000	42503.000000
0.000000	42503.000000
0.000000	42503.000000
0.000000	42503.000000
0.000000	42504.000000
0.000000	42504.000000
0.000000	42504.000000
0.000000	42504.000000
0.000000	42504.000000
0.000000	42504.000000
0.000000	42504.000000
0.000000	42504.000000
0.000000	42504.000000
0.000000	42504.000000
0.000000	42504.000000
0.000000	42504.000000
0.000000	42504.000000
0.000000	42504.000000
0.000000	42504.000000
0.000000	42504.000000
0.000000	42504.000000
0.000000	42505.000000
0.000000	42505.000000
0.000000	42505.000000
0.000000	42505.000000
0.000000	42505.000000
0.000000	42505.000000
0.000000	42505.000000
0.000000	42505.000000
0.000000	42505.000000
0.000000	42505.000000
0.000000	42505.000000
0.000000	42505.000000
0.000000	42505.000000
0.000000	42505.000000
0.000000	42505.000000
0.000000	42505.000000
0.000000	42505.000000
0.000000	42506.000000
0.000000	42506.000000
0.000000	42506.000000
0.000000	42506.000000
0.000000	42506.000000
0.000000	42506.000000
0.000000	42506.000000
0.000000	42506.000000
0.000000	42506.000000
0.000000	42506.000000
0.000000	42506.000000
0.000000	42506.000000
0.000000	42506.000000
0.000000	42506.000000
0.000000	42506.000000
0.000000	42506.000000
0.000000	42506.000000
0.000000	42507.000000
0.000000	42507.000000
0.000000	42507.000000
0.000000	42507.000000
0.000000	42507.000000
0.000000	42507.000000
0.000000	42507.000000
0.000000	42507.000000
0.000000	42507.000000
0.000000	42507.000000
0.000000	42507.000000
0.000000	42507.000000
0.000000	42507.000000
0.000000	42507.000000
0.000000	42507.000000
0.000000	42507.000000
0.000000	42507.000000
0.000000	42508.000000
0.000000	42508.000000
0.000000	42508.000000
0.000000	42508.000000
0.000000	42508.000000
0.000000	42508.000000
0.000000	42508.000000
0.000000	42508.000000
0.000000	42508.000000
0.000000	42508.000000
0.000000	42508.000000
0.000000	42508.000000
0.000000	42508.000000
0.000000	42508.000000
0.000000	42508.000000
0.000000	42508.000000
0.000000	42508.000000
0.000000	42509.000000
0.000000	42509.000000
0.000000	42509.000000
0.000000	42509.000000
0.000000	42509.000000
0.000000	42509.000000
0.000000	42509.000000
0.000000	42509.000000
0.000000	42509.000000
0.000000	42509.000000
0.000000	42509.000000
0.000000	42509.000000
0.000000	42509.000000
0.000000	42509.000000
0.000000	42509.000000
0.000000	42509.000000
0.000000	42509.000000
0.000000	42510.000000
0.000000	42510.000000
0.000000	42510.000000
0.000000	42510.000000
0.000000	42510.000000
0.000000	42510.000000
0.000000	42510.000000
0.000000	42510.000000
0.000000	42510.000000
0.000000	42510.000000
0.000000	42510.000000
0.000000	42510.000000
0.000000	42510.000000
0.000000	42510.000000
0.000000	42510.000000
0.000000	42510.000000
0.000000	42510.000000
0.000000	42511.000000
0.000000	42511.000000
0.000000	42511.000000
0.000000	42511.000000
0.000000	42511.000000
0.000000	42511.000000
0.000000	42511.000000
0.000000	42511.000000
0.000000	42511.000000
0.000000	42511.000000
0.000000	42511.000000
0.000000	42511.000000
0.000000	42511.000000
0.000000	42511.000000
0.000000	42511.000000
0.000000	42511.000000
0.000000	42511.000000
0.000000	42512.000000
0.000000	42512.000000
0.000000	42512.000000
0.000000	42512.000000
0.000000	42512.000000
0.000000	42512.000000
0.000000	42512.000000
0.000000	42512.000000
0.000000	42512.000000
0.000000	42512.000000
0.000000	42512.000000
0.000000	42512.000000
0.000000	42512.000000
0.000000	42512.000000
0.000000	42512.000000
0.000000	42512.000000
0.000000	42512.000000
0.000000	42513.000000
0.000000	42513.000000
0.000000	42513.000000
0.000000	42513.000000
0.000000	42513.000000
0.000000	42513.000000
0.000000	42513.000000
0.000000	42513.000000
0.000000	42513.000000
0.000000	42513.000000
0.000000	42513.000000
0.000000	42513.000000
0.000000	42513.000000
0.000000	42513.000000
0.000000	42513.000000
0.000000	42513.000000
0.000000	42513.000000
0.000000	42514.000000
0.000000	42514.000000
0.000000	42514.000000
0.000000	42514.000000
0.000000	42514.000000
0.000000	42514.000000
0.000000	42514.000000
0.000000	42514.000000
0.000000	42514.000000
0.000000	42514.000000
0.000000	42514.000000
0.000000	42514.000000
0.000000	42514.000000
0.000000	42514.000000
0.000000	42514.000000
0.000000	42514.000000
0.000000	42514.000000
0.000000	42515.000000
0.000000	42515.000000
0.000000	42515.000000
0.000000	42515.000000
0.000000	42515.000000
0.000000	42515.000000
0.000000	42515.000000
0.000000	42515.000000
0.000000	42515.000000
0.000000	42515.000000
0.000000	42515.000000
0.000000	42515.000000
0.000000	42515.000000
0.000000	42515.000000
0.000000	42515.000000
0.000000	42515.000000
0.000000	42515.000000
0.000000	42516.000000
0.000000	42516.000000
0.000000	42516.000000
0.000000	42516.000000
0.000000	42516.000000
0.000000	42516.000000
0.000000	42516.000000
0.000000	42516.000000
0.000000	42516.000000
0.000000	42516.000000
0.000000	42516.000000
0.000000	42516.000000
0.000000	42516.000000
0.000000	42516.000000
0.000000	42516.000000
0.000000	42516.000000
0.000000	42516.000000
0.000000	42517.000000
0.000000	42517.000000
0.000000	42517.000000
0.000000	42517.000000
0.000000	42517.000000
0.000000	42517.000000
0.000000	42517.000000
0.000000	42517.000000
0.000000	42517.000000
0.000000	42517.000000
0.000000	42517.000000
0.000000	42517.000000
0.000000	42517.000000
0.000000	42517.000000
0.000000	42517.000000
0.000000	42517.000000
0.000000	42517.000000
0.000000	42517.000000
0.000000	42518.000000
0.000000	42518.000000
0.000000	42518.000000
0.000000	42518.000000
0.000000	42518.000000
0.000000	42518.000000
0.000000	42518.000000
0.000000	42518.000000
0.000000	42518.000000
0.000000	42518.000000
0.000000	42518.000000
0.000000	42518.000000
0.000000	42518.000000
0.000000	42518.000000
0.000000	42518.000000
0.000000	42518.000000
0.000000	42518.000000
0.000000	42519.000000
0.000000	42519.000000
0.000000	42519.000000
0.000000	42519.000000
0.000000	42519.000000
0.000000	42519.000000
0.000000	42519.000000
0.000000	42519.000000
0.000000	42519.000000
0.000000	42519.000000
0.000000	42519.000000
0.000000	42519.000000
0.000000	42519.000000
0.000000	42519.000000
0.000000	42519.000000
0.000000	42519.000000
0.000000	42519.000000
0.000000	42520.000000
0.000000	42520.000000
0.000000	42520.000000
0.000000	42520.000000
0.000000	42520.000000
0.000000	42520.000000
0.000000	42520.000000
0.000000	42520.000000
0.000000	42520.000000
0.000000	42520.000000
0.000000	42520.000000
0.000000	42520.000000
0.000000	42520.000000
0.000000	42520.000000
0.000000	42520.000000
0.000000	42520.000000
0.000000	42520.000000
0.000000	42521.000000
0.000000	42521.000000
0.000000	42521.000000
0.000000	42521.000000
0.000000	42521.000000
0.000000	42521.000000
0.000000	42521.000000
0.000000	42521.000000
0.000000	42521.000000
0.000000	42521.000000
0.000000	42521.000000
0.000000	42521.000000
0.000000	42521.000000
0.000000	42521.000000
0.000000	42521.000000
0.000000	42521.000000
0.000000	42521.000000
0.000000	42522.000000
0.000000	42522.000000
0.000000	42522.000000
0.000000	42522.000000
0.000000	42522.000000
0.000000	42522.000000
0.000000	42522.000000
0.000000	42522.000000
0.000000	42522.000000
0.000000	42522.000000
0.000000	42522.000000
0.000000	42522.000000
0.000000	42522.000000
0.000000	42522.000000
0.000000	42522.000000
0.000000	42522.000000
0.000000	42522.000000
0.000000	42523.000000
0.000000	42523.000000
0.000000	42523.000000
0.000000	42523.000000
0.000000	42523.000000
0.000000	42523.000000
0.000000	42523.000000
0.000000	42523.000000
0.000000	42523.000000
0.000000	42523.000000
0.000000	42523.000000
0.000000	42523.000000
0.000000	42523.000000
0.000000	42523.000000
0.000000	42523.000000
0.000000	42523.000000
0.000000	42523.000000
0.000000	42524.000000
0.000000	42524.000000
0.000000	42524.000000
0.000000	42524.000000
0.000000	42524.000000
0.000000	42524.000000
0.000000	42524.000000
0.000000	42524.000000
0.000000	42524.000000
0.000000	42524.000000
0.000000	42524.000000
0.000000	42524.000000
0.000000	42524.000000
0.000000	42524.000000
0.000000	42524.000000
0.000000	42524.000000
0.000000	42524.000000
0.000000	42525.000000
0.000000	42525.000000
0.000000	42525.000000
0.000000	42525.000000
0.000000	42525.000000
0.000000	42525.000000
0.000000	42525.000000
0.000000	42525.000000
0.000000	42525.000000
0.000000	42525.000000
0.000000	42525.000000
0.000000	42525.000000
0.000000	42525.000000
0.000000	42525.000000
0.000000	42525.000000
0.000000	42525.000000
0.000000	42525.000000
0.000000	42526.000000
0.000000	42526.000000
0.000000	42526.000000
0.000000	42526.000000
0.000000	42526.000000
0.000000	42526.000000
0.000000	42526.000000
0.000000	42526.000000
0.000000	42526.000000
0.000000	42526.000000
0.000000	42526.000000
0.000000	42526.000000
0.000000	42526.000000
0.000000	42526.000000
0.000000	42526.000000
0.000000	42526.000000
0.000000	42526.000000
0.000000	42527.000000
0.000000	42527.000000
0.000000	42527.000000
0.000000	42527.000000
0.000000	42527.000000
0.000000	42527.000000
0.000000	42527.000000
0.000000	42527.000000
0.000000	42527.000000
0.000000	42527.000000
0.000000	42527.000000
0.000000	42527.000000
0.000000	42527.000000
0.000000	42527.000000
0.000000	42527.000000
0.000000	42527.000000
0.000000	42527.000000
0.000000	42528.000000
0.000000	42528.000000
0.000000	42528.000000
0.000000	42528.000000
0.000000	42528.000000
0.000000	42528.000000
0.000000	42528.000000
0.000000	42528.000000
0.000000	42528.000000
0.000000	42528.000000
0.000000	42528.000000
0.000000	42528.000000
0.000000	42528.000000
0.000000	42528.000000
0.000000	42528.000000
0.000000	42528.000000
0.000000	42528.000000
0.000000	42529.000000
0.000000	42529.000000
0.000000	42529.000000
0.000000	42529.000000
0.000000	42529.000000
0.000000	42529.000000
0.000000	42529.000000
0.000000	42529.000000
0.000000	42529.000000
0.000000	42529.000000
0.000000	42529.000000
0.000000	42529.000000
0.000000	42529.000000
0.000000	42529.000000
0.000000	42529.000000
0.000000	42529.000000
0.000000	42529.000000
0.000000	42530.000000
0.000000	42530.000000
0.000000	42530.000000
0.000000	42530.000000
0.000000	42530.000000
0.000000	42530.000000
0.000000	42530.000000
0.000000	42530.000000
0.000000	42530.000000
0.000000	42530.000000
0.000000	42530.000000
0.000000	42530.000000
0.000000	42530.000000
0.000000	42530.000000
0.000000	42530.000000
0.000000	42530.000000
0.000000	42530.000000
0.000000	42531.000000
0.000000	42531.000000
0.000000	42531.000000
0.000000	42531.000000
0.000000	42531.000000
0.000000	42531.000000
0.000000	42531.000000
0.000000	42531.000000
0.000000	42531.000000
0.000000	42531.000000
0.000000	42531.000000
0.000000	42531.000000
0.000000	42531.000000
0.000000	42531.000000
0.000000	42531.000000
0.000000	42531.000000
0.000000	42531.000000
0.000000	42532.000000
0.000000	42532.000000
0.000000	42532.000000
0.000000	42532.000000
0.000000	42532.000000
0.000000	42532.000000
0.000000	42532.000000
0.000000	42532.000000
0.000000	42532.000000
0.000000	42532.000000
0.000000	42532.000000
0.000000	42532.000000
0.000000	42532.000000
0.000000	42532.000000
0.000000	42532.000000
0.000000	42532.000000
0.000000	42532.000000
0.000000	42532.000000
0.000000	42533.000000
0.000000	42533.000000
0.000000	42533.000000
0.000000	42533.000000
0.000000	42533.000000
0.000000	42533.000000
0.000000	42533.000000
0.000000	42533.000000
0.000000	42533.000000
0.000000	42533.000000
0.000000	42533.000000
0.000000	42533.000000
0.000000	42533.000000
0.000000	42533.000000
0.000000	42533.000000
0.000000	42533.000000
0.000000	42533.000000
0.000000	42534.000000
0.000000	42534.000000
0.000000	42534.000000
0.000000	42534.000000
0.000000	42534.000000
0.000000	42534.000000
0.000000	42534.000000
0.000000	42534.000000
0.000000	42534.000000
0.000000	42534.000000
0.000000	42534.000000
0.000000	42534.000000
0.000000	42534.000000
0.000000	42534.000000
0.000000	42534.000000
0.000000	42534.000000
0.000000	42534.000000
0.000000	42535.000000
0.000000	42535.000000
0.000000	42535.000000
0.000000	42535.000000
0.000000	42535.000000
0.000000	42535.000000
0.000000	42535.000000
0.000000	42535.000000
0.000000	42535.000000
0.000000	42535.000000
0.000000	42535.000000
0.000000	42535.000000
0.000000	42535.000000
0.000000	42535.000000
0.000000	42535.000000
0.000000	42535.000000
0.000000	42535.000000
0.000000	42536.000000
0.000000	42536.000000
0.000000	42536.000000
0.000000	42536.000000
0.000000	42536.000000
0.000000	42536.000000
0.000000	42536.000000
0.000000	42536.000000
0.000000	42536.000000
0.000000	42536.000000
0.000000	42536.000000
0.000000	42536.000000
0.000000	42536.000000
0.000000	42536.000000
0.000000	42536.000000
0.000000	42536.000000
0.000000	42536.000000
0.000000	42537.000000
0.000000	42537.000000
0.000000	42537.000000
0.000000	42537.000000
0.000000	42537.000000
0.000000	42537.000000
0.000000	42537.000000
0.000000	42537.000000
0.000000	42537.000000
0.000000	42537.000000
0.000000	42537.000000
0.000000	42537.000000
0.000000	42537.000000
0.000000	42537.000000
0.000000	42537.000000
0.000000	42537.000000
0.000000	42537.000000
0.000000	42538.000000
0.000000	42538.000000
0.000000	42538.000000
0.000000	42538.000000
0.000000	42538.000000
0.000000	42538.000000
0.000000	42538.000000
0.000000	42538.000000
0.000000	42538.000000
0.000000	42538.000000
0.000000	42538.000000
0.000000	42538.000000
0.000000	42538.000000
0.000000	42538.000000
0.000000	42538.000000
0.000000	42538.000000
0.000000	42538.000000
0.000000	42539.000000
0.000000	42539.000000
0.000000	42539.000000
0.000000	42539.000000
0.000000	42539.000000
0.000000	42539.000000
0.000000	42539.000000
0.000000	42539.000000
0.000000	42539.000000
0.000000	42539.000000
0.000000	42539.000000
0.000000	42539.000000
0.000000	42539.000000
0.000000	42539.000000
0.000000	42539.000000
0.000000	42539.000000
0.000000	42539.000000
0.000000	42540.000000
0.000000	42540.000000
0.000000	42540.000000
0.000000	42540.000000
0.000000	42540.000000
0.000000	42540.000000
0.000000	42540.000000
0.000000	42540.000000
0.000000	42540.000000
0.000000	42540.000000
0.000000	42540.000000
0.000000	42540.000000
0.000000	42540.000000
0.000000	42540.000000
0.000000	42540.000000
0.000000	42540.000000
0.000000	42540.000000
0.000000	42541.000000
0.000000	42541.000000
0.000000	42541.000000
0.000000	42541.000000
0.000000	42541.000000
0.000000	42541.000000
0.000000	42541.000000
0.000000	42541.000000
0.000000	42541.000000
0.000000	42541.000000
0.000000	42541.000000
0.000000	42541.000000
0.000000	42541.000000
0.000000	42541.000000
0.000000	42541.000000
0.000000	42541.000000
0.000000	42541.000000
0.000000	42542.000000
0.000000	42542.000000
0.000000	42542.000000
0.000000	42542.000000
0.000000	42542.000000
0.000000	42542.000000
0.000000	42542.000000
0.000000	42542.000000
0.000000	42542.000000
0.000000	42542.000000
0.000000	42542.000000
0.000000	42542.000000
0.000000	42542.000000
0.000000	42542.000000
0.000000	42542.000000
0.000000	42542.000000
0.000000	42542.000000
0.000000	42543.000000
0.000000	42543.000000
0.000000	42543.000000
0.000000	42543.000000
0.000000	42543.000000
0.000000	42543.000000
0.000000	42543.000000
0.000000	42543.000000
0.000000	42543.000000
0.000000	42543.000000
0.000000	42543.000000
0.000000	42543.000000
0.000000	42543.000000
0.000000	42543.000000
0.000000	42543.000000
0.000000	42543.000000
0.000000	42543.000000
0.000000	42544.000000
0.000000	42544.000000
0.000000	42544.000000
0.000000	42544.000000
0.000000	42544.000000
0.000000	42544.000000
0.000000	42544.000000
0.000000	42544.000000
0.000000	42544.000000
0.000000	42544.000000
0.000000	42544.000000
0.000000	42544.000000
0.000000	42544.000000
0.000000	42544.000000
0.000000	42544.000000
0.000000	42544.000000
0.000000	42544.000000
0.000000	42545.000000
0.000000	42545.000000
0.000000	42545.000000
0.000000	42545.000000
0.000000	42545.000000
0.000000	42545.000000
0.000000	42545.000000
0.000000	42545.000000
0.000000	42545.000000
0.000000	42545.000000
0.000000	42545.000000
0.000000	42545.000000
0.000000	42545.000000
0.000000	42545.000000
0.000000	42545.000000
0.000000	42545.000000
0.000000	42545.000000
0.000000	42546.000000
0.000000	42546.000000
0.000000	42546.000000
0.000000	42546.000000
0.000000	42546.000000
0.000000	42546.000000
0.000000	42546.000000
0.000000	42546.000000
0.000000	42546.000000
0.000000	42546.000000
0.000000	42546.000000
0.000000	42546.000000
0.000000	42546.000000
0.000000	42546.000000
0.000000	42546.000000
0.000000	42546.000000
0.000000	42546.000000
0.000000	42547.000000
0.000000	42547.000000
0.000000	42547.000000
0.000000	42547.000000
0.000000	42547.000000
0.000000	42547.000000
0.000000	42547.000000
0.000000	42547.000000
0.000000	42547.000000
0.000000	42547.000000
0.000000	42547.000000
0.000000	42547.000000
0.000000	42547.000000
0.000000	42547.000000
0.000000	42547.000000
0.000000	42547.000000
0.000000	42547.000000
0.000000	42547.000000
0.000000	42548.000000
0.000000	42548.000000
0.000000	42548.000000
0.000000	42548.000000
0.000000	42548.000000
0.000000	42548.000000
0.000000	42548.000000
0.000000	42548.000000
0.000000	42548.000000
0.000000	42548.000000
0.000000	42548.000000
0.000000	42548.000000
0.000000	42548.000000
0.000000	42548.000000
0.000000	42548.000000
0.000000	42548.000000
0.000000	42548.000000
0.000000	42549.000000
0.000000	42549.000000
0.000000	42549.000000
0.000000	42549.000000
0.000000	42549.000000
0.000000	42549.000000
0.000000	42549.000000
0.000000	42549.000000
0.000000	42549.000000
0.000000	42549.000000
0.000000	42549.000000
0.000000	42549.000000
0.000000	42549.000000
0.000000	42549.000000
0.000000	42549.000000
0.000000	42549.000000
0.000000	42549.000000
0.000000	42550.000000
0.000000	42550.000000
0.000000	42550.000000
0.000000	42550.000000
0.000000	42550.000000
0.000000	42550.000000
0.000000	42550.000000
0.000000	42550.000000
0.000000	42550.000000
0.000000	42550.000000
0.000000	42550.000000
0.000000	42550.000000
0.000000	42550.000000
0.000000	42550.000000
0.000000	42550.000000
0.000000	42550.000000
0.000000	42550.000000
0.000000	42551.000000
0.000000	42551.000000
0.000000	42551.000000
0.000000	42551.000000
0.000000	42551.000000
0.000000	42551.000000
0.000000	42551.000000
0.000000	42551.000000
0.000000	42551.000000
0.000000	42551.000000
0.000000	42551.000000
0.000000	42551.000000
0.000000	42551.000000
0.000000	42551.000000
0.000000	42551.000000
0.000000	42551.000000
0.000000	42551.000000
0.000000	42552.000000
0.000000	42552.000000
0.000000	42552.000000
0.000000	42552.000000
0.000000	42552.000000
0.000000	42552.000000
0.000000	42552.000000
0.000000	42552.000000
0.000000	42552.000000
0.000000	42552.000000
0.000000	42552.000000
0.000000	42552.000000
0.000000	42552.000000
0.000000	42552.000000
0.000000	42552.000000
0.000000	42552.000000
0.000000	42552.000000
0.000000	42553.000000
0.000000	42553.000000
0.000000	42553.000000
0.000000	42553.000000
0.000000	42553.000000
0.000000	42553.000000
0.000000	42553.000000
0.000000	42553.000000
0.000000	42553.000000
0.000000	42553.000000
0.000000	42553.000000
0.000000	42553.000000
0.000000	42553.000000
0.000000	42553.000000
0.000000	42553.000000
0.000000	42553.000000
0.000000	42553.000000
0.000000	42554.000000
0.000000	42554.000000
0.000000	42554.000000
0.000000	42554.000000
0.000000	42554.000000
0.000000	42554.000000
0.000000	42554.000000
0.000000	42554.000000
0.000000	42554.000000
0.000000	42554.000000
0.000000	42554.000000
0.000000	42554.000000
0.000000	42554.000000
0.000000	42554.000000
0.000000	42554.000000
0.000000	42554.000000
0.000000	42554.000000
0.000000	42555.000000
0.000000	42555.000000
0.000000	42555.000000
0.000000	42555.000000
0.000000	42555.000000
0.000000	42555.000000
0.000000	42555.000000
0.000000	42555.000000
0.000000	42555.000000
0.000000	42555.000000
0.000000	42555.000000
0.000000	42555.000000
0.000000	42555.000000
0.000000	42555.000000
0.000000	42555.000000
0.000000	42555.000000
0.000000	42555.000000
0.000000	42556.000000
0.000000	42556.000000
0.000000	42556.000000
0.000000	42556.000000
0.000000	42556.000000
0.000000	42556.000000
0.000000	42556.000000
0.000000	42556.000000
0.000000	42556.000000
0.000000	42556.000000
0.000000	42556.000000
0.000000	42556.000000
0.000000	42556.000000
0.000000	42556.000000
0.000000	42556.000000
0.000000	42556.000000
0.000000	42556.000000
0.000000	42557.000000
0.000000	42557.000000
0.000000	42557.000000
0.000000	42557.000000
0.000000	42557.000000
0.000000	42557.000000
0.000000	42557.000000
0.000000	42557.000000
0.000000	42557.000000
0.000000	42557.000000
0.000000	42557.000000
0.000000	42557.000000
0.000000	42557.000000
0.000000	42557.000000
0.000000	42557.000000
0.000000	42557.000000
0.000000	42557.000000
0.000000	42558.000000
0.000000	42558.000000
0.000000	42558.000000
0.000000	42558.000000
0.000000	42558.000000
0.000000	42558.000000
0.000000	42558.000000
0.000000	42558.000000
0.000000	42558.000000
0.000000	42558.000000
0.000000	42558.000000
0.000000	42558.000000
0.000000	42558.000000
0.000000	42558.000000
0.000000	42558.000000
0.000000	42558.000000
0.000000	42558.000000
0.000000	42559.000000
0.000000	42559.000000
0.000000	42559.000000
0.000000	42559.000000
0.000000	42559.000000
0.000000	42559.000000
0.000000	42559.000000
0.000000	42559.000000
0.000000	42559.000000
0.000000	42559.000000
0.000000	42559.000000
0.000000	42559.000000
0.000000	42559.000000
0.000000	42559.000000
0.000000	42559.000000
0.000000	42559.000000
0.000000	42559.000000
0.000000	42600.000000
0.000000	42600.000000
0.000000	42600.000000
0.000000	42600.000000
0.000000	42600.000000
0.000000	42600.000000
0.000000	42600.000000
0.000000	42600.000000
0.000000	42600.000000
0.000000	42600.000000
0.000000	42600.000000
0.000000	42600.000000
0.000000	42600.000000
0.000000	42600.000000
0.000000	42600.000000
0.000000	42600.000000
0.000000	42600.000000
0.000000	42601.000000
0.000000	42601.000000
0.000000	42601.000000
0.000000	42601.000000
0.000000	42601.000000
0.000000	42601.000000
0.000000	42601.000000
0.000000	42601.000000
0.000000	42601.000000
0.000000	42601.000000
0.000000	42601.000000
0.000000	42601.000000
0.000000	42601.000000
0.000000	42601.000000
0.000000	42601.000000
0.000000	42601.000000
0.000000	42601.000000
0.000000	42602.000000
0.000000	42602.000000
0.000000	42602.000000
0.000000	42602.000000
0.000000	42602.000000
0.000000	42602.000000
0.000000	42602.000000
0.000000	42602.000000
0.000000	42602.000000
0.000000	42602.000000
0.000000	42602.000000
0.000000	42602.000000
0.000000	42602.000000
0.000000	42602.000000
0.000000	42602.000000
0.000000	42602.000000
0.000000	42602.000000
0.000000	42602.000000
0.000000	42603.000000
0.000000	42603.000000
0.000000	42603.000000
0.000000	42603.000000
0.000000	42603.000000
0.000000	42603.000000
0.000000	42603.000000
0.000000	42603.000000
0.000000	42603.000000
0.000000	42603.000000
0.000000	42603.000000
0.000000	42603.000000
0.000000	42603.000000
0.000000	42603.000000
0.000000	42603.000000
0.000000	42603.000000
0.000000	42603.000000
0.000000	42604.000000
0.000000	42604.000000
0.000000	42604.000000
0.000000	42604.000000
0.000000	42604.000000
0.000000	42604.000000
0.000000	42604.000000
0.000000	42604.000000
0.000000	42604.000000
0.000000	42604.000000
0.000000	42604.000000
0.000000	42604.000000
0.000000	42604.000000
0.000000	42604.000000
0.000000	42604.000000
0.000000	42604.000000
0.000000	42604.000000
0.000000	42605.000000
0.000000	42605.000000
0.000000	42605.000000
0.000000	42605.000000
0.000000	42605.000000
0.000000	42605.000000
0.000000	42605.000000
0.000000	42605.000000
0.000000	42605.000000
0.000000	42605.000000
0.000000	42605.000000
0.000000	42605.000000
0.000000	42605.000000
0.000000	42605.000000
0.000000	42605.000000
0.000000	42605.000000
0.000000	42605.000000
0.000000	42606.000000
0.000000	42606.000000
0.000000	42606.000000
0.000000	42606.000000
0.000000	42606.000000
0.000000	42606.000000
0.000000	42606.000000
0.000000	42606.000000
0.000000	42606.000000
0.000000	42606.000000
0.000000	42606.000000
0.000000	42606.000000
0.000000	42606.000000
0.000000	42606.000000
0.000000	42606.000000
0.000000	42606.000000
0.000000	42606.000000
0.000000	42607.000000
0.000000	42607.000000
0.000000	42607.000000
0.000000	42607.000000
0.000000	42607.000000
0.000000	42607.000000
0.000000	42607.000000
0.000000	42607.000000
0.000000	42607.000000
0.000000	42607.000000
0.000000	42607.000000
0.000000	42607.000000
0.000000	42607.000000
0.000000	42607.000000
0.000000	42607.000000
0.000000	42607.000000
0.000000	42607.000000
0.000000	42608.000000
0.000000	42608.000000
0.000000	42608.000000
0.000000	42608.000000
0.000000	42608.000000
0.000000	42608.000000
0.000000	42608.000000
0.000000	42608.000000
0.000000	42608.000000
0.000000	42608.000000
0.000000	42608.000000
0.000000	42608.000000
0.000000	42608.000000
0.000000	42608.000000
0.000000	42608.000000
0.000000	42608.000000
0.000000	42608.000000
0.000000	42609.000000
0.000000	42609.000000
0.000000	42609.000000
0.000000	42609.000000
0.000000	42609.000000
0.000000	42609.000000
0.000000	42609.000000
0.000000	42609.000000
0.000000	42609.000000
0.000000	42609.000000
0.000000	42609.000000
0.000000	42609.000000
0.000000	42609.000000
0.000000	42609.000000
0.000000	42609.000000
0.000000	42609.000000
0.000000	42609.000000
0.000000	42610.000000
0.000000	42610.000000
0.000000	42610.000000
0.000000	42610.000000
0.000000	42610.000000
0.000000	42610.000000
0.000000	42610.000000
0.000000	42610.000000
0.000000	42610.000000
0.000000	42610.000000
0.000000	42610.000000
0.000000	42610.000000
0.000000	42610.000000
0.000000	42610.000000
0.000000	42610.000000
0.000000	42610.000000
0.000000	42610.000000
0.000000	42611.000000
0.000000	42611.000000
0.000000	42611.000000
0.000000	42611.000000
0.000000	42611.000000
0.000000	42611.000000
0.000000	42611.000000
0.000000	42611.000000
0.000000	42611.000000
0.000000	42611.000000
0.000000	42611.000000
0.000000	42611.000000
0.000000	42611.000000
0.000000	42611.000000
0.000000	42611.000000
0.000000	42611.000000
0.000000	42611.000000
0.000000	42612.000000
0.000000	42612.000000
0.000000	42612.000000
0.000000	42612.000000
0.000000	42612.000000
0.000000	42612.000000
0.000000	42612.000000
0.000000	42612.000000
0.000000	42612.000000
0.000000	42612.000000
0.000000	42612.000000
0.000000	42612.000000
0.000000	42612.000000
0.000000	42612.000000
0.000000	42612.000000
0.000000	42612.000000
0.000000	42612.000000
0.000000	42613.000000
0.000000	42613.000000
0.000000	42613.000000
0.000000	42613.000000
0.000000	42613.000000
0.000000	42613.000000
0.000000	42613.000000
0.000000	42613.000000
0.000000	42613.000000
0.000000	42613.000000
0.000000	42613.000000
0.000000	42613.000000
0.000000	42613.000000
0.000000	42613.000000
0.000000	42613.000000
0.000000	42613.000000
0.000000	42613.000000
0.000000	42614.000000
0.000000	42614.000000
0.000000	42614.000000
0.000000	42614.000000
0.000000	42614.000000
0.000000	42614.000000
0.000000	42614.000000
0.000000	42614.000000
0.000000	42614.000000
0.000000	42614.000000
0.000000	42614.000000
0.000000	42614.000000
0.000000	42614.000000
0.000000	42614.000000
0.000000	42614.000000
0.000000	42614.000000
0.000000	42614.000000
0.000000	42615.000000
0.000000	42615.000000
0.000000	42615.000000
0.000000	42615.000000
0.000000	42615.000000
0.000000	42615.000000
0.000000	42615.000000
0.000000	42615.000000
0.000000	42615.000000
0.000000	42615.000000
0.000000	42615.000000
0.000000	42615.000000
0.000000	42615.000000
0.000000	42615.000000
0.000000	42615.000000
0.000000	42615.000000
0.000000	42615.000000
0.000000	42616.000000
0.000000	42616.000000
0.000000	42616.000000
0.000000	42616.000000
0.000000	42616.000000
0.000000	42616.000000
0.000000	42616.000000
0.000000	42616.000000
0.000000	42616.000000
0.000000	42616.000000
0.000000	42616.000000
0.000000	42616.000000
0.000000	42616.000000
0.000000	42616.000000
0.000000	42616.000000
0.000000	42616.000000
0.000000	42616.000000
0.000000	42617.000000
0.000000	42617.000000
0.000000	42617.000000
0.000000	42617.000000
0.000000	42617.000000
0.000000	42617.000000
0.000000	42617.000000
0.000000	42617.000000
