0.000000	42017.000000
0.000000	42017.000000
0.000000	42017.000000
0.000000	42017.000000
0.000000	42017.000000
0.000000	42017.000000
0.000000	42017.000000
0.000000	42017.000000
0.000000	42017.000000
0.000000	42017.000000
0.000000	42018.000000
0.000000	42018.000000
0.000000	42018.000000
0.000000	42018.000000
0.000000	42018.000000
0.000000	42018.000000
0.000000	42018.000000
0.000000	42018.000000
0.000000	42018.000000
0.000000	42018.000000
0.000000	42018.000000
0.000000	42018.000000
0.000000	42018.000000
0.000000	42018.000000
0.000000	42018.000000
0.000000	42018.000000
0.000000	42018.000000
0.000000	42019.000000
0.000000	42019.000000
0.000000	42019.000000
0.000000	42019.000000
0.000000	42019.000000
0.000000	42019.000000
0.000000	42019.000000
0.000000	42019.000000
0.000000	42019.000000
0.000000	42019.000000
0.000000	42019.000000
0.000000	42019.000000
0.000000	42019.000000
0.000000	42019.000000
0.000000	42019.000000
0.000000	42019.000000
0.000000	42019.000000
0.000000	42020.000000
0.000000	42020.000000
0.000000	42020.000000
0.000000	42020.000000
0.000000	42020.000000
0.000000	42020.000000
0.000000	42020.000000
0.000000	42020.000000
0.000000	42020.000000
0.000000	42020.000000
0.000000	42020.000000
0.000000	42020.000000
0.000000	42020.000000
0.000000	42020.000000
0.000000	42020.000000
0.000000	42020.000000
0.000000	42020.000000
0.000000	42021.000000
0.000000	42021.000000
0.000000	42021.000000
0.000000	42021.000000
0.000000	42021.000000
0.000000	42021.000000
0.000000	42021.000000
0.000000	42021.000000
0.000000	42021.000000
0.000000	42021.000000
0.000000	42021.000000
0.000000	42021.000000
0.000000	42021.000000
0.000000	42021.000000
0.000000	42021.000000
0.000000	42021.000000
0.000000	42021.000000
0.000000	42022.000000
0.000000	42022.000000
0.000000	42022.000000
0.000000	42022.000000
0.000000	42022.000000
0.000000	42022.000000
0.000000	42022.000000
0.000000	42022.000000
0.000000	42022.000000
0.000000	42022.000000
0.000000	42022.000000
0.000000	42022.000000
0.000000	42022.000000
0.000000	42022.000000
0.000000	42022.000000
0.000000	42022.000000
0.000000	42022.000000
0.000000	42023.000000
0.000000	42023.000000
0.000000	42023.000000
0.000000	42023.000000
0.000000	42023.000000
0.000000	42023.000000
0.000000	42023.000000
0.000000	42023.000000
0.000000	42023.000000
0.000000	42023.000000
0.000000	42023.000000
0.000000	42023.000000
0.000000	42023.000000
0.000000	42023.000000
0.000000	42023.000000
0.000000	42023.000000
0.000000	42023.000000
0.000000	42024.000000
0.000000	42024.000000
0.000000	42024.000000
0.000000	42024.000000
0.000000	42024.000000
0.000000	42024.000000
0.000000	42024.000000
0.000000	42024.000000
0.000000	42024.000000
0.000000	42024.000000
0.000000	42024.000000
0.000000	42024.000000
0.000000	42024.000000
0.000000	42024.000000
0.000000	42024.000000
0.000000	42024.000000
0.000000	42024.000000
0.000000	42025.000000
0.000000	42025.000000
0.000000	42025.000000
0.000000	42025.000000
0.000000	42025.000000
0.000000	42025.000000
0.000000	42025.000000
0.000000	42025.000000
0.000000	42025.000000
0.000000	42025.000000
0.000000	42025.000000
0.000000	42025.000000
0.000000	42025.000000
0.000000	42025.000000
0.000000	42025.000000
0.000000	42025.000000
0.000000	42025.000000
0.000000	42026.000000
0.000000	42026.000000
0.000000	42026.000000
0.000000	42026.000000
0.000000	42026.000000
0.000000	42026.000000
0.000000	42026.000000
0.000000	42026.000000
0.000000	42026.000000
0.000000	42026.000000
0.000000	42026.000000
0.000000	42026.000000
0.000000	42026.000000
0.000000	42026.000000
0.000000	42026.000000
0.000000	42026.000000
0.000000	42026.000000
0.000000	42027.000000
0.000000	42027.000000
0.000000	42027.000000
0.000000	42027.000000
0.000000	42027.000000
0.000000	42027.000000
0.000000	42027.000000
0.000000	42027.000000
0.000000	42027.000000
0.000000	42027.000000
0.000000	42027.000000
0.000000	42027.000000
0.000000	42027.000000
0.000000	42027.000000
0.000000	42027.000000
0.000000	42027.000000
0.000000	42027.000000
0.000000	42028.000000
0.000000	42028.000000
0.000000	42028.000000
0.000000	42028.000000
0.000000	42028.000000
0.000000	42028.000000
0.000000	42028.000000
0.000000	42028.000000
0.000000	42028.000000
0.000000	42028.000000
0.000000	42028.000000
0.000000	42028.000000
0.000000	42028.000000
0.000000	42028.000000
0.000000	42028.000000
0.000000	42028.000000
0.000000	42028.000000
0.000000	42029.000000
0.000000	42029.000000
0.000000	42029.000000
0.000000	42029.000000
0.000000	42029.000000
0.000000	42029.000000
0.000000	42029.000000
0.000000	42029.000000
0.000000	42029.000000
0.000000	42029.000000
0.000000	42029.000000
0.000000	42029.000000
0.000000	42029.000000
0.000000	42029.000000
0.000000	42029.000000
0.000000	42029.000000
0.000000	42029.000000
0.000000	42030.000000
0.000000	42030.000000
0.000000	42030.000000
0.000000	42030.000000
0.000000	42030.000000
0.000000	42030.000000
0.000000	42030.000000
0.000000	42030.000000
0.000000	42030.000000
0.000000	42030.000000
0.000000	42030.000000
0.000000	42030.000000
0.000000	42030.000000
0.000000	42030.000000
0.000000	42030.000000
0.000000	42030.000000
0.000000	42030.000000
0.000000	42030.000000
0.000000	42031.000000
0.000000	42031.000000
0.000000	42031.000000
0.000000	42031.000000
0.000000	42031.000000
0.000000	42031.000000
0.000000	42031.000000
0.000000	42031.000000
0.000000	42031.000000
0.000000	42031.000000
0.000000	42031.000000
0.000000	42031.000000
0.000000	42031.000000
0.000000	42031.000000
0.000000	42031.000000
0.000000	42031.000000
0.000000	42031.000000
0.000000	42032.000000
0.000000	42032.000000
0.000000	42032.000000
0.000000	42032.000000
0.000000	42032.000000
0.000000	42032.000000
0.000000	42032.000000
0.000000	42032.000000
0.000000	42032.000000
0.000000	42032.000000
0.000000	42032.000000
0.000000	42032.000000
0.000000	42032.000000
0.000000	42032.000000
0.000000	42032.000000
0.000000	42032.000000
0.000000	42032.000000
0.000000	42033.000000
0.000000	42033.000000
0.000000	42033.000000
0.000000	42033.000000
0.000000	42033.000000
0.000000	42033.000000
0.000000	42033.000000
0.000000	42033.000000
0.000000	42033.000000
0.000000	42033.000000
0.000000	42033.000000
0.000000	42033.000000
0.000000	42033.000000
0.000000	42033.000000
0.000000	42033.000000
0.000000	42033.000000
0.000000	42033.000000
0.000000	42034.000000
0.000000	42034.000000
0.000000	42034.000000
0.000000	42034.000000
0.000000	42034.000000
0.000000	42034.000000
0.000000	42034.000000
0.000000	42034.000000
0.000000	42034.000000
0.000000	42034.000000
0.000000	42034.000000
0.000000	42034.000000
0.000000	42034.000000
0.000000	42034.000000
0.000000	42034.000000
0.000000	42034.000000
0.000000	42034.000000
0.000000	42035.000000
0.000000	42035.000000
0.000000	42035.000000
0.000000	42035.000000
0.000000	42035.000000
0.000000	42035.000000
0.000000	42035.000000
0.000000	42035.000000
0.000000	42035.000000
0.000000	42035.000000
0.000000	42035.000000
0.000000	42035.000000
0.000000	42035.000000
0.000000	42035.000000
0.000000	42035.000000
0.000000	42035.000000
0.000000	42035.000000
0.000000	42036.000000
0.000000	42036.000000
0.000000	42036.000000
0.000000	42036.000000
0.000000	42036.000000
0.000000	42036.000000
0.000000	42036.000000
0.000000	42036.000000
0.000000	42036.000000
0.000000	42036.000000
0.000000	42036.000000
0.000000	42036.000000
0.000000	42036.000000
0.000000	42036.000000
0.000000	42036.000000
0.000000	42036.000000
0.000000	42036.000000
0.000000	42037.000000
0.000000	42037.000000
0.000000	42037.000000
0.000000	42037.000000
0.000000	42037.000000
0.000000	42037.000000
0.000000	42037.000000
0.000000	42037.000000
0.000000	42037.000000
0.000000	42037.000000
0.000000	42037.000000
0.000000	42037.000000
0.000000	42037.000000
0.000000	42037.000000
0.000000	42037.000000
0.000000	42037.000000
0.000000	42037.000000
0.000000	42038.000000
0.000000	42038.000000
0.000000	42038.000000
0.000000	42038.000000
0.000000	42038.000000
0.000000	42038.000000
0.000000	42038.000000
0.000000	42038.000000
0.000000	42038.000000
0.000000	42038.000000
0.000000	42038.000000
0.000000	42038.000000
0.000000	42038.000000
0.000000	42038.000000
0.000000	42038.000000
0.000000	42038.000000
0.000000	42038.000000
0.000000	42039.000000
0.000000	42039.000000
0.000000	42039.000000
0.000000	42039.000000
0.000000	42039.000000
0.000000	42039.000000
0.000000	42039.000000
0.000000	42039.000000
0.000000	42039.000000
0.000000	42039.000000
0.000000	42039.000000
0.000000	42039.000000
0.000000	42039.000000
0.000000	42039.000000
0.000000	42039.000000
0.000000	42039.000000
0.000000	42039.000000
0.000000	42040.000000
0.000000	42040.000000
0.000000	42040.000000
0.000000	42040.000000
0.000000	42040.000000
0.000000	42040.000000
0.000000	42040.000000
0.000000	42040.000000
0.000000	42040.000000
0.000000	42040.000000
0.000000	42040.000000
0.000000	42040.000000
0.000000	42040.000000
0.000000	42040.000000
0.000000	42040.000000
0.000000	42040.000000
0.000000	42040.000000
0.000000	42041.000000
0.000000	42041.000000
0.000000	42041.000000
0.000000	42041.000000
0.000000	42041.000000
0.000000	42041.000000
0.000000	42041.000000
0.000000	42041.000000
0.000000	42041.000000
0.000000	42041.000000
0.000000	42041.000000
0.000000	42041.000000
0.000000	42041.000000
0.000000	42041.000000
0.000000	42041.000000
0.000000	42041.000000
0.000000	42041.000000
0.000000	42042.000000
0.000000	42042.000000
0.000000	42042.000000
0.000000	42042.000000
0.000000	42042.000000
0.000000	42042.000000
0.000000	42042.000000
0.000000	42042.000000
0.000000	42042.000000
0.000000	42042.000000
0.000000	42042.000000
0.000000	42042.000000
0.000000	42042.000000
0.000000	42042.000000
0.000000	42042.000000
0.000000	42042.000000
0.000000	42042.000000
0.000000	42043.000000
0.000000	42043.000000
0.000000	42043.000000
0.000000	42043.000000
0.000000	42043.000000
0.000000	42043.000000
0.000000	42043.000000
0.000000	42043.000000
0.000000	42043.000000
0.000000	42043.000000
0.000000	42043.000000
0.000000	42043.000000
0.000000	42043.000000
0.000000	42043.000000
0.000000	42043.000000
0.000000	42043.000000
0.000000	42043.000000
0.000000	42044.000000
0.000000	42044.000000
0.000000	42044.000000
0.000000	42044.000000
0.000000	42044.000000
0.000000	42044.000000
0.000000	42044.000000
0.000000	42044.000000
0.000000	42044.000000
0.000000	42044.000000
0.000000	42044.000000
0.000000	42044.000000
0.000000	42044.000000
0.000000	42044.000000
0.000000	42044.000000
0.000000	42044.000000
0.000000	42044.000000
0.000000	42045.000000
0.000000	42045.000000
0.000000	42045.000000
0.000000	42045.000000
0.000000	42045.000000
0.000000	42045.000000
0.000000	42045.000000
0.000000	42045.000000
0.000000	42045.000000
0.000000	42045.000000
0.000000	42045.000000
0.000000	42045.000000
0.000000	42045.000000
0.000000	42045.000000
0.000000	42045.000000
0.000000	42045.000000
0.000000	42045.000000
0.000000	42045.000000
0.000000	42046.000000
0.000000	42046.000000
0.000000	42046.000000
0.000000	42046.000000
0.000000	42046.000000
0.000000	42046.000000
0.000000	42046.000000
0.000000	42046.000000
0.000000	42046.000000
0.000000	42046.000000
0.000000	42046.000000
0.000000	42046.000000
0.000000	42046.000000
0.000000	42046.000000
0.000000	42046.000000
0.000000	42046.000000
0.000000	42046.000000
0.000000	42047.000000
0.000000	42047.000000
0.000000	42047.000000
0.000000	42047.000000
0.000000	42047.000000
0.000000	42047.000000
0.000000	42047.000000
0.000000	42047.000000
0.000000	42047.000000
0.000000	42047.000000
0.000000	42047.000000
0.000000	42047.000000
0.000000	42047.000000
0.000000	42047.000000
0.000000	42047.000000
0.000000	42047.000000
0.000000	42047.000000
0.000000	42048.000000
0.000000	42048.000000
0.000000	42048.000000
0.000000	42048.000000
0.000000	42048.000000
0.000000	42048.000000
0.000000	42048.000000
0.000000	42048.000000
0.000000	42048.000000
0.000000	42048.000000
0.000000	42048.000000
0.000000	42048.000000
0.000000	42048.000000
0.000000	42048.000000
0.000000	42048.000000
0.000000	42048.000000
0.000000	42048.000000
0.000000	42049.000000
0.000000	42049.000000
0.000000	42049.000000
0.000000	42049.000000
0.000000	42049.000000
0.000000	42049.000000
0.000000	42049.000000
0.000000	42049.000000
0.000000	42049.000000
0.000000	42049.000000
0.000000	42049.000000
0.000000	42049.000000
0.000000	42049.000000
0.000000	42049.000000
0.000000	42049.000000
0.000000	42049.000000
0.000000	42049.000000
0.000000	42050.000000
0.000000	42050.000000
0.000000	42050.000000
0.000000	42050.000000
0.000000	42050.000000
0.000000	42050.000000
0.000000	42050.000000
0.000000	42050.000000
0.000000	42050.000000
0.000000	42050.000000
0.000000	42050.000000
0.000000	42050.000000
0.000000	42050.000000
0.000000	42050.000000
0.000000	42050.000000
0.000000	42050.000000
0.000000	42050.000000
0.000000	42051.000000
0.000000	42051.000000
0.000000	42051.000000
0.000000	42051.000000
0.000000	42051.000000
0.000000	42051.000000
0.000000	42051.000000
0.000000	42051.000000
0.000000	42051.000000
0.000000	42051.000000
0.000000	42051.000000
0.000000	42051.000000
0.000000	42051.000000
0.000000	42051.000000
0.000000	42051.000000
0.000000	42051.000000
0.000000	42051.000000
0.000000	42052.000000
0.000000	42052.000000
0.000000	42052.000000
0.000000	42052.000000
0.000000	42052.000000
0.000000	42052.000000
0.000000	42052.000000
0.000000	42052.000000
0.000000	42052.000000
0.000000	42052.000000
0.000000	42052.000000
0.000000	42052.000000
0.000000	42052.000000
0.000000	42052.000000
0.000000	42052.000000
0.000000	42052.000000
0.000000	42052.000000
0.000000	42053.000000
0.000000	42053.000000
0.000000	42053.000000
0.000000	42053.000000
0.000000	42053.000000
0.000000	42053.000000
0.000000	42053.000000
0.000000	42053.000000
0.000000	42053.000000
0.000000	42053.000000
0.000000	42053.000000
0.000000	42053.000000
0.000000	42053.000000
0.000000	42053.000000
0.000000	42053.000000
0.000000	42053.000000
0.000000	42053.000000
0.000000	42054.000000
0.000000	42054.000000
0.000000	42054.000000
0.000000	42054.000000
0.000000	42054.000000
0.000000	42054.000000
0.000000	42054.000000
0.000000	42054.000000
0.000000	42054.000000
0.000000	42054.000000
0.000000	42054.000000
0.000000	42054.000000
0.000000	42054.000000
0.000000	42054.000000
0.000000	42054.000000
0.000000	42054.000000
0.000000	42054.000000
0.000000	42055.000000
0.000000	42055.000000
0.000000	42055.000000
0.000000	42055.000000
0.000000	42055.000000
0.000000	42055.000000
0.000000	42055.000000
0.000000	42055.000000
0.000000	42055.000000
0.000000	42055.000000
0.000000	42055.000000
0.000000	42055.000000
0.000000	42055.000000
0.000000	42055.000000
0.000000	42055.000000
0.000000	42055.000000
0.000000	42055.000000
0.000000	42056.000000
0.000000	42056.000000
0.000000	42056.000000
0.000000	42056.000000
0.000000	42056.000000
0.000000	42056.000000
0.000000	42056.000000
0.000000	42056.000000
0.000000	42056.000000
0.000000	42056.000000
0.000000	42056.000000
0.000000	42056.000000
0.000000	42056.000000
0.000000	42056.000000
0.000000	42056.000000
0.000000	42056.000000
0.000000	42056.000000
0.000000	42057.000000
0.000000	42057.000000
0.000000	42057.000000
0.000000	42057.000000
0.000000	42057.000000
0.000000	42057.000000
0.000000	42057.000000
0.000000	42057.000000
0.000000	42057.000000
0.000000	42057.000000
0.000000	42057.000000
0.000000	42057.000000
0.000000	42057.000000
0.000000	42057.000000
0.000000	42057.000000
0.000000	42057.000000
0.000000	42057.000000
0.000000	42058.000000
0.000000	42058.000000
0.000000	42058.000000
0.000000	42058.000000
0.000000	42058.000000
0.000000	42058.000000
0.000000	42058.000000
0.000000	42058.000000
0.000000	42058.000000
0.000000	42058.000000
0.000000	42058.000000
0.000000	42058.000000
0.000000	42058.000000
0.000000	42058.000000
0.000000	42058.000000
0.000000	42058.000000
0.000000	42058.000000
0.000000	42059.000000
0.000000	42059.000000
0.000000	42059.000000
0.000000	42059.000000
0.000000	42059.000000
0.000000	42059.000000
0.000000	42059.000000
0.000000	42059.000000
0.000000	42059.000000
0.000000	42059.000000
0.000000	42059.000000
0.000000	42059.000000
0.000000	42059.000000
0.000000	42059.000000
0.000000	42059.000000
0.000000	42059.000000
0.000000	42059.000000
0.000000	42100.000000
0.000000	42100.000000
0.000000	42100.000000
0.000000	42100.000000
0.000000	42100.000000
0.000000	42100.000000
0.000000	42100.000000
0.000000	42100.000000
0.000000	42100.000000
0.000000	42100.000000
0.000000	42100.000000
0.000000	42100.000000
0.000000	42100.000000
0.000000	42100.000000
0.000000	42100.000000
0.000000	42100.000000
0.000000	42100.000000
0.000000	42101.000000
0.000000	42101.000000
0.000000	42101.000000
0.000000	42101.000000
0.000000	42101.000000
0.000000	42101.000000
0.000000	42101.000000
0.000000	42101.000000
0.000000	42101.000000
0.000000	42101.000000
0.000000	42101.000000
0.000000	42101.000000
0.000000	42101.000000
0.000000	42101.000000
0.000000	42101.000000
0.000000	42101.000000
0.000000	42101.000000
0.000000	42101.000000
0.000000	42102.000000
0.000000	42102.000000
0.000000	42102.000000
0.000000	42102.000000
0.000000	42102.000000
0.000000	42102.000000
0.000000	42102.000000
0.000000	42102.000000
0.000000	42102.000000
0.000000	42102.000000
0.000000	42102.000000
0.000000	42102.000000
0.000000	42102.000000
0.000000	42102.000000
0.000000	42102.000000
0.000000	42102.000000
0.000000	42102.000000
0.000000	42103.000000
0.000000	42103.000000
0.000000	42103.000000
0.000000	42103.000000
0.000000	42103.000000
0.000000	42103.000000
0.000000	42103.000000
0.000000	42103.000000
0.000000	42103.000000
0.000000	42103.000000
0.000000	42103.000000
0.000000	42103.000000
0.000000	42103.000000
0.000000	42103.000000
0.000000	42103.000000
0.000000	42103.000000
0.000000	42103.000000
0.000000	42104.000000
0.000000	42104.000000
0.000000	42104.000000
0.000000	42104.000000
0.000000	42104.000000
0.000000	42104.000000
0.000000	42104.000000
0.000000	42104.000000
0.000000	42104.000000
0.000000	42104.000000
0.000000	42104.000000
0.000000	42104.000000
0.000000	42104.000000
0.000000	42104.000000
0.000000	42104.000000
0.000000	42104.000000
0.000000	42104.000000
0.000000	42105.000000
0.000000	42105.000000
0.000000	42105.000000
0.000000	42105.000000
0.000000	42105.000000
0.000000	42105.000000
0.000000	42105.000000
0.000000	42105.000000
0.000000	42105.000000
0.000000	42105.000000
0.000000	42105.000000
0.000000	42105.000000
0.000000	42105.000000
0.000000	42105.000000
0.000000	42105.000000
0.000000	42105.000000
0.000000	42105.000000
0.000000	42106.000000
0.000000	42106.000000
0.000000	42106.000000
0.000000	42106.000000
0.000000	42106.000000
0.000000	42106.000000
0.000000	42106.000000
0.000000	42106.000000
0.000000	42106.000000
0.000000	42106.000000
0.000000	42106.000000
0.000000	42106.000000
0.000000	42106.000000
0.000000	42106.000000
0.000000	42106.000000
0.000000	42106.000000
0.000000	42106.000000
0.000000	42107.000000
0.000000	42107.000000
0.000000	42107.000000
0.000000	42107.000000
0.000000	42107.000000
0.000000	42107.000000
0.000000	42107.000000
0.000000	42107.000000
0.000000	42107.000000
0.000000	42107.000000
0.000000	42107.000000
0.000000	42107.000000
0.000000	42107.000000
0.000000	42107.000000
0.000000	42107.000000
0.000000	42107.000000
0.000000	42107.000000
0.000000	42108.000000
0.000000	42108.000000
0.000000	42108.000000
0.000000	42108.000000
0.000000	42108.000000
0.000000	42108.000000
0.000000	42108.000000
0.000000	42108.000000
0.000000	42108.000000
0.000000	42108.000000
0.000000	42108.000000
0.000000	42108.000000
0.000000	42108.000000
0.000000	42108.000000
0.000000	42108.000000
0.000000	42108.000000
0.000000	42108.000000
0.000000	42109.000000
0.000000	42109.000000
0.000000	42109.000000
0.000000	42109.000000
0.000000	42109.000000
0.000000	42109.000000
0.000000	42109.000000
0.000000	42109.000000
0.000000	42109.000000
0.000000	42109.000000
0.000000	42109.000000
0.000000	42109.000000
0.000000	42109.000000
0.000000	42109.000000
0.000000	42109.000000
0.000000	42109.000000
0.000000	42109.000000
0.000000	42110.000000
0.000000	42110.000000
0.000000	42110.000000
0.000000	42110.000000
0.000000	42110.000000
0.000000	42110.000000
0.000000	42110.000000
0.000000	42110.000000
0.000000	42110.000000
0.000000	42110.000000
0.000000	42110.000000
0.000000	42110.000000
0.000000	42110.000000
0.000000	42110.000000
0.000000	42110.000000
0.000000	42110.000000
0.000000	42110.000000
0.000000	42111.000000
0.000000	42111.000000
0.000000	42111.000000
0.000000	42111.000000
0.000000	42111.000000
0.000000	42111.000000
0.000000	42111.000000
0.000000	42111.000000
0.000000	42111.000000
0.000000	42111.000000
0.000000	42111.000000
0.000000	42111.000000
0.000000	42111.000000
0.000000	42111.000000
0.000000	42111.000000
0.000000	42111.000000
0.000000	42111.000000
0.000000	42112.000000
0.000000	42112.000000
0.000000	42112.000000
0.000000	42112.000000
0.000000	42112.000000
0.000000	42112.000000
0.000000	42112.000000
0.000000	42112.000000
0.000000	42112.000000
0.000000	42112.000000
0.000000	42112.000000
0.000000	42112.000000
0.000000	42112.000000
0.000000	42112.000000
0.000000	42112.000000
0.000000	42112.000000
0.000000	42112.000000
0.000000	42113.000000
0.000000	42113.000000
0.000000	42113.000000
0.000000	42113.000000
0.000000	42113.000000
0.000000	42113.000000
0.000000	42113.000000
0.000000	42113.000000
0.000000	42113.000000
0.000000	42113.000000
0.000000	42113.000000
0.000000	42113.000000
0.000000	42113.000000
0.000000	42113.000000
0.000000	42113.000000
0.000000	42113.000000
0.000000	42113.000000
0.000000	42114.000000
0.000000	42114.000000
0.000000	42114.000000
0.000000	42114.000000
0.000000	42114.000000
0.000000	42114.000000
0.000000	42114.000000
0.000000	42114.000000
0.000000	42114.000000
0.000000	42114.000000
0.000000	42114.000000
0.000000	42114.000000
0.000000	42114.000000
0.000000	42114.000000
0.000000	42114.000000
0.000000	42114.000000
0.000000	42114.000000
0.000000	42115.000000
0.000000	42115.000000
0.000000	42115.000000
0.000000	42115.000000
0.000000	42115.000000
0.000000	42115.000000
0.000000	42115.000000
0.000000	42115.000000
0.000000	42115.000000
0.000000	42115.000000
0.000000	42115.000000
0.000000	42115.000000
0.000000	42115.000000
0.000000	42115.000000
0.000000	42115.000000
0.000000	42115.000000
0.000000	42115.000000
0.000000	42116.000000
0.000000	42116.000000
0.000000	42116.000000
0.000000	42116.000000
0.000000	42116.000000
0.000000	42116.000000
0.000000	42116.000000
0.000000	42116.000000
0.000000	42116.000000
0.000000	42116.000000
0.000000	42116.000000
0.000000	42116.000000
0.000000	42116.000000
0.000000	42116.000000
0.000000	42116.000000
0.000000	42116.000000
0.000000	42116.000000
0.000000	42116.000000
0.000000	42117.000000
0.000000	42117.000000
0.000000	42117.000000
0.000000	42117.000000
0.000000	42117.000000
0.000000	42117.000000
0.000000	42117.000000
0.000000	42117.000000
0.000000	42117.000000
0.000000	42117.000000
0.000000	42117.000000
0.000000	42117.000000
0.000000	42117.000000
0.000000	42117.000000
0.000000	42117.000000
0.000000	42117.000000
0.000000	42117.000000
0.000000	42118.000000
0.000000	42118.000000
0.000000	42118.000000
0.000000	42118.000000
0.000000	42118.000000
0.000000	42118.000000
0.000000	42118.000000
0.000000	42118.000000
0.000000	42118.000000
0.000000	42118.000000
0.000000	42118.000000
0.000000	42118.000000
0.000000	42118.000000
0.000000	42118.000000
0.000000	42118.000000
0.000000	42118.000000
0.000000	42118.000000
0.000000	42119.000000
0.000000	42119.000000
0.000000	42119.000000
0.000000	42119.000000
0.000000	42119.000000
0.000000	42119.000000
0.000000	42119.000000
0.000000	42119.000000
0.000000	42119.000000
0.000000	42119.000000
0.000000	42119.000000
0.000000	42119.000000
0.000000	42119.000000
0.000000	42119.000000
0.000000	42119.000000
0.000000	42119.000000
0.000000	42119.000000
0.000000	42120.000000
0.000000	42120.000000
0.000000	42120.000000
0.000000	42120.000000
0.000000	42120.000000
0.000000	42120.000000
0.000000	42120.000000
0.000000	42120.000000
0.000000	42120.000000
0.000000	42120.000000
0.000000	42120.000000
0.000000	42120.000000
0.000000	42120.000000
0.000000	42120.000000
0.000000	42120.000000
0.000000	42120.000000
0.000000	42120.000000
0.000000	42121.000000
0.000000	42121.000000
0.000000	42121.000000
0.000000	42121.000000
0.000000	42121.000000
0.000000	42121.000000
0.000000	42121.000000
0.000000	42121.000000
0.000000	42121.000000
0.000000	42121.000000
0.000000	42121.000000
0.000000	42121.000000
0.000000	42121.000000
0.000000	42121.000000
0.000000	42121.000000
0.000000	42121.000000
0.000000	42121.000000
0.000000	42122.000000
0.000000	42122.000000
0.000000	42122.000000
0.000000	42122.000000
0.000000	42122.000000
0.000000	42122.000000
0.000000	42122.000000
0.000000	42122.000000
0.000000	42122.000000
0.000000	42122.000000
0.000000	42122.000000
0.000000	42122.000000
0.000000	42122.000000
0.000000	42122.000000
0.000000	42122.000000
0.000000	42122.000000
0.000000	42122.000000
0.000000	42123.000000
0.000000	42123.000000
0.000000	42123.000000
0.000000	42123.000000
0.000000	42123.000000
0.000000	42123.000000
0.000000	42123.000000
0.000000	42123.000000
0.000000	42123.000000
0.000000	42123.000000
0.000000	42123.000000
0.000000	42123.000000
0.000000	42123.000000
0.000000	42123.000000
0.000000	42123.000000
0.000000	42123.000000
0.000000	42123.000000
0.000000	42124.000000
0.000000	42124.000000
0.000000	42124.000000
0.000000	42124.000000
0.000000	42124.000000
0.000000	42124.000000
0.000000	42124.000000
0.000000	42124.000000
0.000000	42124.000000
0.000000	42124.000000
0.000000	42124.000000
0.000000	42124.000000
0.000000	42124.000000
0.000000	42124.000000
0.000000	42124.000000
0.000000	42124.000000
0.000000	42124.000000
0.000000	42125.000000
0.000000	42125.000000
0.000000	42125.000000
0.000000	42125.000000
0.000000	42125.000000
0.000000	42125.000000
0.000000	42125.000000
0.000000	42125.000000
0.000000	42125.000000
0.000000	42125.000000
0.000000	42125.000000
0.000000	42125.000000
0.000000	42125.000000
0.000000	42125.000000
0.000000	42125.000000
0.000000	42125.000000
0.000000	42125.000000
0.000000	42126.000000
0.000000	42126.000000
0.000000	42126.000000
0.000000	42126.000000
0.000000	42126.000000
0.000000	42126.000000
0.000000	42126.000000
0.000000	42126.000000
0.000000	42126.000000
0.000000	42126.000000
0.000000	42126.000000
0.000000	42126.000000
0.000000	42126.000000
0.000000	42126.000000
0.000000	42126.000000
0.000000	42126.000000
0.000000	42126.000000
0.000000	42127.000000
0.000000	42127.000000
0.000000	42127.000000
0.000000	42127.000000
0.000000	42127.000000
0.000000	42127.000000
0.000000	42127.000000
0.000000	42127.000000
0.000000	42127.000000
0.000000	42127.000000
0.000000	42127.000000
0.000000	42127.000000
0.000000	42127.000000
0.000000	42127.000000
0.000000	42127.000000
0.000000	42127.000000
0.000000	42127.000000
0.000000	42128.000000
0.000000	42128.000000
0.000000	42128.000000
0.000000	42128.000000
0.000000	42128.000000
0.000000	42128.000000
0.000000	42128.000000
0.000000	42128.000000
0.000000	42128.000000
0.000000	42128.000000
0.000000	42128.000000
0.000000	42128.000000
0.000000	42128.000000
0.000000	42128.000000
0.000000	42128.000000
0.000000	42128.000000
0.000000	42128.000000
0.000000	42129.000000
0.000000	42129.000000
0.000000	42129.000000
0.000000	42129.000000
0.000000	42129.000000
0.000000	42129.000000
0.000000	42129.000000
0.000000	42129.000000
0.000000	42129.000000
0.000000	42129.000000
0.000000	42129.000000
0.000000	42129.000000
0.000000	42129.000000
0.000000	42129.000000
0.000000	42129.000000
0.000000	42129.000000
0.000000	42129.000000
0.000000	42130.000000
0.000000	42130.000000
0.000000	42130.000000
0.000000	42130.000000
0.000000	42130.000000
0.000000	42130.000000
0.000000	42130.000000
0.000000	42130.000000
0.000000	42130.000000
0.000000	42130.000000
0.000000	42130.000000
0.000000	42130.000000
0.000000	42130.000000
0.000000	42130.000000
0.000000	42130.000000
0.000000	42130.000000
0.000000	42130.000000
0.000000	42131.000000
0.000000	42131.000000
0.000000	42131.000000
0.000000	42131.000000
0.000000	42131.000000
0.000000	42131.000000
0.000000	42131.000000
0.000000	42131.000000
0.000000	42131.000000
0.000000	42131.000000
0.000000	42131.000000
0.000000	42131.000000
0.000000	42131.000000
0.000000	42131.000000
0.000000	42131.000000
0.000000	42131.000000
0.000000	42131.000000
0.000000	42131.000000
0.000000	42132.000000
0.000000	42132.000000
0.000000	42132.000000
0.000000	42132.000000
0.000000	42132.000000
0.000000	42132.000000
0.000000	42132.000000
0.000000	42132.000000
0.000000	42132.000000
0.000000	42132.000000
0.000000	42132.000000
0.000000	42132.000000
0.000000	42132.000000
0.000000	42132.000000
0.000000	42132.000000
0.000000	42132.000000
0.000000	42132.000000
0.000000	42133.000000
0.000000	42133.000000
0.000000	42133.000000
0.000000	42133.000000
0.000000	42133.000000
0.000000	42133.000000
0.000000	42133.000000
0.000000	42133.000000
0.000000	42133.000000
0.000000	42133.000000
0.000000	42133.000000
0.000000	42133.000000
0.000000	42133.000000
0.000000	42133.000000
0.000000	42133.000000
0.000000	42133.000000
0.000000	42133.000000
0.000000	42134.000000
0.000000	42134.000000
0.000000	42134.000000
0.000000	42134.000000
0.000000	42134.000000
0.000000	42134.000000
0.000000	42134.000000
0.000000	42134.000000
0.000000	42134.000000
0.000000	42134.000000
0.000000	42134.000000
0.000000	42134.000000
0.000000	42134.000000
0.000000	42134.000000
0.000000	42134.000000
0.000000	42134.000000
0.000000	42134.000000
0.000000	42135.000000
0.000000	42135.000000
0.000000	42135.000000
0.000000	42135.000000
0.000000	42135.000000
0.000000	42135.000000
0.000000	42135.000000
0.000000	42135.000000
0.000000	42135.000000
0.000000	42135.000000
0.000000	42135.000000
0.000000	42135.000000
0.000000	42135.000000
0.000000	42135.000000
0.000000	42135.000000
0.000000	42135.000000
0.000000	42135.000000
0.000000	42136.000000
0.000000	42136.000000
0.000000	42136.000000
0.000000	42136.000000
0.000000	42136.000000
0.000000	42136.000000
0.000000	42136.000000
0.000000	42136.000000
0.000000	42136.000000
0.000000	42136.000000
0.000000	42136.000000
0.000000	42136.000000
0.000000	42136.000000
0.000000	42136.000000
0.000000	42136.000000
0.000000	42136.000000
0.000000	42136.000000
0.000000	42137.000000
0.000000	42137.000000
0.000000	42137.000000
0.000000	42137.000000
0.000000	42137.000000
0.000000	42137.000000
0.000000	42137.000000
0.000000	42137.000000
0.000000	42137.000000
0.000000	42137.000000
0.000000	42137.000000
0.000000	42137.000000
0.000000	42137.000000
0.000000	42137.000000
0.000000	42137.000000
0.000000	42137.000000
0.000000	42137.000000
0.000000	42138.000000
0.000000	42138.000000
0.000000	42138.000000
0.000000	42138.000000
0.000000	42138.000000
0.000000	42138.000000
0.000000	42138.000000
0.000000	42138.000000
0.000000	42138.000000
0.000000	42138.000000
0.000000	42138.000000
0.000000	42138.000000
0.000000	42138.000000
0.000000	42138.000000
0.000000	42138.000000
0.000000	42138.000000
0.000000	42138.000000
0.000000	42139.000000
0.000000	42139.000000
0.000000	42139.000000
0.000000	42139.000000
0.000000	42139.000000
0.000000	42139.000000
0.000000	42139.000000
0.000000	42139.000000
0.000000	42139.000000
0.000000	42139.000000
0.000000	42139.000000
0.000000	42139.000000
0.000000	42139.000000
0.000000	42139.000000
0.000000	42139.000000
0.000000	42139.000000
0.000000	42139.000000
0.000000	42140.000000
0.000000	42140.000000
0.000000	42140.000000
0.000000	42140.000000
0.000000	42140.000000
0.000000	42140.000000
0.000000	42140.000000
0.000000	42140.000000
0.000000	42140.000000
0.000000	42140.000000
0.000000	42140.000000
0.000000	42140.000000
0.000000	42140.000000
0.000000	42140.000000
0.000000	42140.000000
0.000000	42140.000000
0.000000	42140.000000
0.000000	42141.000000
0.000000	42141.000000
0.000000	42141.000000
0.000000	42141.000000
0.000000	42141.000000
0.000000	42141.000000
0.000000	42141.000000
0.000000	42141.000000
0.000000	42141.000000
0.000000	42141.000000
0.000000	42141.000000
0.000000	42141.000000
0.000000	42141.000000
0.000000	42141.000000
0.000000	42141.000000
0.000000	42141.000000
0.000000	42141.000000
0.000000	42142.000000
0.000000	42142.000000
0.000000	42142.000000
0.000000	42142.000000
0.000000	42142.000000
0.000000	42142.000000
0.000000	42142.000000
0.000000	42142.000000
0.000000	42142.000000
0.000000	42142.000000
0.000000	42142.000000
0.000000	42142.000000
0.000000	42142.000000
0.000000	42142.000000
0.000000	42142.000000
0.000000	42142.000000
0.000000	42142.000000
0.000000	42143.000000
0.000000	42143.000000
0.000000	42143.000000
0.000000	42143.000000
0.000000	42143.000000
0.000000	42143.000000
0.000000	42143.000000
0.000000	42143.000000
0.000000	42143.000000
0.000000	42143.000000
0.000000	42143.000000
0.000000	42143.000000
0.000000	42143.000000
0.000000	42143.000000
0.000000	42143.000000
0.000000	42143.000000
0.000000	42143.000000
0.000000	42144.000000
0.000000	42144.000000
0.000000	42144.000000
0.000000	42144.000000
0.000000	42144.000000
0.000000	42144.000000
0.000000	42144.000000
0.000000	42144.000000
0.000000	42144.000000
0.000000	42144.000000
0.000000	42144.000000
0.000000	42144.000000
0.000000	42144.000000
0.000000	42144.000000
0.000000	42144.000000
0.000000	42144.000000
0.000000	42144.000000
0.000000	42145.000000
0.000000	42145.000000
0.000000	42145.000000
0.000000	42145.000000
0.000000	42145.000000
0.000000	42145.000000
0.000000	42145.000000
0.000000	42145.000000
0.000000	42145.000000
0.000000	42145.000000
0.000000	42145.000000
0.000000	42145.000000
0.000000	42145.000000
0.000000	42145.000000
0.000000	42145.000000
0.000000	42145.000000
0.000000	42145.000000
0.000000	42146.000000
0.000000	42146.000000
0.000000	42146.000000
0.000000	42146.000000
0.000000	42146.000000
0.000000	42146.000000
0.000000	42146.000000
0.000000	42146.000000
0.000000	42146.000000
0.000000	42146.000000
0.000000	42146.000000
0.000000	42146.000000
0.000000	42146.000000
0.000000	42146.000000
0.000000	42146.000000
0.000000	42146.000000
0.000000	42146.000000
0.000000	42147.000000
0.000000	42147.000000
0.000000	42147.000000
0.000000	42147.000000
0.000000	42147.000000
0.000000	42147.000000
0.000000	42147.000000
0.000000	42147.000000
0.000000	42147.000000
0.000000	42147.000000
0.000000	42147.000000
0.000000	42147.000000
0.000000	42147.000000
0.000000	42147.000000
0.000000	42147.000000
0.000000	42147.000000
0.000000	42147.000000
0.000000	42147.000000
0.000000	42148.000000
0.000000	42148.000000
0.000000	42148.000000
0.000000	42148.000000
0.000000	42148.000000
0.000000	42148.000000
0.000000	42148.000000
0.000000	42148.000000
0.000000	42148.000000
0.000000	42148.000000
0.000000	42148.000000
0.000000	42148.000000
0.000000	42148.000000
0.000000	42148.000000
0.000000	42148.000000
0.000000	42148.000000
0.000000	42148.000000
0.000000	42149.000000
0.000000	42149.000000
0.000000	42149.000000
0.000000	42149.000000
0.000000	42149.000000
0.000000	42149.000000
0.000000	42149.000000
0.000000	42149.000000
0.000000	42149.000000
0.000000	42149.000000
0.000000	42149.000000
0.000000	42149.000000
0.000000	42149.000000
0.000000	42149.000000
0.000000	42149.000000
0.000000	42149.000000
0.000000	42149.000000
0.000000	42150.000000
0.000000	42150.000000
0.000000	42150.000000
0.000000	42150.000000
0.000000	42150.000000
0.000000	42150.000000
0.000000	42150.000000
0.000000	42150.000000
0.000000	42150.000000
0.000000	42150.000000
0.000000	42150.000000
0.000000	42150.000000
0.000000	42150.000000
0.000000	42150.000000
0.000000	42150.000000
0.000000	42150.000000
0.000000	42150.000000
0.000000	42151.000000
0.000000	42151.000000
0.000000	42151.000000
0.000000	42151.000000
0.000000	42151.000000
0.000000	42151.000000
0.000000	42151.000000
0.000000	42151.000000
0.000000	42151.000000
0.000000	42151.000000
0.000000	42151.000000
0.000000	42151.000000
0.000000	42151.000000
0.000000	42151.000000
0.000000	42151.000000
0.000000	42151.000000
0.000000	42151.000000
0.000000	42152.000000
0.000000	42152.000000
0.000000	42152.000000
0.000000	42152.000000
0.000000	42152.000000
0.000000	42152.000000
0.000000	42152.000000
0.000000	42152.000000
0.000000	42152.000000
0.000000	42152.000000
0.000000	42152.000000
0.000000	42152.000000
0.000000	42152.000000
0.000000	42152.000000
0.000000	42152.000000
0.000000	42152.000000
0.000000	42152.000000
0.000000	42153.000000
0.000000	42153.000000
0.000000	42153.000000
0.000000	42153.000000
0.000000	42153.000000
0.000000	42153.000000
0.000000	42153.000000
0.000000	42153.000000
0.000000	42153.000000
0.000000	42153.000000
0.000000	42153.000000
0.000000	42153.000000
0.000000	42153.000000
0.000000	42153.000000
0.000000	42153.000000
0.000000	42153.000000
0.000000	42153.000000
0.000000	42154.000000
0.000000	42154.000000
0.000000	42154.000000
0.000000	42154.000000
0.000000	42154.000000
0.000000	42154.000000
0.000000	42154.000000
0.000000	42154.000000
0.000000	42154.000000
0.000000	42154.000000
0.000000	42154.000000
0.000000	42154.000000
0.000000	42154.000000
0.000000	42154.000000
0.000000	42154.000000
0.000000	42154.000000
0.000000	42154.000000
0.000000	42155.000000
0.000000	42155.000000
0.000000	42155.000000
0.000000	42155.000000
0.000000	42155.000000
0.000000	42155.000000
0.000000	42155.000000
0.000000	42155.000000
0.000000	42155.000000
0.000000	42155.000000
0.000000	42155.000000
0.000000	42155.000000
0.000000	42155.000000
0.000000	42155.000000
0.000000	42155.000000
0.000000	42155.000000
0.000000	42155.000000
0.000000	42156.000000
0.000000	42156.000000
0.000000	42156.000000
0.000000	42156.000000
0.000000	42156.000000
0.000000	42156.000000
0.000000	42156.000000
0.000000	42156.000000
0.000000	42156.000000
0.000000	42156.000000
0.000000	42156.000000
0.000000	42156.000000
0.000000	42156.000000
0.000000	42156.000000
0.000000	42156.000000
0.000000	42156.000000
0.000000	42156.000000
0.000000	42157.000000
0.000000	42157.000000
0.000000	42157.000000
0.000000	42157.000000
0.000000	42157.000000
0.000000	42157.000000
0.000000	42157.000000
0.000000	42157.000000
0.000000	42157.000000
0.000000	42157.000000
0.000000	42157.000000
0.000000	42157.000000
0.000000	42157.000000
0.000000	42157.000000
0.000000	42157.000000
0.000000	42157.000000
0.000000	42157.000000
0.000000	42158.000000
0.000000	42158.000000
0.000000	42158.000000
0.000000	42158.000000
0.000000	42158.000000
0.000000	42158.000000
0.000000	42158.000000
0.000000	42158.000000
0.000000	42158.000000
0.000000	42158.000000
0.000000	42158.000000
0.000000	42158.000000
0.000000	42158.000000
0.000000	42158.000000
0.000000	42158.000000
0.000000	42158.000000
0.000000	42158.000000
0.000000	42159.000000
0.000000	42159.000000
0.000000	42159.000000
0.000000	42159.000000
0.000000	42159.000000
0.000000	42159.000000
0.000000	42159.000000
0.000000	42159.000000
0.000000	42159.000000
0.000000	42159.000000
0.000000	42159.000000
0.000000	42159.000000
0.000000	42159.000000
0.000000	42159.000000
0.000000	42159.000000
0.000000	42159.000000
0.000000	42159.000000
0.000000	42200.000000
0.000000	42200.000000
0.000000	42200.000000
0.000000	42200.000000
0.000000	42200.000000
0.000000	42200.000000
0.000000	42200.000000
0.000000	42200.000000
0.000000	42200.000000
0.000000	42200.000000
0.000000	42200.000000
0.000000	42200.000000
0.000000	42200.000000
0.000000	42200.000000
0.000000	42200.000000
0.000000	42200.000000
0.000000	42200.000000
0.000000	42201.000000
0.000000	42201.000000
0.000000	42201.000000
0.000000	42201.000000
0.000000	42201.000000
0.000000	42201.000000
0.000000	42201.000000
0.000000	42201.000000
0.000000	42201.000000
0.000000	42201.000000
0.000000	42201.000000
0.000000	42201.000000
0.000000	42201.000000
0.000000	42201.000000
0.000000	42201.000000
0.000000	42201.000000
0.000000	42201.000000
0.000000	42201.000000
0.000000	42202.000000
0.000000	42202.000000
0.000000	42202.000000
0.000000	42202.000000
0.000000	42202.000000
0.000000	42202.000000
0.000000	42202.000000
0.000000	42202.000000
0.000000	42202.000000
0.000000	42202.000000
0.000000	42202.000000
0.000000	42202.000000
0.000000	42202.000000
0.000000	42202.000000
0.000000	42202.000000
0.000000	42202.000000
0.000000	42202.000000
0.000000	42203.000000
0.000000	42203.000000
0.000000	42203.000000
0.000000	42203.000000
0.000000	42203.000000
0.000000	42203.000000
0.000000	42203.000000
0.000000	42203.000000
0.000000	42203.000000
0.000000	42203.000000
0.000000	42203.000000
0.000000	42203.000000
0.000000	42203.000000
0.000000	42203.000000
0.000000	42203.000000
0.000000	42203.000000
0.000000	42203.000000
0.000000	42204.000000
0.000000	42204.000000
0.000000	42204.000000
0.000000	42204.000000
0.000000	42204.000000
0.000000	42204.000000
0.000000	42204.000000
0.000000	42204.000000
0.000000	42204.000000
0.000000	42204.000000
0.000000	42204.000000
0.000000	42204.000000
0.000000	42204.000000
0.000000	42204.000000
0.000000	42204.000000
0.000000	42204.000000
0.000000	42204.000000
0.000000	42205.000000
0.000000	42205.000000
0.000000	42205.000000
0.000000	42205.000000
0.000000	42205.000000
0.000000	42205.000000
0.000000	42205.000000
0.000000	42205.000000
0.000000	42205.000000
0.000000	42205.000000
0.000000	42205.000000
0.000000	42205.000000
0.000000	42205.000000
0.000000	42205.000000
0.000000	42205.000000
0.000000	42205.000000
0.000000	42205.000000
0.000000	42206.000000
0.000000	42206.000000
0.000000	42206.000000
0.000000	42206.000000
0.000000	42206.000000
0.000000	42206.000000
0.000000	42206.000000
0.000000	42206.000000
0.000000	42206.000000
0.000000	42206.000000
0.000000	42206.000000
0.000000	42206.000000
0.000000	42206.000000
0.000000	42206.000000
0.000000	42206.000000
0.000000	42206.000000
0.000000	42206.000000
0.000000	42207.000000
0.000000	42207.000000
0.000000	42207.000000
0.000000	42207.000000
0.000000	42207.000000
0.000000	42207.000000
0.000000	42207.000000
0.000000	42207.000000
0.000000	42207.000000
0.000000	42207.000000
0.000000	42207.000000
0.000000	42207.000000
0.000000	42207.000000
0.000000	42207.000000
0.000000	42207.000000
0.000000	42207.000000
0.000000	42207.000000
0.000000	42208.000000
0.000000	42208.000000
0.000000	42208.000000
0.000000	42208.000000
0.000000	42208.000000
0.000000	42208.000000
0.000000	42208.000000
0.000000	42208.000000
0.000000	42208.000000
0.000000	42208.000000
0.000000	42208.000000
0.000000	42208.000000
0.000000	42208.000000
0.000000	42208.000000
0.000000	42208.000000
0.000000	42208.000000
0.000000	42208.000000
0.000000	42209.000000
0.000000	42209.000000
0.000000	42209.000000
0.000000	42209.000000
0.000000	42209.000000
0.000000	42209.000000
0.000000	42209.000000
0.000000	42209.000000
0.000000	42209.000000
0.000000	42209.000000
0.000000	42209.000000
0.000000	42209.000000
0.000000	42209.000000
0.000000	42209.000000
0.000000	42209.000000
0.000000	42209.000000
0.000000	42209.000000
0.000000	42210.000000
0.000000	42210.000000
0.000000	42210.000000
0.000000	42210.000000
0.000000	42210.000000
0.000000	42210.000000
0.000000	42210.000000
0.000000	42210.000000
0.000000	42210.000000
0.000000	42210.000000
0.000000	42210.000000
0.000000	42210.000000
0.000000	42210.000000
0.000000	42210.000000
0.000000	42210.000000
0.000000	42210.000000
0.000000	42210.000000
0.000000	42211.000000
0.000000	42211.000000
0.000000	42211.000000
0.000000	42211.000000
0.000000	42211.000000
0.000000	42211.000000
0.000000	42211.000000
0.000000	42211.000000
0.000000	42211.000000
0.000000	42211.000000
0.000000	42211.000000
0.000000	42211.000000
0.000000	42211.000000
0.000000	42211.000000
0.000000	42211.000000
0.000000	42211.000000
0.000000	42211.000000
0.000000	42212.000000
0.000000	42212.000000
0.000000	42212.000000
0.000000	42212.000000
0.000000	42212.000000
0.000000	42212.000000
0.000000	42212.000000
0.000000	42212.000000
0.000000	42212.000000
0.000000	42212.000000
0.000000	42212.000000
0.000000	42212.000000
0.000000	42212.000000
0.000000	42212.000000
0.000000	42212.000000
0.000000	42212.000000
0.000000	42212.000000
0.000000	42213.000000
0.000000	42213.000000
0.000000	42213.000000
0.000000	42213.000000
0.000000	42213.000000
0.000000	42213.000000
0.000000	42213.000000
0.000000	42213.000000
0.000000	42213.000000
0.000000	42213.000000
0.000000	42213.000000
0.000000	42213.000000
0.000000	42213.000000
0.000000	42213.000000
0.000000	42213.000000
0.000000	42213.000000
0.000000	42213.000000
0.000000	42214.000000
0.000000	42214.000000
0.000000	42214.000000
0.000000	42214.000000
0.000000	42214.000000
0.000000	42214.000000
0.000000	42214.000000
0.000000	42214.000000
0.000000	42214.000000
0.000000	42214.000000
0.000000	42214.000000
0.000000	42214.000000
0.000000	42214.000000
0.000000	42214.000000
0.000000	42214.000000
0.000000	42214.000000
0.000000	42214.000000
0.000000	42215.000000
0.000000	42215.000000
0.000000	42215.000000
0.000000	42215.000000
0.000000	42215.000000
0.000000	42215.000000
0.000000	42215.000000
0.000000	42215.000000
0.000000	42215.000000
0.000000	42215.000000
0.000000	42215.000000
0.000000	42215.000000
0.000000	42215.000000
0.000000	42215.000000
0.000000	42215.000000
0.000000	42215.000000
0.000000	42215.000000
0.000000	42215.000000
0.000000	42216.000000
0.000000	42216.000000
0.000000	42216.000000
0.000000	42216.000000
0.000000	42216.000000
0.000000	42216.000000
0.000000	42216.000000
0.000000	42216.000000
0.000000	42216.000000
0.000000	42216.000000
0.000000	42216.000000
0.000000	42216.000000
0.000000	42216.000000
0.000000	42216.000000
0.000000	42216.000000
0.000000	42216.000000
0.000000	42216.000000
0.000000	42217.000000
0.000000	42217.000000
0.000000	42217.000000
0.000000	42217.000000
0.000000	42217.000000
0.000000	42217.000000
0.000000	42217.000000
0.000000	42217.000000
0.000000	42217.000000
0.000000	42217.000000
0.000000	42217.000000
0.000000	42217.000000
0.000000	42217.000000
0.000000	42217.000000
0.000000	42217.000000
0.000000	42217.000000
0.000000	42217.000000
0.000000	42218.000000
0.000000	42218.000000
0.000000	42218.000000
0.000000	42218.000000
0.000000	42218.000000
0.000000	42218.000000
0.000000	42218.000000
0.000000	42218.000000
0.000000	42218.000000
0.000000	42218.000000
0.000000	42218.000000
0.000000	42218.000000
0.000000	42218.000000
0.000000	42218.000000
0.000000	42218.000000
0.000000	42218.000000
0.000000	42218.000000
0.000000	42219.000000
0.000000	42219.000000
0.000000	42219.000000
0.000000	42219.000000
0.000000	42219.000000
0.000000	42219.000000
0.000000	42219.000000
0.000000	42219.000000
0.000000	42219.000000
0.000000	42219.000000
0.000000	42219.000000
0.000000	42219.000000
0.000000	42219.000000
0.000000	42219.000000
0.000000	42219.000000
0.000000	42219.000000
0.000000	42219.000000
0.000000	42220.000000
0.000000	42220.000000
0.000000	42220.000000
0.000000	42220.000000
0.000000	42220.000000
0.000000	42220.000000
0.000000	42220.000000
0.000000	42220.000000
0.000000	42220.000000
0.000000	42220.000000
0.000000	42220.000000
0.000000	42220.000000
0.000000	42220.000000
0.000000	42220.000000
0.000000	42220.000000
0.000000	42220.000000
0.000000	42220.000000
0.000000	42221.000000
0.000000	42221.000000
0.000000	42221.000000
0.000000	42221.000000
0.000000	42221.000000
0.000000	42221.000000
0.000000	42221.000000
0.000000	42221.000000
0.000000	42221.000000
0.000000	42221.000000
0.000000	42221.000000
0.000000	42221.000000
0.000000	42221.000000
0.000000	42221.000000
0.000000	42221.000000
0.000000	42221.000000
0.000000	42221.000000
0.000000	42222.000000
0.000000	42222.000000
0.000000	42222.000000
0.000000	42222.000000
0.000000	42222.000000
0.000000	42222.000000
0.000000	42222.000000
0.000000	42222.000000
0.000000	42222.000000
0.000000	42222.000000
0.000000	42222.000000
0.000000	42222.000000
0.000000	42222.000000
0.000000	42222.000000
0.000000	42222.000000
0.000000	42222.000000
0.000000	42222.000000
0.000000	42223.000000
0.000000	42223.000000
0.000000	42223.000000
0.000000	42223.000000
0.000000	42223.000000
0.000000	42223.000000
0.000000	42223.000000
0.000000	42223.000000
0.000000	42223.000000
0.000000	42223.000000
0.000000	42223.000000
0.000000	42223.000000
0.000000	42223.000000
0.000000	42223.000000
0.000000	42223.000000
0.000000	42223.000000
0.000000	42223.000000
0.000000	42224.000000
0.000000	42224.000000
0.000000	42224.000000
0.000000	42224.000000
0.000000	42224.000000
0.000000	42224.000000
0.000000	42224.000000
0.000000	42224.000000
0.000000	42224.000000
0.000000	42224.000000
0.000000	42224.000000
0.000000	42224.000000
0.000000	42224.000000
0.000000	42224.000000
0.000000	42224.000000
0.000000	42224.000000
0.000000	42224.000000
0.000000	42225.000000
0.000000	42225.000000
0.000000	42225.000000
0.000000	42225.000000
0.000000	42225.000000
0.000000	42225.000000
0.000000	42225.000000
0.000000	42225.000000
0.000000	42225.000000
0.000000	42225.000000
0.000000	42225.000000
0.000000	42225.000000
0.000000	42225.000000
0.000000	42225.000000
0.000000	42225.000000
0.000000	42225.000000
0.000000	42225.000000
0.000000	42226.000000
0.000000	42226.000000
0.000000	42226.000000
0.000000	42226.000000
0.000000	42226.000000
0.000000	42226.000000
0.000000	42226.000000
0.000000	42226.000000
0.000000	42226.000000
0.000000	42226.000000
0.000000	42226.000000
0.000000	42226.000000
0.000000	42226.000000
0.000000	42226.000000
0.000000	42226.000000
0.000000	42226.000000
0.000000	42226.000000
0.000000	42227.000000
0.000000	42227.000000
0.000000	42227.000000
0.000000	42227.000000
0.000000	42227.000000
0.000000	42227.000000
0.000000	42227.000000
0.000000	42227.000000
0.000000	42227.000000
0.000000	42227.000000
0.000000	42227.000000
0.000000	42227.000000
0.000000	42227.000000
0.000000	42227.000000
0.000000	42227.000000
0.000000	42227.000000
0.000000	42227.000000
0.000000	42228.000000
0.000000	42228.000000
0.000000	42228.000000
0.000000	42228.000000
0.000000	42228.000000
0.000000	42228.000000
0.000000	42228.000000
0.000000	42228.000000
0.000000	42228.000000
0.000000	42228.000000
0.000000	42228.000000
0.000000	42228.000000
0.000000	42228.000000
0.000000	42228.000000
0.000000	42228.000000
0.000000	42228.000000
0.000000	42228.000000
0.000000	42229.000000
0.000000	42229.000000
0.000000	42229.000000
0.000000	42229.000000
0.000000	42229.000000
0.000000	42229.000000
0.000000	42229.000000
0.000000	42229.000000
0.000000	42229.000000
0.000000	42229.000000
0.000000	42229.000000
0.000000	42229.000000
0.000000	42229.000000
0.000000	42229.000000
0.000000	42229.000000
0.000000	42229.000000
0.000000	42229.000000
0.000000	42230.000000
0.000000	42230.000000
0.000000	42230.000000
0.000000	42230.000000
0.000000	42230.000000
0.000000	42230.000000
0.000000	42230.000000
0.000000	42230.000000
0.000000	42230.000000
0.000000	42230.000000
0.000000	42230.000000
0.000000	42230.000000
0.000000	42230.000000
0.000000	42230.000000
0.000000	42230.000000
0.000000	42230.000000
0.000000	42230.000000
0.000000	42231.000000
0.000000	42231.000000
0.000000	42231.000000
0.000000	42231.000000
0.000000	42231.000000
0.000000	42231.000000
0.000000	42231.000000
0.000000	42231.000000
0.000000	42231.000000
0.000000	42231.000000
0.000000	42231.000000
0.000000	42231.000000
0.000000	42231.000000
0.000000	42231.000000
0.000000	42231.000000
0.000000	42231.000000
0.000000	42231.000000
0.000000	42231.000000
0.000000	42232.000000
0.000000	42232.000000
0.000000	42232.000000
0.000000	42232.000000
0.000000	42232.000000
0.000000	42232.000000
0.000000	42232.000000
0.000000	42232.000000
0.000000	42232.000000
0.000000	42232.000000
0.000000	42232.000000
0.000000	42232.000000
0.000000	42232.000000
0.000000	42232.000000
0.000000	42232.000000
0.000000	42232.000000
0.000000	42232.000000
0.000000	42233.000000
0.000000	42233.000000
0.000000	42233.000000
0.000000	42233.000000
0.000000	42233.000000
0.000000	42233.000000
0.000000	42233.000000
0.000000	42233.000000
0.000000	42233.000000
0.000000	42233.000000
0.000000	42233.000000
0.000000	42233.000000
0.000000	42233.000000
0.000000	42233.000000
0.000000	42233.000000
0.000000	42233.000000
0.000000	42233.000000
0.000000	42234.000000
0.000000	42234.000000
0.000000	42234.000000
0.000000	42234.000000
0.000000	42234.000000
0.000000	42234.000000
0.000000	42234.000000
0.000000	42234.000000
0.000000	42234.000000
0.000000	42234.000000
0.000000	42234.000000
0.000000	42234.000000
0.000000	42234.000000
0.000000	42234.000000
0.000000	42234.000000
0.000000	42234.000000
0.000000	42234.000000
0.000000	42235.000000
0.000000	42235.000000
0.000000	42235.000000
0.000000	42235.000000
0.000000	42235.000000
0.000000	42235.000000
0.000000	42235.000000
0.000000	42235.000000
0.000000	42235.000000
0.000000	42235.000000
0.000000	42235.000000
0.000000	42235.000000
0.000000	42235.000000
0.000000	42235.000000
0.000000	42235.000000
0.000000	42235.000000
0.000000	42235.000000
0.000000	42236.000000
0.000000	42236.000000
0.000000	42236.000000
0.000000	42236.000000
0.000000	42236.000000
0.000000	42236.000000
0.000000	42236.000000
0.000000	42236.000000
0.000000	42236.000000
0.000000	42236.000000
0.000000	42236.000000
0.000000	42236.000000
0.000000	42236.000000
0.000000	42236.000000
0.000000	42236.000000
0.000000	42236.000000
0.000000	42236.000000
0.000000	42237.000000
0.000000	42237.000000
0.000000	42237.000000
0.000000	42237.000000
0.000000	42237.000000
0.000000	42237.000000
0.000000	42237.000000
0.000000	42237.000000
0.000000	42237.000000
0.000000	42237.000000
0.000000	42237.000000
0.000000	42237.000000
0.000000	42237.000000
0.000000	42237.000000
0.000000	42237.000000
0.000000	42237.000000
0.000000	42237.000000
0.000000	42238.000000
0.000000	42238.000000
0.000000	42238.000000
0.000000	42238.000000
0.000000	42238.000000
0.000000	42238.000000
0.000000	42238.000000
0.000000	42238.000000
0.000000	42238.000000
0.000000	42238.000000
0.000000	42238.000000
0.000000	42238.000000
0.000000	42238.000000
0.000000	42238.000000
0.000000	42238.000000
0.000000	42238.000000
0.000000	42238.000000
0.000000	42239.000000
0.000000	42239.000000
0.000000	42239.000000
0.000000	42239.000000
0.000000	42239.000000
0.000000	42239.000000
0.000000	42239.000000
0.000000	42239.000000
0.000000	42239.000000
0.000000	42239.000000
0.000000	42239.000000
0.000000	42239.000000
0.000000	42239.000000
0.000000	42239.000000
0.000000	42239.000000
0.000000	42239.000000
0.000000	42239.000000
0.000000	42240.000000
0.000000	42240.000000
0.000000	42240.000000
0.000000	42240.000000
0.000000	42240.000000
0.000000	42240.000000
0.000000	42240.000000
0.000000	42240.000000
0.000000	42240.000000
0.000000	42240.000000
0.000000	42240.000000
0.000000	42240.000000
0.000000	42240.000000
0.000000	42240.000000
0.000000	42240.000000
0.000000	42240.000000
0.000000	42240.000000
0.000000	42241.000000
0.000000	42241.000000
0.000000	42241.000000
0.000000	42241.000000
0.000000	42241.000000
0.000000	42241.000000
0.000000	42241.000000
0.000000	42241.000000
0.000000	42241.000000
0.000000	42241.000000
0.000000	42241.000000
0.000000	42241.000000
0.000000	42241.000000
0.000000	42241.000000
0.000000	42241.000000
0.000000	42241.000000
0.000000	42241.000000
0.000000	42242.000000
0.000000	42242.000000
0.000000	42242.000000
0.000000	42242.000000
0.000000	42242.000000
0.000000	42242.000000
0.000000	42242.000000
0.000000	42242.000000
0.000000	42242.000000
0.000000	42242.000000
0.000000	42242.000000
0.000000	42242.000000
0.000000	42242.000000
0.000000	42242.000000
0.000000	42242.000000
0.000000	42242.000000
0.000000	42242.000000
0.000000	42243.000000
0.000000	42243.000000
0.000000	42243.000000
0.000000	42243.000000
0.000000	42243.000000
0.000000	42243.000000
0.000000	42243.000000
0.000000	42243.000000
0.000000	42243.000000
0.000000	42243.000000
0.000000	42243.000000
0.000000	42243.000000
0.000000	42243.000000
0.000000	42243.000000
0.000000	42243.000000
0.000000	42243.000000
0.000000	42243.000000
0.000000	42244.000000
0.000000	42244.000000
0.000000	42244.000000
0.000000	42244.000000
0.000000	42244.000000
0.000000	42244.000000
0.000000	42244.000000
0.000000	42244.000000
0.000000	42244.000000
0.000000	42244.000000
0.000000	42244.000000
0.000000	42244.000000
0.000000	42244.000000
0.000000	42244.000000
0.000000	42244.000000
0.000000	42244.000000
0.000000	42244.000000
0.000000	42245.000000
0.000000	42245.000000
0.000000	42245.000000
0.000000	42245.000000
0.000000	42245.000000
0.000000	42245.000000
0.000000	42245.000000
0.000000	42245.000000
0.000000	42245.000000
0.000000	42245.000000
0.000000	42245.000000
0.000000	42245.000000
0.000000	42245.000000
0.000000	42245.000000
0.000000	42245.000000
0.000000	42245.000000
0.000000	42245.000000
0.000000	42246.000000
0.000000	42246.000000
0.000000	42246.000000
0.000000	42246.000000
0.000000	42246.000000
0.000000	42246.000000
0.000000	42246.000000
0.000000	42246.000000
0.000000	42246.000000
0.000000	42246.000000
0.000000	42246.000000
0.000000	42246.000000
0.000000	42246.000000
0.000000	42246.000000
0.000000	42246.000000
0.000000	42246.000000
0.000000	42246.000000
0.000000	42246.000000
0.000000	42247.000000
0.000000	42247.000000
0.000000	42247.000000
0.000000	42247.000000
0.000000	42247.000000
0.000000	42247.000000
0.000000	42247.000000
0.000000	42247.000000
0.000000	42247.000000
0.000000	42247.000000
0.000000	42247.000000
0.000000	42247.000000
0.000000	42247.000000
0.000000	42247.000000
0.000000	42247.000000
0.000000	42247.000000
0.000000	42247.000000
0.000000	42248.000000
0.000000	42248.000000
0.000000	42248.000000
0.000000	42248.000000
0.000000	42248.000000
0.000000	42248.000000
0.000000	42248.000000
0.000000	42248.000000
0.000000	42248.000000
0.000000	42248.000000
0.000000	42248.000000
0.000000	42248.000000
0.000000	42248.000000
0.000000	42248.000000
0.000000	42248.000000
0.000000	42248.000000
0.000000	42248.000000
0.000000	42249.000000
0.000000	42249.000000
0.000000	42249.000000
0.000000	42249.000000
0.000000	42249.000000
0.000000	42249.000000
0.000000	42249.000000
0.000000	42249.000000
0.000000	42249.000000
0.000000	42249.000000
0.000000	42249.000000
0.000000	42249.000000
0.000000	42249.000000
0.000000	42249.000000
0.000000	42249.000000
0.000000	42249.000000
0.000000	42249.000000
0.000000	42250.000000
0.000000	42250.000000
0.000000	42250.000000
0.000000	42250.000000
0.000000	42250.000000
0.000000	42250.000000
0.000000	42250.000000
0.000000	42250.000000
0.000000	42250.000000
0.000000	42250.000000
0.000000	42250.000000
0.000000	42250.000000
0.000000	42250.000000
0.000000	42250.000000
0.000000	42250.000000
0.000000	42250.000000
0.000000	42250.000000
0.000000	42251.000000
0.000000	42251.000000
0.000000	42251.000000
0.000000	42251.000000
0.000000	42251.000000
0.000000	42251.000000
0.000000	42251.000000
0.000000	42251.000000
0.000000	42251.000000
0.000000	42251.000000
0.000000	42251.000000
0.000000	42251.000000
0.000000	42251.000000
0.000000	42251.000000
0.000000	42251.000000
0.000000	42251.000000
0.000000	42251.000000
0.000000	42252.000000
0.000000	42252.000000
0.000000	42252.000000
0.000000	42252.000000
0.000000	42252.000000
0.000000	42252.000000
0.000000	42252.000000
0.000000	42252.000000
0.000000	42252.000000
0.000000	42252.000000
0.000000	42252.000000
0.000000	42252.000000
0.000000	42252.000000
0.000000	42252.000000
0.000000	42252.000000
0.000000	42252.000000
0.000000	42252.000000
0.000000	42253.000000
0.000000	42253.000000
0.000000	42253.000000
0.000000	42253.000000
0.000000	42253.000000
0.000000	42253.000000
0.000000	42253.000000
0.000000	42253.000000
0.000000	42253.000000
0.000000	42253.000000
0.000000	42253.000000
0.000000	42253.000000
0.000000	42253.000000
0.000000	42253.000000
0.000000	42253.000000
0.000000	42253.000000
0.000000	42253.000000
0.000000	42254.000000
0.000000	42254.000000
0.000000	42254.000000
0.000000	42254.000000
0.000000	42254.000000
0.000000	42254.000000
0.000000	42254.000000
0.000000	42254.000000
0.000000	42254.000000
0.000000	42254.000000
0.000000	42254.000000
0.000000	42254.000000
0.000000	42254.000000
0.000000	42254.000000
0.000000	42254.000000
0.000000	42254.000000
0.000000	42254.000000
0.000000	42255.000000
0.000000	42255.000000
0.000000	42255.000000
0.000000	42255.000000
0.000000	42255.000000
0.000000	42255.000000
0.000000	42255.000000
0.000000	42255.000000
0.000000	42255.000000
0.000000	42255.000000
0.000000	42255.000000
0.000000	42255.000000
0.000000	42255.000000
0.000000	42255.000000
0.000000	42255.000000
0.000000	42255.000000
0.000000	42255.000000
0.000000	42256.000000
0.000000	42256.000000
0.000000	42256.000000
0.000000	42256.000000
0.000000	42256.000000
0.000000	42256.000000
0.000000	42256.000000
0.000000	42256.000000
0.000000	42256.000000
0.000000	42256.000000
0.000000	42256.000000
0.000000	42256.000000
0.000000	42256.000000
0.000000	42256.000000
0.000000	42256.000000
0.000000	42256.000000
0.000000	42256.000000
0.000000	42257.000000
0.000000	42257.000000
0.000000	42257.000000
0.000000	42257.000000
0.000000	42257.000000
0.000000	42257.000000
0.000000	42257.000000
0.000000	42257.000000
0.000000	42257.000000
0.000000	42257.000000
0.000000	42257.000000
0.000000	42257.000000
0.000000	42257.000000
0.000000	42257.000000
0.000000	42257.000000
0.000000	42257.000000
0.000000	42257.000000
0.000000	42258.000000
0.000000	42258.000000
0.000000	42258.000000
0.000000	42258.000000
0.000000	42258.000000
0.000000	42258.000000
0.000000	42258.000000
0.000000	42258.000000
0.000000	42258.000000
0.000000	42258.000000
0.000000	42258.000000
0.000000	42258.000000
0.000000	42258.000000
0.000000	42258.000000
0.000000	42258.000000
0.000000	42258.000000
0.000000	42258.000000
0.000000	42259.000000
0.000000	42259.000000
0.000000	42259.000000
0.000000	42259.000000
0.000000	42259.000000
0.000000	42259.000000
0.000000	42259.000000
0.000000	42259.000000
0.000000	42259.000000
0.000000	42259.000000
0.000000	42259.000000
0.000000	42259.000000
0.000000	42259.000000
0.000000	42259.000000
0.000000	42259.000000
0.000000	42259.000000
0.000000	42259.000000
0.000000	42300.000000
0.000000	42300.000000
0.000000	42300.000000
0.000000	42300.000000
0.000000	42300.000000
0.000000	42300.000000
0.000000	42300.000000
0.000000	42300.000000
0.000000	42300.000000
0.000000	42300.000000
0.000000	42300.000000
0.000000	42300.000000
0.000000	42300.000000
0.000000	42300.000000
0.000000	42300.000000
0.000000	42300.000000
0.000000	42300.000000
0.000000	42301.000000
0.000000	42301.000000
0.000000	42301.000000
0.000000	42301.000000
0.000000	42301.000000
0.000000	42301.000000
0.000000	42301.000000
0.000000	42301.000000
0.000000	42301.000000
0.000000	42301.000000
0.000000	42301.000000
0.000000	42301.000000
0.000000	42301.000000
0.000000	42301.000000
0.000000	42301.000000
0.000000	42301.000000
0.000000	42301.000000
0.000000	42301.000000
0.000000	42302.000000
0.000000	42302.000000
0.000000	42302.000000
0.000000	42302.000000
0.000000	42302.000000
0.000000	42302.000000
0.000000	42302.000000
0.000000	42302.000000
0.000000	42302.000000
0.000000	42302.000000
0.000000	42302.000000
0.000000	42302.000000
0.000000	42302.000000
0.000000	42302.000000
0.000000	42302.000000
0.000000	42302.000000
0.000000	42302.000000
0.000000	42303.000000
0.000000	42303.000000
0.000000	42303.000000
0.000000	42303.000000
0.000000	42303.000000
0.000000	42303.000000
0.000000	42303.000000
0.000000	42303.000000
0.000000	42303.000000
0.000000	42303.000000
0.000000	42303.000000
0.000000	42303.000000
0.000000	42303.000000
0.000000	42303.000000
0.000000	42303.000000
0.000000	42303.000000
0.000000	42303.000000
0.000000	42304.000000
0.000000	42304.000000
0.000000	42304.000000
0.000000	42304.000000
0.000000	42304.000000
0.000000	42304.000000
0.000000	42304.000000
0.000000	42304.000000
0.000000	42304.000000
0.000000	42304.000000
0.000000	42304.000000
0.000000	42304.000000
0.000000	42304.000000
0.000000	42304.000000
0.000000	42304.000000
0.000000	42304.000000
0.000000	42304.000000
0.000000	42305.000000
0.000000	42305.000000
0.000000	42305.000000
0.000000	42305.000000
0.000000	42305.000000
0.000000	42305.000000
0.000000	42305.000000
0.000000	42305.000000
0.000000	42305.000000
0.000000	42305.000000
0.000000	42305.000000
0.000000	42305.000000
0.000000	42305.000000
0.000000	42305.000000
0.000000	42305.000000
0.000000	42305.000000
0.000000	42305.000000
0.000000	42306.000000
0.000000	42306.000000
0.000000	42306.000000
0.000000	42306.000000
0.000000	42306.000000
0.000000	42306.000000
0.000000	42306.000000
0.000000	42306.000000
0.000000	42306.000000
0.000000	42306.000000
0.000000	42306.000000
0.000000	42306.000000
0.000000	42306.000000
0.000000	42306.000000
0.000000	42306.000000
0.000000	42306.000000
0.000000	42306.000000
0.000000	42307.000000
0.000000	42307.000000
0.000000	42307.000000
0.000000	42307.000000
0.000000	42307.000000
0.000000	42307.000000
0.000000	42307.000000
0.000000	42307.000000
0.000000	42307.000000
0.000000	42307.000000
0.000000	42307.000000
0.000000	42307.000000
0.000000	42307.000000
0.000000	42307.000000
0.000000	42307.000000
0.000000	42307.000000
0.000000	42307.000000
0.000000	42308.000000
0.000000	42308.000000
0.000000	42308.000000
0.000000	42308.000000
0.000000	42308.000000
0.000000	42308.000000
0.000000	42308.000000
0.000000	42308.000000
0.000000	42308.000000
0.000000	42308.000000
0.000000	42308.000000
0.000000	42308.000000
0.000000	42308.000000
0.000000	42308.000000
0.000000	42308.000000
0.000000	42308.000000
0.000000	42308.000000
0.000000	42309.000000
0.000000	42309.000000
0.000000	42309.000000
0.000000	42309.000000
0.000000	42309.000000
0.000000	42309.000000
0.000000	42309.000000
0.000000	42309.000000
0.000000	42309.000000
0.000000	42309.000000
0.000000	42309.000000
0.000000	42309.000000
0.000000	42309.000000
0.000000	42309.000000
0.000000	42309.000000
0.000000	42309.000000
0.000000	42309.000000
0.000000	42310.000000
0.000000	42310.000000
0.000000	42310.000000
0.000000	42310.000000
0.000000	42310.000000
0.000000	42310.000000
0.000000	42310.000000
0.000000	42310.000000
0.000000	42310.000000
0.000000	42310.000000
0.000000	42310.000000
0.000000	42310.000000
0.000000	42310.000000
0.000000	42310.000000
0.000000	42310.000000
0.000000	42310.000000
0.000000	42310.000000
0.000000	42311.000000
0.000000	42311.000000
0.000000	42311.000000
0.000000	42311.000000
0.000000	42311.000000
0.000000	42311.000000
0.000000	42311.000000
0.000000	42311.000000
0.000000	42311.000000
0.000000	42311.000000
0.000000	42311.000000
0.000000	42311.000000
0.000000	42311.000000
0.000000	42311.000000
0.000000	42311.000000
0.000000	42311.000000
0.000000	42311.000000
0.000000	42312.000000
0.000000	42312.000000
0.000000	42312.000000
0.000000	42312.000000
0.000000	42312.000000
0.000000	42312.000000
0.000000	42312.000000
0.000000	42312.000000
0.000000	42312.000000
0.000000	42312.000000
0.000000	42312.000000
0.000000	42312.000000
0.000000	42312.000000
0.000000	42312.000000
0.000000	42312.000000
0.000000	42312.000000
0.000000	42312.000000
0.000000	42313.000000
0.000000	42313.000000
0.000000	42313.000000
0.000000	42313.000000
0.000000	42313.000000
0.000000	42313.000000
0.000000	42313.000000
0.000000	42313.000000
0.000000	42313.000000
0.000000	42313.000000
0.000000	42313.000000
0.000000	42313.000000
0.000000	42313.000000
0.000000	42313.000000
0.000000	42313.000000
0.000000	42313.000000
0.000000	42313.000000
0.000000	42314.000000
0.000000	42314.000000
0.000000	42314.000000
0.000000	42314.000000
0.000000	42314.000000
0.000000	42314.000000
0.000000	42314.000000
0.000000	42314.000000
0.000000	42314.000000
0.000000	42314.000000
0.000000	42314.000000
0.000000	42314.000000
0.000000	42314.000000
0.000000	42314.000000
0.000000	42314.000000
0.000000	42314.000000
0.000000	42314.000000
0.000000	42315.000000
0.000000	42315.000000
0.000000	42315.000000
0.000000	42315.000000
0.000000	42315.000000
0.000000	42315.000000
0.000000	42315.000000
0.000000	42315.000000
0.000000	42315.000000
0.000000	42315.000000
0.000000	42315.000000
0.000000	42315.000000
0.000000	42315.000000
0.000000	42315.000000
0.000000	42315.000000
0.000000	42315.000000
0.000000	42315.000000
0.000000	42316.000000
0.000000	42316.000000
0.000000	42316.000000
0.000000	42316.000000
0.000000	42316.000000
0.000000	42316.000000
0.000000	42316.000000
0.000000	42316.000000
0.000000	42316.000000
0.000000	42316.000000
0.000000	42316.000000
0.000000	42316.000000
0.000000	42316.000000
0.000000	42316.000000
0.000000	42316.000000
0.000000	42316.000000
0.000000	42316.000000
0.000000	42316.000000
0.000000	42317.000000
0.000000	42317.000000
0.000000	42317.000000
0.000000	42317.000000
0.000000	42317.000000
0.000000	42317.000000
0.000000	42317.000000
