0.000000	40817.000000
0.000000	40817.000000
0.000000	40817.000000
0.000000	40817.000000
0.000000	40817.000000
0.000000	40817.000000
0.000000	40817.000000
0.000000	40817.000000
0.000000	40817.000000
0.000000	40818.000000
0.000000	40818.000000
0.000000	40818.000000
0.000000	40818.000000
0.000000	40818.000000
0.000000	40818.000000
0.000000	40818.000000
0.000000	40818.000000
0.000000	40818.000000
0.000000	40818.000000
0.000000	40818.000000
0.000000	40818.000000
0.000000	40818.000000
0.000000	40818.000000
0.000000	40818.000000
0.000000	40818.000000
0.000000	40818.000000
0.000000	40819.000000
0.000000	40819.000000
0.000000	40819.000000
0.000000	40819.000000
0.000000	40819.000000
0.000000	40819.000000
0.000000	40819.000000
0.000000	40819.000000
0.000000	40819.000000
0.000000	40819.000000
0.000000	40819.000000
0.000000	40819.000000
0.000000	40819.000000
0.000000	40819.000000
0.000000	40819.000000
0.000000	40819.000000
0.000000	40819.000000
0.000000	40820.000000
0.000000	40820.000000
0.000000	40820.000000
0.000000	40820.000000
0.000000	40820.000000
0.000000	40820.000000
0.000000	40820.000000
0.000000	40820.000000
0.000000	40820.000000
0.000000	40820.000000
0.000000	40820.000000
0.000000	40820.000000
0.000000	40820.000000
0.000000	40820.000000
0.000000	40820.000000
0.000000	40820.000000
0.000000	40820.000000
0.000000	40821.000000
0.000000	40821.000000
0.000000	40821.000000
0.000000	40821.000000
0.000000	40821.000000
0.000000	40821.000000
0.000000	40821.000000
0.000000	40821.000000
0.000000	40821.000000
0.000000	40821.000000
0.000000	40821.000000
0.000000	40821.000000
0.000000	40821.000000
0.000000	40821.000000
0.000000	40821.000000
0.000000	40821.000000
0.000000	40821.000000
0.000000	40822.000000
0.000000	40822.000000
0.000000	40822.000000
0.000000	40822.000000
0.000000	40822.000000
0.000000	40822.000000
0.000000	40822.000000
0.000000	40822.000000
0.000000	40822.000000
0.000000	40822.000000
0.000000	40822.000000
0.000000	40822.000000
0.000000	40822.000000
0.000000	40822.000000
0.000000	40822.000000
0.000000	40822.000000
0.000000	40822.000000
0.000000	40823.000000
0.000000	40823.000000
0.000000	40823.000000
0.000000	40823.000000
0.000000	40823.000000
0.000000	40823.000000
0.000000	40823.000000
0.000000	40823.000000
0.000000	40823.000000
0.000000	40823.000000
0.000000	40823.000000
0.000000	40823.000000
0.000000	40823.000000
0.000000	40823.000000
0.000000	40823.000000
0.000000	40823.000000
0.000000	40823.000000
0.000000	40824.000000
0.000000	40824.000000
0.000000	40824.000000
0.000000	40824.000000
0.000000	40824.000000
0.000000	40824.000000
0.000000	40824.000000
0.000000	40824.000000
0.000000	40824.000000
0.000000	40824.000000
0.000000	40824.000000
0.000000	40824.000000
0.000000	40824.000000
0.000000	40824.000000
0.000000	40824.000000
0.000000	40824.000000
0.000000	40824.000000
0.000000	40825.000000
0.000000	40825.000000
0.000000	40825.000000
0.000000	40825.000000
0.000000	40825.000000
0.000000	40825.000000
0.000000	40825.000000
0.000000	40825.000000
0.000000	40825.000000
0.000000	40825.000000
0.000000	40825.000000
0.000000	40825.000000
0.000000	40825.000000
0.000000	40825.000000
0.000000	40825.000000
0.000000	40825.000000
0.000000	40825.000000
0.000000	40826.000000
0.000000	40826.000000
0.000000	40826.000000
0.000000	40826.000000
0.000000	40826.000000
0.000000	40826.000000
0.000000	40826.000000
0.000000	40826.000000
0.000000	40826.000000
0.000000	40826.000000
0.000000	40826.000000
0.000000	40826.000000
0.000000	40826.000000
0.000000	40826.000000
0.000000	40826.000000
0.000000	40826.000000
0.000000	40826.000000
0.000000	40827.000000
0.000000	40827.000000
0.000000	40827.000000
0.000000	40827.000000
0.000000	40827.000000
0.000000	40827.000000
0.000000	40827.000000
0.000000	40827.000000
0.000000	40827.000000
0.000000	40827.000000
0.000000	40827.000000
0.000000	40827.000000
0.000000	40827.000000
0.000000	40827.000000
0.000000	40827.000000
0.000000	40827.000000
0.000000	40827.000000
0.000000	40828.000000
0.000000	40828.000000
0.000000	40828.000000
0.000000	40828.000000
0.000000	40828.000000
0.000000	40828.000000
0.000000	40828.000000
0.000000	40828.000000
0.000000	40828.000000
0.000000	40828.000000
0.000000	40828.000000
0.000000	40828.000000
0.000000	40828.000000
0.000000	40828.000000
0.000000	40828.000000
0.000000	40828.000000
0.000000	40828.000000
0.000000	40828.000000
0.000000	40829.000000
0.000000	40829.000000
0.000000	40829.000000
0.000000	40829.000000
0.000000	40829.000000
0.000000	40829.000000
0.000000	40829.000000
0.000000	40829.000000
0.000000	40829.000000
0.000000	40829.000000
0.000000	40829.000000
0.000000	40829.000000
0.000000	40829.000000
0.000000	40829.000000
0.000000	40829.000000
0.000000	40829.000000
0.000000	40829.000000
0.000000	40830.000000
0.000000	40830.000000
0.000000	40830.000000
0.000000	40830.000000
0.000000	40830.000000
0.000000	40830.000000
0.000000	40830.000000
0.000000	40830.000000
0.000000	40830.000000
0.000000	40830.000000
0.000000	40830.000000
0.000000	40830.000000
0.000000	40830.000000
0.000000	40830.000000
0.000000	40830.000000
0.000000	40830.000000
0.000000	40830.000000
0.000000	40831.000000
0.000000	40831.000000
0.000000	40831.000000
0.000000	40831.000000
0.000000	40831.000000
0.000000	40831.000000
0.000000	40831.000000
0.000000	40831.000000
0.000000	40831.000000
0.000000	40831.000000
0.000000	40831.000000
0.000000	40831.000000
0.000000	40831.000000
0.000000	40831.000000
0.000000	40831.000000
0.000000	40831.000000
0.000000	40831.000000
0.000000	40832.000000
0.000000	40832.000000
0.000000	40832.000000
0.000000	40832.000000
0.000000	40832.000000
0.000000	40832.000000
0.000000	40832.000000
0.000000	40832.000000
0.000000	40832.000000
0.000000	40832.000000
0.000000	40832.000000
0.000000	40832.000000
0.000000	40832.000000
0.000000	40832.000000
0.000000	40832.000000
0.000000	40832.000000
0.000000	40832.000000
0.000000	40833.000000
0.000000	40833.000000
0.000000	40833.000000
0.000000	40833.000000
0.000000	40833.000000
0.000000	40833.000000
0.000000	40833.000000
0.000000	40833.000000
0.000000	40833.000000
0.000000	40833.000000
0.000000	40833.000000
0.000000	40833.000000
0.000000	40833.000000
0.000000	40833.000000
0.000000	40833.000000
0.000000	40833.000000
0.000000	40833.000000
0.000000	40834.000000
0.000000	40834.000000
0.000000	40834.000000
0.000000	40834.000000
0.000000	40834.000000
0.000000	40834.000000
0.000000	40834.000000
0.000000	40834.000000
0.000000	40834.000000
0.000000	40834.000000
0.000000	40834.000000
0.000000	40834.000000
0.000000	40834.000000
0.000000	40834.000000
0.000000	40834.000000
0.000000	40834.000000
0.000000	40834.000000
0.000000	40835.000000
0.000000	40835.000000
0.000000	40835.000000
0.000000	40835.000000
0.000000	40835.000000
0.000000	40835.000000
0.000000	40835.000000
0.000000	40835.000000
0.000000	40835.000000
0.000000	40835.000000
0.000000	40835.000000
0.000000	40835.000000
0.000000	40835.000000
0.000000	40835.000000
0.000000	40835.000000
0.000000	40835.000000
0.000000	40835.000000
0.000000	40836.000000
0.000000	40836.000000
0.000000	40836.000000
0.000000	40836.000000
0.000000	40836.000000
0.000000	40836.000000
0.000000	40836.000000
0.000000	40836.000000
0.000000	40836.000000
0.000000	40836.000000
0.000000	40836.000000
0.000000	40836.000000
0.000000	40836.000000
0.000000	40836.000000
0.000000	40836.000000
0.000000	40836.000000
0.000000	40836.000000
0.000000	40837.000000
0.000000	40837.000000
0.000000	40837.000000
0.000000	40837.000000
0.000000	40837.000000
0.000000	40837.000000
0.000000	40837.000000
0.000000	40837.000000
0.000000	40837.000000
0.000000	40837.000000
0.000000	40837.000000
0.000000	40837.000000
0.000000	40837.000000
0.000000	40837.000000
0.000000	40837.000000
0.000000	40837.000000
0.000000	40837.000000
0.000000	40838.000000
0.000000	40838.000000
0.000000	40838.000000
0.000000	40838.000000
0.000000	40838.000000
0.000000	40838.000000
0.000000	40838.000000
0.000000	40838.000000
0.000000	40838.000000
0.000000	40838.000000
0.000000	40838.000000
0.000000	40838.000000
0.000000	40838.000000
0.000000	40838.000000
0.000000	40838.000000
0.000000	40838.000000
0.000000	40838.000000
0.000000	40839.000000
0.000000	40839.000000
0.000000	40839.000000
0.000000	40839.000000
0.000000	40839.000000
0.000000	40839.000000
0.000000	40839.000000
0.000000	40839.000000
0.000000	40839.000000
0.000000	40839.000000
0.000000	40839.000000
0.000000	40839.000000
0.000000	40839.000000
0.000000	40839.000000
0.000000	40839.000000
0.000000	40839.000000
0.000000	40839.000000
0.000000	40840.000000
0.000000	40840.000000
0.000000	40840.000000
0.000000	40840.000000
0.000000	40840.000000
0.000000	40840.000000
0.000000	40840.000000
0.000000	40840.000000
0.000000	40840.000000
0.000000	40840.000000
0.000000	40840.000000
0.000000	40840.000000
0.000000	40840.000000
0.000000	40840.000000
0.000000	40840.000000
0.000000	40840.000000
0.000000	40840.000000
0.000000	40841.000000
0.000000	40841.000000
0.000000	40841.000000
0.000000	40841.000000
0.000000	40841.000000
0.000000	40841.000000
0.000000	40841.000000
0.000000	40841.000000
0.000000	40841.000000
0.000000	40841.000000
0.000000	40841.000000
0.000000	40841.000000
0.000000	40841.000000
0.000000	40841.000000
0.000000	40841.000000
0.000000	40841.000000
0.000000	40841.000000
0.000000	40842.000000
0.000000	40842.000000
0.000000	40842.000000
0.000000	40842.000000
0.000000	40842.000000
0.000000	40842.000000
0.000000	40842.000000
0.000000	40842.000000
0.000000	40842.000000
0.000000	40842.000000
0.000000	40842.000000
0.000000	40842.000000
0.000000	40842.000000
0.000000	40842.000000
0.000000	40842.000000
0.000000	40842.000000
0.000000	40842.000000
0.000000	40843.000000
0.000000	40843.000000
0.000000	40843.000000
0.000000	40843.000000
0.000000	40843.000000
0.000000	40843.000000
0.000000	40843.000000
0.000000	40843.000000
0.000000	40843.000000
0.000000	40843.000000
0.000000	40843.000000
0.000000	40843.000000
0.000000	40843.000000
0.000000	40843.000000
0.000000	40843.000000
0.000000	40843.000000
0.000000	40843.000000
0.000000	40843.000000
0.000000	40844.000000
0.000000	40844.000000
0.000000	40844.000000
0.000000	40844.000000
0.000000	40844.000000
0.000000	40844.000000
0.000000	40844.000000
0.000000	40844.000000
0.000000	40844.000000
0.000000	40844.000000
0.000000	40844.000000
0.000000	40844.000000
0.000000	40844.000000
0.000000	40844.000000
0.000000	40844.000000
0.000000	40844.000000
0.000000	40844.000000
0.000000	40845.000000
0.000000	40845.000000
0.000000	40845.000000
0.000000	40845.000000
0.000000	40845.000000
0.000000	40845.000000
0.000000	40845.000000
0.000000	40845.000000
0.000000	40845.000000
0.000000	40845.000000
0.000000	40845.000000
0.000000	40845.000000
0.000000	40845.000000
0.000000	40845.000000
0.000000	40845.000000
0.000000	40845.000000
0.000000	40845.000000
0.000000	40846.000000
0.000000	40846.000000
0.000000	40846.000000
0.000000	40846.000000
0.000000	40846.000000
0.000000	40846.000000
0.000000	40846.000000
0.000000	40846.000000
0.000000	40846.000000
0.000000	40846.000000
0.000000	40846.000000
0.000000	40846.000000
0.000000	40846.000000
0.000000	40846.000000
0.000000	40846.000000
0.000000	40846.000000
0.000000	40846.000000
0.000000	40847.000000
0.000000	40847.000000
0.000000	40847.000000
0.000000	40847.000000
0.000000	40847.000000
0.000000	40847.000000
0.000000	40847.000000
0.000000	40847.000000
0.000000	40847.000000
0.000000	40847.000000
0.000000	40847.000000
0.000000	40847.000000
0.000000	40847.000000
0.000000	40847.000000
0.000000	40847.000000
0.000000	40847.000000
0.000000	40847.000000
0.000000	40848.000000
0.000000	40848.000000
0.000000	40848.000000
0.000000	40848.000000
0.000000	40848.000000
0.000000	40848.000000
0.000000	40848.000000
0.000000	40848.000000
0.000000	40848.000000
0.000000	40848.000000
0.000000	40848.000000
0.000000	40848.000000
0.000000	40848.000000
0.000000	40848.000000
0.000000	40848.000000
0.000000	40848.000000
0.000000	40848.000000
0.000000	40849.000000
0.000000	40849.000000
0.000000	40849.000000
0.000000	40849.000000
0.000000	40849.000000
0.000000	40849.000000
0.000000	40849.000000
0.000000	40849.000000
0.000000	40849.000000
0.000000	40849.000000
0.000000	40849.000000
0.000000	40849.000000
0.000000	40849.000000
0.000000	40849.000000
0.000000	40849.000000
0.000000	40849.000000
0.000000	40849.000000
0.000000	40850.000000
0.000000	40850.000000
0.000000	40850.000000
0.000000	40850.000000
0.000000	40850.000000
0.000000	40850.000000
0.000000	40850.000000
0.000000	40850.000000
0.000000	40850.000000
0.000000	40850.000000
0.000000	40850.000000
0.000000	40850.000000
0.000000	40850.000000
0.000000	40850.000000
0.000000	40850.000000
0.000000	40850.000000
0.000000	40850.000000
0.000000	40851.000000
0.000000	40851.000000
0.000000	40851.000000
0.000000	40851.000000
0.000000	40851.000000
0.000000	40851.000000
0.000000	40851.000000
0.000000	40851.000000
0.000000	40851.000000
0.000000	40851.000000
0.000000	40851.000000
0.000000	40851.000000
0.000000	40851.000000
0.000000	40851.000000
0.000000	40851.000000
0.000000	40851.000000
0.000000	40851.000000
0.000000	40852.000000
0.000000	40852.000000
0.000000	40852.000000
0.000000	40852.000000
0.000000	40852.000000
0.000000	40852.000000
0.000000	40852.000000
0.000000	40852.000000
0.000000	40852.000000
0.000000	40852.000000
0.000000	40852.000000
0.000000	40852.000000
0.000000	40852.000000
0.000000	40852.000000
0.000000	40852.000000
0.000000	40852.000000
0.000000	40852.000000
0.000000	40853.000000
0.000000	40853.000000
0.000000	40853.000000
0.000000	40853.000000
0.000000	40853.000000
0.000000	40853.000000
0.000000	40853.000000
0.000000	40853.000000
0.000000	40853.000000
0.000000	40853.000000
0.000000	40853.000000
0.000000	40853.000000
0.000000	40853.000000
0.000000	40853.000000
0.000000	40853.000000
0.000000	40853.000000
0.000000	40853.000000
0.000000	40854.000000
0.000000	40854.000000
0.000000	40854.000000
0.000000	40854.000000
0.000000	40854.000000
0.000000	40854.000000
0.000000	40854.000000
0.000000	40854.000000
0.000000	40854.000000
0.000000	40854.000000
0.000000	40854.000000
0.000000	40854.000000
0.000000	40854.000000
0.000000	40854.000000
0.000000	40854.000000
0.000000	40854.000000
0.000000	40854.000000
0.000000	40855.000000
0.000000	40855.000000
0.000000	40855.000000
0.000000	40855.000000
0.000000	40855.000000
0.000000	40855.000000
0.000000	40855.000000
0.000000	40855.000000
0.000000	40855.000000
0.000000	40855.000000
0.000000	40855.000000
0.000000	40855.000000
0.000000	40855.000000
0.000000	40855.000000
0.000000	40855.000000
0.000000	40855.000000
0.000000	40855.000000
0.000000	40856.000000
0.000000	40856.000000
0.000000	40856.000000
0.000000	40856.000000
0.000000	40856.000000
0.000000	40856.000000
0.000000	40856.000000
0.000000	40856.000000
0.000000	40856.000000
0.000000	40856.000000
0.000000	40856.000000
0.000000	40856.000000
0.000000	40856.000000
0.000000	40856.000000
0.000000	40856.000000
0.000000	40856.000000
0.000000	40856.000000
0.000000	40857.000000
0.000000	40857.000000
0.000000	40857.000000
0.000000	40857.000000
0.000000	40857.000000
0.000000	40857.000000
0.000000	40857.000000
0.000000	40857.000000
0.000000	40857.000000
0.000000	40857.000000
0.000000	40857.000000
0.000000	40857.000000
0.000000	40857.000000
0.000000	40857.000000
0.000000	40857.000000
0.000000	40857.000000
0.000000	40857.000000
0.000000	40858.000000
0.000000	40858.000000
0.000000	40858.000000
0.000000	40858.000000
0.000000	40858.000000
0.000000	40858.000000
0.000000	40858.000000
0.000000	40858.000000
0.000000	40858.000000
0.000000	40858.000000
0.000000	40858.000000
0.000000	40858.000000
0.000000	40858.000000
0.000000	40858.000000
0.000000	40858.000000
0.000000	40858.000000
0.000000	40858.000000
0.000000	40858.000000
0.000000	40859.000000
0.000000	40859.000000
0.000000	40859.000000
0.000000	40859.000000
0.000000	40859.000000
0.000000	40859.000000
0.000000	40859.000000
0.000000	40859.000000
0.000000	40859.000000
0.000000	40859.000000
0.000000	40859.000000
0.000000	40859.000000
0.000000	40859.000000
0.000000	40859.000000
0.000000	40859.000000
0.000000	40859.000000
0.000000	40859.000000
0.000000	40900.000000
0.000000	40900.000000
0.000000	40900.000000
0.000000	40900.000000
0.000000	40900.000000
0.000000	40900.000000
0.000000	40900.000000
0.000000	40900.000000
0.000000	40900.000000
0.000000	40900.000000
0.000000	40900.000000
0.000000	40900.000000
0.000000	40900.000000
0.000000	40900.000000
0.000000	40900.000000
0.000000	40900.000000
0.000000	40900.000000
0.000000	40901.000000
0.000000	40901.000000
0.000000	40901.000000
0.000000	40901.000000
0.000000	40901.000000
0.000000	40901.000000
0.000000	40901.000000
0.000000	40901.000000
0.000000	40901.000000
0.000000	40901.000000
0.000000	40901.000000
0.000000	40901.000000
0.000000	40901.000000
0.000000	40901.000000
0.000000	40901.000000
0.000000	40901.000000
0.000000	40901.000000
0.000000	40902.000000
0.000000	40902.000000
0.000000	40902.000000
0.000000	40902.000000
0.000000	40902.000000
0.000000	40902.000000
0.000000	40902.000000
0.000000	40902.000000
0.000000	40902.000000
0.000000	40902.000000
0.000000	40902.000000
0.000000	40902.000000
0.000000	40902.000000
0.000000	40902.000000
0.000000	40902.000000
0.000000	40902.000000
0.000000	40902.000000
0.000000	40903.000000
0.000000	40903.000000
0.000000	40903.000000
0.000000	40903.000000
0.000000	40903.000000
0.000000	40903.000000
0.000000	40903.000000
0.000000	40903.000000
0.000000	40903.000000
0.000000	40903.000000
0.000000	40903.000000
0.000000	40903.000000
0.000000	40903.000000
0.000000	40903.000000
0.000000	40903.000000
0.000000	40903.000000
0.000000	40903.000000
0.000000	40904.000000
0.000000	40904.000000
0.000000	40904.000000
0.000000	40904.000000
0.000000	40904.000000
0.000000	40904.000000
0.000000	40904.000000
0.000000	40904.000000
0.000000	40904.000000
0.000000	40904.000000
0.000000	40904.000000
0.000000	40904.000000
0.000000	40904.000000
0.000000	40904.000000
0.000000	40904.000000
0.000000	40904.000000
0.000000	40904.000000
0.000000	40905.000000
0.000000	40905.000000
0.000000	40905.000000
0.000000	40905.000000
0.000000	40905.000000
0.000000	40905.000000
0.000000	40905.000000
0.000000	40905.000000
0.000000	40905.000000
0.000000	40905.000000
0.000000	40905.000000
0.000000	40905.000000
0.000000	40905.000000
0.000000	40905.000000
0.000000	40905.000000
0.000000	40905.000000
0.000000	40905.000000
0.000000	40906.000000
0.000000	40906.000000
0.000000	40906.000000
0.000000	40906.000000
0.000000	40906.000000
0.000000	40906.000000
0.000000	40906.000000
0.000000	40906.000000
0.000000	40906.000000
0.000000	40906.000000
0.000000	40906.000000
0.000000	40906.000000
0.000000	40906.000000
0.000000	40906.000000
0.000000	40906.000000
0.000000	40906.000000
0.000000	40906.000000
0.000000	40907.000000
0.000000	40907.000000
0.000000	40907.000000
0.000000	40907.000000
0.000000	40907.000000
0.000000	40907.000000
0.000000	40907.000000
0.000000	40907.000000
0.000000	40907.000000
0.000000	40907.000000
0.000000	40907.000000
0.000000	40907.000000
0.000000	40907.000000
0.000000	40907.000000
0.000000	40907.000000
0.000000	40907.000000
0.000000	40907.000000
0.000000	40908.000000
0.000000	40908.000000
0.000000	40908.000000
0.000000	40908.000000
0.000000	40908.000000
0.000000	40908.000000
0.000000	40908.000000
0.000000	40908.000000
0.000000	40908.000000
0.000000	40908.000000
0.000000	40908.000000
0.000000	40908.000000
0.000000	40908.000000
0.000000	40908.000000
0.000000	40908.000000
0.000000	40908.000000
0.000000	40908.000000
0.000000	40909.000000
0.000000	40909.000000
0.000000	40909.000000
0.000000	40909.000000
0.000000	40909.000000
0.000000	40909.000000
0.000000	40909.000000
0.000000	40909.000000
0.000000	40909.000000
0.000000	40909.000000
0.000000	40909.000000
0.000000	40909.000000
0.000000	40909.000000
0.000000	40909.000000
0.000000	40909.000000
0.000000	40909.000000
0.000000	40909.000000
0.000000	40910.000000
0.000000	40910.000000
0.000000	40910.000000
0.000000	40910.000000
0.000000	40910.000000
0.000000	40910.000000
0.000000	40910.000000
0.000000	40910.000000
0.000000	40910.000000
0.000000	40910.000000
0.000000	40910.000000
0.000000	40910.000000
0.000000	40910.000000
0.000000	40910.000000
0.000000	40910.000000
0.000000	40910.000000
0.000000	40910.000000
0.000000	40911.000000
0.000000	40911.000000
0.000000	40911.000000
0.000000	40911.000000
0.000000	40911.000000
0.000000	40911.000000
0.000000	40911.000000
0.000000	40911.000000
0.000000	40911.000000
0.000000	40911.000000
0.000000	40911.000000
0.000000	40911.000000
0.000000	40911.000000
0.000000	40911.000000
0.000000	40911.000000
0.000000	40911.000000
0.000000	40911.000000
0.000000	40912.000000
0.000000	40912.000000
0.000000	40912.000000
0.000000	40912.000000
0.000000	40912.000000
0.000000	40912.000000
0.000000	40912.000000
0.000000	40912.000000
0.000000	40912.000000
0.000000	40912.000000
0.000000	40912.000000
0.000000	40912.000000
0.000000	40912.000000
0.000000	40912.000000
0.000000	40912.000000
0.000000	40912.000000
0.000000	40912.000000
0.000000	40912.000000
0.000000	40913.000000
0.000000	40913.000000
0.000000	40913.000000
0.000000	40913.000000
0.000000	40913.000000
0.000000	40913.000000
0.000000	40913.000000
0.000000	40913.000000
0.000000	40913.000000
0.000000	40913.000000
0.000000	40913.000000
0.000000	40913.000000
0.000000	40913.000000
0.000000	40913.000000
0.000000	40913.000000
0.000000	40913.000000
0.000000	40913.000000
0.000000	40914.000000
0.000000	40914.000000
0.000000	40914.000000
0.000000	40914.000000
0.000000	40914.000000
0.000000	40914.000000
0.000000	40914.000000
0.000000	40914.000000
0.000000	40914.000000
0.000000	40914.000000
0.000000	40914.000000
0.000000	40914.000000
0.000000	40914.000000
0.000000	40914.000000
0.000000	40914.000000
0.000000	40914.000000
0.000000	40914.000000
0.000000	40915.000000
0.000000	40915.000000
0.000000	40915.000000
0.000000	40915.000000
0.000000	40915.000000
0.000000	40915.000000
0.000000	40915.000000
0.000000	40915.000000
0.000000	40915.000000
0.000000	40915.000000
0.000000	40915.000000
0.000000	40915.000000
0.000000	40915.000000
0.000000	40915.000000
0.000000	40915.000000
0.000000	40915.000000
0.000000	40915.000000
0.000000	40916.000000
0.000000	40916.000000
0.000000	40916.000000
0.000000	40916.000000
0.000000	40916.000000
0.000000	40916.000000
0.000000	40916.000000
0.000000	40916.000000
0.000000	40916.000000
0.000000	40916.000000
0.000000	40916.000000
0.000000	40916.000000
0.000000	40916.000000
0.000000	40916.000000
0.000000	40916.000000
0.000000	40916.000000
0.000000	40916.000000
0.000000	40917.000000
0.000000	40917.000000
0.000000	40917.000000
0.000000	40917.000000
0.000000	40917.000000
0.000000	40917.000000
0.000000	40917.000000
0.000000	40917.000000
0.000000	40917.000000
0.000000	40917.000000
0.000000	40917.000000
0.000000	40917.000000
0.000000	40917.000000
0.000000	40917.000000
0.000000	40917.000000
0.000000	40917.000000
0.000000	40917.000000
0.000000	40918.000000
0.000000	40918.000000
0.000000	40918.000000
0.000000	40918.000000
0.000000	40918.000000
0.000000	40918.000000
0.000000	40918.000000
0.000000	40918.000000
0.000000	40918.000000
0.000000	40918.000000
0.000000	40918.000000
0.000000	40918.000000
0.000000	40918.000000
0.000000	40918.000000
0.000000	40918.000000
0.000000	40918.000000
0.000000	40918.000000
0.000000	40919.000000
0.000000	40919.000000
0.000000	40919.000000
0.000000	40919.000000
0.000000	40919.000000
0.000000	40919.000000
0.000000	40919.000000
0.000000	40919.000000
0.000000	40919.000000
0.000000	40919.000000
0.000000	40919.000000
0.000000	40919.000000
0.000000	40919.000000
0.000000	40919.000000
0.000000	40919.000000
0.000000	40919.000000
0.000000	40919.000000
0.000000	40920.000000
0.000000	40920.000000
0.000000	40920.000000
0.000000	40920.000000
0.000000	40920.000000
0.000000	40920.000000
0.000000	40920.000000
0.000000	40920.000000
0.000000	40920.000000
0.000000	40920.000000
0.000000	40920.000000
0.000000	40920.000000
0.000000	40920.000000
0.000000	40920.000000
0.000000	40920.000000
0.000000	40920.000000
0.000000	40920.000000
0.000000	40921.000000
0.000000	40921.000000
0.000000	40921.000000
0.000000	40921.000000
0.000000	40921.000000
0.000000	40921.000000
0.000000	40921.000000
0.000000	40921.000000
0.000000	40921.000000
0.000000	40921.000000
0.000000	40921.000000
0.000000	40921.000000
0.000000	40921.000000
0.000000	40921.000000
0.000000	40921.000000
0.000000	40921.000000
0.000000	40921.000000
0.000000	40922.000000
0.000000	40922.000000
0.000000	40922.000000
0.000000	40922.000000
0.000000	40922.000000
0.000000	40922.000000
0.000000	40922.000000
0.000000	40922.000000
0.000000	40922.000000
0.000000	40922.000000
0.000000	40922.000000
0.000000	40922.000000
0.000000	40922.000000
0.000000	40922.000000
0.000000	40922.000000
0.000000	40922.000000
0.000000	40922.000000
0.000000	40923.000000
0.000000	40923.000000
0.000000	40923.000000
0.000000	40923.000000
0.000000	40923.000000
0.000000	40923.000000
0.000000	40923.000000
0.000000	40923.000000
0.000000	40923.000000
0.000000	40923.000000
0.000000	40923.000000
0.000000	40923.000000
0.000000	40923.000000
0.000000	40923.000000
0.000000	40923.000000
0.000000	40923.000000
0.000000	40923.000000
0.000000	40924.000000
0.000000	40924.000000
0.000000	40924.000000
0.000000	40924.000000
0.000000	40924.000000
0.000000	40924.000000
0.000000	40924.000000
0.000000	40924.000000
0.000000	40924.000000
0.000000	40924.000000
0.000000	40924.000000
0.000000	40924.000000
0.000000	40924.000000
0.000000	40924.000000
0.000000	40924.000000
0.000000	40924.000000
0.000000	40924.000000
0.000000	40925.000000
0.000000	40925.000000
0.000000	40925.000000
0.000000	40925.000000
0.000000	40925.000000
0.000000	40925.000000
0.000000	40925.000000
0.000000	40925.000000
0.000000	40925.000000
0.000000	40925.000000
0.000000	40925.000000
0.000000	40925.000000
0.000000	40925.000000
0.000000	40925.000000
0.000000	40925.000000
0.000000	40925.000000
0.000000	40925.000000
0.000000	40926.000000
0.000000	40926.000000
0.000000	40926.000000
0.000000	40926.000000
0.000000	40926.000000
0.000000	40926.000000
0.000000	40926.000000
0.000000	40926.000000
0.000000	40926.000000
0.000000	40926.000000
0.000000	40926.000000
0.000000	40926.000000
0.000000	40926.000000
0.000000	40926.000000
0.000000	40926.000000
0.000000	40926.000000
0.000000	40926.000000
0.000000	40927.000000
0.000000	40927.000000
0.000000	40927.000000
0.000000	40927.000000
0.000000	40927.000000
0.000000	40927.000000
0.000000	40927.000000
0.000000	40927.000000
0.000000	40927.000000
0.000000	40927.000000
0.000000	40927.000000
0.000000	40927.000000
0.000000	40927.000000
0.000000	40927.000000
0.000000	40927.000000
0.000000	40927.000000
0.000000	40927.000000
0.000000	40928.000000
0.000000	40928.000000
0.000000	40928.000000
0.000000	40928.000000
0.000000	40928.000000
0.000000	40928.000000
0.000000	40928.000000
0.000000	40928.000000
0.000000	40928.000000
0.000000	40928.000000
0.000000	40928.000000
0.000000	40928.000000
0.000000	40928.000000
0.000000	40928.000000
0.000000	40928.000000
0.000000	40928.000000
0.000000	40928.000000
0.000000	40928.000000
0.000000	40929.000000
0.000000	40929.000000
0.000000	40929.000000
0.000000	40929.000000
0.000000	40929.000000
0.000000	40929.000000
0.000000	40929.000000
0.000000	40929.000000
0.000000	40929.000000
0.000000	40929.000000
0.000000	40929.000000
0.000000	40929.000000
0.000000	40929.000000
0.000000	40929.000000
0.000000	40929.000000
0.000000	40929.000000
0.000000	40929.000000
0.000000	40930.000000
0.000000	40930.000000
0.000000	40930.000000
0.000000	40930.000000
0.000000	40930.000000
0.000000	40930.000000
0.000000	40930.000000
0.000000	40930.000000
0.000000	40930.000000
0.000000	40930.000000
0.000000	40930.000000
0.000000	40930.000000
0.000000	40930.000000
0.000000	40930.000000
0.000000	40930.000000
0.000000	40930.000000
0.000000	40930.000000
0.000000	40931.000000
0.000000	40931.000000
0.000000	40931.000000
0.000000	40931.000000
0.000000	40931.000000
0.000000	40931.000000
0.000000	40931.000000
0.000000	40931.000000
0.000000	40931.000000
0.000000	40931.000000
0.000000	40931.000000
0.000000	40931.000000
0.000000	40931.000000
0.000000	40931.000000
0.000000	40931.000000
0.000000	40931.000000
0.000000	40931.000000
0.000000	40932.000000
0.000000	40932.000000
0.000000	40932.000000
0.000000	40932.000000
0.000000	40932.000000
0.000000	40932.000000
0.000000	40932.000000
0.000000	40932.000000
0.000000	40932.000000
0.000000	40932.000000
0.000000	40932.000000
0.000000	40932.000000
0.000000	40932.000000
0.000000	40932.000000
0.000000	40932.000000
0.000000	40932.000000
0.000000	40932.000000
0.000000	40933.000000
0.000000	40933.000000
0.000000	40933.000000
0.000000	40933.000000
0.000000	40933.000000
0.000000	40933.000000
0.000000	40933.000000
0.000000	40933.000000
0.000000	40933.000000
0.000000	40933.000000
0.000000	40933.000000
0.000000	40933.000000
0.000000	40933.000000
0.000000	40933.000000
0.000000	40933.000000
0.000000	40933.000000
0.000000	40933.000000
0.000000	40934.000000
0.000000	40934.000000
0.000000	40934.000000
0.000000	40934.000000
0.000000	40934.000000
0.000000	40934.000000
0.000000	40934.000000
0.000000	40934.000000
0.000000	40934.000000
0.000000	40934.000000
0.000000	40934.000000
0.000000	40934.000000
0.000000	40934.000000
0.000000	40934.000000
0.000000	40934.000000
0.000000	40934.000000
0.000000	40934.000000
0.000000	40935.000000
0.000000	40935.000000
0.000000	40935.000000
0.000000	40935.000000
0.000000	40935.000000
0.000000	40935.000000
0.000000	40935.000000
0.000000	40935.000000
0.000000	40935.000000
0.000000	40935.000000
0.000000	40935.000000
0.000000	40935.000000
0.000000	40935.000000
0.000000	40935.000000
0.000000	40935.000000
0.000000	40935.000000
0.000000	40935.000000
0.000000	40936.000000
0.000000	40936.000000
0.000000	40936.000000
0.000000	40936.000000
0.000000	40936.000000
0.000000	40936.000000
0.000000	40936.000000
0.000000	40936.000000
0.000000	40936.000000
0.000000	40936.000000
0.000000	40936.000000
0.000000	40936.000000
0.000000	40936.000000
0.000000	40936.000000
0.000000	40936.000000
0.000000	40936.000000
0.000000	40936.000000
0.000000	40937.000000
0.000000	40937.000000
0.000000	40937.000000
0.000000	40937.000000
0.000000	40937.000000
0.000000	40937.000000
0.000000	40937.000000
0.000000	40937.000000
0.000000	40937.000000
0.000000	40937.000000
0.000000	40937.000000
0.000000	40937.000000
0.000000	40937.000000
0.000000	40937.000000
0.000000	40937.000000
0.000000	40937.000000
0.000000	40937.000000
0.000000	40938.000000
0.000000	40938.000000
0.000000	40938.000000
0.000000	40938.000000
0.000000	40938.000000
0.000000	40938.000000
0.000000	40938.000000
0.000000	40938.000000
0.000000	40938.000000
0.000000	40938.000000
0.000000	40938.000000
0.000000	40938.000000
0.000000	40938.000000
0.000000	40938.000000
0.000000	40938.000000
0.000000	40938.000000
0.000000	40938.000000
0.000000	40939.000000
0.000000	40939.000000
0.000000	40939.000000
0.000000	40939.000000
0.000000	40939.000000
0.000000	40939.000000
0.000000	40939.000000
0.000000	40939.000000
0.000000	40939.000000
0.000000	40939.000000
0.000000	40939.000000
0.000000	40939.000000
0.000000	40939.000000
0.000000	40939.000000
0.000000	40939.000000
0.000000	40939.000000
0.000000	40939.000000
0.000000	40940.000000
0.000000	40940.000000
0.000000	40940.000000
0.000000	40940.000000
0.000000	40940.000000
0.000000	40940.000000
0.000000	40940.000000
0.000000	40940.000000
0.000000	40940.000000
0.000000	40940.000000
0.000000	40940.000000
0.000000	40940.000000
0.000000	40940.000000
0.000000	40940.000000
0.000000	40940.000000
0.000000	40940.000000
0.000000	40940.000000
0.000000	40941.000000
0.000000	40941.000000
0.000000	40941.000000
0.000000	40941.000000
0.000000	40941.000000
0.000000	40941.000000
0.000000	40941.000000
0.000000	40941.000000
0.000000	40941.000000
0.000000	40941.000000
0.000000	40941.000000
0.000000	40941.000000
0.000000	40941.000000
0.000000	40941.000000
0.000000	40941.000000
0.000000	40941.000000
0.000000	40941.000000
0.000000	40942.000000
0.000000	40942.000000
0.000000	40942.000000
0.000000	40942.000000
0.000000	40942.000000
0.000000	40942.000000
0.000000	40942.000000
0.000000	40942.000000
0.000000	40942.000000
0.000000	40942.000000
0.000000	40942.000000
0.000000	40942.000000
0.000000	40942.000000
0.000000	40942.000000
0.000000	40942.000000
0.000000	40942.000000
0.000000	40942.000000
0.000000	40943.000000
0.000000	40943.000000
0.000000	40943.000000
0.000000	40943.000000
0.000000	40943.000000
0.000000	40943.000000
0.000000	40943.000000
0.000000	40943.000000
0.000000	40943.000000
0.000000	40943.000000
0.000000	40943.000000
0.000000	40943.000000
0.000000	40943.000000
0.000000	40943.000000
0.000000	40943.000000
0.000000	40943.000000
0.000000	40943.000000
0.000000	40943.000000
0.000000	40944.000000
0.000000	40944.000000
0.000000	40944.000000
0.000000	40944.000000
0.000000	40944.000000
0.000000	40944.000000
0.000000	40944.000000
0.000000	40944.000000
0.000000	40944.000000
0.000000	40944.000000
0.000000	40944.000000
0.000000	40944.000000
0.000000	40944.000000
0.000000	40944.000000
0.000000	40944.000000
0.000000	40944.000000
0.000000	40944.000000
0.000000	40945.000000
0.000000	40945.000000
0.000000	40945.000000
0.000000	40945.000000
0.000000	40945.000000
0.000000	40945.000000
0.000000	40945.000000
0.000000	40945.000000
0.000000	40945.000000
0.000000	40945.000000
0.000000	40945.000000
0.000000	40945.000000
0.000000	40945.000000
0.000000	40945.000000
0.000000	40945.000000
0.000000	40945.000000
0.000000	40945.000000
0.000000	40946.000000
0.000000	40946.000000
0.000000	40946.000000
0.000000	40946.000000
0.000000	40946.000000
0.000000	40946.000000
0.000000	40946.000000
0.000000	40946.000000
0.000000	40946.000000
0.000000	40946.000000
0.000000	40946.000000
0.000000	40946.000000
0.000000	40946.000000
0.000000	40946.000000
0.000000	40946.000000
0.000000	40946.000000
0.000000	40946.000000
0.000000	40947.000000
0.000000	40947.000000
0.000000	40947.000000
0.000000	40947.000000
0.000000	40947.000000
0.000000	40947.000000
0.000000	40947.000000
0.000000	40947.000000
0.000000	40947.000000
0.000000	40947.000000
0.000000	40947.000000
0.000000	40947.000000
0.000000	40947.000000
0.000000	40947.000000
0.000000	40947.000000
0.000000	40947.000000
0.000000	40947.000000
0.000000	40948.000000
0.000000	40948.000000
0.000000	40948.000000
0.000000	40948.000000
0.000000	40948.000000
0.000000	40948.000000
0.000000	40948.000000
0.000000	40948.000000
0.000000	40948.000000
0.000000	40948.000000
0.000000	40948.000000
0.000000	40948.000000
0.000000	40948.000000
0.000000	40948.000000
0.000000	40948.000000
0.000000	40948.000000
0.000000	40948.000000
0.000000	40949.000000
0.000000	40949.000000
0.000000	40949.000000
0.000000	40949.000000
0.000000	40949.000000
0.000000	40949.000000
0.000000	40949.000000
0.000000	40949.000000
0.000000	40949.000000
0.000000	40949.000000
0.000000	40949.000000
0.000000	40949.000000
0.000000	40949.000000
0.000000	40949.000000
0.000000	40949.000000
0.000000	40949.000000
0.000000	40949.000000
0.000000	40950.000000
0.000000	40950.000000
0.000000	40950.000000
0.000000	40950.000000
0.000000	40950.000000
0.000000	40950.000000
0.000000	40950.000000
0.000000	40950.000000
0.000000	40950.000000
0.000000	40950.000000
0.000000	40950.000000
0.000000	40950.000000
0.000000	40950.000000
0.000000	40950.000000
0.000000	40950.000000
0.000000	40950.000000
0.000000	40950.000000
0.000000	40951.000000
0.000000	40951.000000
0.000000	40951.000000
0.000000	40951.000000
0.000000	40951.000000
0.000000	40951.000000
0.000000	40951.000000
0.000000	40951.000000
0.000000	40951.000000
0.000000	40951.000000
0.000000	40951.000000
0.000000	40951.000000
0.000000	40951.000000
0.000000	40951.000000
0.000000	40951.000000
0.000000	40951.000000
0.000000	40951.000000
0.000000	40952.000000
0.000000	40952.000000
0.000000	40952.000000
0.000000	40952.000000
0.000000	40952.000000
0.000000	40952.000000
0.000000	40952.000000
0.000000	40952.000000
0.000000	40952.000000
0.000000	40952.000000
0.000000	40952.000000
0.000000	40952.000000
0.000000	40952.000000
0.000000	40952.000000
0.000000	40952.000000
0.000000	40952.000000
0.000000	40952.000000
0.000000	40953.000000
0.000000	40953.000000
0.000000	40953.000000
0.000000	40953.000000
0.000000	40953.000000
0.000000	40953.000000
0.000000	40953.000000
0.000000	40953.000000
0.000000	40953.000000
0.000000	40953.000000
0.000000	40953.000000
0.000000	40953.000000
0.000000	40953.000000
0.000000	40953.000000
0.000000	40953.000000
0.000000	40953.000000
0.000000	40953.000000
0.000000	40954.000000
0.000000	40954.000000
0.000000	40954.000000
0.000000	40954.000000
0.000000	40954.000000
0.000000	40954.000000
0.000000	40954.000000
0.000000	40954.000000
0.000000	40954.000000
0.000000	40954.000000
0.000000	40954.000000
0.000000	40954.000000
0.000000	40954.000000
0.000000	40954.000000
0.000000	40954.000000
0.000000	40954.000000
0.000000	40954.000000
0.000000	40955.000000
0.000000	40955.000000
0.000000	40955.000000
0.000000	40955.000000
0.000000	40955.000000
0.000000	40955.000000
0.000000	40955.000000
0.000000	40955.000000
0.000000	40955.000000
0.000000	40955.000000
0.000000	40955.000000
0.000000	40955.000000
0.000000	40955.000000
0.000000	40955.000000
0.000000	40955.000000
0.000000	40955.000000
0.000000	40955.000000
0.000000	40956.000000
0.000000	40956.000000
0.000000	40956.000000
0.000000	40956.000000
0.000000	40956.000000
0.000000	40956.000000
0.000000	40956.000000
0.000000	40956.000000
0.000000	40956.000000
0.000000	40956.000000
0.000000	40956.000000
0.000000	40956.000000
0.000000	40956.000000
0.000000	40956.000000
0.000000	40956.000000
0.000000	40956.000000
0.000000	40956.000000
0.000000	40957.000000
0.000000	40957.000000
0.000000	40957.000000
0.000000	40957.000000
0.000000	40957.000000
0.000000	40957.000000
0.000000	40957.000000
0.000000	40957.000000
0.000000	40957.000000
0.000000	40957.000000
0.000000	40957.000000
0.000000	40957.000000
0.000000	40957.000000
0.000000	40957.000000
0.000000	40957.000000
0.000000	40957.000000
0.000000	40957.000000
0.000000	40958.000000
0.000000	40958.000000
0.000000	40958.000000
0.000000	40958.000000
0.000000	40958.000000
0.000000	40958.000000
0.000000	40958.000000
0.000000	40958.000000
0.000000	40958.000000
0.000000	40958.000000
0.000000	40958.000000
0.000000	40958.000000
0.000000	40958.000000
0.000000	40958.000000
0.000000	40958.000000
0.000000	40958.000000
0.000000	40958.000000
0.000000	40958.000000
0.000000	40959.000000
0.000000	40959.000000
0.000000	40959.000000
0.000000	40959.000000
0.000000	40959.000000
0.000000	40959.000000
0.000000	40959.000000
0.000000	40959.000000
0.000000	40959.000000
0.000000	40959.000000
0.000000	40959.000000
0.000000	40959.000000
0.000000	40959.000000
0.000000	40959.000000
0.000000	40959.000000
0.000000	40959.000000
0.000000	40959.000000
0.000000	41000.000000
0.000000	41000.000000
0.000000	41000.000000
0.000000	41000.000000
0.000000	41000.000000
0.000000	41000.000000
0.000000	41000.000000
0.000000	41000.000000
0.000000	41000.000000
0.000000	41000.000000
0.000000	41000.000000
0.000000	41000.000000
0.000000	41000.000000
0.000000	41000.000000
0.000000	41000.000000
0.000000	41000.000000
0.000000	41000.000000
0.000000	41001.000000
0.000000	41001.000000
0.000000	41001.000000
0.000000	41001.000000
0.000000	41001.000000
0.000000	41001.000000
0.000000	41001.000000
0.000000	41001.000000
0.000000	41001.000000
0.000000	41001.000000
0.000000	41001.000000
0.000000	41001.000000
0.000000	41001.000000
0.000000	41001.000000
0.000000	41001.000000
0.000000	41001.000000
0.000000	41001.000000
0.000000	41002.000000
0.000000	41002.000000
0.000000	41002.000000
0.000000	41002.000000
0.000000	41002.000000
0.000000	41002.000000
0.000000	41002.000000
0.000000	41002.000000
0.000000	41002.000000
0.000000	41002.000000
0.000000	41002.000000
0.000000	41002.000000
0.000000	41002.000000
0.000000	41002.000000
0.000000	41002.000000
0.000000	41002.000000
0.000000	41002.000000
0.000000	41003.000000
0.000000	41003.000000
0.000000	41003.000000
0.000000	41003.000000
0.000000	41003.000000
0.000000	41003.000000
0.000000	41003.000000
0.000000	41003.000000
0.000000	41003.000000
0.000000	41003.000000
0.000000	41003.000000
0.000000	41003.000000
0.000000	41003.000000
0.000000	41003.000000
0.000000	41003.000000
0.000000	41003.000000
0.000000	41003.000000
0.000000	41004.000000
0.000000	41004.000000
0.000000	41004.000000
0.000000	41004.000000
0.000000	41004.000000
0.000000	41004.000000
0.000000	41004.000000
0.000000	41004.000000
0.000000	41004.000000
0.000000	41004.000000
0.000000	41004.000000
0.000000	41004.000000
0.000000	41004.000000
0.000000	41004.000000
0.000000	41004.000000
0.000000	41004.000000
0.000000	41004.000000
0.000000	41005.000000
0.000000	41005.000000
0.000000	41005.000000
0.000000	41005.000000
0.000000	41005.000000
0.000000	41005.000000
0.000000	41005.000000
0.000000	41005.000000
0.000000	41005.000000
0.000000	41005.000000
0.000000	41005.000000
0.000000	41005.000000
0.000000	41005.000000
0.000000	41005.000000
0.000000	41005.000000
0.000000	41005.000000
0.000000	41005.000000
0.000000	41006.000000
0.000000	41006.000000
0.000000	41006.000000
0.000000	41006.000000
0.000000	41006.000000
0.000000	41006.000000
0.000000	41006.000000
0.000000	41006.000000
0.000000	41006.000000
0.000000	41006.000000
0.000000	41006.000000
0.000000	41006.000000
0.000000	41006.000000
0.000000	41006.000000
0.000000	41006.000000
0.000000	41006.000000
0.000000	41006.000000
0.000000	41007.000000
0.000000	41007.000000
0.000000	41007.000000
0.000000	41007.000000
0.000000	41007.000000
0.000000	41007.000000
0.000000	41007.000000
0.000000	41007.000000
0.000000	41007.000000
0.000000	41007.000000
0.000000	41007.000000
0.000000	41007.000000
0.000000	41007.000000
0.000000	41007.000000
0.000000	41007.000000
0.000000	41007.000000
0.000000	41007.000000
0.000000	41008.000000
0.000000	41008.000000
0.000000	41008.000000
0.000000	41008.000000
0.000000	41008.000000
0.000000	41008.000000
0.000000	41008.000000
0.000000	41008.000000
0.000000	41008.000000
0.000000	41008.000000
0.000000	41008.000000
0.000000	41008.000000
0.000000	41008.000000
0.000000	41008.000000
0.000000	41008.000000
0.000000	41008.000000
0.000000	41008.000000
0.000000	41009.000000
0.000000	41009.000000
0.000000	41009.000000
0.000000	41009.000000
0.000000	41009.000000
0.000000	41009.000000
0.000000	41009.000000
0.000000	41009.000000
0.000000	41009.000000
0.000000	41009.000000
0.000000	41009.000000
0.000000	41009.000000
0.000000	41009.000000
0.000000	41009.000000
0.000000	41009.000000
0.000000	41009.000000
0.000000	41009.000000
0.000000	41010.000000
0.000000	41010.000000
0.000000	41010.000000
0.000000	41010.000000
0.000000	41010.000000
0.000000	41010.000000
0.000000	41010.000000
0.000000	41010.000000
0.000000	41010.000000
0.000000	41010.000000
0.000000	41010.000000
0.000000	41010.000000
0.000000	41010.000000
0.000000	41010.000000
0.000000	41010.000000
0.000000	41010.000000
0.000000	41010.000000
0.000000	41011.000000
0.000000	41011.000000
0.000000	41011.000000
0.000000	41011.000000
0.000000	41011.000000
0.000000	41011.000000
0.000000	41011.000000
0.000000	41011.000000
0.000000	41011.000000
0.000000	41011.000000
0.000000	41011.000000
0.000000	41011.000000
0.000000	41011.000000
0.000000	41011.000000
0.000000	41011.000000
0.000000	41011.000000
0.000000	41011.000000
0.000000	41012.000000
0.000000	41012.000000
0.000000	41012.000000
0.000000	41012.000000
0.000000	41012.000000
0.000000	41012.000000
0.000000	41012.000000
0.000000	41012.000000
0.000000	41012.000000
0.000000	41012.000000
0.000000	41012.000000
0.000000	41012.000000
0.000000	41012.000000
0.000000	41012.000000
0.000000	41012.000000
0.000000	41012.000000
0.000000	41012.000000
0.000000	41013.000000
0.000000	41013.000000
0.000000	41013.000000
0.000000	41013.000000
0.000000	41013.000000
0.000000	41013.000000
0.000000	41013.000000
0.000000	41013.000000
0.000000	41013.000000
0.000000	41013.000000
0.000000	41013.000000
0.000000	41013.000000
0.000000	41013.000000
0.000000	41013.000000
0.000000	41013.000000
0.000000	41013.000000
0.000000	41013.000000
0.000000	41013.000000
0.000000	41014.000000
0.000000	41014.000000
0.000000	41014.000000
0.000000	41014.000000
0.000000	41014.000000
0.000000	41014.000000
0.000000	41014.000000
0.000000	41014.000000
0.000000	41014.000000
0.000000	41014.000000
0.000000	41014.000000
0.000000	41014.000000
0.000000	41014.000000
0.000000	41014.000000
0.000000	41014.000000
0.000000	41014.000000
0.000000	41014.000000
0.000000	41015.000000
0.000000	41015.000000
0.000000	41015.000000
0.000000	41015.000000
0.000000	41015.000000
0.000000	41015.000000
0.000000	41015.000000
0.000000	41015.000000
0.000000	41015.000000
0.000000	41015.000000
0.000000	41015.000000
0.000000	41015.000000
0.000000	41015.000000
0.000000	41015.000000
0.000000	41015.000000
0.000000	41015.000000
0.000000	41015.000000
0.000000	41016.000000
0.000000	41016.000000
0.000000	41016.000000
0.000000	41016.000000
0.000000	41016.000000
0.000000	41016.000000
0.000000	41016.000000
0.000000	41016.000000
0.000000	41016.000000
0.000000	41016.000000
0.000000	41016.000000
0.000000	41016.000000
0.000000	41016.000000
0.000000	41016.000000
0.000000	41016.000000
0.000000	41016.000000
0.000000	41016.000000
0.000000	41017.000000
0.000000	41017.000000
0.000000	41017.000000
0.000000	41017.000000
0.000000	41017.000000
0.000000	41017.000000
0.000000	41017.000000
0.000000	41017.000000
0.000000	41017.000000
0.000000	41017.000000
0.000000	41017.000000
0.000000	41017.000000
0.000000	41017.000000
0.000000	41017.000000
0.000000	41017.000000
0.000000	41017.000000
0.000000	41017.000000
0.000000	41018.000000
0.000000	41018.000000
0.000000	41018.000000
0.000000	41018.000000
0.000000	41018.000000
0.000000	41018.000000
0.000000	41018.000000
0.000000	41018.000000
0.000000	41018.000000
0.000000	41018.000000
0.000000	41018.000000
0.000000	41018.000000
0.000000	41018.000000
0.000000	41018.000000
0.000000	41018.000000
0.000000	41018.000000
0.000000	41018.000000
0.000000	41019.000000
0.000000	41019.000000
0.000000	41019.000000
0.000000	41019.000000
0.000000	41019.000000
0.000000	41019.000000
0.000000	41019.000000
0.000000	41019.000000
0.000000	41019.000000
0.000000	41019.000000
0.000000	41019.000000
0.000000	41019.000000
0.000000	41019.000000
0.000000	41019.000000
0.000000	41019.000000
0.000000	41019.000000
0.000000	41019.000000
0.000000	41020.000000
0.000000	41020.000000
0.000000	41020.000000
0.000000	41020.000000
0.000000	41020.000000
0.000000	41020.000000
0.000000	41020.000000
0.000000	41020.000000
0.000000	41020.000000
0.000000	41020.000000
0.000000	41020.000000
0.000000	41020.000000
0.000000	41020.000000
0.000000	41020.000000
0.000000	41020.000000
0.000000	41020.000000
0.000000	41020.000000
0.000000	41021.000000
0.000000	41021.000000
0.000000	41021.000000
0.000000	41021.000000
0.000000	41021.000000
0.000000	41021.000000
0.000000	41021.000000
0.000000	41021.000000
0.000000	41021.000000
0.000000	41021.000000
0.000000	41021.000000
0.000000	41021.000000
0.000000	41021.000000
0.000000	41021.000000
0.000000	41021.000000
0.000000	41021.000000
0.000000	41021.000000
0.000000	41022.000000
0.000000	41022.000000
0.000000	41022.000000
0.000000	41022.000000
0.000000	41022.000000
0.000000	41022.000000
0.000000	41022.000000
0.000000	41022.000000
0.000000	41022.000000
0.000000	41022.000000
0.000000	41022.000000
0.000000	41022.000000
0.000000	41022.000000
0.000000	41022.000000
0.000000	41022.000000
0.000000	41022.000000
0.000000	41022.000000
0.000000	41023.000000
0.000000	41023.000000
0.000000	41023.000000
0.000000	41023.000000
0.000000	41023.000000
0.000000	41023.000000
0.000000	41023.000000
0.000000	41023.000000
0.000000	41023.000000
0.000000	41023.000000
0.000000	41023.000000
0.000000	41023.000000
0.000000	41023.000000
0.000000	41023.000000
0.000000	41023.000000
0.000000	41023.000000
0.000000	41023.000000
0.000000	41024.000000
0.000000	41024.000000
0.000000	41024.000000
0.000000	41024.000000
0.000000	41024.000000
0.000000	41024.000000
0.000000	41024.000000
0.000000	41024.000000
0.000000	41024.000000
0.000000	41024.000000
0.000000	41024.000000
0.000000	41024.000000
0.000000	41024.000000
0.000000	41024.000000
0.000000	41024.000000
0.000000	41024.000000
0.000000	41024.000000
0.000000	41025.000000
0.000000	41025.000000
0.000000	41025.000000
0.000000	41025.000000
0.000000	41025.000000
0.000000	41025.000000
0.000000	41025.000000
0.000000	41025.000000
0.000000	41025.000000
0.000000	41025.000000
0.000000	41025.000000
0.000000	41025.000000
0.000000	41025.000000
0.000000	41025.000000
0.000000	41025.000000
0.000000	41025.000000
0.000000	41025.000000
0.000000	41026.000000
0.000000	41026.000000
0.000000	41026.000000
0.000000	41026.000000
0.000000	41026.000000
0.000000	41026.000000
0.000000	41026.000000
0.000000	41026.000000
0.000000	41026.000000
0.000000	41026.000000
0.000000	41026.000000
0.000000	41026.000000
0.000000	41026.000000
0.000000	41026.000000
0.000000	41026.000000
0.000000	41026.000000
0.000000	41026.000000
0.000000	41027.000000
0.000000	41027.000000
0.000000	41027.000000
0.000000	41027.000000
0.000000	41027.000000
0.000000	41027.000000
0.000000	41027.000000
0.000000	41027.000000
0.000000	41027.000000
0.000000	41027.000000
0.000000	41027.000000
0.000000	41027.000000
0.000000	41027.000000
0.000000	41027.000000
0.000000	41027.000000
0.000000	41027.000000
0.000000	41027.000000
0.000000	41028.000000
0.000000	41028.000000
0.000000	41028.000000
0.000000	41028.000000
0.000000	41028.000000
0.000000	41028.000000
0.000000	41028.000000
0.000000	41028.000000
0.000000	41028.000000
0.000000	41028.000000
0.000000	41028.000000
0.000000	41028.000000
0.000000	41028.000000
0.000000	41028.000000
0.000000	41028.000000
0.000000	41028.000000
0.000000	41028.000000
0.000000	41028.000000
0.000000	41029.000000
0.000000	41029.000000
0.000000	41029.000000
0.000000	41029.000000
0.000000	41029.000000
0.000000	41029.000000
0.000000	41029.000000
0.000000	41029.000000
0.000000	41029.000000
0.000000	41029.000000
0.000000	41029.000000
0.000000	41029.000000
0.000000	41029.000000
0.000000	41029.000000
0.000000	41029.000000
0.000000	41029.000000
0.000000	41029.000000
0.000000	41030.000000
0.000000	41030.000000
0.000000	41030.000000
0.000000	41030.000000
0.000000	41030.000000
0.000000	41030.000000
0.000000	41030.000000
0.000000	41030.000000
0.000000	41030.000000
0.000000	41030.000000
0.000000	41030.000000
0.000000	41030.000000
0.000000	41030.000000
0.000000	41030.000000
0.000000	41030.000000
0.000000	41030.000000
0.000000	41030.000000
0.000000	41031.000000
0.000000	41031.000000
0.000000	41031.000000
0.000000	41031.000000
0.000000	41031.000000
0.000000	41031.000000
0.000000	41031.000000
0.000000	41031.000000
0.000000	41031.000000
0.000000	41031.000000
0.000000	41031.000000
0.000000	41031.000000
0.000000	41031.000000
0.000000	41031.000000
0.000000	41031.000000
0.000000	41031.000000
0.000000	41031.000000
0.000000	41032.000000
0.000000	41032.000000
0.000000	41032.000000
0.000000	41032.000000
0.000000	41032.000000
0.000000	41032.000000
0.000000	41032.000000
0.000000	41032.000000
0.000000	41032.000000
0.000000	41032.000000
0.000000	41032.000000
0.000000	41032.000000
0.000000	41032.000000
0.000000	41032.000000
0.000000	41032.000000
0.000000	41032.000000
0.000000	41032.000000
0.000000	41033.000000
0.000000	41033.000000
0.000000	41033.000000
0.000000	41033.000000
0.000000	41033.000000
0.000000	41033.000000
0.000000	41033.000000
0.000000	41033.000000
0.000000	41033.000000
0.000000	41033.000000
0.000000	41033.000000
0.000000	41033.000000
0.000000	41033.000000
0.000000	41033.000000
0.000000	41033.000000
0.000000	41033.000000
0.000000	41033.000000
0.000000	41034.000000
0.000000	41034.000000
0.000000	41034.000000
0.000000	41034.000000
0.000000	41034.000000
0.000000	41034.000000
0.000000	41034.000000
0.000000	41034.000000
0.000000	41034.000000
0.000000	41034.000000
0.000000	41034.000000
0.000000	41034.000000
0.000000	41034.000000
0.000000	41034.000000
0.000000	41034.000000
0.000000	41034.000000
0.000000	41034.000000
0.000000	41035.000000
0.000000	41035.000000
0.000000	41035.000000
0.000000	41035.000000
0.000000	41035.000000
0.000000	41035.000000
0.000000	41035.000000
0.000000	41035.000000
0.000000	41035.000000
0.000000	41035.000000
0.000000	41035.000000
0.000000	41035.000000
0.000000	41035.000000
0.000000	41035.000000
0.000000	41035.000000
0.000000	41035.000000
0.000000	41035.000000
0.000000	41036.000000
0.000000	41036.000000
0.000000	41036.000000
0.000000	41036.000000
0.000000	41036.000000
0.000000	41036.000000
0.000000	41036.000000
0.000000	41036.000000
0.000000	41036.000000
0.000000	41036.000000
0.000000	41036.000000
0.000000	41036.000000
0.000000	41036.000000
0.000000	41036.000000
0.000000	41036.000000
0.000000	41036.000000
0.000000	41036.000000
0.000000	41037.000000
0.000000	41037.000000
0.000000	41037.000000
0.000000	41037.000000
0.000000	41037.000000
0.000000	41037.000000
0.000000	41037.000000
0.000000	41037.000000
0.000000	41037.000000
0.000000	41037.000000
0.000000	41037.000000
0.000000	41037.000000
0.000000	41037.000000
0.000000	41037.000000
0.000000	41037.000000
0.000000	41037.000000
0.000000	41037.000000
0.000000	41038.000000
0.000000	41038.000000
0.000000	41038.000000
0.000000	41038.000000
0.000000	41038.000000
0.000000	41038.000000
0.000000	41038.000000
0.000000	41038.000000
0.000000	41038.000000
0.000000	41038.000000
0.000000	41038.000000
0.000000	41038.000000
0.000000	41038.000000
0.000000	41038.000000
0.000000	41038.000000
0.000000	41038.000000
0.000000	41038.000000
0.000000	41039.000000
0.000000	41039.000000
0.000000	41039.000000
0.000000	41039.000000
0.000000	41039.000000
0.000000	41039.000000
0.000000	41039.000000
0.000000	41039.000000
0.000000	41039.000000
0.000000	41039.000000
0.000000	41039.000000
0.000000	41039.000000
0.000000	41039.000000
0.000000	41039.000000
0.000000	41039.000000
0.000000	41039.000000
0.000000	41039.000000
0.000000	41040.000000
0.000000	41040.000000
0.000000	41040.000000
0.000000	41040.000000
0.000000	41040.000000
0.000000	41040.000000
0.000000	41040.000000
0.000000	41040.000000
0.000000	41040.000000
0.000000	41040.000000
0.000000	41040.000000
0.000000	41040.000000
0.000000	41040.000000
0.000000	41040.000000
0.000000	41040.000000
0.000000	41040.000000
0.000000	41040.000000
0.000000	41041.000000
0.000000	41041.000000
0.000000	41041.000000
0.000000	41041.000000
0.000000	41041.000000
0.000000	41041.000000
0.000000	41041.000000
0.000000	41041.000000
0.000000	41041.000000
0.000000	41041.000000
0.000000	41041.000000
0.000000	41041.000000
0.000000	41041.000000
0.000000	41041.000000
0.000000	41041.000000
0.000000	41041.000000
0.000000	41041.000000
0.000000	41042.000000
0.000000	41042.000000
0.000000	41042.000000
0.000000	41042.000000
0.000000	41042.000000
0.000000	41042.000000
0.000000	41042.000000
0.000000	41042.000000
0.000000	41042.000000
0.000000	41042.000000
0.000000	41042.000000
0.000000	41042.000000
0.000000	41042.000000
0.000000	41042.000000
0.000000	41042.000000
0.000000	41042.000000
0.000000	41042.000000
0.000000	41043.000000
0.000000	41043.000000
0.000000	41043.000000
0.000000	41043.000000
0.000000	41043.000000
0.000000	41043.000000
0.000000	41043.000000
0.000000	41043.000000
0.000000	41043.000000
0.000000	41043.000000
0.000000	41043.000000
0.000000	41043.000000
0.000000	41043.000000
0.000000	41043.000000
0.000000	41043.000000
0.000000	41043.000000
0.000000	41043.000000
0.000000	41043.000000
0.000000	41044.000000
0.000000	41044.000000
0.000000	41044.000000
0.000000	41044.000000
0.000000	41044.000000
0.000000	41044.000000
0.000000	41044.000000
0.000000	41044.000000
0.000000	41044.000000
0.000000	41044.000000
0.000000	41044.000000
0.000000	41044.000000
0.000000	41044.000000
0.000000	41044.000000
0.000000	41044.000000
0.000000	41044.000000
0.000000	41044.000000
0.000000	41045.000000
0.000000	41045.000000
0.000000	41045.000000
0.000000	41045.000000
0.000000	41045.000000
0.000000	41045.000000
0.000000	41045.000000
0.000000	41045.000000
0.000000	41045.000000
0.000000	41045.000000
0.000000	41045.000000
0.000000	41045.000000
0.000000	41045.000000
0.000000	41045.000000
0.000000	41045.000000
0.000000	41045.000000
0.000000	41045.000000
0.000000	41046.000000
0.000000	41046.000000
0.000000	41046.000000
0.000000	41046.000000
0.000000	41046.000000
0.000000	41046.000000
0.000000	41046.000000
0.000000	41046.000000
0.000000	41046.000000
0.000000	41046.000000
0.000000	41046.000000
0.000000	41046.000000
0.000000	41046.000000
0.000000	41046.000000
0.000000	41046.000000
0.000000	41046.000000
0.000000	41046.000000
0.000000	41047.000000
0.000000	41047.000000
0.000000	41047.000000
0.000000	41047.000000
0.000000	41047.000000
0.000000	41047.000000
0.000000	41047.000000
0.000000	41047.000000
0.000000	41047.000000
0.000000	41047.000000
0.000000	41047.000000
0.000000	41047.000000
0.000000	41047.000000
0.000000	41047.000000
0.000000	41047.000000
0.000000	41047.000000
0.000000	41047.000000
0.000000	41048.000000
0.000000	41048.000000
0.000000	41048.000000
0.000000	41048.000000
0.000000	41048.000000
0.000000	41048.000000
0.000000	41048.000000
0.000000	41048.000000
0.000000	41048.000000
0.000000	41048.000000
0.000000	41048.000000
0.000000	41048.000000
0.000000	41048.000000
0.000000	41048.000000
0.000000	41048.000000
0.000000	41048.000000
0.000000	41048.000000
0.000000	41049.000000
0.000000	41049.000000
0.000000	41049.000000
0.000000	41049.000000
0.000000	41049.000000
0.000000	41049.000000
0.000000	41049.000000
0.000000	41049.000000
0.000000	41049.000000
0.000000	41049.000000
0.000000	41049.000000
0.000000	41049.000000
0.000000	41049.000000
0.000000	41049.000000
0.000000	41049.000000
0.000000	41049.000000
0.000000	41049.000000
0.000000	41050.000000
0.000000	41050.000000
0.000000	41050.000000
0.000000	41050.000000
0.000000	41050.000000
0.000000	41050.000000
0.000000	41050.000000
0.000000	41050.000000
0.000000	41050.000000
0.000000	41050.000000
0.000000	41050.000000
0.000000	41050.000000
0.000000	41050.000000
0.000000	41050.000000
0.000000	41050.000000
0.000000	41050.000000
0.000000	41050.000000
0.000000	41051.000000
0.000000	41051.000000
0.000000	41051.000000
0.000000	41051.000000
0.000000	41051.000000
0.000000	41051.000000
0.000000	41051.000000
0.000000	41051.000000
0.000000	41051.000000
0.000000	41051.000000
0.000000	41051.000000
0.000000	41051.000000
0.000000	41051.000000
0.000000	41051.000000
0.000000	41051.000000
0.000000	41051.000000
0.000000	41051.000000
0.000000	41052.000000
0.000000	41052.000000
0.000000	41052.000000
0.000000	41052.000000
0.000000	41052.000000
0.000000	41052.000000
0.000000	41052.000000
0.000000	41052.000000
0.000000	41052.000000
0.000000	41052.000000
0.000000	41052.000000
0.000000	41052.000000
0.000000	41052.000000
0.000000	41052.000000
0.000000	41052.000000
0.000000	41052.000000
0.000000	41052.000000
0.000000	41053.000000
0.000000	41053.000000
0.000000	41053.000000
0.000000	41053.000000
0.000000	41053.000000
0.000000	41053.000000
0.000000	41053.000000
0.000000	41053.000000
0.000000	41053.000000
0.000000	41053.000000
0.000000	41053.000000
0.000000	41053.000000
0.000000	41053.000000
0.000000	41053.000000
0.000000	41053.000000
0.000000	41053.000000
0.000000	41053.000000
0.000000	41054.000000
0.000000	41054.000000
0.000000	41054.000000
0.000000	41054.000000
0.000000	41054.000000
0.000000	41054.000000
0.000000	41054.000000
0.000000	41054.000000
0.000000	41054.000000
0.000000	41054.000000
0.000000	41054.000000
0.000000	41054.000000
0.000000	41054.000000
0.000000	41054.000000
0.000000	41054.000000
0.000000	41054.000000
0.000000	41054.000000
0.000000	41055.000000
0.000000	41055.000000
0.000000	41055.000000
0.000000	41055.000000
0.000000	41055.000000
0.000000	41055.000000
0.000000	41055.000000
0.000000	41055.000000
0.000000	41055.000000
0.000000	41055.000000
0.000000	41055.000000
0.000000	41055.000000
0.000000	41055.000000
0.000000	41055.000000
0.000000	41055.000000
0.000000	41055.000000
0.000000	41055.000000
0.000000	41056.000000
0.000000	41056.000000
0.000000	41056.000000
0.000000	41056.000000
0.000000	41056.000000
0.000000	41056.000000
0.000000	41056.000000
0.000000	41056.000000
0.000000	41056.000000
0.000000	41056.000000
0.000000	41056.000000
0.000000	41056.000000
0.000000	41056.000000
0.000000	41056.000000
0.000000	41056.000000
0.000000	41056.000000
0.000000	41056.000000
0.000000	41057.000000
0.000000	41057.000000
0.000000	41057.000000
0.000000	41057.000000
0.000000	41057.000000
0.000000	41057.000000
0.000000	41057.000000
0.000000	41057.000000
0.000000	41057.000000
0.000000	41057.000000
0.000000	41057.000000
0.000000	41057.000000
0.000000	41057.000000
0.000000	41057.000000
0.000000	41057.000000
0.000000	41057.000000
0.000000	41057.000000
0.000000	41058.000000
0.000000	41058.000000
0.000000	41058.000000
0.000000	41058.000000
0.000000	41058.000000
0.000000	41058.000000
0.000000	41058.000000
0.000000	41058.000000
0.000000	41058.000000
0.000000	41058.000000
0.000000	41058.000000
0.000000	41058.000000
0.000000	41058.000000
0.000000	41058.000000
0.000000	41058.000000
0.000000	41058.000000
0.000000	41058.000000
0.000000	41058.000000
0.000000	41059.000000
0.000000	41059.000000
0.000000	41059.000000
0.000000	41059.000000
0.000000	41059.000000
0.000000	41059.000000
0.000000	41059.000000
0.000000	41059.000000
0.000000	41059.000000
0.000000	41059.000000
0.000000	41059.000000
0.000000	41059.000000
0.000000	41059.000000
0.000000	41059.000000
0.000000	41059.000000
0.000000	41059.000000
0.000000	41059.000000
0.000000	41100.000000
0.000000	41100.000000
0.000000	41100.000000
0.000000	41100.000000
0.000000	41100.000000
0.000000	41100.000000
0.000000	41100.000000
0.000000	41100.000000
0.000000	41100.000000
0.000000	41100.000000
0.000000	41100.000000
0.000000	41100.000000
0.000000	41100.000000
0.000000	41100.000000
0.000000	41100.000000
0.000000	41100.000000
0.000000	41100.000000
0.000000	41101.000000
0.000000	41101.000000
0.000000	41101.000000
0.000000	41101.000000
0.000000	41101.000000
0.000000	41101.000000
0.000000	41101.000000
0.000000	41101.000000
0.000000	41101.000000
0.000000	41101.000000
0.000000	41101.000000
0.000000	41101.000000
0.000000	41101.000000
0.000000	41101.000000
0.000000	41101.000000
0.000000	41101.000000
0.000000	41101.000000
0.000000	41102.000000
0.000000	41102.000000
0.000000	41102.000000
0.000000	41102.000000
0.000000	41102.000000
0.000000	41102.000000
0.000000	41102.000000
0.000000	41102.000000
0.000000	41102.000000
0.000000	41102.000000
0.000000	41102.000000
0.000000	41102.000000
0.000000	41102.000000
0.000000	41102.000000
0.000000	41102.000000
0.000000	41102.000000
0.000000	41102.000000
0.000000	41103.000000
0.000000	41103.000000
0.000000	41103.000000
0.000000	41103.000000
0.000000	41103.000000
0.000000	41103.000000
0.000000	41103.000000
0.000000	41103.000000
0.000000	41103.000000
0.000000	41103.000000
0.000000	41103.000000
0.000000	41103.000000
0.000000	41103.000000
0.000000	41103.000000
0.000000	41103.000000
0.000000	41103.000000
0.000000	41103.000000
0.000000	41104.000000
0.000000	41104.000000
0.000000	41104.000000
0.000000	41104.000000
0.000000	41104.000000
0.000000	41104.000000
0.000000	41104.000000
0.000000	41104.000000
0.000000	41104.000000
0.000000	41104.000000
0.000000	41104.000000
0.000000	41104.000000
0.000000	41104.000000
0.000000	41104.000000
0.000000	41104.000000
0.000000	41104.000000
0.000000	41104.000000
0.000000	41105.000000
0.000000	41105.000000
0.000000	41105.000000
0.000000	41105.000000
0.000000	41105.000000
0.000000	41105.000000
0.000000	41105.000000
0.000000	41105.000000
0.000000	41105.000000
0.000000	41105.000000
0.000000	41105.000000
0.000000	41105.000000
0.000000	41105.000000
0.000000	41105.000000
0.000000	41105.000000
0.000000	41105.000000
0.000000	41105.000000
0.000000	41106.000000
0.000000	41106.000000
0.000000	41106.000000
0.000000	41106.000000
0.000000	41106.000000
0.000000	41106.000000
0.000000	41106.000000
0.000000	41106.000000
0.000000	41106.000000
0.000000	41106.000000
0.000000	41106.000000
0.000000	41106.000000
0.000000	41106.000000
0.000000	41106.000000
0.000000	41106.000000
0.000000	41106.000000
0.000000	41106.000000
0.000000	41107.000000
0.000000	41107.000000
0.000000	41107.000000
0.000000	41107.000000
0.000000	41107.000000
0.000000	41107.000000
0.000000	41107.000000
0.000000	41107.000000
0.000000	41107.000000
0.000000	41107.000000
0.000000	41107.000000
0.000000	41107.000000
0.000000	41107.000000
0.000000	41107.000000
0.000000	41107.000000
0.000000	41107.000000
0.000000	41107.000000
0.000000	41108.000000
0.000000	41108.000000
0.000000	41108.000000
0.000000	41108.000000
0.000000	41108.000000
0.000000	41108.000000
0.000000	41108.000000
0.000000	41108.000000
0.000000	41108.000000
0.000000	41108.000000
0.000000	41108.000000
0.000000	41108.000000
0.000000	41108.000000
0.000000	41108.000000
0.000000	41108.000000
0.000000	41108.000000
0.000000	41108.000000
0.000000	41109.000000
0.000000	41109.000000
0.000000	41109.000000
0.000000	41109.000000
0.000000	41109.000000
0.000000	41109.000000
0.000000	41109.000000
0.000000	41109.000000
0.000000	41109.000000
0.000000	41109.000000
0.000000	41109.000000
0.000000	41109.000000
0.000000	41109.000000
0.000000	41109.000000
0.000000	41109.000000
0.000000	41109.000000
0.000000	41109.000000
0.000000	41110.000000
0.000000	41110.000000
0.000000	41110.000000
0.000000	41110.000000
0.000000	41110.000000
0.000000	41110.000000
0.000000	41110.000000
0.000000	41110.000000
0.000000	41110.000000
0.000000	41110.000000
0.000000	41110.000000
0.000000	41110.000000
0.000000	41110.000000
0.000000	41110.000000
0.000000	41110.000000
0.000000	41110.000000
0.000000	41110.000000
0.000000	41111.000000
0.000000	41111.000000
0.000000	41111.000000
0.000000	41111.000000
0.000000	41111.000000
0.000000	41111.000000
0.000000	41111.000000
0.000000	41111.000000
0.000000	41111.000000
0.000000	41111.000000
0.000000	41111.000000
0.000000	41111.000000
0.000000	41111.000000
0.000000	41111.000000
0.000000	41111.000000
0.000000	41111.000000
0.000000	41111.000000
0.000000	41112.000000
0.000000	41112.000000
0.000000	41112.000000
0.000000	41112.000000
0.000000	41112.000000
0.000000	41112.000000
0.000000	41112.000000
0.000000	41112.000000
0.000000	41112.000000
0.000000	41112.000000
0.000000	41112.000000
0.000000	41112.000000
0.000000	41112.000000
0.000000	41112.000000
0.000000	41112.000000
0.000000	41112.000000
0.000000	41112.000000
0.000000	41113.000000
0.000000	41113.000000
0.000000	41113.000000
0.000000	41113.000000
0.000000	41113.000000
0.000000	41113.000000
0.000000	41113.000000
0.000000	41113.000000
0.000000	41113.000000
0.000000	41113.000000
0.000000	41113.000000
0.000000	41113.000000
0.000000	41113.000000
0.000000	41113.000000
0.000000	41113.000000
0.000000	41113.000000
0.000000	41113.000000
0.000000	41113.000000
0.000000	41114.000000
0.000000	41114.000000
0.000000	41114.000000
0.000000	41114.000000
0.000000	41114.000000
0.000000	41114.000000
0.000000	41114.000000
0.000000	41114.000000
0.000000	41114.000000
0.000000	41114.000000
0.000000	41114.000000
0.000000	41114.000000
0.000000	41114.000000
0.000000	41114.000000
0.000000	41114.000000
0.000000	41114.000000
0.000000	41114.000000
0.000000	41115.000000
0.000000	41115.000000
0.000000	41115.000000
0.000000	41115.000000
0.000000	41115.000000
0.000000	41115.000000
0.000000	41115.000000
0.000000	41115.000000
0.000000	41115.000000
0.000000	41115.000000
0.000000	41115.000000
0.000000	41115.000000
0.000000	41115.000000
0.000000	41115.000000
0.000000	41115.000000
0.000000	41115.000000
0.000000	41115.000000
0.000000	41116.000000
0.000000	41116.000000
0.000000	41116.000000
0.000000	41116.000000
0.000000	41116.000000
0.000000	41116.000000
0.000000	41116.000000
0.000000	41116.000000
0.000000	41116.000000
0.000000	41116.000000
0.000000	41116.000000
0.000000	41116.000000
0.000000	41116.000000
0.000000	41116.000000
0.000000	41116.000000
0.000000	41116.000000
0.000000	41116.000000
0.000000	41117.000000
0.000000	41117.000000
0.000000	41117.000000
0.000000	41117.000000
0.000000	41117.000000
0.000000	41117.000000
0.000000	41117.000000
