0.000000	44733.000000
0.000000	44733.000000
0.000000	44733.000000
0.000000	44733.000000
0.000000	44733.000000
0.000000	44733.000000
0.000000	44733.000000
0.000000	44733.000000
0.000000	44733.000000
0.000000	44734.000000
0.000000	44734.000000
0.000000	44734.000000
0.000000	44734.000000
0.000000	44734.000000
0.000000	44734.000000
0.000000	44734.000000
0.000000	44734.000000
0.000000	44734.000000
0.000000	44734.000000
0.000000	44734.000000
0.000000	44734.000000
0.000000	44734.000000
0.000000	44734.000000
0.000000	44734.000000
0.000000	44734.000000
0.000000	44734.000000
0.000000	44735.000000
0.000000	44735.000000
0.000000	44735.000000
0.000000	44735.000000
0.000000	44735.000000
0.000000	44735.000000
0.000000	44735.000000
0.000000	44735.000000
0.000000	44735.000000
0.000000	44735.000000
0.000000	44735.000000
0.000000	44735.000000
0.000000	44735.000000
0.000000	44735.000000
0.000000	44735.000000
0.000000	44735.000000
0.000000	44735.000000
0.000000	44736.000000
0.000000	44736.000000
0.000000	44736.000000
0.000000	44736.000000
0.000000	44736.000000
0.000000	44736.000000
0.000000	44736.000000
0.000000	44736.000000
0.000000	44736.000000
0.000000	44736.000000
0.000000	44736.000000
0.000000	44736.000000
0.000000	44736.000000
0.000000	44736.000000
0.000000	44736.000000
0.000000	44736.000000
0.000000	44736.000000
0.000000	44737.000000
0.000000	44737.000000
0.000000	44737.000000
0.000000	44737.000000
0.000000	44737.000000
0.000000	44737.000000
0.000000	44737.000000
0.000000	44737.000000
0.000000	44737.000000
0.000000	44737.000000
0.000000	44737.000000
0.000000	44737.000000
0.000000	44737.000000
0.000000	44737.000000
0.000000	44737.000000
0.000000	44737.000000
0.000000	44737.000000
0.000000	44738.000000
0.000000	44738.000000
0.000000	44738.000000
0.000000	44738.000000
0.000000	44738.000000
0.000000	44738.000000
0.000000	44738.000000
0.000000	44738.000000
0.000000	44738.000000
0.000000	44738.000000
0.000000	44738.000000
0.000000	44738.000000
0.000000	44738.000000
0.000000	44738.000000
0.000000	44738.000000
0.000000	44738.000000
0.000000	44738.000000
0.000000	44739.000000
0.000000	44739.000000
0.000000	44739.000000
0.000000	44739.000000
0.000000	44739.000000
0.000000	44739.000000
0.000000	44739.000000
0.000000	44739.000000
0.000000	44739.000000
0.000000	44739.000000
0.000000	44739.000000
0.000000	44739.000000
0.000000	44739.000000
0.000000	44739.000000
0.000000	44739.000000
0.000000	44739.000000
0.000000	44739.000000
0.000000	44739.000000
0.000000	44740.000000
0.000000	44740.000000
0.000000	44740.000000
0.000000	44740.000000
0.000000	44740.000000
0.000000	44740.000000
0.000000	44740.000000
0.000000	44740.000000
0.000000	44740.000000
0.000000	44740.000000
0.000000	44740.000000
0.000000	44740.000000
0.000000	44740.000000
0.000000	44740.000000
0.000000	44740.000000
0.000000	44740.000000
0.000000	44740.000000
0.000000	44741.000000
0.000000	44741.000000
0.000000	44741.000000
0.000000	44741.000000
0.000000	44741.000000
0.000000	44741.000000
0.000000	44741.000000
0.000000	44741.000000
0.000000	44741.000000
0.000000	44741.000000
0.000000	44741.000000
0.000000	44741.000000
0.000000	44741.000000
0.000000	44741.000000
0.000000	44741.000000
0.000000	44741.000000
0.000000	44741.000000
0.000000	44742.000000
0.000000	44742.000000
0.000000	44742.000000
0.000000	44742.000000
0.000000	44742.000000
0.000000	44742.000000
0.000000	44742.000000
0.000000	44742.000000
0.000000	44742.000000
0.000000	44742.000000
0.000000	44742.000000
0.000000	44742.000000
0.000000	44742.000000
0.000000	44742.000000
0.000000	44742.000000
0.000000	44742.000000
0.000000	44742.000000
0.000000	44743.000000
0.000000	44743.000000
0.000000	44743.000000
0.000000	44743.000000
0.000000	44743.000000
0.000000	44743.000000
0.000000	44743.000000
0.000000	44743.000000
0.000000	44743.000000
0.000000	44743.000000
0.000000	44743.000000
0.000000	44743.000000
0.000000	44743.000000
0.000000	44743.000000
0.000000	44743.000000
0.000000	44743.000000
0.000000	44743.000000
0.000000	44744.000000
0.000000	44744.000000
0.000000	44744.000000
0.000000	44744.000000
0.000000	44744.000000
0.000000	44744.000000
0.000000	44744.000000
0.000000	44744.000000
0.000000	44744.000000
0.000000	44744.000000
0.000000	44744.000000
0.000000	44744.000000
0.000000	44744.000000
0.000000	44744.000000
0.000000	44744.000000
0.000000	44744.000000
0.000000	44744.000000
0.000000	44745.000000
0.000000	44745.000000
0.000000	44745.000000
0.000000	44745.000000
0.000000	44745.000000
0.000000	44745.000000
0.000000	44745.000000
0.000000	44745.000000
0.000000	44745.000000
0.000000	44745.000000
0.000000	44745.000000
0.000000	44745.000000
0.000000	44745.000000
0.000000	44745.000000
0.000000	44745.000000
0.000000	44745.000000
0.000000	44745.000000
0.000000	44746.000000
0.000000	44746.000000
0.000000	44746.000000
0.000000	44746.000000
0.000000	44746.000000
0.000000	44746.000000
0.000000	44746.000000
0.000000	44746.000000
0.000000	44746.000000
0.000000	44746.000000
0.000000	44746.000000
0.000000	44746.000000
0.000000	44746.000000
0.000000	44746.000000
0.000000	44746.000000
0.000000	44746.000000
0.000000	44746.000000
0.000000	44747.000000
0.000000	44747.000000
0.000000	44747.000000
0.000000	44747.000000
0.000000	44747.000000
0.000000	44747.000000
0.000000	44747.000000
0.000000	44747.000000
0.000000	44747.000000
0.000000	44747.000000
0.000000	44747.000000
0.000000	44747.000000
0.000000	44747.000000
0.000000	44747.000000
0.000000	44747.000000
0.000000	44747.000000
0.000000	44747.000000
0.000000	44748.000000
0.000000	44748.000000
0.000000	44748.000000
0.000000	44748.000000
0.000000	44748.000000
0.000000	44748.000000
0.000000	44748.000000
0.000000	44748.000000
0.000000	44748.000000
0.000000	44748.000000
0.000000	44748.000000
0.000000	44748.000000
0.000000	44748.000000
0.000000	44748.000000
0.000000	44748.000000
0.000000	44748.000000
0.000000	44748.000000
0.000000	44749.000000
0.000000	44749.000000
0.000000	44749.000000
0.000000	44749.000000
0.000000	44749.000000
0.000000	44749.000000
0.000000	44749.000000
0.000000	44749.000000
0.000000	44749.000000
0.000000	44749.000000
0.000000	44749.000000
0.000000	44749.000000
0.000000	44749.000000
0.000000	44749.000000
0.000000	44749.000000
0.000000	44749.000000
0.000000	44749.000000
0.000000	44750.000000
0.000000	44750.000000
0.000000	44750.000000
0.000000	44750.000000
0.000000	44750.000000
0.000000	44750.000000
0.000000	44750.000000
0.000000	44750.000000
0.000000	44750.000000
0.000000	44750.000000
0.000000	44750.000000
0.000000	44750.000000
0.000000	44750.000000
0.000000	44750.000000
0.000000	44750.000000
0.000000	44750.000000
0.000000	44750.000000
0.000000	44751.000000
0.000000	44751.000000
0.000000	44751.000000
0.000000	44751.000000
0.000000	44751.000000
0.000000	44751.000000
0.000000	44751.000000
0.000000	44751.000000
0.000000	44751.000000
0.000000	44751.000000
0.000000	44751.000000
0.000000	44751.000000
0.000000	44751.000000
0.000000	44751.000000
0.000000	44751.000000
0.000000	44751.000000
0.000000	44751.000000
0.000000	44752.000000
0.000000	44752.000000
0.000000	44752.000000
0.000000	44752.000000
0.000000	44752.000000
0.000000	44752.000000
0.000000	44752.000000
0.000000	44752.000000
0.000000	44752.000000
0.000000	44752.000000
0.000000	44752.000000
0.000000	44752.000000
0.000000	44752.000000
0.000000	44752.000000
0.000000	44752.000000
0.000000	44752.000000
0.000000	44752.000000
0.000000	44753.000000
0.000000	44753.000000
0.000000	44753.000000
0.000000	44753.000000
0.000000	44753.000000
0.000000	44753.000000
0.000000	44753.000000
0.000000	44753.000000
0.000000	44753.000000
0.000000	44753.000000
0.000000	44753.000000
0.000000	44753.000000
0.000000	44753.000000
0.000000	44753.000000
0.000000	44753.000000
0.000000	44753.000000
0.000000	44753.000000
0.000000	44754.000000
0.000000	44754.000000
0.000000	44754.000000
0.000000	44754.000000
0.000000	44754.000000
0.000000	44754.000000
0.000000	44754.000000
0.000000	44754.000000
0.000000	44754.000000
0.000000	44754.000000
0.000000	44754.000000
0.000000	44754.000000
0.000000	44754.000000
0.000000	44754.000000
0.000000	44754.000000
0.000000	44754.000000
0.000000	44754.000000
0.000000	44755.000000
0.000000	44755.000000
0.000000	44755.000000
0.000000	44755.000000
0.000000	44755.000000
0.000000	44755.000000
0.000000	44755.000000
0.000000	44755.000000
0.000000	44755.000000
0.000000	44755.000000
0.000000	44755.000000
0.000000	44755.000000
0.000000	44755.000000
0.000000	44755.000000
0.000000	44755.000000
0.000000	44755.000000
0.000000	44755.000000
0.000000	44755.000000
0.000000	44756.000000
0.000000	44756.000000
0.000000	44756.000000
0.000000	44756.000000
0.000000	44756.000000
0.000000	44756.000000
0.000000	44756.000000
0.000000	44756.000000
0.000000	44756.000000
0.000000	44756.000000
0.000000	44756.000000
0.000000	44756.000000
0.000000	44756.000000
0.000000	44756.000000
0.000000	44756.000000
0.000000	44756.000000
0.000000	44756.000000
0.000000	44757.000000
0.000000	44757.000000
0.000000	44757.000000
0.000000	44757.000000
0.000000	44757.000000
0.000000	44757.000000
0.000000	44757.000000
0.000000	44757.000000
0.000000	44757.000000
0.000000	44757.000000
0.000000	44757.000000
0.000000	44757.000000
0.000000	44757.000000
0.000000	44757.000000
0.000000	44757.000000
0.000000	44757.000000
0.000000	44757.000000
0.000000	44758.000000
0.000000	44758.000000
0.000000	44758.000000
0.000000	44758.000000
0.000000	44758.000000
0.000000	44758.000000
0.000000	44758.000000
0.000000	44758.000000
0.000000	44758.000000
0.000000	44758.000000
0.000000	44758.000000
0.000000	44758.000000
0.000000	44758.000000
0.000000	44758.000000
0.000000	44758.000000
0.000000	44758.000000
0.000000	44758.000000
0.000000	44759.000000
0.000000	44759.000000
0.000000	44759.000000
0.000000	44759.000000
0.000000	44759.000000
0.000000	44759.000000
0.000000	44759.000000
0.000000	44759.000000
0.000000	44759.000000
0.000000	44759.000000
0.000000	44759.000000
0.000000	44759.000000
0.000000	44759.000000
0.000000	44759.000000
0.000000	44759.000000
0.000000	44759.000000
0.000000	44759.000000
0.000000	44800.000000
0.000000	44800.000000
0.000000	44800.000000
0.000000	44800.000000
0.000000	44800.000000
0.000000	44800.000000
0.000000	44800.000000
0.000000	44800.000000
0.000000	44800.000000
0.000000	44800.000000
0.000000	44800.000000
0.000000	44800.000000
0.000000	44800.000000
0.000000	44800.000000
0.000000	44800.000000
0.000000	44800.000000
0.000000	44800.000000
0.000000	44801.000000
0.000000	44801.000000
0.000000	44801.000000
0.000000	44801.000000
0.000000	44801.000000
0.000000	44801.000000
0.000000	44801.000000
0.000000	44801.000000
0.000000	44801.000000
0.000000	44801.000000
0.000000	44801.000000
0.000000	44801.000000
0.000000	44801.000000
0.000000	44801.000000
0.000000	44801.000000
0.000000	44801.000000
0.000000	44801.000000
0.000000	44802.000000
0.000000	44802.000000
0.000000	44802.000000
0.000000	44802.000000
0.000000	44802.000000
0.000000	44802.000000
0.000000	44802.000000
0.000000	44802.000000
0.000000	44802.000000
0.000000	44802.000000
0.000000	44802.000000
0.000000	44802.000000
0.000000	44802.000000
0.000000	44802.000000
0.000000	44802.000000
0.000000	44802.000000
0.000000	44802.000000
0.000000	44803.000000
0.000000	44803.000000
0.000000	44803.000000
0.000000	44803.000000
0.000000	44803.000000
0.000000	44803.000000
0.000000	44803.000000
0.000000	44803.000000
0.000000	44803.000000
0.000000	44803.000000
0.000000	44803.000000
0.000000	44803.000000
0.000000	44803.000000
0.000000	44803.000000
0.000000	44803.000000
0.000000	44803.000000
0.000000	44803.000000
0.000000	44804.000000
0.000000	44804.000000
0.000000	44804.000000
0.000000	44804.000000
0.000000	44804.000000
0.000000	44804.000000
0.000000	44804.000000
0.000000	44804.000000
0.000000	44804.000000
0.000000	44804.000000
0.000000	44804.000000
0.000000	44804.000000
0.000000	44804.000000
0.000000	44804.000000
0.000000	44804.000000
0.000000	44804.000000
0.000000	44804.000000
0.000000	44805.000000
0.000000	44805.000000
0.000000	44805.000000
0.000000	44805.000000
0.000000	44805.000000
0.000000	44805.000000
0.000000	44805.000000
0.000000	44805.000000
0.000000	44805.000000
0.000000	44805.000000
0.000000	44805.000000
0.000000	44805.000000
0.000000	44805.000000
0.000000	44805.000000
0.000000	44805.000000
0.000000	44805.000000
0.000000	44805.000000
0.000000	44806.000000
0.000000	44806.000000
0.000000	44806.000000
0.000000	44806.000000
0.000000	44806.000000
0.000000	44806.000000
0.000000	44806.000000
0.000000	44806.000000
0.000000	44806.000000
0.000000	44806.000000
0.000000	44806.000000
0.000000	44806.000000
0.000000	44806.000000
0.000000	44806.000000
0.000000	44806.000000
0.000000	44806.000000
0.000000	44806.000000
0.000000	44807.000000
0.000000	44807.000000
0.000000	44807.000000
0.000000	44807.000000
0.000000	44807.000000
0.000000	44807.000000
0.000000	44807.000000
0.000000	44807.000000
0.000000	44807.000000
0.000000	44807.000000
0.000000	44807.000000
0.000000	44807.000000
0.000000	44807.000000
0.000000	44807.000000
0.000000	44807.000000
0.000000	44807.000000
0.000000	44807.000000
0.000000	44808.000000
0.000000	44808.000000
0.000000	44808.000000
0.000000	44808.000000
0.000000	44808.000000
0.000000	44808.000000
0.000000	44808.000000
0.000000	44808.000000
0.000000	44808.000000
0.000000	44808.000000
0.000000	44808.000000
0.000000	44808.000000
0.000000	44808.000000
0.000000	44808.000000
0.000000	44808.000000
0.000000	44808.000000
0.000000	44808.000000
0.000000	44809.000000
0.000000	44809.000000
0.000000	44809.000000
0.000000	44809.000000
0.000000	44809.000000
0.000000	44809.000000
0.000000	44809.000000
0.000000	44809.000000
0.000000	44809.000000
0.000000	44809.000000
0.000000	44809.000000
0.000000	44809.000000
0.000000	44809.000000
0.000000	44809.000000
0.000000	44809.000000
0.000000	44809.000000
0.000000	44809.000000
0.000000	44810.000000
0.000000	44810.000000
0.000000	44810.000000
0.000000	44810.000000
0.000000	44810.000000
0.000000	44810.000000
0.000000	44810.000000
0.000000	44810.000000
0.000000	44810.000000
0.000000	44810.000000
0.000000	44810.000000
0.000000	44810.000000
0.000000	44810.000000
0.000000	44810.000000
0.000000	44810.000000
0.000000	44810.000000
0.000000	44810.000000
0.000000	44810.000000
0.000000	44811.000000
0.000000	44811.000000
0.000000	44811.000000
0.000000	44811.000000
0.000000	44811.000000
0.000000	44811.000000
0.000000	44811.000000
0.000000	44811.000000
0.000000	44811.000000
0.000000	44811.000000
0.000000	44811.000000
0.000000	44811.000000
0.000000	44811.000000
0.000000	44811.000000
0.000000	44811.000000
0.000000	44811.000000
0.000000	44811.000000
0.000000	44812.000000
0.000000	44812.000000
0.000000	44812.000000
0.000000	44812.000000
0.000000	44812.000000
0.000000	44812.000000
0.000000	44812.000000
0.000000	44812.000000
0.000000	44812.000000
0.000000	44812.000000
0.000000	44812.000000
0.000000	44812.000000
0.000000	44812.000000
0.000000	44812.000000
0.000000	44812.000000
0.000000	44812.000000
0.000000	44812.000000
0.000000	44813.000000
0.000000	44813.000000
0.000000	44813.000000
0.000000	44813.000000
0.000000	44813.000000
0.000000	44813.000000
0.000000	44813.000000
0.000000	44813.000000
0.000000	44813.000000
0.000000	44813.000000
0.000000	44813.000000
0.000000	44813.000000
0.000000	44813.000000
0.000000	44813.000000
0.000000	44813.000000
0.000000	44813.000000
0.000000	44813.000000
0.000000	44814.000000
0.000000	44814.000000
0.000000	44814.000000
0.000000	44814.000000
0.000000	44814.000000
0.000000	44814.000000
0.000000	44814.000000
0.000000	44814.000000
0.000000	44814.000000
0.000000	44814.000000
0.000000	44814.000000
0.000000	44814.000000
0.000000	44814.000000
0.000000	44814.000000
0.000000	44814.000000
0.000000	44814.000000
0.000000	44814.000000
0.000000	44815.000000
0.000000	44815.000000
0.000000	44815.000000
0.000000	44815.000000
0.000000	44815.000000
0.000000	44815.000000
0.000000	44815.000000
0.000000	44815.000000
0.000000	44815.000000
0.000000	44815.000000
0.000000	44815.000000
0.000000	44815.000000
0.000000	44815.000000
0.000000	44815.000000
0.000000	44815.000000
0.000000	44815.000000
0.000000	44815.000000
0.000000	44816.000000
0.000000	44816.000000
0.000000	44816.000000
0.000000	44816.000000
0.000000	44816.000000
0.000000	44816.000000
0.000000	44816.000000
0.000000	44816.000000
0.000000	44816.000000
0.000000	44816.000000
0.000000	44816.000000
0.000000	44816.000000
0.000000	44816.000000
0.000000	44816.000000
0.000000	44816.000000
0.000000	44816.000000
0.000000	44816.000000
0.000000	44817.000000
0.000000	44817.000000
0.000000	44817.000000
0.000000	44817.000000
0.000000	44817.000000
0.000000	44817.000000
0.000000	44817.000000
0.000000	44817.000000
0.000000	44817.000000
0.000000	44817.000000
0.000000	44817.000000
0.000000	44817.000000
0.000000	44817.000000
0.000000	44817.000000
0.000000	44817.000000
0.000000	44817.000000
0.000000	44817.000000
0.000000	44818.000000
0.000000	44818.000000
0.000000	44818.000000
0.000000	44818.000000
0.000000	44818.000000
0.000000	44818.000000
0.000000	44818.000000
0.000000	44818.000000
0.000000	44818.000000
0.000000	44818.000000
0.000000	44818.000000
0.000000	44818.000000
0.000000	44818.000000
0.000000	44818.000000
0.000000	44818.000000
0.000000	44818.000000
0.000000	44818.000000
0.000000	44819.000000
0.000000	44819.000000
0.000000	44819.000000
0.000000	44819.000000
0.000000	44819.000000
0.000000	44819.000000
0.000000	44819.000000
0.000000	44819.000000
0.000000	44819.000000
0.000000	44819.000000
0.000000	44819.000000
0.000000	44819.000000
0.000000	44819.000000
0.000000	44819.000000
0.000000	44819.000000
0.000000	44819.000000
0.000000	44819.000000
0.000000	44820.000000
0.000000	44820.000000
0.000000	44820.000000
0.000000	44820.000000
0.000000	44820.000000
0.000000	44820.000000
0.000000	44820.000000
0.000000	44820.000000
0.000000	44820.000000
0.000000	44820.000000
0.000000	44820.000000
0.000000	44820.000000
0.000000	44820.000000
0.000000	44820.000000
0.000000	44820.000000
0.000000	44820.000000
0.000000	44820.000000
0.000000	44821.000000
0.000000	44821.000000
0.000000	44821.000000
0.000000	44821.000000
0.000000	44821.000000
0.000000	44821.000000
0.000000	44821.000000
0.000000	44821.000000
0.000000	44821.000000
0.000000	44821.000000
0.000000	44821.000000
0.000000	44821.000000
0.000000	44821.000000
0.000000	44821.000000
0.000000	44821.000000
0.000000	44821.000000
0.000000	44821.000000
0.000000	44822.000000
0.000000	44822.000000
0.000000	44822.000000
0.000000	44822.000000
0.000000	44822.000000
0.000000	44822.000000
0.000000	44822.000000
0.000000	44822.000000
0.000000	44822.000000
0.000000	44822.000000
0.000000	44822.000000
0.000000	44822.000000
0.000000	44822.000000
0.000000	44822.000000
0.000000	44822.000000
0.000000	44822.000000
0.000000	44822.000000
0.000000	44823.000000
0.000000	44823.000000
0.000000	44823.000000
0.000000	44823.000000
0.000000	44823.000000
0.000000	44823.000000
0.000000	44823.000000
0.000000	44823.000000
0.000000	44823.000000
0.000000	44823.000000
0.000000	44823.000000
0.000000	44823.000000
0.000000	44823.000000
0.000000	44823.000000
0.000000	44823.000000
0.000000	44823.000000
0.000000	44823.000000
0.000000	44824.000000
0.000000	44824.000000
0.000000	44824.000000
0.000000	44824.000000
0.000000	44824.000000
0.000000	44824.000000
0.000000	44824.000000
0.000000	44824.000000
0.000000	44824.000000
0.000000	44824.000000
0.000000	44824.000000
0.000000	44824.000000
0.000000	44824.000000
0.000000	44824.000000
0.000000	44824.000000
0.000000	44824.000000
0.000000	44824.000000
0.000000	44824.000000
0.000000	44825.000000
0.000000	44825.000000
0.000000	44825.000000
0.000000	44825.000000
0.000000	44825.000000
0.000000	44825.000000
0.000000	44825.000000
0.000000	44825.000000
0.000000	44825.000000
0.000000	44825.000000
0.000000	44825.000000
0.000000	44825.000000
0.000000	44825.000000
0.000000	44825.000000
0.000000	44825.000000
0.000000	44825.000000
0.000000	44826.000000
0.000000	44826.000000
0.000000	44826.000000
0.000000	44826.000000
0.000000	44826.000000
0.000000	44826.000000
0.000000	44826.000000
0.000000	44826.000000
0.000000	44826.000000
0.000000	44826.000000
0.000000	44826.000000
0.000000	44826.000000
0.000000	44826.000000
0.000000	44826.000000
0.000000	44826.000000
0.000000	44826.000000
0.000000	44826.000000
0.000000	44826.000000
0.000000	44827.000000
0.000000	44827.000000
0.000000	44827.000000
0.000000	44827.000000
0.000000	44827.000000
0.000000	44827.000000
0.000000	44827.000000
0.000000	44827.000000
0.000000	44827.000000
0.000000	44827.000000
0.000000	44827.000000
0.000000	44827.000000
0.000000	44827.000000
0.000000	44827.000000
0.000000	44827.000000
0.000000	44827.000000
0.000000	44827.000000
0.000000	44828.000000
0.000000	44828.000000
0.000000	44828.000000
0.000000	44828.000000
0.000000	44828.000000
0.000000	44828.000000
0.000000	44828.000000
0.000000	44828.000000
0.000000	44828.000000
0.000000	44828.000000
0.000000	44828.000000
0.000000	44828.000000
0.000000	44828.000000
0.000000	44828.000000
0.000000	44828.000000
0.000000	44828.000000
0.000000	44828.000000
0.000000	44829.000000
0.000000	44829.000000
0.000000	44829.000000
0.000000	44829.000000
0.000000	44829.000000
0.000000	44829.000000
0.000000	44829.000000
0.000000	44829.000000
0.000000	44829.000000
0.000000	44829.000000
0.000000	44829.000000
0.000000	44829.000000
0.000000	44829.000000
0.000000	44829.000000
0.000000	44829.000000
0.000000	44829.000000
0.000000	44829.000000
0.000000	44830.000000
0.000000	44830.000000
0.000000	44830.000000
0.000000	44830.000000
0.000000	44830.000000
0.000000	44830.000000
0.000000	44830.000000
0.000000	44830.000000
0.000000	44830.000000
0.000000	44830.000000
0.000000	44830.000000
0.000000	44830.000000
0.000000	44830.000000
0.000000	44830.000000
0.000000	44830.000000
0.000000	44830.000000
0.000000	44830.000000
0.000000	44831.000000
0.000000	44831.000000
0.000000	44831.000000
0.000000	44831.000000
0.000000	44831.000000
0.000000	44831.000000
0.000000	44831.000000
0.000000	44831.000000
0.000000	44831.000000
0.000000	44831.000000
0.000000	44831.000000
0.000000	44831.000000
0.000000	44831.000000
0.000000	44831.000000
0.000000	44831.000000
0.000000	44831.000000
0.000000	44831.000000
0.000000	44832.000000
0.000000	44832.000000
0.000000	44832.000000
0.000000	44832.000000
0.000000	44832.000000
0.000000	44832.000000
0.000000	44832.000000
0.000000	44832.000000
0.000000	44832.000000
0.000000	44832.000000
0.000000	44832.000000
0.000000	44832.000000
0.000000	44832.000000
0.000000	44832.000000
0.000000	44832.000000
0.000000	44832.000000
0.000000	44832.000000
0.000000	44833.000000
0.000000	44833.000000
0.000000	44833.000000
0.000000	44833.000000
0.000000	44833.000000
0.000000	44833.000000
0.000000	44833.000000
0.000000	44833.000000
0.000000	44833.000000
0.000000	44833.000000
0.000000	44833.000000
0.000000	44833.000000
0.000000	44833.000000
0.000000	44833.000000
0.000000	44833.000000
0.000000	44833.000000
0.000000	44833.000000
0.000000	44834.000000
0.000000	44834.000000
0.000000	44834.000000
0.000000	44834.000000
0.000000	44834.000000
0.000000	44834.000000
0.000000	44834.000000
0.000000	44834.000000
0.000000	44834.000000
0.000000	44834.000000
0.000000	44834.000000
0.000000	44834.000000
0.000000	44834.000000
0.000000	44834.000000
0.000000	44834.000000
0.000000	44834.000000
0.000000	44834.000000
0.000000	44835.000000
0.000000	44835.000000
0.000000	44835.000000
0.000000	44835.000000
0.000000	44835.000000
0.000000	44835.000000
0.000000	44835.000000
0.000000	44835.000000
0.000000	44835.000000
0.000000	44835.000000
0.000000	44835.000000
0.000000	44835.000000
0.000000	44835.000000
0.000000	44835.000000
0.000000	44835.000000
0.000000	44835.000000
0.000000	44835.000000
0.000000	44836.000000
0.000000	44836.000000
0.000000	44836.000000
0.000000	44836.000000
0.000000	44836.000000
0.000000	44836.000000
0.000000	44836.000000
0.000000	44836.000000
0.000000	44836.000000
0.000000	44836.000000
0.000000	44836.000000
0.000000	44836.000000
0.000000	44836.000000
0.000000	44836.000000
0.000000	44836.000000
0.000000	44836.000000
0.000000	44836.000000
0.000000	44837.000000
0.000000	44837.000000
0.000000	44837.000000
0.000000	44837.000000
0.000000	44837.000000
0.000000	44837.000000
0.000000	44837.000000
0.000000	44837.000000
0.000000	44837.000000
0.000000	44837.000000
0.000000	44837.000000
0.000000	44837.000000
0.000000	44837.000000
0.000000	44837.000000
0.000000	44837.000000
0.000000	44837.000000
0.000000	44837.000000
0.000000	44838.000000
0.000000	44838.000000
0.000000	44838.000000
0.000000	44838.000000
0.000000	44838.000000
0.000000	44838.000000
0.000000	44838.000000
0.000000	44838.000000
0.000000	44838.000000
0.000000	44838.000000
0.000000	44838.000000
0.000000	44838.000000
0.000000	44838.000000
0.000000	44838.000000
0.000000	44838.000000
0.000000	44838.000000
0.000000	44838.000000
0.000000	44839.000000
0.000000	44839.000000
0.000000	44839.000000
0.000000	44839.000000
0.000000	44839.000000
0.000000	44839.000000
0.000000	44839.000000
0.000000	44839.000000
0.000000	44839.000000
0.000000	44839.000000
0.000000	44839.000000
0.000000	44839.000000
0.000000	44839.000000
0.000000	44839.000000
0.000000	44839.000000
0.000000	44839.000000
0.000000	44839.000000
0.000000	44840.000000
0.000000	44840.000000
0.000000	44840.000000
0.000000	44840.000000
0.000000	44840.000000
0.000000	44840.000000
0.000000	44840.000000
0.000000	44840.000000
0.000000	44840.000000
0.000000	44840.000000
0.000000	44840.000000
0.000000	44840.000000
0.000000	44840.000000
0.000000	44840.000000
0.000000	44840.000000
0.000000	44840.000000
0.000000	44840.000000
0.000000	44840.000000
0.000000	44841.000000
0.000000	44841.000000
0.000000	44841.000000
0.000000	44841.000000
0.000000	44841.000000
0.000000	44841.000000
0.000000	44841.000000
0.000000	44841.000000
0.000000	44841.000000
0.000000	44841.000000
0.000000	44841.000000
0.000000	44841.000000
0.000000	44841.000000
0.000000	44841.000000
0.000000	44841.000000
0.000000	44841.000000
0.000000	44841.000000
0.000000	44842.000000
0.000000	44842.000000
0.000000	44842.000000
0.000000	44842.000000
0.000000	44842.000000
0.000000	44842.000000
0.000000	44842.000000
0.000000	44842.000000
0.000000	44842.000000
0.000000	44842.000000
0.000000	44842.000000
0.000000	44842.000000
0.000000	44842.000000
0.000000	44842.000000
0.000000	44842.000000
0.000000	44842.000000
0.000000	44842.000000
0.000000	44843.000000
0.000000	44843.000000
0.000000	44843.000000
0.000000	44843.000000
0.000000	44843.000000
0.000000	44843.000000
0.000000	44843.000000
0.000000	44843.000000
0.000000	44843.000000
0.000000	44843.000000
0.000000	44843.000000
0.000000	44843.000000
0.000000	44843.000000
0.000000	44843.000000
0.000000	44843.000000
0.000000	44843.000000
0.000000	44843.000000
0.000000	44844.000000
0.000000	44844.000000
0.000000	44844.000000
0.000000	44844.000000
0.000000	44844.000000
0.000000	44844.000000
0.000000	44844.000000
0.000000	44844.000000
0.000000	44844.000000
0.000000	44844.000000
0.000000	44844.000000
0.000000	44844.000000
0.000000	44844.000000
0.000000	44844.000000
0.000000	44844.000000
0.000000	44844.000000
0.000000	44844.000000
0.000000	44845.000000
0.000000	44845.000000
0.000000	44845.000000
0.000000	44845.000000
0.000000	44845.000000
0.000000	44845.000000
0.000000	44845.000000
0.000000	44845.000000
0.000000	44845.000000
0.000000	44845.000000
0.000000	44845.000000
0.000000	44845.000000
0.000000	44845.000000
0.000000	44845.000000
0.000000	44845.000000
0.000000	44845.000000
0.000000	44845.000000
0.000000	44846.000000
0.000000	44846.000000
0.000000	44846.000000
0.000000	44846.000000
0.000000	44846.000000
0.000000	44846.000000
0.000000	44846.000000
0.000000	44846.000000
0.000000	44846.000000
0.000000	44846.000000
0.000000	44846.000000
0.000000	44846.000000
0.000000	44846.000000
0.000000	44846.000000
0.000000	44846.000000
0.000000	44846.000000
0.000000	44846.000000
0.000000	44847.000000
0.000000	44847.000000
0.000000	44847.000000
0.000000	44847.000000
0.000000	44847.000000
0.000000	44847.000000
0.000000	44847.000000
0.000000	44847.000000
0.000000	44847.000000
0.000000	44847.000000
0.000000	44847.000000
0.000000	44847.000000
0.000000	44847.000000
0.000000	44847.000000
0.000000	44847.000000
0.000000	44847.000000
0.000000	44847.000000
0.000000	44848.000000
0.000000	44848.000000
0.000000	44848.000000
0.000000	44848.000000
0.000000	44848.000000
0.000000	44848.000000
0.000000	44848.000000
0.000000	44848.000000
0.000000	44848.000000
0.000000	44848.000000
0.000000	44848.000000
0.000000	44848.000000
0.000000	44848.000000
0.000000	44848.000000
0.000000	44848.000000
0.000000	44848.000000
0.000000	44848.000000
0.000000	44849.000000
0.000000	44849.000000
0.000000	44849.000000
0.000000	44849.000000
0.000000	44849.000000
0.000000	44849.000000
0.000000	44849.000000
0.000000	44849.000000
0.000000	44849.000000
0.000000	44849.000000
0.000000	44849.000000
0.000000	44849.000000
0.000000	44849.000000
0.000000	44849.000000
0.000000	44849.000000
0.000000	44849.000000
0.000000	44849.000000
0.000000	44850.000000
0.000000	44850.000000
0.000000	44850.000000
0.000000	44850.000000
0.000000	44850.000000
0.000000	44850.000000
0.000000	44850.000000
0.000000	44850.000000
0.000000	44850.000000
0.000000	44850.000000
0.000000	44850.000000
0.000000	44850.000000
0.000000	44850.000000
0.000000	44850.000000
0.000000	44850.000000
0.000000	44850.000000
0.000000	44850.000000
0.000000	44851.000000
0.000000	44851.000000
0.000000	44851.000000
0.000000	44851.000000
0.000000	44851.000000
0.000000	44851.000000
0.000000	44851.000000
0.000000	44851.000000
0.000000	44851.000000
0.000000	44851.000000
0.000000	44851.000000
0.000000	44851.000000
0.000000	44851.000000
0.000000	44851.000000
0.000000	44851.000000
0.000000	44851.000000
0.000000	44851.000000
0.000000	44852.000000
0.000000	44852.000000
0.000000	44852.000000
0.000000	44852.000000
0.000000	44852.000000
0.000000	44852.000000
0.000000	44852.000000
0.000000	44852.000000
0.000000	44852.000000
0.000000	44852.000000
0.000000	44852.000000
0.000000	44852.000000
0.000000	44852.000000
0.000000	44852.000000
0.000000	44852.000000
0.000000	44852.000000
0.000000	44852.000000
0.000000	44853.000000
0.000000	44853.000000
0.000000	44853.000000
0.000000	44853.000000
0.000000	44853.000000
0.000000	44853.000000
0.000000	44853.000000
0.000000	44853.000000
0.000000	44853.000000
0.000000	44853.000000
0.000000	44853.000000
0.000000	44853.000000
0.000000	44853.000000
0.000000	44853.000000
0.000000	44853.000000
0.000000	44853.000000
0.000000	44853.000000
0.000000	44854.000000
0.000000	44854.000000
0.000000	44854.000000
0.000000	44854.000000
0.000000	44854.000000
0.000000	44854.000000
0.000000	44854.000000
0.000000	44854.000000
0.000000	44854.000000
0.000000	44854.000000
0.000000	44854.000000
0.000000	44854.000000
0.000000	44854.000000
0.000000	44854.000000
0.000000	44854.000000
0.000000	44854.000000
0.000000	44854.000000
0.000000	44854.000000
0.000000	44855.000000
0.000000	44855.000000
0.000000	44855.000000
0.000000	44855.000000
0.000000	44855.000000
0.000000	44855.000000
0.000000	44855.000000
0.000000	44855.000000
0.000000	44855.000000
0.000000	44855.000000
0.000000	44855.000000
0.000000	44855.000000
0.000000	44855.000000
0.000000	44855.000000
0.000000	44855.000000
0.000000	44855.000000
0.000000	44856.000000
0.000000	44856.000000
0.000000	44856.000000
0.000000	44856.000000
0.000000	44856.000000
0.000000	44856.000000
0.000000	44856.000000
0.000000	44856.000000
0.000000	44856.000000
0.000000	44856.000000
0.000000	44856.000000
0.000000	44856.000000
0.000000	44856.000000
0.000000	44856.000000
0.000000	44856.000000
0.000000	44856.000000
0.000000	44856.000000
0.000000	44856.000000
0.000000	44857.000000
0.000000	44857.000000
0.000000	44857.000000
0.000000	44857.000000
0.000000	44857.000000
0.000000	44857.000000
0.000000	44857.000000
0.000000	44857.000000
0.000000	44857.000000
0.000000	44857.000000
0.000000	44857.000000
0.000000	44857.000000
0.000000	44857.000000
0.000000	44857.000000
0.000000	44857.000000
0.000000	44857.000000
0.000000	44857.000000
0.000000	44858.000000
0.000000	44858.000000
0.000000	44858.000000
0.000000	44858.000000
0.000000	44858.000000
0.000000	44858.000000
0.000000	44858.000000
0.000000	44858.000000
0.000000	44858.000000
0.000000	44858.000000
0.000000	44858.000000
0.000000	44858.000000
0.000000	44858.000000
0.000000	44858.000000
0.000000	44858.000000
0.000000	44858.000000
0.000000	44858.000000
0.000000	44859.000000
0.000000	44859.000000
0.000000	44859.000000
0.000000	44859.000000
0.000000	44859.000000
0.000000	44859.000000
0.000000	44859.000000
0.000000	44859.000000
0.000000	44859.000000
0.000000	44859.000000
0.000000	44859.000000
0.000000	44859.000000
0.000000	44859.000000
0.000000	44859.000000
0.000000	44859.000000
0.000000	44859.000000
0.000000	44859.000000
0.000000	44900.000000
0.000000	44900.000000
0.000000	44900.000000
0.000000	44900.000000
0.000000	44900.000000
0.000000	44900.000000
0.000000	44900.000000
0.000000	44900.000000
0.000000	44900.000000
0.000000	44900.000000
0.000000	44900.000000
0.000000	44900.000000
0.000000	44900.000000
0.000000	44900.000000
0.000000	44900.000000
0.000000	44900.000000
0.000000	44900.000000
0.000000	44901.000000
0.000000	44901.000000
0.000000	44901.000000
0.000000	44901.000000
0.000000	44901.000000
0.000000	44901.000000
0.000000	44901.000000
0.000000	44901.000000
0.000000	44901.000000
0.000000	44901.000000
0.000000	44901.000000
0.000000	44901.000000
0.000000	44901.000000
0.000000	44901.000000
0.000000	44901.000000
0.000000	44901.000000
0.000000	44901.000000
0.000000	44902.000000
0.000000	44902.000000
0.000000	44902.000000
0.000000	44902.000000
0.000000	44902.000000
0.000000	44902.000000
0.000000	44902.000000
0.000000	44902.000000
0.000000	44902.000000
0.000000	44902.000000
0.000000	44902.000000
0.000000	44902.000000
0.000000	44902.000000
0.000000	44902.000000
0.000000	44902.000000
0.000000	44902.000000
0.000000	44902.000000
0.000000	44903.000000
0.000000	44903.000000
0.000000	44903.000000
0.000000	44903.000000
0.000000	44903.000000
0.000000	44903.000000
0.000000	44903.000000
0.000000	44903.000000
0.000000	44903.000000
0.000000	44903.000000
0.000000	44903.000000
0.000000	44903.000000
0.000000	44903.000000
0.000000	44903.000000
0.000000	44903.000000
0.000000	44903.000000
0.000000	44903.000000
0.000000	44904.000000
0.000000	44904.000000
0.000000	44904.000000
0.000000	44904.000000
0.000000	44904.000000
0.000000	44904.000000
0.000000	44904.000000
0.000000	44904.000000
0.000000	44904.000000
0.000000	44904.000000
0.000000	44904.000000
0.000000	44904.000000
0.000000	44904.000000
0.000000	44904.000000
0.000000	44904.000000
0.000000	44904.000000
0.000000	44904.000000
0.000000	44905.000000
0.000000	44905.000000
0.000000	44905.000000
0.000000	44905.000000
0.000000	44905.000000
0.000000	44905.000000
0.000000	44905.000000
0.000000	44905.000000
0.000000	44905.000000
0.000000	44905.000000
0.000000	44905.000000
0.000000	44905.000000
0.000000	44905.000000
0.000000	44905.000000
0.000000	44905.000000
0.000000	44905.000000
0.000000	44905.000000
0.000000	44906.000000
0.000000	44906.000000
0.000000	44906.000000
0.000000	44906.000000
0.000000	44906.000000
0.000000	44906.000000
0.000000	44906.000000
0.000000	44906.000000
0.000000	44906.000000
0.000000	44906.000000
0.000000	44906.000000
0.000000	44906.000000
0.000000	44906.000000
0.000000	44906.000000
0.000000	44906.000000
0.000000	44906.000000
0.000000	44906.000000
0.000000	44907.000000
0.000000	44907.000000
0.000000	44907.000000
0.000000	44907.000000
0.000000	44907.000000
0.000000	44907.000000
0.000000	44907.000000
0.000000	44907.000000
0.000000	44907.000000
0.000000	44907.000000
0.000000	44907.000000
0.000000	44907.000000
0.000000	44907.000000
0.000000	44907.000000
0.000000	44907.000000
0.000000	44907.000000
0.000000	44907.000000
0.000000	44908.000000
0.000000	44908.000000
0.000000	44908.000000
0.000000	44908.000000
0.000000	44908.000000
0.000000	44908.000000
0.000000	44908.000000
0.000000	44908.000000
0.000000	44908.000000
0.000000	44908.000000
0.000000	44908.000000
0.000000	44908.000000
0.000000	44908.000000
0.000000	44908.000000
0.000000	44908.000000
0.000000	44908.000000
0.000000	44908.000000
0.000000	44909.000000
0.000000	44909.000000
0.000000	44909.000000
0.000000	44909.000000
0.000000	44909.000000
0.000000	44909.000000
0.000000	44909.000000
0.000000	44909.000000
0.000000	44909.000000
0.000000	44909.000000
0.000000	44909.000000
0.000000	44909.000000
0.000000	44909.000000
0.000000	44909.000000
0.000000	44909.000000
0.000000	44909.000000
0.000000	44909.000000
0.000000	44910.000000
0.000000	44910.000000
0.000000	44910.000000
0.000000	44910.000000
0.000000	44910.000000
0.000000	44910.000000
0.000000	44910.000000
0.000000	44910.000000
0.000000	44910.000000
0.000000	44910.000000
0.000000	44910.000000
0.000000	44910.000000
0.000000	44910.000000
0.000000	44910.000000
0.000000	44910.000000
0.000000	44910.000000
0.000000	44910.000000
0.000000	44910.000000
0.000000	44911.000000
0.000000	44911.000000
0.000000	44911.000000
0.000000	44911.000000
0.000000	44911.000000
0.000000	44911.000000
0.000000	44911.000000
0.000000	44911.000000
0.000000	44911.000000
0.000000	44911.000000
0.000000	44911.000000
0.000000	44911.000000
0.000000	44911.000000
0.000000	44911.000000
0.000000	44911.000000
0.000000	44911.000000
0.000000	44911.000000
0.000000	44912.000000
0.000000	44912.000000
0.000000	44912.000000
0.000000	44912.000000
0.000000	44912.000000
0.000000	44912.000000
0.000000	44912.000000
0.000000	44912.000000
0.000000	44912.000000
0.000000	44912.000000
0.000000	44912.000000
0.000000	44912.000000
0.000000	44912.000000
0.000000	44912.000000
0.000000	44912.000000
0.000000	44912.000000
0.000000	44912.000000
0.000000	44913.000000
0.000000	44913.000000
0.000000	44913.000000
0.000000	44913.000000
0.000000	44913.000000
0.000000	44913.000000
0.000000	44913.000000
0.000000	44913.000000
0.000000	44913.000000
0.000000	44913.000000
0.000000	44913.000000
0.000000	44913.000000
0.000000	44913.000000
0.000000	44913.000000
0.000000	44913.000000
0.000000	44913.000000
0.000000	44913.000000
0.000000	44914.000000
0.000000	44914.000000
0.000000	44914.000000
0.000000	44914.000000
0.000000	44914.000000
0.000000	44914.000000
0.000000	44914.000000
0.000000	44914.000000
0.000000	44914.000000
0.000000	44914.000000
0.000000	44914.000000
0.000000	44914.000000
0.000000	44914.000000
0.000000	44914.000000
0.000000	44914.000000
0.000000	44914.000000
0.000000	44914.000000
0.000000	44915.000000
0.000000	44915.000000
0.000000	44915.000000
0.000000	44915.000000
0.000000	44915.000000
0.000000	44915.000000
0.000000	44915.000000
0.000000	44915.000000
0.000000	44915.000000
0.000000	44915.000000
0.000000	44915.000000
0.000000	44915.000000
0.000000	44915.000000
0.000000	44915.000000
0.000000	44915.000000
0.000000	44915.000000
0.000000	44915.000000
0.000000	44916.000000
0.000000	44916.000000
0.000000	44916.000000
0.000000	44916.000000
0.000000	44916.000000
0.000000	44916.000000
0.000000	44916.000000
0.000000	44916.000000
0.000000	44916.000000
0.000000	44916.000000
0.000000	44916.000000
0.000000	44916.000000
0.000000	44916.000000
0.000000	44916.000000
0.000000	44916.000000
0.000000	44916.000000
0.000000	44916.000000
0.000000	44917.000000
0.000000	44917.000000
0.000000	44917.000000
0.000000	44917.000000
0.000000	44917.000000
0.000000	44917.000000
0.000000	44917.000000
0.000000	44917.000000
0.000000	44917.000000
0.000000	44917.000000
0.000000	44917.000000
0.000000	44917.000000
0.000000	44917.000000
0.000000	44917.000000
0.000000	44917.000000
0.000000	44917.000000
0.000000	44917.000000
0.000000	44918.000000
0.000000	44918.000000
0.000000	44918.000000
0.000000	44918.000000
0.000000	44918.000000
0.000000	44918.000000
0.000000	44918.000000
0.000000	44918.000000
0.000000	44918.000000
0.000000	44918.000000
0.000000	44918.000000
0.000000	44918.000000
0.000000	44918.000000
0.000000	44918.000000
0.000000	44918.000000
0.000000	44918.000000
0.000000	44918.000000
0.000000	44919.000000
0.000000	44919.000000
0.000000	44919.000000
0.000000	44919.000000
0.000000	44919.000000
0.000000	44919.000000
0.000000	44919.000000
0.000000	44919.000000
0.000000	44919.000000
0.000000	44919.000000
0.000000	44919.000000
0.000000	44919.000000
0.000000	44919.000000
0.000000	44919.000000
0.000000	44919.000000
0.000000	44919.000000
0.000000	44919.000000
0.000000	44920.000000
0.000000	44920.000000
0.000000	44920.000000
0.000000	44920.000000
0.000000	44920.000000
0.000000	44920.000000
0.000000	44920.000000
0.000000	44920.000000
0.000000	44920.000000
0.000000	44920.000000
0.000000	44920.000000
0.000000	44920.000000
0.000000	44920.000000
0.000000	44920.000000
0.000000	44920.000000
0.000000	44920.000000
0.000000	44920.000000
0.000000	44921.000000
0.000000	44921.000000
0.000000	44921.000000
0.000000	44921.000000
0.000000	44921.000000
0.000000	44921.000000
0.000000	44921.000000
0.000000	44921.000000
0.000000	44921.000000
0.000000	44921.000000
0.000000	44921.000000
0.000000	44921.000000
0.000000	44921.000000
0.000000	44921.000000
0.000000	44921.000000
0.000000	44921.000000
0.000000	44921.000000
0.000000	44922.000000
0.000000	44922.000000
0.000000	44922.000000
0.000000	44922.000000
0.000000	44922.000000
0.000000	44922.000000
0.000000	44922.000000
0.000000	44922.000000
0.000000	44922.000000
0.000000	44922.000000
0.000000	44922.000000
0.000000	44922.000000
0.000000	44922.000000
0.000000	44922.000000
0.000000	44922.000000
0.000000	44922.000000
0.000000	44922.000000
0.000000	44923.000000
0.000000	44923.000000
0.000000	44923.000000
0.000000	44923.000000
0.000000	44923.000000
0.000000	44923.000000
0.000000	44923.000000
0.000000	44923.000000
0.000000	44923.000000
0.000000	44923.000000
0.000000	44923.000000
0.000000	44923.000000
0.000000	44923.000000
0.000000	44923.000000
0.000000	44923.000000
0.000000	44923.000000
0.000000	44923.000000
0.000000	44924.000000
0.000000	44924.000000
0.000000	44924.000000
0.000000	44924.000000
0.000000	44924.000000
0.000000	44924.000000
0.000000	44924.000000
0.000000	44924.000000
0.000000	44924.000000
0.000000	44924.000000
0.000000	44924.000000
0.000000	44924.000000
0.000000	44924.000000
0.000000	44924.000000
0.000000	44924.000000
0.000000	44924.000000
0.000000	44924.000000
0.000000	44925.000000
0.000000	44925.000000
0.000000	44925.000000
0.000000	44925.000000
0.000000	44925.000000
0.000000	44925.000000
0.000000	44925.000000
0.000000	44925.000000
0.000000	44925.000000
0.000000	44925.000000
0.000000	44925.000000
0.000000	44925.000000
0.000000	44925.000000
0.000000	44925.000000
0.000000	44925.000000
0.000000	44925.000000
0.000000	44925.000000
0.000000	44925.000000
0.000000	44926.000000
0.000000	44926.000000
0.000000	44926.000000
0.000000	44926.000000
0.000000	44926.000000
0.000000	44926.000000
0.000000	44926.000000
0.000000	44926.000000
0.000000	44926.000000
0.000000	44926.000000
0.000000	44926.000000
0.000000	44926.000000
0.000000	44926.000000
0.000000	44926.000000
0.000000	44926.000000
0.000000	44926.000000
0.000000	44926.000000
0.000000	44927.000000
0.000000	44927.000000
0.000000	44927.000000
0.000000	44927.000000
0.000000	44927.000000
0.000000	44927.000000
0.000000	44927.000000
0.000000	44927.000000
0.000000	44927.000000
0.000000	44927.000000
0.000000	44927.000000
0.000000	44927.000000
0.000000	44927.000000
0.000000	44927.000000
0.000000	44927.000000
0.000000	44927.000000
0.000000	44927.000000
0.000000	44928.000000
0.000000	44928.000000
0.000000	44928.000000
0.000000	44928.000000
0.000000	44928.000000
0.000000	44928.000000
0.000000	44928.000000
0.000000	44928.000000
0.000000	44928.000000
0.000000	44928.000000
0.000000	44928.000000
0.000000	44928.000000
0.000000	44928.000000
0.000000	44928.000000
0.000000	44928.000000
0.000000	44928.000000
0.000000	44928.000000
0.000000	44929.000000
0.000000	44929.000000
0.000000	44929.000000
0.000000	44929.000000
0.000000	44929.000000
0.000000	44929.000000
0.000000	44929.000000
0.000000	44929.000000
0.000000	44929.000000
0.000000	44929.000000
0.000000	44929.000000
0.000000	44929.000000
0.000000	44929.000000
0.000000	44929.000000
0.000000	44929.000000
0.000000	44929.000000
0.000000	44929.000000
0.000000	44930.000000
0.000000	44930.000000
0.000000	44930.000000
0.000000	44930.000000
0.000000	44930.000000
0.000000	44930.000000
0.000000	44930.000000
0.000000	44930.000000
0.000000	44930.000000
0.000000	44930.000000
0.000000	44930.000000
0.000000	44930.000000
0.000000	44930.000000
0.000000	44930.000000
0.000000	44930.000000
0.000000	44930.000000
0.000000	44930.000000
0.000000	44931.000000
0.000000	44931.000000
0.000000	44931.000000
0.000000	44931.000000
0.000000	44931.000000
0.000000	44931.000000
0.000000	44931.000000
0.000000	44931.000000
0.000000	44931.000000
0.000000	44931.000000
0.000000	44931.000000
0.000000	44931.000000
0.000000	44931.000000
0.000000	44931.000000
0.000000	44931.000000
0.000000	44931.000000
0.000000	44931.000000
0.000000	44932.000000
0.000000	44932.000000
0.000000	44932.000000
0.000000	44932.000000
0.000000	44932.000000
0.000000	44932.000000
0.000000	44932.000000
0.000000	44932.000000
0.000000	44932.000000
0.000000	44932.000000
0.000000	44932.000000
0.000000	44932.000000
0.000000	44932.000000
0.000000	44932.000000
0.000000	44932.000000
0.000000	44932.000000
0.000000	44932.000000
0.000000	44933.000000
0.000000	44933.000000
0.000000	44933.000000
0.000000	44933.000000
0.000000	44933.000000
0.000000	44933.000000
0.000000	44933.000000
0.000000	44933.000000
0.000000	44933.000000
0.000000	44933.000000
0.000000	44933.000000
0.000000	44933.000000
0.000000	44933.000000
0.000000	44933.000000
0.000000	44933.000000
0.000000	44933.000000
0.000000	44933.000000
0.000000	44934.000000
0.000000	44934.000000
0.000000	44934.000000
0.000000	44934.000000
0.000000	44934.000000
0.000000	44934.000000
0.000000	44934.000000
0.000000	44934.000000
0.000000	44934.000000
0.000000	44934.000000
0.000000	44934.000000
0.000000	44934.000000
0.000000	44934.000000
0.000000	44934.000000
0.000000	44934.000000
0.000000	44934.000000
0.000000	44934.000000
0.000000	44935.000000
0.000000	44935.000000
0.000000	44935.000000
0.000000	44935.000000
0.000000	44935.000000
0.000000	44935.000000
0.000000	44935.000000
0.000000	44935.000000
0.000000	44935.000000
0.000000	44935.000000
0.000000	44935.000000
0.000000	44935.000000
0.000000	44935.000000
0.000000	44935.000000
0.000000	44935.000000
0.000000	44935.000000
0.000000	44935.000000
0.000000	44936.000000
0.000000	44936.000000
0.000000	44936.000000
0.000000	44936.000000
0.000000	44936.000000
0.000000	44936.000000
0.000000	44936.000000
0.000000	44936.000000
0.000000	44936.000000
0.000000	44936.000000
0.000000	44936.000000
0.000000	44936.000000
0.000000	44936.000000
0.000000	44936.000000
0.000000	44936.000000
0.000000	44936.000000
0.000000	44936.000000
0.000000	44937.000000
0.000000	44937.000000
0.000000	44937.000000
0.000000	44937.000000
0.000000	44937.000000
0.000000	44937.000000
0.000000	44937.000000
0.000000	44937.000000
0.000000	44937.000000
0.000000	44937.000000
0.000000	44937.000000
0.000000	44937.000000
0.000000	44937.000000
0.000000	44937.000000
0.000000	44937.000000
0.000000	44937.000000
0.000000	44937.000000
0.000000	44938.000000
0.000000	44938.000000
0.000000	44938.000000
0.000000	44938.000000
0.000000	44938.000000
0.000000	44938.000000
0.000000	44938.000000
0.000000	44938.000000
0.000000	44938.000000
0.000000	44938.000000
0.000000	44938.000000
0.000000	44938.000000
0.000000	44938.000000
0.000000	44938.000000
0.000000	44938.000000
0.000000	44938.000000
0.000000	44938.000000
0.000000	44939.000000
0.000000	44939.000000
0.000000	44939.000000
0.000000	44939.000000
0.000000	44939.000000
0.000000	44939.000000
0.000000	44939.000000
0.000000	44939.000000
0.000000	44939.000000
0.000000	44939.000000
0.000000	44939.000000
0.000000	44939.000000
0.000000	44939.000000
0.000000	44939.000000
0.000000	44939.000000
0.000000	44939.000000
0.000000	44939.000000
0.000000	44940.000000
0.000000	44940.000000
0.000000	44940.000000
0.000000	44940.000000
0.000000	44940.000000
0.000000	44940.000000
0.000000	44940.000000
0.000000	44940.000000
0.000000	44940.000000
0.000000	44940.000000
0.000000	44940.000000
0.000000	44940.000000
0.000000	44940.000000
0.000000	44940.000000
0.000000	44940.000000
0.000000	44940.000000
0.000000	44940.000000
0.000000	44940.000000
0.000000	44941.000000
0.000000	44941.000000
0.000000	44941.000000
0.000000	44941.000000
0.000000	44941.000000
0.000000	44941.000000
0.000000	44941.000000
0.000000	44941.000000
0.000000	44941.000000
0.000000	44941.000000
0.000000	44941.000000
0.000000	44941.000000
0.000000	44941.000000
0.000000	44941.000000
0.000000	44941.000000
0.000000	44941.000000
0.000000	44941.000000
0.000000	44942.000000
0.000000	44942.000000
0.000000	44942.000000
0.000000	44942.000000
0.000000	44942.000000
0.000000	44942.000000
0.000000	44942.000000
0.000000	44942.000000
0.000000	44942.000000
0.000000	44942.000000
0.000000	44942.000000
0.000000	44942.000000
0.000000	44942.000000
0.000000	44942.000000
0.000000	44942.000000
0.000000	44942.000000
0.000000	44942.000000
0.000000	44943.000000
0.000000	44943.000000
0.000000	44943.000000
0.000000	44943.000000
0.000000	44943.000000
0.000000	44943.000000
0.000000	44943.000000
0.000000	44943.000000
0.000000	44943.000000
0.000000	44943.000000
0.000000	44943.000000
0.000000	44943.000000
0.000000	44943.000000
0.000000	44943.000000
0.000000	44943.000000
0.000000	44943.000000
0.000000	44943.000000
0.000000	44944.000000
0.000000	44944.000000
0.000000	44944.000000
0.000000	44944.000000
0.000000	44944.000000
0.000000	44944.000000
0.000000	44944.000000
0.000000	44944.000000
0.000000	44944.000000
0.000000	44944.000000
0.000000	44944.000000
0.000000	44944.000000
0.000000	44944.000000
0.000000	44944.000000
0.000000	44944.000000
0.000000	44944.000000
0.000000	44944.000000
0.000000	44945.000000
0.000000	44945.000000
0.000000	44945.000000
0.000000	44945.000000
0.000000	44945.000000
0.000000	44945.000000
0.000000	44945.000000
0.000000	44945.000000
0.000000	44945.000000
0.000000	44945.000000
0.000000	44945.000000
0.000000	44945.000000
0.000000	44945.000000
0.000000	44945.000000
0.000000	44945.000000
0.000000	44945.000000
0.000000	44945.000000
0.000000	44946.000000
0.000000	44946.000000
0.000000	44946.000000
0.000000	44946.000000
0.000000	44946.000000
0.000000	44946.000000
0.000000	44946.000000
0.000000	44946.000000
0.000000	44946.000000
0.000000	44946.000000
0.000000	44946.000000
0.000000	44946.000000
0.000000	44946.000000
0.000000	44946.000000
0.000000	44946.000000
0.000000	44946.000000
0.000000	44946.000000
0.000000	44947.000000
0.000000	44947.000000
0.000000	44947.000000
0.000000	44947.000000
0.000000	44947.000000
0.000000	44947.000000
0.000000	44947.000000
0.000000	44947.000000
0.000000	44947.000000
0.000000	44947.000000
0.000000	44947.000000
0.000000	44947.000000
0.000000	44947.000000
0.000000	44947.000000
0.000000	44947.000000
0.000000	44947.000000
0.000000	44947.000000
0.000000	44948.000000
0.000000	44948.000000
0.000000	44948.000000
0.000000	44948.000000
0.000000	44948.000000
0.000000	44948.000000
0.000000	44948.000000
0.000000	44948.000000
0.000000	44948.000000
0.000000	44948.000000
0.000000	44948.000000
0.000000	44948.000000
0.000000	44948.000000
0.000000	44948.000000
0.000000	44948.000000
0.000000	44948.000000
0.000000	44948.000000
0.000000	44949.000000
0.000000	44949.000000
0.000000	44949.000000
0.000000	44949.000000
0.000000	44949.000000
0.000000	44949.000000
0.000000	44949.000000
0.000000	44949.000000
0.000000	44949.000000
0.000000	44949.000000
0.000000	44949.000000
0.000000	44949.000000
0.000000	44949.000000
0.000000	44949.000000
0.000000	44949.000000
0.000000	44949.000000
0.000000	44949.000000
0.000000	44950.000000
0.000000	44950.000000
0.000000	44950.000000
0.000000	44950.000000
0.000000	44950.000000
0.000000	44950.000000
0.000000	44950.000000
0.000000	44950.000000
0.000000	44950.000000
0.000000	44950.000000
0.000000	44950.000000
0.000000	44950.000000
0.000000	44950.000000
0.000000	44950.000000
0.000000	44950.000000
0.000000	44950.000000
0.000000	44950.000000
0.000000	44951.000000
0.000000	44951.000000
0.000000	44951.000000
0.000000	44951.000000
0.000000	44951.000000
0.000000	44951.000000
0.000000	44951.000000
0.000000	44951.000000
0.000000	44951.000000
0.000000	44951.000000
0.000000	44951.000000
0.000000	44951.000000
0.000000	44951.000000
0.000000	44951.000000
0.000000	44951.000000
0.000000	44951.000000
0.000000	44951.000000
0.000000	44952.000000
0.000000	44952.000000
0.000000	44952.000000
0.000000	44952.000000
0.000000	44952.000000
0.000000	44952.000000
0.000000	44952.000000
0.000000	44952.000000
0.000000	44952.000000
0.000000	44952.000000
0.000000	44952.000000
0.000000	44952.000000
0.000000	44952.000000
0.000000	44952.000000
0.000000	44952.000000
0.000000	44952.000000
0.000000	44952.000000
0.000000	44953.000000
0.000000	44953.000000
0.000000	44953.000000
0.000000	44953.000000
0.000000	44953.000000
0.000000	44953.000000
0.000000	44953.000000
0.000000	44953.000000
0.000000	44953.000000
0.000000	44953.000000
0.000000	44953.000000
0.000000	44953.000000
0.000000	44953.000000
0.000000	44953.000000
0.000000	44953.000000
0.000000	44953.000000
0.000000	44953.000000
0.000000	44954.000000
0.000000	44954.000000
0.000000	44954.000000
0.000000	44954.000000
0.000000	44954.000000
0.000000	44954.000000
0.000000	44954.000000
0.000000	44954.000000
0.000000	44954.000000
0.000000	44954.000000
0.000000	44954.000000
0.000000	44954.000000
0.000000	44954.000000
0.000000	44954.000000
0.000000	44954.000000
0.000000	44954.000000
0.000000	44954.000000
0.000000	44955.000000
0.000000	44955.000000
0.000000	44955.000000
0.000000	44955.000000
0.000000	44955.000000
0.000000	44955.000000
0.000000	44955.000000
0.000000	44955.000000
0.000000	44955.000000
0.000000	44955.000000
0.000000	44955.000000
0.000000	44955.000000
0.000000	44955.000000
0.000000	44955.000000
0.000000	44955.000000
0.000000	44955.000000
0.000000	44955.000000
0.000000	44955.000000
0.000000	44956.000000
0.000000	44956.000000
0.000000	44956.000000
0.000000	44956.000000
0.000000	44956.000000
0.000000	44956.000000
0.000000	44956.000000
0.000000	44956.000000
0.000000	44956.000000
0.000000	44956.000000
0.000000	44956.000000
0.000000	44956.000000
0.000000	44956.000000
0.000000	44956.000000
0.000000	44956.000000
0.000000	44956.000000
0.000000	44956.000000
0.000000	44957.000000
0.000000	44957.000000
0.000000	44957.000000
0.000000	44957.000000
0.000000	44957.000000
0.000000	44957.000000
0.000000	44957.000000
0.000000	44957.000000
0.000000	44957.000000
0.000000	44957.000000
0.000000	44957.000000
0.000000	44957.000000
0.000000	44957.000000
0.000000	44957.000000
0.000000	44957.000000
0.000000	44957.000000
0.000000	44957.000000
0.000000	44958.000000
0.000000	44958.000000
0.000000	44958.000000
0.000000	44958.000000
0.000000	44958.000000
0.000000	44958.000000
0.000000	44958.000000
0.000000	44958.000000
0.000000	44958.000000
0.000000	44958.000000
0.000000	44958.000000
0.000000	44958.000000
0.000000	44958.000000
0.000000	44958.000000
0.000000	44958.000000
0.000000	44958.000000
0.000000	44958.000000
0.000000	44959.000000
0.000000	44959.000000
0.000000	44959.000000
0.000000	44959.000000
0.000000	44959.000000
0.000000	44959.000000
0.000000	44959.000000
0.000000	44959.000000
0.000000	44959.000000
0.000000	44959.000000
0.000000	44959.000000
0.000000	44959.000000
0.000000	44959.000000
0.000000	44959.000000
0.000000	44959.000000
0.000000	44959.000000
0.000000	44959.000000
0.000000	45000.000000
0.000000	45000.000000
0.000000	45000.000000
0.000000	45000.000000
0.000000	45000.000000
0.000000	45000.000000
0.000000	45000.000000
0.000000	45000.000000
0.000000	45000.000000
0.000000	45000.000000
0.000000	45000.000000
0.000000	45000.000000
0.000000	45000.000000
0.000000	45000.000000
0.000000	45000.000000
0.000000	45000.000000
0.000000	45000.000000
0.000000	45001.000000
0.000000	45001.000000
0.000000	45001.000000
0.000000	45001.000000
0.000000	45001.000000
0.000000	45001.000000
0.000000	45001.000000
0.000000	45001.000000
0.000000	45001.000000
0.000000	45001.000000
0.000000	45001.000000
0.000000	45001.000000
0.000000	45001.000000
0.000000	45001.000000
0.000000	45001.000000
0.000000	45001.000000
0.000000	45001.000000
0.000000	45002.000000
0.000000	45002.000000
0.000000	45002.000000
0.000000	45002.000000
0.000000	45002.000000
0.000000	45002.000000
0.000000	45002.000000
0.000000	45002.000000
0.000000	45002.000000
0.000000	45002.000000
0.000000	45002.000000
0.000000	45002.000000
0.000000	45002.000000
0.000000	45002.000000
0.000000	45002.000000
0.000000	45002.000000
0.000000	45002.000000
0.000000	45003.000000
0.000000	45003.000000
0.000000	45003.000000
0.000000	45003.000000
0.000000	45003.000000
0.000000	45003.000000
0.000000	45003.000000
0.000000	45003.000000
0.000000	45003.000000
0.000000	45003.000000
0.000000	45003.000000
0.000000	45003.000000
0.000000	45003.000000
0.000000	45003.000000
0.000000	45003.000000
0.000000	45003.000000
0.000000	45003.000000
0.000000	45004.000000
0.000000	45004.000000
0.000000	45004.000000
0.000000	45004.000000
0.000000	45004.000000
0.000000	45004.000000
0.000000	45004.000000
0.000000	45004.000000
0.000000	45004.000000
0.000000	45004.000000
0.000000	45004.000000
0.000000	45004.000000
0.000000	45004.000000
0.000000	45004.000000
0.000000	45004.000000
0.000000	45004.000000
0.000000	45004.000000
0.000000	45005.000000
0.000000	45005.000000
0.000000	45005.000000
0.000000	45005.000000
0.000000	45005.000000
0.000000	45005.000000
0.000000	45005.000000
0.000000	45005.000000
0.000000	45005.000000
0.000000	45005.000000
0.000000	45005.000000
0.000000	45005.000000
0.000000	45005.000000
0.000000	45005.000000
0.000000	45005.000000
0.000000	45005.000000
0.000000	45005.000000
0.000000	45006.000000
0.000000	45006.000000
0.000000	45006.000000
0.000000	45006.000000
0.000000	45006.000000
0.000000	45006.000000
0.000000	45006.000000
0.000000	45006.000000
0.000000	45006.000000
0.000000	45006.000000
0.000000	45006.000000
0.000000	45006.000000
0.000000	45006.000000
0.000000	45006.000000
0.000000	45006.000000
0.000000	45006.000000
0.000000	45006.000000
0.000000	45007.000000
0.000000	45007.000000
0.000000	45007.000000
0.000000	45007.000000
0.000000	45007.000000
0.000000	45007.000000
0.000000	45007.000000
0.000000	45007.000000
0.000000	45007.000000
0.000000	45007.000000
0.000000	45007.000000
0.000000	45007.000000
0.000000	45007.000000
0.000000	45007.000000
0.000000	45007.000000
0.000000	45007.000000
0.000000	45007.000000
0.000000	45008.000000
0.000000	45008.000000
0.000000	45008.000000
0.000000	45008.000000
0.000000	45008.000000
0.000000	45008.000000
0.000000	45008.000000
0.000000	45008.000000
0.000000	45008.000000
0.000000	45008.000000
0.000000	45008.000000
0.000000	45008.000000
0.000000	45008.000000
0.000000	45008.000000
0.000000	45008.000000
0.000000	45008.000000
0.000000	45008.000000
0.000000	45009.000000
0.000000	45009.000000
0.000000	45009.000000
0.000000	45009.000000
0.000000	45009.000000
0.000000	45009.000000
0.000000	45009.000000
0.000000	45009.000000
0.000000	45009.000000
0.000000	45009.000000
0.000000	45009.000000
0.000000	45009.000000
0.000000	45009.000000
0.000000	45009.000000
0.000000	45009.000000
0.000000	45009.000000
0.000000	45009.000000
0.000000	45010.000000
0.000000	45010.000000
0.000000	45010.000000
0.000000	45010.000000
0.000000	45010.000000
0.000000	45010.000000
0.000000	45010.000000
0.000000	45010.000000
0.000000	45010.000000
0.000000	45010.000000
0.000000	45010.000000
0.000000	45010.000000
0.000000	45010.000000
0.000000	45010.000000
0.000000	45010.000000
0.000000	45010.000000
0.000000	45010.000000
0.000000	45011.000000
0.000000	45011.000000
0.000000	45011.000000
0.000000	45011.000000
0.000000	45011.000000
0.000000	45011.000000
0.000000	45011.000000
0.000000	45011.000000
0.000000	45011.000000
0.000000	45011.000000
0.000000	45011.000000
0.000000	45011.000000
0.000000	45011.000000
0.000000	45011.000000
0.000000	45011.000000
0.000000	45011.000000
0.000000	45011.000000
0.000000	45011.000000
0.000000	45012.000000
0.000000	45012.000000
0.000000	45012.000000
0.000000	45012.000000
0.000000	45012.000000
0.000000	45012.000000
0.000000	45012.000000
0.000000	45012.000000
0.000000	45012.000000
0.000000	45012.000000
0.000000	45012.000000
0.000000	45012.000000
0.000000	45012.000000
0.000000	45012.000000
0.000000	45012.000000
0.000000	45012.000000
0.000000	45012.000000
0.000000	45013.000000
0.000000	45013.000000
0.000000	45013.000000
0.000000	45013.000000
0.000000	45013.000000
0.000000	45013.000000
0.000000	45013.000000
0.000000	45013.000000
0.000000	45013.000000
0.000000	45013.000000
0.000000	45013.000000
0.000000	45013.000000
0.000000	45013.000000
0.000000	45013.000000
0.000000	45013.000000
0.000000	45013.000000
0.000000	45013.000000
0.000000	45014.000000
0.000000	45014.000000
0.000000	45014.000000
0.000000	45014.000000
0.000000	45014.000000
0.000000	45014.000000
0.000000	45014.000000
0.000000	45014.000000
0.000000	45014.000000
0.000000	45014.000000
0.000000	45014.000000
0.000000	45014.000000
0.000000	45014.000000
0.000000	45014.000000
0.000000	45014.000000
0.000000	45014.000000
0.000000	45014.000000
0.000000	45015.000000
0.000000	45015.000000
0.000000	45015.000000
0.000000	45015.000000
0.000000	45015.000000
0.000000	45015.000000
0.000000	45015.000000
0.000000	45015.000000
0.000000	45015.000000
0.000000	45015.000000
0.000000	45015.000000
0.000000	45015.000000
0.000000	45015.000000
0.000000	45015.000000
0.000000	45015.000000
0.000000	45015.000000
0.000000	45015.000000
0.000000	45016.000000
0.000000	45016.000000
0.000000	45016.000000
0.000000	45016.000000
0.000000	45016.000000
0.000000	45016.000000
0.000000	45016.000000
0.000000	45016.000000
0.000000	45016.000000
0.000000	45016.000000
0.000000	45016.000000
0.000000	45016.000000
0.000000	45016.000000
0.000000	45016.000000
0.000000	45016.000000
0.000000	45016.000000
0.000000	45016.000000
0.000000	45017.000000
0.000000	45017.000000
0.000000	45017.000000
0.000000	45017.000000
0.000000	45017.000000
0.000000	45017.000000
0.000000	45017.000000
0.000000	45017.000000
0.000000	45017.000000
0.000000	45017.000000
0.000000	45017.000000
0.000000	45017.000000
0.000000	45017.000000
0.000000	45017.000000
0.000000	45017.000000
0.000000	45017.000000
0.000000	45017.000000
0.000000	45018.000000
0.000000	45018.000000
0.000000	45018.000000
0.000000	45018.000000
0.000000	45018.000000
0.000000	45018.000000
0.000000	45018.000000
0.000000	45018.000000
0.000000	45018.000000
0.000000	45018.000000
0.000000	45018.000000
0.000000	45018.000000
0.000000	45018.000000
0.000000	45018.000000
0.000000	45018.000000
0.000000	45018.000000
0.000000	45018.000000
0.000000	45019.000000
0.000000	45019.000000
0.000000	45019.000000
0.000000	45019.000000
0.000000	45019.000000
0.000000	45019.000000
0.000000	45019.000000
0.000000	45019.000000
0.000000	45019.000000
0.000000	45019.000000
0.000000	45019.000000
0.000000	45019.000000
0.000000	45019.000000
0.000000	45019.000000
0.000000	45019.000000
0.000000	45019.000000
0.000000	45019.000000
0.000000	45020.000000
0.000000	45020.000000
0.000000	45020.000000
0.000000	45020.000000
0.000000	45020.000000
0.000000	45020.000000
0.000000	45020.000000
0.000000	45020.000000
0.000000	45020.000000
0.000000	45020.000000
0.000000	45020.000000
0.000000	45020.000000
0.000000	45020.000000
0.000000	45020.000000
0.000000	45020.000000
0.000000	45020.000000
0.000000	45020.000000
0.000000	45021.000000
0.000000	45021.000000
0.000000	45021.000000
0.000000	45021.000000
0.000000	45021.000000
0.000000	45021.000000
0.000000	45021.000000
0.000000	45021.000000
0.000000	45021.000000
0.000000	45021.000000
0.000000	45021.000000
0.000000	45021.000000
0.000000	45021.000000
0.000000	45021.000000
0.000000	45021.000000
0.000000	45021.000000
0.000000	45021.000000
0.000000	45022.000000
0.000000	45022.000000
0.000000	45022.000000
0.000000	45022.000000
0.000000	45022.000000
0.000000	45022.000000
0.000000	45022.000000
0.000000	45022.000000
0.000000	45022.000000
0.000000	45022.000000
0.000000	45022.000000
0.000000	45022.000000
0.000000	45022.000000
0.000000	45022.000000
0.000000	45022.000000
0.000000	45022.000000
0.000000	45022.000000
0.000000	45023.000000
0.000000	45023.000000
0.000000	45023.000000
0.000000	45023.000000
0.000000	45023.000000
0.000000	45023.000000
0.000000	45023.000000
0.000000	45023.000000
0.000000	45023.000000
0.000000	45023.000000
0.000000	45023.000000
0.000000	45023.000000
0.000000	45023.000000
0.000000	45023.000000
0.000000	45023.000000
0.000000	45023.000000
0.000000	45023.000000
0.000000	45024.000000
0.000000	45024.000000
0.000000	45024.000000
0.000000	45024.000000
0.000000	45024.000000
0.000000	45024.000000
0.000000	45024.000000
0.000000	45024.000000
0.000000	45024.000000
0.000000	45024.000000
0.000000	45024.000000
0.000000	45024.000000
0.000000	45024.000000
0.000000	45024.000000
0.000000	45024.000000
0.000000	45024.000000
0.000000	45024.000000
0.000000	45025.000000
0.000000	45025.000000
0.000000	45025.000000
0.000000	45025.000000
0.000000	45025.000000
0.000000	45025.000000
0.000000	45025.000000
0.000000	45025.000000
0.000000	45025.000000
0.000000	45025.000000
0.000000	45025.000000
0.000000	45025.000000
0.000000	45025.000000
0.000000	45025.000000
0.000000	45025.000000
0.000000	45025.000000
0.000000	45025.000000
0.000000	45025.000000
0.000000	45026.000000
0.000000	45026.000000
0.000000	45026.000000
0.000000	45026.000000
0.000000	45026.000000
0.000000	45026.000000
0.000000	45026.000000
0.000000	45026.000000
0.000000	45026.000000
0.000000	45026.000000
0.000000	45026.000000
0.000000	45026.000000
0.000000	45026.000000
0.000000	45026.000000
0.000000	45026.000000
0.000000	45026.000000
0.000000	45026.000000
0.000000	45027.000000
0.000000	45027.000000
0.000000	45027.000000
0.000000	45027.000000
0.000000	45027.000000
0.000000	45027.000000
0.000000	45027.000000
0.000000	45027.000000
0.000000	45027.000000
0.000000	45027.000000
0.000000	45027.000000
0.000000	45027.000000
0.000000	45027.000000
0.000000	45027.000000
0.000000	45027.000000
0.000000	45027.000000
0.000000	45027.000000
0.000000	45028.000000
0.000000	45028.000000
0.000000	45028.000000
0.000000	45028.000000
0.000000	45028.000000
0.000000	45028.000000
0.000000	45028.000000
0.000000	45028.000000
0.000000	45028.000000
0.000000	45028.000000
0.000000	45028.000000
0.000000	45028.000000
0.000000	45028.000000
0.000000	45028.000000
0.000000	45028.000000
0.000000	45028.000000
0.000000	45028.000000
0.000000	45029.000000
0.000000	45029.000000
0.000000	45029.000000
0.000000	45029.000000
0.000000	45029.000000
0.000000	45029.000000
0.000000	45029.000000
0.000000	45029.000000
0.000000	45029.000000
0.000000	45029.000000
0.000000	45029.000000
0.000000	45029.000000
0.000000	45029.000000
0.000000	45029.000000
0.000000	45029.000000
0.000000	45029.000000
0.000000	45029.000000
0.000000	45030.000000
0.000000	45030.000000
0.000000	45030.000000
0.000000	45030.000000
0.000000	45030.000000
0.000000	45030.000000
0.000000	45030.000000
0.000000	45030.000000
0.000000	45030.000000
0.000000	45030.000000
0.000000	45030.000000
0.000000	45030.000000
0.000000	45030.000000
0.000000	45030.000000
0.000000	45030.000000
0.000000	45030.000000
0.000000	45030.000000
0.000000	45031.000000
0.000000	45031.000000
0.000000	45031.000000
0.000000	45031.000000
0.000000	45031.000000
0.000000	45031.000000
0.000000	45031.000000
0.000000	45031.000000
0.000000	45031.000000
0.000000	45031.000000
0.000000	45031.000000
0.000000	45031.000000
0.000000	45031.000000
0.000000	45031.000000
0.000000	45031.000000
0.000000	45031.000000
0.000000	45031.000000
0.000000	45032.000000
0.000000	45032.000000
0.000000	45032.000000
0.000000	45032.000000
0.000000	45032.000000
0.000000	45032.000000
0.000000	45032.000000
0.000000	45032.000000
0.000000	45032.000000
0.000000	45032.000000
0.000000	45032.000000
0.000000	45032.000000
0.000000	45032.000000
0.000000	45032.000000
0.000000	45032.000000
0.000000	45032.000000
0.000000	45032.000000
0.000000	45033.000000
0.000000	45033.000000
0.000000	45033.000000
0.000000	45033.000000
0.000000	45033.000000
0.000000	45033.000000
0.000000	45033.000000
0.000000	45033.000000
