0.000000	11412.000000
0.000000	11412.000000
0.000000	11412.000000
0.000000	11412.000000
0.000000	11412.000000
0.000000	11412.000000
0.000000	11412.000000
0.000000	11412.000000
0.000000	11412.000000
0.000000	11412.000000
0.000000	11413.000000
0.000000	11413.000000
0.000000	11413.000000
0.000000	11413.000000
0.000000	11413.000000
0.000000	11413.000000
0.000000	11413.000000
0.000000	11413.000000
0.000000	11413.000000
0.000000	11413.000000
0.000000	11413.000000
0.000000	11413.000000
0.000000	11413.000000
0.000000	11413.000000
0.000000	11413.000000
0.000000	11413.000000
0.000000	11413.000000
0.000000	11414.000000
0.000000	11414.000000
0.000000	11414.000000
0.000000	11414.000000
0.000000	11414.000000
0.000000	11414.000000
0.000000	11414.000000
0.000000	11414.000000
0.000000	11414.000000
0.000000	11414.000000
0.000000	11414.000000
0.000000	11414.000000
0.000000	11414.000000
0.000000	11414.000000
0.000000	11414.000000
0.000000	11414.000000
0.000000	11414.000000
0.000000	11415.000000
0.000000	11415.000000
0.000000	11415.000000
0.000000	11415.000000
0.000000	11415.000000
0.000000	11415.000000
0.000000	11415.000000
0.000000	11415.000000
0.000000	11415.000000
0.000000	11415.000000
0.000000	11415.000000
0.000000	11415.000000
0.000000	11415.000000
0.000000	11415.000000
0.000000	11415.000000
0.000000	11415.000000
0.000000	11415.000000
0.000000	11416.000000
0.000000	11416.000000
0.000000	11416.000000
0.000000	11416.000000
0.000000	11416.000000
0.000000	11416.000000
0.000000	11416.000000
0.000000	11416.000000
0.000000	11416.000000
0.000000	11416.000000
0.000000	11416.000000
0.000000	11416.000000
0.000000	11416.000000
0.000000	11416.000000
0.000000	11416.000000
0.000000	11416.000000
0.000000	11416.000000
0.000000	11417.000000
0.000000	11417.000000
0.000000	11417.000000
0.000000	11417.000000
0.000000	11417.000000
0.000000	11417.000000
0.000000	11417.000000
0.000000	11417.000000
0.000000	11417.000000
0.000000	11417.000000
0.000000	11417.000000
0.000000	11417.000000
0.000000	11417.000000
0.000000	11417.000000
0.000000	11417.000000
0.000000	11417.000000
0.000000	11417.000000
0.000000	11418.000000
0.000000	11418.000000
0.000000	11418.000000
0.000000	11418.000000
0.000000	11418.000000
0.000000	11418.000000
0.000000	11418.000000
0.000000	11418.000000
0.000000	11418.000000
0.000000	11418.000000
0.000000	11418.000000
0.000000	11418.000000
0.000000	11418.000000
0.000000	11418.000000
0.000000	11418.000000
0.000000	11418.000000
0.000000	11418.000000
0.000000	11419.000000
0.000000	11419.000000
0.000000	11419.000000
0.000000	11419.000000
0.000000	11419.000000
0.000000	11419.000000
0.000000	11419.000000
0.000000	11419.000000
0.000000	11419.000000
0.000000	11419.000000
0.000000	11419.000000
0.000000	11419.000000
0.000000	11419.000000
0.000000	11419.000000
0.000000	11419.000000
0.000000	11419.000000
0.000000	11419.000000
0.000000	11420.000000
0.000000	11420.000000
0.000000	11420.000000
0.000000	11420.000000
0.000000	11420.000000
0.000000	11420.000000
0.000000	11420.000000
0.000000	11420.000000
0.000000	11420.000000
0.000000	11420.000000
0.000000	11420.000000
0.000000	11420.000000
0.000000	11420.000000
0.000000	11420.000000
0.000000	11420.000000
0.000000	11420.000000
0.000000	11420.000000
0.000000	11421.000000
0.000000	11421.000000
0.000000	11421.000000
0.000000	11421.000000
0.000000	11421.000000
0.000000	11421.000000
0.000000	11421.000000
0.000000	11421.000000
0.000000	11421.000000
0.000000	11421.000000
0.000000	11421.000000
0.000000	11421.000000
0.000000	11421.000000
0.000000	11421.000000
0.000000	11421.000000
0.000000	11421.000000
0.000000	11421.000000
0.000000	11422.000000
0.000000	11422.000000
0.000000	11422.000000
0.000000	11422.000000
0.000000	11422.000000
0.000000	11422.000000
0.000000	11422.000000
0.000000	11422.000000
0.000000	11422.000000
0.000000	11422.000000
0.000000	11422.000000
0.000000	11422.000000
0.000000	11422.000000
0.000000	11422.000000
0.000000	11422.000000
0.000000	11422.000000
0.000000	11422.000000
0.000000	11422.000000
0.000000	11423.000000
0.000000	11423.000000
0.000000	11423.000000
0.000000	11423.000000
0.000000	11423.000000
0.000000	11423.000000
0.000000	11423.000000
0.000000	11423.000000
0.000000	11423.000000
0.000000	11423.000000
0.000000	11423.000000
0.000000	11423.000000
0.000000	11423.000000
0.000000	11423.000000
0.000000	11423.000000
0.000000	11423.000000
0.000000	11423.000000
0.000000	11424.000000
0.000000	11424.000000
0.000000	11424.000000
0.000000	11424.000000
0.000000	11424.000000
0.000000	11424.000000
0.000000	11424.000000
0.000000	11424.000000
0.000000	11424.000000
0.000000	11424.000000
0.000000	11424.000000
0.000000	11424.000000
0.000000	11424.000000
0.000000	11424.000000
0.000000	11424.000000
0.000000	11424.000000
0.000000	11424.000000
0.000000	11425.000000
0.000000	11425.000000
0.000000	11425.000000
0.000000	11425.000000
0.000000	11425.000000
0.000000	11425.000000
0.000000	11425.000000
0.000000	11425.000000
0.000000	11425.000000
0.000000	11425.000000
0.000000	11425.000000
0.000000	11425.000000
0.000000	11425.000000
0.000000	11425.000000
0.000000	11425.000000
0.000000	11425.000000
0.000000	11425.000000
0.000000	11426.000000
0.000000	11426.000000
0.000000	11426.000000
0.000000	11426.000000
0.000000	11426.000000
0.000000	11426.000000
0.000000	11426.000000
0.000000	11426.000000
0.000000	11426.000000
0.000000	11426.000000
0.000000	11426.000000
0.000000	11426.000000
0.000000	11426.000000
0.000000	11426.000000
0.000000	11426.000000
0.000000	11426.000000
0.000000	11426.000000
0.000000	11427.000000
0.000000	11427.000000
0.000000	11427.000000
0.000000	11427.000000
0.000000	11427.000000
0.000000	11427.000000
0.000000	11427.000000
0.000000	11427.000000
0.000000	11427.000000
0.000000	11427.000000
0.000000	11427.000000
0.000000	11427.000000
0.000000	11427.000000
0.000000	11427.000000
0.000000	11427.000000
0.000000	11427.000000
0.000000	11427.000000
0.000000	11428.000000
0.000000	11428.000000
0.000000	11428.000000
0.000000	11428.000000
0.000000	11428.000000
0.000000	11428.000000
0.000000	11428.000000
0.000000	11428.000000
0.000000	11428.000000
0.000000	11428.000000
0.000000	11428.000000
0.000000	11428.000000
0.000000	11428.000000
0.000000	11428.000000
0.000000	11428.000000
0.000000	11428.000000
0.000000	11428.000000
0.000000	11429.000000
0.000000	11429.000000
0.000000	11429.000000
0.000000	11429.000000
0.000000	11429.000000
0.000000	11429.000000
0.000000	11429.000000
0.000000	11429.000000
0.000000	11429.000000
0.000000	11429.000000
0.000000	11429.000000
0.000000	11429.000000
0.000000	11429.000000
0.000000	11429.000000
0.000000	11429.000000
0.000000	11429.000000
0.000000	11429.000000
0.000000	11430.000000
0.000000	11430.000000
0.000000	11430.000000
0.000000	11430.000000
0.000000	11430.000000
0.000000	11430.000000
0.000000	11430.000000
0.000000	11430.000000
0.000000	11430.000000
0.000000	11430.000000
0.000000	11430.000000
0.000000	11430.000000
0.000000	11430.000000
0.000000	11430.000000
0.000000	11430.000000
0.000000	11430.000000
0.000000	11430.000000
0.000000	11431.000000
0.000000	11431.000000
0.000000	11431.000000
0.000000	11431.000000
0.000000	11431.000000
0.000000	11431.000000
0.000000	11431.000000
0.000000	11431.000000
0.000000	11431.000000
0.000000	11431.000000
0.000000	11431.000000
0.000000	11431.000000
0.000000	11431.000000
0.000000	11431.000000
0.000000	11431.000000
0.000000	11431.000000
0.000000	11431.000000
0.000000	11432.000000
0.000000	11432.000000
0.000000	11432.000000
0.000000	11432.000000
0.000000	11432.000000
0.000000	11432.000000
0.000000	11432.000000
0.000000	11432.000000
0.000000	11432.000000
0.000000	11432.000000
0.000000	11432.000000
0.000000	11432.000000
0.000000	11432.000000
0.000000	11432.000000
0.000000	11432.000000
0.000000	11432.000000
0.000000	11432.000000
0.000000	11433.000000
0.000000	11433.000000
0.000000	11433.000000
0.000000	11433.000000
0.000000	11433.000000
0.000000	11433.000000
0.000000	11433.000000
0.000000	11433.000000
0.000000	11433.000000
0.000000	11433.000000
0.000000	11433.000000
0.000000	11433.000000
0.000000	11433.000000
0.000000	11433.000000
0.000000	11433.000000
0.000000	11433.000000
0.000000	11433.000000
0.000000	11434.000000
0.000000	11434.000000
0.000000	11434.000000
0.000000	11434.000000
0.000000	11434.000000
0.000000	11434.000000
0.000000	11434.000000
0.000000	11434.000000
0.000000	11434.000000
0.000000	11434.000000
0.000000	11434.000000
0.000000	11434.000000
0.000000	11434.000000
0.000000	11434.000000
0.000000	11434.000000
0.000000	11434.000000
0.000000	11434.000000
0.000000	11435.000000
0.000000	11435.000000
0.000000	11435.000000
0.000000	11435.000000
0.000000	11435.000000
0.000000	11435.000000
0.000000	11435.000000
0.000000	11435.000000
0.000000	11435.000000
0.000000	11435.000000
0.000000	11435.000000
0.000000	11435.000000
0.000000	11435.000000
0.000000	11435.000000
0.000000	11435.000000
0.000000	11435.000000
0.000000	11435.000000
0.000000	11436.000000
0.000000	11436.000000
0.000000	11436.000000
0.000000	11436.000000
0.000000	11436.000000
0.000000	11436.000000
0.000000	11436.000000
0.000000	11436.000000
0.000000	11436.000000
0.000000	11436.000000
0.000000	11436.000000
0.000000	11436.000000
0.000000	11436.000000
0.000000	11436.000000
0.000000	11436.000000
0.000000	11436.000000
0.000000	11436.000000
0.000000	11437.000000
0.000000	11437.000000
0.000000	11437.000000
0.000000	11437.000000
0.000000	11437.000000
0.000000	11437.000000
0.000000	11437.000000
0.000000	11437.000000
0.000000	11437.000000
0.000000	11437.000000
0.000000	11437.000000
0.000000	11437.000000
0.000000	11437.000000
0.000000	11437.000000
0.000000	11437.000000
0.000000	11437.000000
0.000000	11437.000000
0.000000	11437.000000
0.000000	11438.000000
0.000000	11438.000000
0.000000	11438.000000
0.000000	11438.000000
0.000000	11438.000000
0.000000	11438.000000
0.000000	11438.000000
0.000000	11438.000000
0.000000	11438.000000
0.000000	11438.000000
0.000000	11438.000000
0.000000	11438.000000
0.000000	11438.000000
0.000000	11438.000000
0.000000	11438.000000
0.000000	11438.000000
0.000000	11438.000000
0.000000	11439.000000
0.000000	11439.000000
0.000000	11439.000000
0.000000	11439.000000
0.000000	11439.000000
0.000000	11439.000000
0.000000	11439.000000
0.000000	11439.000000
0.000000	11439.000000
0.000000	11439.000000
0.000000	11439.000000
0.000000	11439.000000
0.000000	11439.000000
0.000000	11439.000000
0.000000	11439.000000
0.000000	11439.000000
0.000000	11439.000000
0.000000	11440.000000
0.000000	11440.000000
0.000000	11440.000000
0.000000	11440.000000
0.000000	11440.000000
0.000000	11440.000000
0.000000	11440.000000
0.000000	11440.000000
0.000000	11440.000000
0.000000	11440.000000
0.000000	11440.000000
0.000000	11440.000000
0.000000	11440.000000
0.000000	11440.000000
0.000000	11440.000000
0.000000	11440.000000
0.000000	11440.000000
0.000000	11441.000000
0.000000	11441.000000
0.000000	11441.000000
0.000000	11441.000000
0.000000	11441.000000
0.000000	11441.000000
0.000000	11441.000000
0.000000	11441.000000
0.000000	11441.000000
0.000000	11441.000000
0.000000	11441.000000
0.000000	11441.000000
0.000000	11441.000000
0.000000	11441.000000
0.000000	11441.000000
0.000000	11441.000000
0.000000	11441.000000
0.000000	11442.000000
0.000000	11442.000000
0.000000	11442.000000
0.000000	11442.000000
0.000000	11442.000000
0.000000	11442.000000
0.000000	11442.000000
0.000000	11442.000000
0.000000	11442.000000
0.000000	11442.000000
0.000000	11442.000000
0.000000	11442.000000
0.000000	11442.000000
0.000000	11442.000000
0.000000	11442.000000
0.000000	11442.000000
0.000000	11442.000000
0.000000	11443.000000
0.000000	11443.000000
0.000000	11443.000000
0.000000	11443.000000
0.000000	11443.000000
0.000000	11443.000000
0.000000	11443.000000
0.000000	11443.000000
0.000000	11443.000000
0.000000	11443.000000
0.000000	11443.000000
0.000000	11443.000000
0.000000	11443.000000
0.000000	11443.000000
0.000000	11443.000000
0.000000	11443.000000
0.000000	11443.000000
0.000000	11444.000000
0.000000	11444.000000
0.000000	11444.000000
0.000000	11444.000000
0.000000	11444.000000
0.000000	11444.000000
0.000000	11444.000000
0.000000	11444.000000
0.000000	11444.000000
0.000000	11444.000000
0.000000	11444.000000
0.000000	11444.000000
0.000000	11444.000000
0.000000	11444.000000
0.000000	11444.000000
0.000000	11444.000000
0.000000	11444.000000
0.000000	11445.000000
0.000000	11445.000000
0.000000	11445.000000
0.000000	11445.000000
0.000000	11445.000000
0.000000	11445.000000
0.000000	11445.000000
0.000000	11445.000000
0.000000	11445.000000
0.000000	11445.000000
0.000000	11445.000000
0.000000	11445.000000
0.000000	11445.000000
0.000000	11445.000000
0.000000	11445.000000
0.000000	11445.000000
0.000000	11445.000000
0.000000	11446.000000
0.000000	11446.000000
0.000000	11446.000000
0.000000	11446.000000
0.000000	11446.000000
0.000000	11446.000000
0.000000	11446.000000
0.000000	11446.000000
0.000000	11446.000000
0.000000	11446.000000
0.000000	11446.000000
0.000000	11446.000000
0.000000	11446.000000
0.000000	11446.000000
0.000000	11446.000000
0.000000	11446.000000
0.000000	11446.000000
0.000000	11447.000000
0.000000	11447.000000
0.000000	11447.000000
0.000000	11447.000000
0.000000	11447.000000
0.000000	11447.000000
0.000000	11447.000000
0.000000	11447.000000
0.000000	11447.000000
0.000000	11447.000000
0.000000	11447.000000
0.000000	11447.000000
0.000000	11447.000000
0.000000	11447.000000
0.000000	11447.000000
0.000000	11447.000000
0.000000	11447.000000
0.000000	11448.000000
0.000000	11448.000000
0.000000	11448.000000
0.000000	11448.000000
0.000000	11448.000000
0.000000	11448.000000
0.000000	11448.000000
0.000000	11448.000000
0.000000	11448.000000
0.000000	11448.000000
0.000000	11448.000000
0.000000	11448.000000
0.000000	11448.000000
0.000000	11448.000000
0.000000	11448.000000
0.000000	11448.000000
0.000000	11448.000000
0.000000	11449.000000
0.000000	11449.000000
0.000000	11449.000000
0.000000	11449.000000
0.000000	11449.000000
0.000000	11449.000000
0.000000	11449.000000
0.000000	11449.000000
0.000000	11449.000000
0.000000	11449.000000
0.000000	11449.000000
0.000000	11449.000000
0.000000	11449.000000
0.000000	11449.000000
0.000000	11449.000000
0.000000	11449.000000
0.000000	11449.000000
0.000000	11450.000000
0.000000	11450.000000
0.000000	11450.000000
0.000000	11450.000000
0.000000	11450.000000
0.000000	11450.000000
0.000000	11450.000000
0.000000	11450.000000
0.000000	11450.000000
0.000000	11450.000000
0.000000	11450.000000
0.000000	11450.000000
0.000000	11450.000000
0.000000	11450.000000
0.000000	11450.000000
0.000000	11450.000000
0.000000	11450.000000
0.000000	11451.000000
0.000000	11451.000000
0.000000	11451.000000
0.000000	11451.000000
0.000000	11451.000000
0.000000	11451.000000
0.000000	11451.000000
0.000000	11451.000000
0.000000	11451.000000
0.000000	11451.000000
0.000000	11451.000000
0.000000	11451.000000
0.000000	11451.000000
0.000000	11451.000000
0.000000	11451.000000
0.000000	11451.000000
0.000000	11451.000000
0.000000	11452.000000
0.000000	11452.000000
0.000000	11452.000000
0.000000	11452.000000
0.000000	11452.000000
0.000000	11452.000000
0.000000	11452.000000
0.000000	11452.000000
0.000000	11452.000000
0.000000	11452.000000
0.000000	11452.000000
0.000000	11452.000000
0.000000	11452.000000
0.000000	11452.000000
0.000000	11452.000000
0.000000	11452.000000
0.000000	11452.000000
0.000000	11452.000000
0.000000	11453.000000
0.000000	11453.000000
0.000000	11453.000000
0.000000	11453.000000
0.000000	11453.000000
0.000000	11453.000000
0.000000	11453.000000
0.000000	11453.000000
0.000000	11453.000000
0.000000	11453.000000
0.000000	11453.000000
0.000000	11453.000000
0.000000	11453.000000
0.000000	11453.000000
0.000000	11453.000000
0.000000	11453.000000
0.000000	11453.000000
0.000000	11454.000000
0.000000	11454.000000
0.000000	11454.000000
0.000000	11454.000000
0.000000	11454.000000
0.000000	11454.000000
0.000000	11454.000000
0.000000	11454.000000
0.000000	11454.000000
0.000000	11454.000000
0.000000	11454.000000
0.000000	11454.000000
0.000000	11454.000000
0.000000	11454.000000
0.000000	11454.000000
0.000000	11454.000000
0.000000	11454.000000
0.000000	11455.000000
0.000000	11455.000000
0.000000	11455.000000
0.000000	11455.000000
0.000000	11455.000000
0.000000	11455.000000
0.000000	11455.000000
0.000000	11455.000000
0.000000	11455.000000
0.000000	11455.000000
0.000000	11455.000000
0.000000	11455.000000
0.000000	11455.000000
0.000000	11455.000000
0.000000	11455.000000
0.000000	11455.000000
0.000000	11455.000000
0.000000	11456.000000
0.000000	11456.000000
0.000000	11456.000000
0.000000	11456.000000
0.000000	11456.000000
0.000000	11456.000000
0.000000	11456.000000
0.000000	11456.000000
0.000000	11456.000000
0.000000	11456.000000
0.000000	11456.000000
0.000000	11456.000000
0.000000	11456.000000
0.000000	11456.000000
0.000000	11456.000000
0.000000	11456.000000
0.000000	11456.000000
0.000000	11457.000000
0.000000	11457.000000
0.000000	11457.000000
0.000000	11457.000000
0.000000	11457.000000
0.000000	11457.000000
0.000000	11457.000000
0.000000	11457.000000
0.000000	11457.000000
0.000000	11457.000000
0.000000	11457.000000
0.000000	11457.000000
0.000000	11457.000000
0.000000	11457.000000
0.000000	11457.000000
0.000000	11457.000000
0.000000	11457.000000
0.000000	11458.000000
0.000000	11458.000000
0.000000	11458.000000
0.000000	11458.000000
0.000000	11458.000000
0.000000	11458.000000
0.000000	11458.000000
0.000000	11458.000000
0.000000	11458.000000
0.000000	11458.000000
0.000000	11458.000000
0.000000	11458.000000
0.000000	11458.000000
0.000000	11458.000000
0.000000	11458.000000
0.000000	11458.000000
0.000000	11458.000000
0.000000	11459.000000
0.000000	11459.000000
0.000000	11459.000000
0.000000	11459.000000
0.000000	11459.000000
0.000000	11459.000000
0.000000	11459.000000
0.000000	11459.000000
0.000000	11459.000000
0.000000	11459.000000
0.000000	11459.000000
0.000000	11459.000000
0.000000	11459.000000
0.000000	11459.000000
0.000000	11459.000000
0.000000	11459.000000
0.000000	11459.000000
0.000000	11500.000000
0.000000	11500.000000
0.000000	11500.000000
0.000000	11500.000000
0.000000	11500.000000
0.000000	11500.000000
0.000000	11500.000000
0.000000	11500.000000
0.000000	11500.000000
0.000000	11500.000000
0.000000	11500.000000
0.000000	11500.000000
0.000000	11500.000000
0.000000	11500.000000
0.000000	11500.000000
0.000000	11500.000000
0.000000	11500.000000
0.000000	11501.000000
0.000000	11501.000000
0.000000	11501.000000
0.000000	11501.000000
0.000000	11501.000000
0.000000	11501.000000
0.000000	11501.000000
0.000000	11501.000000
0.000000	11501.000000
0.000000	11501.000000
0.000000	11501.000000
0.000000	11501.000000
0.000000	11501.000000
0.000000	11501.000000
0.000000	11501.000000
0.000000	11501.000000
0.000000	11501.000000
0.000000	11502.000000
0.000000	11502.000000
0.000000	11502.000000
0.000000	11502.000000
0.000000	11502.000000
0.000000	11502.000000
0.000000	11502.000000
0.000000	11502.000000
0.000000	11502.000000
0.000000	11502.000000
0.000000	11502.000000
0.000000	11502.000000
0.000000	11502.000000
0.000000	11502.000000
0.000000	11502.000000
0.000000	11502.000000
0.000000	11502.000000
0.000000	11503.000000
0.000000	11503.000000
0.000000	11503.000000
0.000000	11503.000000
0.000000	11503.000000
0.000000	11503.000000
0.000000	11503.000000
0.000000	11503.000000
0.000000	11503.000000
0.000000	11503.000000
0.000000	11503.000000
0.000000	11503.000000
0.000000	11503.000000
0.000000	11503.000000
0.000000	11503.000000
0.000000	11503.000000
0.000000	11503.000000
0.000000	11504.000000
0.000000	11504.000000
0.000000	11504.000000
0.000000	11504.000000
0.000000	11504.000000
0.000000	11504.000000
0.000000	11504.000000
0.000000	11504.000000
0.000000	11504.000000
0.000000	11504.000000
0.000000	11504.000000
0.000000	11504.000000
0.000000	11504.000000
0.000000	11504.000000
0.000000	11504.000000
0.000000	11504.000000
0.000000	11504.000000
0.000000	11505.000000
0.000000	11505.000000
0.000000	11505.000000
0.000000	11505.000000
0.000000	11505.000000
0.000000	11505.000000
0.000000	11505.000000
0.000000	11505.000000
0.000000	11505.000000
0.000000	11505.000000
0.000000	11505.000000
0.000000	11505.000000
0.000000	11505.000000
0.000000	11505.000000
0.000000	11505.000000
0.000000	11505.000000
0.000000	11505.000000
0.000000	11506.000000
0.000000	11506.000000
0.000000	11506.000000
0.000000	11506.000000
0.000000	11506.000000
0.000000	11506.000000
0.000000	11506.000000
0.000000	11506.000000
0.000000	11506.000000
0.000000	11506.000000
0.000000	11506.000000
0.000000	11506.000000
0.000000	11506.000000
0.000000	11506.000000
0.000000	11506.000000
0.000000	11506.000000
0.000000	11506.000000
0.000000	11507.000000
0.000000	11507.000000
0.000000	11507.000000
0.000000	11507.000000
0.000000	11507.000000
0.000000	11507.000000
0.000000	11507.000000
0.000000	11507.000000
0.000000	11507.000000
0.000000	11507.000000
0.000000	11507.000000
0.000000	11507.000000
0.000000	11507.000000
0.000000	11507.000000
0.000000	11507.000000
0.000000	11507.000000
0.000000	11507.000000
0.000000	11508.000000
0.000000	11508.000000
0.000000	11508.000000
0.000000	11508.000000
0.000000	11508.000000
0.000000	11508.000000
0.000000	11508.000000
0.000000	11508.000000
0.000000	11508.000000
0.000000	11508.000000
0.000000	11508.000000
0.000000	11508.000000
0.000000	11508.000000
0.000000	11508.000000
0.000000	11508.000000
0.000000	11508.000000
0.000000	11508.000000
0.000000	11508.000000
0.000000	11509.000000
0.000000	11509.000000
0.000000	11509.000000
0.000000	11509.000000
0.000000	11509.000000
0.000000	11509.000000
0.000000	11509.000000
0.000000	11509.000000
0.000000	11509.000000
0.000000	11509.000000
0.000000	11509.000000
0.000000	11509.000000
0.000000	11509.000000
0.000000	11509.000000
0.000000	11509.000000
0.000000	11509.000000
0.000000	11509.000000
0.000000	11510.000000
0.000000	11510.000000
0.000000	11510.000000
0.000000	11510.000000
0.000000	11510.000000
0.000000	11510.000000
0.000000	11510.000000
0.000000	11510.000000
0.000000	11510.000000
0.000000	11510.000000
0.000000	11510.000000
0.000000	11510.000000
0.000000	11510.000000
0.000000	11510.000000
0.000000	11510.000000
0.000000	11510.000000
0.000000	11510.000000
0.000000	11511.000000
0.000000	11511.000000
0.000000	11511.000000
0.000000	11511.000000
0.000000	11511.000000
0.000000	11511.000000
0.000000	11511.000000
0.000000	11511.000000
0.000000	11511.000000
0.000000	11511.000000
0.000000	11511.000000
0.000000	11511.000000
0.000000	11511.000000
0.000000	11511.000000
0.000000	11511.000000
0.000000	11511.000000
0.000000	11511.000000
0.000000	11512.000000
0.000000	11512.000000
0.000000	11512.000000
0.000000	11512.000000
0.000000	11512.000000
0.000000	11512.000000
0.000000	11512.000000
0.000000	11512.000000
0.000000	11512.000000
0.000000	11512.000000
0.000000	11512.000000
0.000000	11512.000000
0.000000	11512.000000
0.000000	11512.000000
0.000000	11512.000000
0.000000	11512.000000
0.000000	11512.000000
0.000000	11513.000000
0.000000	11513.000000
0.000000	11513.000000
0.000000	11513.000000
0.000000	11513.000000
0.000000	11513.000000
0.000000	11513.000000
0.000000	11513.000000
0.000000	11513.000000
0.000000	11513.000000
0.000000	11513.000000
0.000000	11513.000000
0.000000	11513.000000
0.000000	11513.000000
0.000000	11513.000000
0.000000	11513.000000
0.000000	11513.000000
0.000000	11514.000000
0.000000	11514.000000
0.000000	11514.000000
0.000000	11514.000000
0.000000	11514.000000
0.000000	11514.000000
0.000000	11514.000000
0.000000	11514.000000
0.000000	11514.000000
0.000000	11514.000000
0.000000	11514.000000
0.000000	11514.000000
0.000000	11514.000000
0.000000	11514.000000
0.000000	11514.000000
0.000000	11514.000000
0.000000	11514.000000
0.000000	11515.000000
0.000000	11515.000000
0.000000	11515.000000
0.000000	11515.000000
0.000000	11515.000000
0.000000	11515.000000
0.000000	11515.000000
0.000000	11515.000000
0.000000	11515.000000
0.000000	11515.000000
0.000000	11515.000000
0.000000	11515.000000
0.000000	11515.000000
0.000000	11515.000000
0.000000	11515.000000
0.000000	11515.000000
0.000000	11515.000000
0.000000	11516.000000
0.000000	11516.000000
0.000000	11516.000000
0.000000	11516.000000
0.000000	11516.000000
0.000000	11516.000000
0.000000	11516.000000
0.000000	11516.000000
0.000000	11516.000000
0.000000	11516.000000
0.000000	11516.000000
0.000000	11516.000000
0.000000	11516.000000
0.000000	11516.000000
0.000000	11516.000000
0.000000	11516.000000
0.000000	11516.000000
0.000000	11517.000000
0.000000	11517.000000
0.000000	11517.000000
0.000000	11517.000000
0.000000	11517.000000
0.000000	11517.000000
0.000000	11517.000000
0.000000	11517.000000
0.000000	11517.000000
0.000000	11517.000000
0.000000	11517.000000
0.000000	11517.000000
0.000000	11517.000000
0.000000	11517.000000
0.000000	11517.000000
0.000000	11517.000000
0.000000	11517.000000
0.000000	11518.000000
0.000000	11518.000000
0.000000	11518.000000
0.000000	11518.000000
0.000000	11518.000000
0.000000	11518.000000
0.000000	11518.000000
0.000000	11518.000000
0.000000	11518.000000
0.000000	11518.000000
0.000000	11518.000000
0.000000	11518.000000
0.000000	11518.000000
0.000000	11518.000000
0.000000	11518.000000
0.000000	11518.000000
0.000000	11518.000000
0.000000	11519.000000
0.000000	11519.000000
0.000000	11519.000000
0.000000	11519.000000
0.000000	11519.000000
0.000000	11519.000000
0.000000	11519.000000
0.000000	11519.000000
0.000000	11519.000000
0.000000	11519.000000
0.000000	11519.000000
0.000000	11519.000000
0.000000	11519.000000
0.000000	11519.000000
0.000000	11519.000000
0.000000	11519.000000
0.000000	11519.000000
0.000000	11520.000000
0.000000	11520.000000
0.000000	11520.000000
0.000000	11520.000000
0.000000	11520.000000
0.000000	11520.000000
0.000000	11520.000000
0.000000	11520.000000
0.000000	11520.000000
0.000000	11520.000000
0.000000	11520.000000
0.000000	11520.000000
0.000000	11520.000000
0.000000	11520.000000
0.000000	11520.000000
0.000000	11520.000000
0.000000	11520.000000
0.000000	11521.000000
0.000000	11521.000000
0.000000	11521.000000
0.000000	11521.000000
0.000000	11521.000000
0.000000	11521.000000
0.000000	11521.000000
0.000000	11521.000000
0.000000	11521.000000
0.000000	11521.000000
0.000000	11521.000000
0.000000	11521.000000
0.000000	11521.000000
0.000000	11521.000000
0.000000	11521.000000
0.000000	11521.000000
0.000000	11521.000000
0.000000	11522.000000
0.000000	11522.000000
0.000000	11522.000000
0.000000	11522.000000
0.000000	11522.000000
0.000000	11522.000000
0.000000	11522.000000
0.000000	11522.000000
0.000000	11522.000000
0.000000	11522.000000
0.000000	11522.000000
0.000000	11522.000000
0.000000	11522.000000
0.000000	11522.000000
0.000000	11522.000000
0.000000	11522.000000
0.000000	11522.000000
0.000000	11523.000000
0.000000	11523.000000
0.000000	11523.000000
0.000000	11523.000000
0.000000	11523.000000
0.000000	11523.000000
0.000000	11523.000000
0.000000	11523.000000
0.000000	11523.000000
0.000000	11523.000000
0.000000	11523.000000
0.000000	11523.000000
0.000000	11523.000000
0.000000	11523.000000
0.000000	11523.000000
0.000000	11523.000000
0.000000	11523.000000
0.000000	11523.000000
0.000000	11524.000000
0.000000	11524.000000
0.000000	11524.000000
0.000000	11524.000000
0.000000	11524.000000
0.000000	11524.000000
0.000000	11524.000000
0.000000	11524.000000
0.000000	11524.000000
0.000000	11524.000000
0.000000	11524.000000
0.000000	11524.000000
0.000000	11524.000000
0.000000	11524.000000
0.000000	11524.000000
0.000000	11524.000000
0.000000	11524.000000
0.000000	11525.000000
0.000000	11525.000000
0.000000	11525.000000
0.000000	11525.000000
0.000000	11525.000000
0.000000	11525.000000
0.000000	11525.000000
0.000000	11525.000000
0.000000	11525.000000
0.000000	11525.000000
0.000000	11525.000000
0.000000	11525.000000
0.000000	11525.000000
0.000000	11525.000000
0.000000	11525.000000
0.000000	11525.000000
0.000000	11525.000000
0.000000	11526.000000
0.000000	11526.000000
0.000000	11526.000000
0.000000	11526.000000
0.000000	11526.000000
0.000000	11526.000000
0.000000	11526.000000
0.000000	11526.000000
0.000000	11526.000000
0.000000	11526.000000
0.000000	11526.000000
0.000000	11526.000000
0.000000	11526.000000
0.000000	11526.000000
0.000000	11526.000000
0.000000	11526.000000
0.000000	11526.000000
0.000000	11527.000000
0.000000	11527.000000
0.000000	11527.000000
0.000000	11527.000000
0.000000	11527.000000
0.000000	11527.000000
0.000000	11527.000000
0.000000	11527.000000
0.000000	11527.000000
0.000000	11527.000000
0.000000	11527.000000
0.000000	11527.000000
0.000000	11527.000000
0.000000	11527.000000
0.000000	11527.000000
0.000000	11527.000000
0.000000	11527.000000
0.000000	11528.000000
0.000000	11528.000000
0.000000	11528.000000
0.000000	11528.000000
0.000000	11528.000000
0.000000	11528.000000
0.000000	11528.000000
0.000000	11528.000000
0.000000	11528.000000
0.000000	11528.000000
0.000000	11528.000000
0.000000	11528.000000
0.000000	11528.000000
0.000000	11528.000000
0.000000	11528.000000
0.000000	11528.000000
0.000000	11528.000000
0.000000	11529.000000
0.000000	11529.000000
0.000000	11529.000000
0.000000	11529.000000
0.000000	11529.000000
0.000000	11529.000000
0.000000	11529.000000
0.000000	11529.000000
0.000000	11529.000000
0.000000	11529.000000
0.000000	11529.000000
0.000000	11529.000000
0.000000	11529.000000
0.000000	11529.000000
0.000000	11529.000000
0.000000	11529.000000
0.000000	11529.000000
0.000000	11530.000000
0.000000	11530.000000
0.000000	11530.000000
0.000000	11530.000000
0.000000	11530.000000
0.000000	11530.000000
0.000000	11530.000000
0.000000	11530.000000
0.000000	11530.000000
0.000000	11530.000000
0.000000	11530.000000
0.000000	11530.000000
0.000000	11530.000000
0.000000	11530.000000
0.000000	11530.000000
0.000000	11530.000000
0.000000	11530.000000
0.000000	11531.000000
0.000000	11531.000000
0.000000	11531.000000
0.000000	11531.000000
0.000000	11531.000000
0.000000	11531.000000
0.000000	11531.000000
0.000000	11531.000000
0.000000	11531.000000
0.000000	11531.000000
0.000000	11531.000000
0.000000	11531.000000
0.000000	11531.000000
0.000000	11531.000000
0.000000	11531.000000
0.000000	11531.000000
0.000000	11531.000000
0.000000	11532.000000
0.000000	11532.000000
0.000000	11532.000000
0.000000	11532.000000
0.000000	11532.000000
0.000000	11532.000000
0.000000	11532.000000
0.000000	11532.000000
0.000000	11532.000000
0.000000	11532.000000
0.000000	11532.000000
0.000000	11532.000000
0.000000	11532.000000
0.000000	11532.000000
0.000000	11532.000000
0.000000	11532.000000
0.000000	11532.000000
0.000000	11533.000000
0.000000	11533.000000
0.000000	11533.000000
0.000000	11533.000000
0.000000	11533.000000
0.000000	11533.000000
0.000000	11533.000000
0.000000	11533.000000
0.000000	11533.000000
0.000000	11533.000000
0.000000	11533.000000
0.000000	11533.000000
0.000000	11533.000000
0.000000	11533.000000
0.000000	11533.000000
0.000000	11533.000000
0.000000	11533.000000
0.000000	11534.000000
0.000000	11534.000000
0.000000	11534.000000
0.000000	11534.000000
0.000000	11534.000000
0.000000	11534.000000
0.000000	11534.000000
0.000000	11534.000000
0.000000	11534.000000
0.000000	11534.000000
0.000000	11534.000000
0.000000	11534.000000
0.000000	11534.000000
0.000000	11534.000000
0.000000	11534.000000
0.000000	11534.000000
0.000000	11534.000000
0.000000	11535.000000
0.000000	11535.000000
0.000000	11535.000000
0.000000	11535.000000
0.000000	11535.000000
0.000000	11535.000000
0.000000	11535.000000
0.000000	11535.000000
0.000000	11535.000000
0.000000	11535.000000
0.000000	11535.000000
0.000000	11535.000000
0.000000	11535.000000
0.000000	11535.000000
0.000000	11535.000000
0.000000	11535.000000
0.000000	11535.000000
0.000000	11536.000000
0.000000	11536.000000
0.000000	11536.000000
0.000000	11536.000000
0.000000	11536.000000
0.000000	11536.000000
0.000000	11536.000000
0.000000	11536.000000
0.000000	11536.000000
0.000000	11536.000000
0.000000	11536.000000
0.000000	11536.000000
0.000000	11536.000000
0.000000	11536.000000
0.000000	11536.000000
0.000000	11536.000000
0.000000	11536.000000
0.000000	11537.000000
0.000000	11537.000000
0.000000	11537.000000
0.000000	11537.000000
0.000000	11537.000000
0.000000	11537.000000
0.000000	11537.000000
0.000000	11537.000000
0.000000	11537.000000
0.000000	11537.000000
0.000000	11537.000000
0.000000	11537.000000
0.000000	11537.000000
0.000000	11537.000000
0.000000	11537.000000
0.000000	11537.000000
0.000000	11537.000000
0.000000	11537.000000
0.000000	11538.000000
0.000000	11538.000000
0.000000	11538.000000
0.000000	11538.000000
0.000000	11538.000000
0.000000	11538.000000
0.000000	11538.000000
0.000000	11538.000000
0.000000	11538.000000
0.000000	11538.000000
0.000000	11538.000000
0.000000	11538.000000
0.000000	11538.000000
0.000000	11538.000000
0.000000	11538.000000
0.000000	11538.000000
0.000000	11538.000000
0.000000	11539.000000
0.000000	11539.000000
0.000000	11539.000000
0.000000	11539.000000
0.000000	11539.000000
0.000000	11539.000000
0.000000	11539.000000
0.000000	11539.000000
0.000000	11539.000000
0.000000	11539.000000
0.000000	11539.000000
0.000000	11539.000000
0.000000	11539.000000
0.000000	11539.000000
0.000000	11539.000000
0.000000	11539.000000
0.000000	11539.000000
0.000000	11540.000000
0.000000	11540.000000
0.000000	11540.000000
0.000000	11540.000000
0.000000	11540.000000
0.000000	11540.000000
0.000000	11540.000000
0.000000	11540.000000
0.000000	11540.000000
0.000000	11540.000000
0.000000	11540.000000
0.000000	11540.000000
0.000000	11540.000000
0.000000	11540.000000
0.000000	11540.000000
0.000000	11540.000000
0.000000	11540.000000
0.000000	11541.000000
0.000000	11541.000000
0.000000	11541.000000
0.000000	11541.000000
0.000000	11541.000000
0.000000	11541.000000
0.000000	11541.000000
0.000000	11541.000000
0.000000	11541.000000
0.000000	11541.000000
0.000000	11541.000000
0.000000	11541.000000
0.000000	11541.000000
0.000000	11541.000000
0.000000	11541.000000
0.000000	11541.000000
0.000000	11541.000000
0.000000	11542.000000
0.000000	11542.000000
0.000000	11542.000000
0.000000	11542.000000
0.000000	11542.000000
0.000000	11542.000000
0.000000	11542.000000
0.000000	11542.000000
0.000000	11542.000000
0.000000	11542.000000
0.000000	11542.000000
0.000000	11542.000000
0.000000	11542.000000
0.000000	11542.000000
0.000000	11542.000000
0.000000	11542.000000
0.000000	11542.000000
0.000000	11543.000000
0.000000	11543.000000
0.000000	11543.000000
0.000000	11543.000000
0.000000	11543.000000
0.000000	11543.000000
0.000000	11543.000000
0.000000	11543.000000
0.000000	11543.000000
0.000000	11543.000000
0.000000	11543.000000
0.000000	11543.000000
0.000000	11543.000000
0.000000	11543.000000
0.000000	11543.000000
0.000000	11543.000000
0.000000	11543.000000
0.000000	11544.000000
0.000000	11544.000000
0.000000	11544.000000
0.000000	11544.000000
0.000000	11544.000000
0.000000	11544.000000
0.000000	11544.000000
0.000000	11544.000000
0.000000	11544.000000
0.000000	11544.000000
0.000000	11544.000000
0.000000	11544.000000
0.000000	11544.000000
0.000000	11544.000000
0.000000	11544.000000
0.000000	11544.000000
0.000000	11544.000000
0.000000	11545.000000
0.000000	11545.000000
0.000000	11545.000000
0.000000	11545.000000
0.000000	11545.000000
0.000000	11545.000000
0.000000	11545.000000
0.000000	11545.000000
0.000000	11545.000000
0.000000	11545.000000
0.000000	11545.000000
0.000000	11545.000000
0.000000	11545.000000
0.000000	11545.000000
0.000000	11545.000000
0.000000	11545.000000
0.000000	11545.000000
0.000000	11546.000000
0.000000	11546.000000
0.000000	11546.000000
0.000000	11546.000000
0.000000	11546.000000
0.000000	11546.000000
0.000000	11546.000000
0.000000	11546.000000
0.000000	11546.000000
0.000000	11546.000000
0.000000	11546.000000
0.000000	11546.000000
0.000000	11546.000000
0.000000	11546.000000
0.000000	11546.000000
0.000000	11546.000000
0.000000	11546.000000
0.000000	11547.000000
0.000000	11547.000000
0.000000	11547.000000
0.000000	11547.000000
0.000000	11547.000000
0.000000	11547.000000
0.000000	11547.000000
0.000000	11547.000000
0.000000	11547.000000
0.000000	11547.000000
0.000000	11547.000000
0.000000	11547.000000
0.000000	11547.000000
0.000000	11547.000000
0.000000	11547.000000
0.000000	11547.000000
0.000000	11547.000000
0.000000	11548.000000
0.000000	11548.000000
0.000000	11548.000000
0.000000	11548.000000
0.000000	11548.000000
0.000000	11548.000000
0.000000	11548.000000
0.000000	11548.000000
0.000000	11548.000000
0.000000	11548.000000
0.000000	11548.000000
0.000000	11548.000000
0.000000	11548.000000
0.000000	11548.000000
0.000000	11548.000000
0.000000	11548.000000
0.000000	11548.000000
0.000000	11549.000000
0.000000	11549.000000
0.000000	11549.000000
0.000000	11549.000000
0.000000	11549.000000
0.000000	11549.000000
0.000000	11549.000000
0.000000	11549.000000
0.000000	11549.000000
0.000000	11549.000000
0.000000	11549.000000
0.000000	11549.000000
0.000000	11549.000000
0.000000	11549.000000
0.000000	11549.000000
0.000000	11549.000000
0.000000	11549.000000
0.000000	11550.000000
0.000000	11550.000000
0.000000	11550.000000
0.000000	11550.000000
0.000000	11550.000000
0.000000	11550.000000
0.000000	11550.000000
0.000000	11550.000000
0.000000	11550.000000
0.000000	11550.000000
0.000000	11550.000000
0.000000	11550.000000
0.000000	11550.000000
0.000000	11550.000000
0.000000	11550.000000
0.000000	11550.000000
0.000000	11550.000000
0.000000	11551.000000
0.000000	11551.000000
0.000000	11551.000000
0.000000	11551.000000
0.000000	11551.000000
0.000000	11551.000000
0.000000	11551.000000
0.000000	11551.000000
0.000000	11551.000000
0.000000	11551.000000
0.000000	11551.000000
0.000000	11551.000000
0.000000	11551.000000
0.000000	11551.000000
0.000000	11551.000000
0.000000	11551.000000
0.000000	11551.000000
0.000000	11552.000000
0.000000	11552.000000
0.000000	11552.000000
0.000000	11552.000000
0.000000	11552.000000
0.000000	11552.000000
0.000000	11552.000000
0.000000	11552.000000
0.000000	11552.000000
0.000000	11552.000000
0.000000	11552.000000
0.000000	11552.000000
0.000000	11552.000000
0.000000	11552.000000
0.000000	11552.000000
0.000000	11552.000000
0.000000	11552.000000
0.000000	11553.000000
0.000000	11553.000000
0.000000	11553.000000
0.000000	11553.000000
0.000000	11553.000000
0.000000	11553.000000
0.000000	11553.000000
0.000000	11553.000000
0.000000	11553.000000
0.000000	11553.000000
0.000000	11553.000000
0.000000	11553.000000
0.000000	11553.000000
0.000000	11553.000000
0.000000	11553.000000
0.000000	11553.000000
0.000000	11553.000000
0.000000	11553.000000
0.000000	11554.000000
0.000000	11554.000000
0.000000	11554.000000
0.000000	11554.000000
0.000000	11554.000000
0.000000	11554.000000
0.000000	11554.000000
0.000000	11554.000000
0.000000	11554.000000
0.000000	11554.000000
0.000000	11554.000000
0.000000	11554.000000
0.000000	11554.000000
0.000000	11554.000000
0.000000	11554.000000
0.000000	11554.000000
0.000000	11554.000000
0.000000	11555.000000
0.000000	11555.000000
0.000000	11555.000000
0.000000	11555.000000
0.000000	11555.000000
0.000000	11555.000000
0.000000	11555.000000
0.000000	11555.000000
0.000000	11555.000000
0.000000	11555.000000
0.000000	11555.000000
0.000000	11555.000000
0.000000	11555.000000
0.000000	11555.000000
0.000000	11555.000000
0.000000	11555.000000
0.000000	11555.000000
0.000000	11556.000000
0.000000	11556.000000
0.000000	11556.000000
0.000000	11556.000000
0.000000	11556.000000
0.000000	11556.000000
0.000000	11556.000000
0.000000	11556.000000
0.000000	11556.000000
0.000000	11556.000000
0.000000	11556.000000
0.000000	11556.000000
0.000000	11556.000000
0.000000	11556.000000
0.000000	11556.000000
0.000000	11556.000000
0.000000	11556.000000
0.000000	11557.000000
0.000000	11557.000000
0.000000	11557.000000
0.000000	11557.000000
0.000000	11557.000000
0.000000	11557.000000
0.000000	11557.000000
0.000000	11557.000000
0.000000	11557.000000
0.000000	11557.000000
0.000000	11557.000000
0.000000	11557.000000
0.000000	11557.000000
0.000000	11557.000000
0.000000	11557.000000
0.000000	11557.000000
0.000000	11557.000000
0.000000	11558.000000
0.000000	11558.000000
0.000000	11558.000000
0.000000	11558.000000
0.000000	11558.000000
0.000000	11558.000000
0.000000	11558.000000
0.000000	11558.000000
0.000000	11558.000000
0.000000	11558.000000
0.000000	11558.000000
0.000000	11558.000000
0.000000	11558.000000
0.000000	11558.000000
0.000000	11558.000000
0.000000	11558.000000
0.000000	11558.000000
0.000000	11559.000000
0.000000	11559.000000
0.000000	11559.000000
0.000000	11559.000000
0.000000	11559.000000
0.000000	11559.000000
0.000000	11559.000000
0.000000	11559.000000
0.000000	11559.000000
0.000000	11559.000000
0.000000	11559.000000
0.000000	11559.000000
0.000000	11559.000000
0.000000	11559.000000
0.000000	11559.000000
0.000000	11559.000000
0.000000	11559.000000
0.000000	11600.000000
0.000000	11600.000000
0.000000	11600.000000
0.000000	11600.000000
0.000000	11600.000000
0.000000	11600.000000
0.000000	11600.000000
0.000000	11600.000000
0.000000	11600.000000
0.000000	11600.000000
0.000000	11600.000000
0.000000	11600.000000
0.000000	11600.000000
0.000000	11600.000000
0.000000	11600.000000
0.000000	11600.000000
0.000000	11600.000000
0.000000	11601.000000
0.000000	11601.000000
0.000000	11601.000000
0.000000	11601.000000
0.000000	11601.000000
0.000000	11601.000000
0.000000	11601.000000
0.000000	11601.000000
0.000000	11601.000000
0.000000	11601.000000
0.000000	11601.000000
0.000000	11601.000000
0.000000	11601.000000
0.000000	11601.000000
0.000000	11601.000000
0.000000	11601.000000
0.000000	11601.000000
0.000000	11602.000000
0.000000	11602.000000
0.000000	11602.000000
0.000000	11602.000000
0.000000	11602.000000
0.000000	11602.000000
0.000000	11602.000000
0.000000	11602.000000
0.000000	11602.000000
0.000000	11602.000000
0.000000	11602.000000
0.000000	11602.000000
0.000000	11602.000000
0.000000	11602.000000
0.000000	11602.000000
0.000000	11602.000000
0.000000	11602.000000
0.000000	11603.000000
0.000000	11603.000000
0.000000	11603.000000
0.000000	11603.000000
0.000000	11603.000000
0.000000	11603.000000
0.000000	11603.000000
0.000000	11603.000000
0.000000	11603.000000
0.000000	11603.000000
0.000000	11603.000000
0.000000	11603.000000
0.000000	11603.000000
0.000000	11603.000000
0.000000	11603.000000
0.000000	11603.000000
0.000000	11603.000000
0.000000	11604.000000
0.000000	11604.000000
0.000000	11604.000000
0.000000	11604.000000
0.000000	11604.000000
0.000000	11604.000000
0.000000	11604.000000
0.000000	11604.000000
0.000000	11604.000000
0.000000	11604.000000
0.000000	11604.000000
0.000000	11604.000000
0.000000	11604.000000
0.000000	11604.000000
0.000000	11604.000000
0.000000	11604.000000
0.000000	11604.000000
0.000000	11605.000000
0.000000	11605.000000
0.000000	11605.000000
0.000000	11605.000000
0.000000	11605.000000
0.000000	11605.000000
0.000000	11605.000000
0.000000	11605.000000
0.000000	11605.000000
0.000000	11605.000000
0.000000	11605.000000
0.000000	11605.000000
0.000000	11605.000000
0.000000	11605.000000
0.000000	11605.000000
0.000000	11605.000000
0.000000	11605.000000
0.000000	11606.000000
0.000000	11606.000000
0.000000	11606.000000
0.000000	11606.000000
0.000000	11606.000000
0.000000	11606.000000
0.000000	11606.000000
0.000000	11606.000000
0.000000	11606.000000
0.000000	11606.000000
0.000000	11606.000000
0.000000	11606.000000
0.000000	11606.000000
0.000000	11606.000000
0.000000	11606.000000
0.000000	11606.000000
0.000000	11606.000000
0.000000	11607.000000
0.000000	11607.000000
0.000000	11607.000000
0.000000	11607.000000
0.000000	11607.000000
0.000000	11607.000000
0.000000	11607.000000
0.000000	11607.000000
0.000000	11607.000000
0.000000	11607.000000
0.000000	11607.000000
0.000000	11607.000000
0.000000	11607.000000
0.000000	11607.000000
0.000000	11607.000000
0.000000	11607.000000
0.000000	11607.000000
0.000000	11607.000000
0.000000	11608.000000
0.000000	11608.000000
0.000000	11608.000000
0.000000	11608.000000
0.000000	11608.000000
0.000000	11608.000000
0.000000	11608.000000
0.000000	11608.000000
0.000000	11608.000000
0.000000	11608.000000
0.000000	11608.000000
0.000000	11608.000000
0.000000	11608.000000
0.000000	11608.000000
0.000000	11608.000000
0.000000	11608.000000
0.000000	11608.000000
0.000000	11609.000000
0.000000	11609.000000
0.000000	11609.000000
0.000000	11609.000000
0.000000	11609.000000
0.000000	11609.000000
0.000000	11609.000000
0.000000	11609.000000
0.000000	11609.000000
0.000000	11609.000000
0.000000	11609.000000
0.000000	11609.000000
0.000000	11609.000000
0.000000	11609.000000
0.000000	11609.000000
0.000000	11609.000000
0.000000	11609.000000
0.000000	11610.000000
0.000000	11610.000000
0.000000	11610.000000
0.000000	11610.000000
0.000000	11610.000000
0.000000	11610.000000
0.000000	11610.000000
0.000000	11610.000000
0.000000	11610.000000
0.000000	11610.000000
0.000000	11610.000000
0.000000	11610.000000
0.000000	11610.000000
0.000000	11610.000000
0.000000	11610.000000
0.000000	11610.000000
0.000000	11610.000000
0.000000	11611.000000
0.000000	11611.000000
0.000000	11611.000000
0.000000	11611.000000
0.000000	11611.000000
0.000000	11611.000000
0.000000	11611.000000
0.000000	11611.000000
0.000000	11611.000000
0.000000	11611.000000
0.000000	11611.000000
0.000000	11611.000000
0.000000	11611.000000
0.000000	11611.000000
0.000000	11611.000000
0.000000	11611.000000
0.000000	11611.000000
0.000000	11612.000000
0.000000	11612.000000
0.000000	11612.000000
0.000000	11612.000000
0.000000	11612.000000
0.000000	11612.000000
0.000000	11612.000000
0.000000	11612.000000
0.000000	11612.000000
0.000000	11612.000000
0.000000	11612.000000
0.000000	11612.000000
0.000000	11612.000000
0.000000	11612.000000
0.000000	11612.000000
0.000000	11612.000000
0.000000	11612.000000
0.000000	11613.000000
0.000000	11613.000000
0.000000	11613.000000
0.000000	11613.000000
0.000000	11613.000000
0.000000	11613.000000
0.000000	11613.000000
0.000000	11613.000000
0.000000	11613.000000
0.000000	11613.000000
0.000000	11613.000000
0.000000	11613.000000
0.000000	11613.000000
0.000000	11613.000000
0.000000	11613.000000
0.000000	11613.000000
0.000000	11613.000000
0.000000	11614.000000
0.000000	11614.000000
0.000000	11614.000000
0.000000	11614.000000
0.000000	11614.000000
0.000000	11614.000000
0.000000	11614.000000
0.000000	11614.000000
0.000000	11614.000000
0.000000	11614.000000
0.000000	11614.000000
0.000000	11614.000000
0.000000	11614.000000
0.000000	11614.000000
0.000000	11614.000000
0.000000	11614.000000
0.000000	11614.000000
0.000000	11615.000000
0.000000	11615.000000
0.000000	11615.000000
0.000000	11615.000000
0.000000	11615.000000
0.000000	11615.000000
0.000000	11615.000000
0.000000	11615.000000
0.000000	11615.000000
0.000000	11615.000000
0.000000	11615.000000
0.000000	11615.000000
0.000000	11615.000000
0.000000	11615.000000
0.000000	11615.000000
0.000000	11615.000000
0.000000	11615.000000
0.000000	11616.000000
0.000000	11616.000000
0.000000	11616.000000
0.000000	11616.000000
0.000000	11616.000000
0.000000	11616.000000
0.000000	11616.000000
0.000000	11616.000000
0.000000	11616.000000
0.000000	11616.000000
0.000000	11616.000000
0.000000	11616.000000
0.000000	11616.000000
0.000000	11616.000000
0.000000	11616.000000
0.000000	11616.000000
0.000000	11616.000000
0.000000	11617.000000
0.000000	11617.000000
0.000000	11617.000000
0.000000	11617.000000
0.000000	11617.000000
0.000000	11617.000000
0.000000	11617.000000
0.000000	11617.000000
0.000000	11617.000000
0.000000	11617.000000
0.000000	11617.000000
0.000000	11617.000000
0.000000	11617.000000
0.000000	11617.000000
0.000000	11617.000000
0.000000	11617.000000
0.000000	11617.000000
0.000000	11618.000000
0.000000	11618.000000
0.000000	11618.000000
0.000000	11618.000000
0.000000	11618.000000
0.000000	11618.000000
0.000000	11618.000000
0.000000	11618.000000
0.000000	11618.000000
0.000000	11618.000000
0.000000	11618.000000
0.000000	11618.000000
0.000000	11618.000000
0.000000	11618.000000
0.000000	11618.000000
0.000000	11618.000000
0.000000	11618.000000
0.000000	11619.000000
0.000000	11619.000000
0.000000	11619.000000
0.000000	11619.000000
0.000000	11619.000000
0.000000	11619.000000
0.000000	11619.000000
0.000000	11619.000000
0.000000	11619.000000
0.000000	11619.000000
0.000000	11619.000000
0.000000	11619.000000
0.000000	11619.000000
0.000000	11619.000000
0.000000	11619.000000
0.000000	11619.000000
0.000000	11619.000000
0.000000	11620.000000
0.000000	11620.000000
0.000000	11620.000000
0.000000	11620.000000
0.000000	11620.000000
0.000000	11620.000000
0.000000	11620.000000
0.000000	11620.000000
0.000000	11620.000000
0.000000	11620.000000
0.000000	11620.000000
0.000000	11620.000000
0.000000	11620.000000
0.000000	11620.000000
0.000000	11620.000000
0.000000	11620.000000
0.000000	11620.000000
0.000000	11621.000000
0.000000	11621.000000
0.000000	11621.000000
0.000000	11621.000000
0.000000	11621.000000
0.000000	11621.000000
0.000000	11621.000000
0.000000	11621.000000
0.000000	11621.000000
0.000000	11621.000000
0.000000	11621.000000
0.000000	11621.000000
0.000000	11621.000000
0.000000	11621.000000
0.000000	11621.000000
0.000000	11621.000000
0.000000	11621.000000
0.000000	11622.000000
0.000000	11622.000000
0.000000	11622.000000
0.000000	11622.000000
0.000000	11622.000000
0.000000	11622.000000
0.000000	11622.000000
0.000000	11622.000000
0.000000	11622.000000
0.000000	11622.000000
0.000000	11622.000000
0.000000	11622.000000
0.000000	11622.000000
0.000000	11622.000000
0.000000	11622.000000
0.000000	11622.000000
0.000000	11622.000000
0.000000	11623.000000
0.000000	11623.000000
0.000000	11623.000000
0.000000	11623.000000
0.000000	11623.000000
0.000000	11623.000000
0.000000	11623.000000
0.000000	11623.000000
0.000000	11623.000000
0.000000	11623.000000
0.000000	11623.000000
0.000000	11623.000000
0.000000	11623.000000
0.000000	11623.000000
0.000000	11623.000000
0.000000	11623.000000
0.000000	11623.000000
0.000000	11623.000000
0.000000	11624.000000
0.000000	11624.000000
0.000000	11624.000000
0.000000	11624.000000
0.000000	11624.000000
0.000000	11624.000000
0.000000	11624.000000
0.000000	11624.000000
0.000000	11624.000000
0.000000	11624.000000
0.000000	11624.000000
0.000000	11624.000000
0.000000	11624.000000
0.000000	11624.000000
0.000000	11624.000000
0.000000	11624.000000
0.000000	11624.000000
0.000000	11625.000000
0.000000	11625.000000
0.000000	11625.000000
0.000000	11625.000000
0.000000	11625.000000
0.000000	11625.000000
0.000000	11625.000000
0.000000	11625.000000
0.000000	11625.000000
0.000000	11625.000000
0.000000	11625.000000
0.000000	11625.000000
0.000000	11625.000000
0.000000	11625.000000
0.000000	11625.000000
0.000000	11625.000000
0.000000	11625.000000
0.000000	11626.000000
0.000000	11626.000000
0.000000	11626.000000
0.000000	11626.000000
0.000000	11626.000000
0.000000	11626.000000
0.000000	11626.000000
0.000000	11626.000000
0.000000	11626.000000
0.000000	11626.000000
0.000000	11626.000000
0.000000	11626.000000
0.000000	11626.000000
0.000000	11626.000000
0.000000	11626.000000
0.000000	11626.000000
0.000000	11626.000000
0.000000	11627.000000
0.000000	11627.000000
0.000000	11627.000000
0.000000	11627.000000
0.000000	11627.000000
0.000000	11627.000000
0.000000	11627.000000
0.000000	11627.000000
0.000000	11627.000000
0.000000	11627.000000
0.000000	11627.000000
0.000000	11627.000000
0.000000	11627.000000
0.000000	11627.000000
0.000000	11627.000000
0.000000	11627.000000
0.000000	11627.000000
0.000000	11628.000000
0.000000	11628.000000
0.000000	11628.000000
0.000000	11628.000000
0.000000	11628.000000
0.000000	11628.000000
0.000000	11628.000000
0.000000	11628.000000
0.000000	11628.000000
0.000000	11628.000000
0.000000	11628.000000
0.000000	11628.000000
0.000000	11628.000000
0.000000	11628.000000
0.000000	11628.000000
0.000000	11628.000000
0.000000	11628.000000
0.000000	11629.000000
0.000000	11629.000000
0.000000	11629.000000
0.000000	11629.000000
0.000000	11629.000000
0.000000	11629.000000
0.000000	11629.000000
0.000000	11629.000000
0.000000	11629.000000
0.000000	11629.000000
0.000000	11629.000000
0.000000	11629.000000
0.000000	11629.000000
0.000000	11629.000000
0.000000	11629.000000
0.000000	11629.000000
0.000000	11629.000000
0.000000	11630.000000
0.000000	11630.000000
0.000000	11630.000000
0.000000	11630.000000
0.000000	11630.000000
0.000000	11630.000000
0.000000	11630.000000
0.000000	11630.000000
0.000000	11630.000000
0.000000	11630.000000
0.000000	11630.000000
0.000000	11630.000000
0.000000	11630.000000
0.000000	11630.000000
0.000000	11630.000000
0.000000	11630.000000
0.000000	11630.000000
0.000000	11631.000000
0.000000	11631.000000
0.000000	11631.000000
0.000000	11631.000000
0.000000	11631.000000
0.000000	11631.000000
0.000000	11631.000000
0.000000	11631.000000
0.000000	11631.000000
0.000000	11631.000000
0.000000	11631.000000
0.000000	11631.000000
0.000000	11631.000000
0.000000	11631.000000
0.000000	11631.000000
0.000000	11631.000000
0.000000	11631.000000
0.000000	11632.000000
0.000000	11632.000000
0.000000	11632.000000
0.000000	11632.000000
0.000000	11632.000000
0.000000	11632.000000
0.000000	11632.000000
0.000000	11632.000000
0.000000	11632.000000
0.000000	11632.000000
0.000000	11632.000000
0.000000	11632.000000
0.000000	11632.000000
0.000000	11632.000000
0.000000	11632.000000
0.000000	11632.000000
0.000000	11632.000000
0.000000	11633.000000
0.000000	11633.000000
0.000000	11633.000000
0.000000	11633.000000
0.000000	11633.000000
0.000000	11633.000000
0.000000	11633.000000
0.000000	11633.000000
0.000000	11633.000000
0.000000	11633.000000
0.000000	11633.000000
0.000000	11633.000000
0.000000	11633.000000
0.000000	11633.000000
0.000000	11633.000000
0.000000	11633.000000
0.000000	11633.000000
0.000000	11634.000000
0.000000	11634.000000
0.000000	11634.000000
0.000000	11634.000000
0.000000	11634.000000
0.000000	11634.000000
0.000000	11634.000000
0.000000	11634.000000
0.000000	11634.000000
0.000000	11634.000000
0.000000	11634.000000
0.000000	11634.000000
0.000000	11634.000000
0.000000	11634.000000
0.000000	11634.000000
0.000000	11634.000000
0.000000	11634.000000
0.000000	11635.000000
0.000000	11635.000000
0.000000	11635.000000
0.000000	11635.000000
0.000000	11635.000000
0.000000	11635.000000
0.000000	11635.000000
0.000000	11635.000000
0.000000	11635.000000
0.000000	11635.000000
0.000000	11635.000000
0.000000	11635.000000
0.000000	11635.000000
0.000000	11635.000000
0.000000	11635.000000
0.000000	11635.000000
0.000000	11635.000000
0.000000	11636.000000
0.000000	11636.000000
0.000000	11636.000000
0.000000	11636.000000
0.000000	11636.000000
0.000000	11636.000000
0.000000	11636.000000
0.000000	11636.000000
0.000000	11636.000000
0.000000	11636.000000
0.000000	11636.000000
0.000000	11636.000000
0.000000	11636.000000
0.000000	11636.000000
0.000000	11636.000000
0.000000	11636.000000
0.000000	11636.000000
0.000000	11637.000000
0.000000	11637.000000
0.000000	11637.000000
0.000000	11637.000000
0.000000	11637.000000
0.000000	11637.000000
0.000000	11637.000000
0.000000	11637.000000
0.000000	11637.000000
0.000000	11637.000000
0.000000	11637.000000
0.000000	11637.000000
0.000000	11637.000000
0.000000	11637.000000
0.000000	11637.000000
0.000000	11637.000000
0.000000	11637.000000
0.000000	11638.000000
0.000000	11638.000000
0.000000	11638.000000
0.000000	11638.000000
0.000000	11638.000000
0.000000	11638.000000
0.000000	11638.000000
0.000000	11638.000000
0.000000	11638.000000
0.000000	11638.000000
0.000000	11638.000000
0.000000	11638.000000
0.000000	11638.000000
0.000000	11638.000000
0.000000	11638.000000
0.000000	11638.000000
0.000000	11638.000000
0.000000	11638.000000
0.000000	11639.000000
0.000000	11639.000000
0.000000	11639.000000
0.000000	11639.000000
0.000000	11639.000000
0.000000	11639.000000
0.000000	11639.000000
0.000000	11639.000000
0.000000	11639.000000
0.000000	11639.000000
0.000000	11639.000000
0.000000	11639.000000
0.000000	11639.000000
0.000000	11639.000000
0.000000	11639.000000
0.000000	11639.000000
0.000000	11639.000000
0.000000	11640.000000
0.000000	11640.000000
0.000000	11640.000000
0.000000	11640.000000
0.000000	11640.000000
0.000000	11640.000000
0.000000	11640.000000
0.000000	11640.000000
0.000000	11640.000000
0.000000	11640.000000
0.000000	11640.000000
0.000000	11640.000000
0.000000	11640.000000
0.000000	11640.000000
0.000000	11640.000000
0.000000	11640.000000
0.000000	11640.000000
0.000000	11641.000000
0.000000	11641.000000
0.000000	11641.000000
0.000000	11641.000000
0.000000	11641.000000
0.000000	11641.000000
0.000000	11641.000000
0.000000	11641.000000
0.000000	11641.000000
0.000000	11641.000000
0.000000	11641.000000
0.000000	11641.000000
0.000000	11641.000000
0.000000	11641.000000
0.000000	11641.000000
0.000000	11641.000000
0.000000	11641.000000
0.000000	11642.000000
0.000000	11642.000000
0.000000	11642.000000
0.000000	11642.000000
0.000000	11642.000000
0.000000	11642.000000
0.000000	11642.000000
0.000000	11642.000000
0.000000	11642.000000
0.000000	11642.000000
0.000000	11642.000000
0.000000	11642.000000
0.000000	11642.000000
0.000000	11642.000000
0.000000	11642.000000
0.000000	11642.000000
0.000000	11642.000000
0.000000	11643.000000
0.000000	11643.000000
0.000000	11643.000000
0.000000	11643.000000
0.000000	11643.000000
0.000000	11643.000000
0.000000	11643.000000
0.000000	11643.000000
0.000000	11643.000000
0.000000	11643.000000
0.000000	11643.000000
0.000000	11643.000000
0.000000	11643.000000
0.000000	11643.000000
0.000000	11643.000000
0.000000	11643.000000
0.000000	11643.000000
0.000000	11644.000000
0.000000	11644.000000
0.000000	11644.000000
0.000000	11644.000000
0.000000	11644.000000
0.000000	11644.000000
0.000000	11644.000000
0.000000	11644.000000
0.000000	11644.000000
0.000000	11644.000000
0.000000	11644.000000
0.000000	11644.000000
0.000000	11644.000000
0.000000	11644.000000
0.000000	11644.000000
0.000000	11644.000000
0.000000	11644.000000
0.000000	11645.000000
0.000000	11645.000000
0.000000	11645.000000
0.000000	11645.000000
0.000000	11645.000000
0.000000	11645.000000
0.000000	11645.000000
0.000000	11645.000000
0.000000	11645.000000
0.000000	11645.000000
0.000000	11645.000000
0.000000	11645.000000
0.000000	11645.000000
0.000000	11645.000000
0.000000	11645.000000
0.000000	11645.000000
0.000000	11645.000000
0.000000	11646.000000
0.000000	11646.000000
0.000000	11646.000000
0.000000	11646.000000
0.000000	11646.000000
0.000000	11646.000000
0.000000	11646.000000
0.000000	11646.000000
0.000000	11646.000000
0.000000	11646.000000
0.000000	11646.000000
0.000000	11646.000000
0.000000	11646.000000
0.000000	11646.000000
0.000000	11646.000000
0.000000	11646.000000
0.000000	11646.000000
0.000000	11647.000000
0.000000	11647.000000
0.000000	11647.000000
0.000000	11647.000000
0.000000	11647.000000
0.000000	11647.000000
0.000000	11647.000000
0.000000	11647.000000
0.000000	11647.000000
0.000000	11647.000000
0.000000	11647.000000
0.000000	11647.000000
0.000000	11647.000000
0.000000	11647.000000
0.000000	11647.000000
0.000000	11647.000000
0.000000	11647.000000
0.000000	11648.000000
0.000000	11648.000000
0.000000	11648.000000
0.000000	11648.000000
0.000000	11648.000000
0.000000	11648.000000
0.000000	11648.000000
0.000000	11648.000000
0.000000	11648.000000
0.000000	11648.000000
0.000000	11648.000000
0.000000	11648.000000
0.000000	11648.000000
0.000000	11648.000000
0.000000	11648.000000
0.000000	11648.000000
0.000000	11648.000000
0.000000	11649.000000
0.000000	11649.000000
0.000000	11649.000000
0.000000	11649.000000
0.000000	11649.000000
0.000000	11649.000000
0.000000	11649.000000
0.000000	11649.000000
0.000000	11649.000000
0.000000	11649.000000
0.000000	11649.000000
0.000000	11649.000000
0.000000	11649.000000
0.000000	11649.000000
0.000000	11649.000000
0.000000	11649.000000
0.000000	11649.000000
0.000000	11650.000000
0.000000	11650.000000
0.000000	11650.000000
0.000000	11650.000000
0.000000	11650.000000
0.000000	11650.000000
0.000000	11650.000000
0.000000	11650.000000
0.000000	11650.000000
0.000000	11650.000000
0.000000	11650.000000
0.000000	11650.000000
0.000000	11650.000000
0.000000	11650.000000
0.000000	11650.000000
0.000000	11650.000000
0.000000	11650.000000
0.000000	11651.000000
0.000000	11651.000000
0.000000	11651.000000
0.000000	11651.000000
0.000000	11651.000000
0.000000	11651.000000
0.000000	11651.000000
0.000000	11651.000000
0.000000	11651.000000
0.000000	11651.000000
0.000000	11651.000000
0.000000	11651.000000
0.000000	11651.000000
0.000000	11651.000000
0.000000	11651.000000
0.000000	11651.000000
0.000000	11651.000000
0.000000	11652.000000
0.000000	11652.000000
0.000000	11652.000000
0.000000	11652.000000
0.000000	11652.000000
0.000000	11652.000000
0.000000	11652.000000
0.000000	11652.000000
0.000000	11652.000000
0.000000	11652.000000
0.000000	11652.000000
0.000000	11652.000000
0.000000	11652.000000
0.000000	11652.000000
0.000000	11652.000000
0.000000	11652.000000
0.000000	11652.000000
0.000000	11653.000000
0.000000	11653.000000
0.000000	11653.000000
0.000000	11653.000000
0.000000	11653.000000
0.000000	11653.000000
0.000000	11653.000000
0.000000	11653.000000
0.000000	11653.000000
0.000000	11653.000000
0.000000	11653.000000
0.000000	11653.000000
0.000000	11653.000000
0.000000	11653.000000
0.000000	11653.000000
0.000000	11653.000000
0.000000	11653.000000
0.000000	11653.000000
0.000000	11654.000000
0.000000	11654.000000
0.000000	11654.000000
0.000000	11654.000000
0.000000	11654.000000
0.000000	11654.000000
0.000000	11654.000000
0.000000	11654.000000
0.000000	11654.000000
0.000000	11654.000000
0.000000	11654.000000
0.000000	11654.000000
0.000000	11654.000000
0.000000	11654.000000
0.000000	11654.000000
0.000000	11654.000000
0.000000	11654.000000
0.000000	11655.000000
0.000000	11655.000000
0.000000	11655.000000
0.000000	11655.000000
0.000000	11655.000000
0.000000	11655.000000
0.000000	11655.000000
0.000000	11655.000000
0.000000	11655.000000
0.000000	11655.000000
0.000000	11655.000000
0.000000	11655.000000
0.000000	11655.000000
0.000000	11655.000000
0.000000	11655.000000
0.000000	11655.000000
0.000000	11655.000000
0.000000	11656.000000
0.000000	11656.000000
0.000000	11656.000000
0.000000	11656.000000
0.000000	11656.000000
0.000000	11656.000000
0.000000	11656.000000
0.000000	11656.000000
0.000000	11656.000000
0.000000	11656.000000
0.000000	11656.000000
0.000000	11656.000000
0.000000	11656.000000
0.000000	11656.000000
0.000000	11656.000000
0.000000	11656.000000
0.000000	11656.000000
0.000000	11657.000000
0.000000	11657.000000
0.000000	11657.000000
0.000000	11657.000000
0.000000	11657.000000
0.000000	11657.000000
0.000000	11657.000000
0.000000	11657.000000
0.000000	11657.000000
0.000000	11657.000000
0.000000	11657.000000
0.000000	11657.000000
0.000000	11657.000000
0.000000	11657.000000
0.000000	11657.000000
0.000000	11657.000000
0.000000	11657.000000
0.000000	11658.000000
0.000000	11658.000000
0.000000	11658.000000
0.000000	11658.000000
0.000000	11658.000000
0.000000	11658.000000
0.000000	11658.000000
0.000000	11658.000000
0.000000	11658.000000
0.000000	11658.000000
0.000000	11658.000000
0.000000	11658.000000
0.000000	11658.000000
0.000000	11658.000000
0.000000	11658.000000
0.000000	11658.000000
0.000000	11658.000000
0.000000	11659.000000
0.000000	11659.000000
0.000000	11659.000000
0.000000	11659.000000
0.000000	11659.000000
0.000000	11659.000000
0.000000	11659.000000
0.000000	11659.000000
0.000000	11659.000000
0.000000	11659.000000
0.000000	11659.000000
0.000000	11659.000000
0.000000	11659.000000
0.000000	11659.000000
0.000000	11659.000000
0.000000	11659.000000
0.000000	11659.000000
0.000000	11700.000000
0.000000	11700.000000
0.000000	11700.000000
0.000000	11700.000000
0.000000	11700.000000
0.000000	11700.000000
0.000000	11700.000000
0.000000	11700.000000
0.000000	11700.000000
0.000000	11700.000000
0.000000	11700.000000
0.000000	11700.000000
0.000000	11700.000000
0.000000	11700.000000
0.000000	11700.000000
0.000000	11700.000000
0.000000	11700.000000
0.000000	11701.000000
0.000000	11701.000000
0.000000	11701.000000
0.000000	11701.000000
0.000000	11701.000000
0.000000	11701.000000
0.000000	11701.000000
0.000000	11701.000000
0.000000	11701.000000
0.000000	11701.000000
0.000000	11701.000000
0.000000	11701.000000
0.000000	11701.000000
0.000000	11701.000000
0.000000	11701.000000
0.000000	11701.000000
0.000000	11701.000000
0.000000	11702.000000
0.000000	11702.000000
0.000000	11702.000000
0.000000	11702.000000
0.000000	11702.000000
0.000000	11702.000000
0.000000	11702.000000
0.000000	11702.000000
0.000000	11702.000000
0.000000	11702.000000
0.000000	11702.000000
0.000000	11702.000000
0.000000	11702.000000
0.000000	11702.000000
0.000000	11702.000000
0.000000	11702.000000
0.000000	11702.000000
0.000000	11703.000000
0.000000	11703.000000
0.000000	11703.000000
0.000000	11703.000000
0.000000	11703.000000
0.000000	11703.000000
0.000000	11703.000000
0.000000	11703.000000
0.000000	11703.000000
0.000000	11703.000000
0.000000	11703.000000
0.000000	11703.000000
0.000000	11703.000000
0.000000	11703.000000
0.000000	11703.000000
0.000000	11703.000000
0.000000	11703.000000
0.000000	11704.000000
0.000000	11704.000000
0.000000	11704.000000
0.000000	11704.000000
0.000000	11704.000000
0.000000	11704.000000
0.000000	11704.000000
0.000000	11704.000000
0.000000	11704.000000
0.000000	11704.000000
0.000000	11704.000000
0.000000	11704.000000
0.000000	11704.000000
0.000000	11704.000000
0.000000	11704.000000
0.000000	11704.000000
0.000000	11704.000000
0.000000	11705.000000
0.000000	11705.000000
0.000000	11705.000000
0.000000	11705.000000
0.000000	11705.000000
0.000000	11705.000000
0.000000	11705.000000
0.000000	11705.000000
0.000000	11705.000000
0.000000	11705.000000
0.000000	11705.000000
0.000000	11705.000000
0.000000	11705.000000
0.000000	11705.000000
0.000000	11705.000000
0.000000	11705.000000
0.000000	11705.000000
0.000000	11706.000000
0.000000	11706.000000
0.000000	11706.000000
0.000000	11706.000000
0.000000	11706.000000
0.000000	11706.000000
0.000000	11706.000000
0.000000	11706.000000
0.000000	11706.000000
0.000000	11706.000000
0.000000	11706.000000
0.000000	11706.000000
0.000000	11706.000000
0.000000	11706.000000
0.000000	11706.000000
0.000000	11706.000000
0.000000	11706.000000
0.000000	11707.000000
0.000000	11707.000000
0.000000	11707.000000
0.000000	11707.000000
0.000000	11707.000000
0.000000	11707.000000
0.000000	11707.000000
0.000000	11707.000000
0.000000	11707.000000
0.000000	11707.000000
0.000000	11707.000000
0.000000	11707.000000
0.000000	11707.000000
0.000000	11707.000000
0.000000	11707.000000
0.000000	11707.000000
0.000000	11707.000000
0.000000	11708.000000
0.000000	11708.000000
0.000000	11708.000000
0.000000	11708.000000
0.000000	11708.000000
0.000000	11708.000000
0.000000	11708.000000
0.000000	11708.000000
0.000000	11708.000000
0.000000	11708.000000
0.000000	11708.000000
0.000000	11708.000000
0.000000	11708.000000
0.000000	11708.000000
0.000000	11708.000000
0.000000	11708.000000
0.000000	11708.000000
0.000000	11708.000000
0.000000	11709.000000
0.000000	11709.000000
0.000000	11709.000000
0.000000	11709.000000
0.000000	11709.000000
0.000000	11709.000000
0.000000	11709.000000
0.000000	11709.000000
0.000000	11709.000000
0.000000	11709.000000
0.000000	11709.000000
0.000000	11709.000000
0.000000	11709.000000
0.000000	11709.000000
0.000000	11709.000000
0.000000	11709.000000
0.000000	11709.000000
0.000000	11710.000000
0.000000	11710.000000
0.000000	11710.000000
0.000000	11710.000000
0.000000	11710.000000
0.000000	11710.000000
0.000000	11710.000000
0.000000	11710.000000
0.000000	11710.000000
0.000000	11710.000000
0.000000	11710.000000
0.000000	11710.000000
0.000000	11710.000000
0.000000	11710.000000
0.000000	11710.000000
0.000000	11710.000000
0.000000	11710.000000
0.000000	11711.000000
0.000000	11711.000000
0.000000	11711.000000
0.000000	11711.000000
0.000000	11711.000000
0.000000	11711.000000
0.000000	11711.000000
0.000000	11711.000000
0.000000	11711.000000
0.000000	11711.000000
0.000000	11711.000000
0.000000	11711.000000
0.000000	11711.000000
0.000000	11711.000000
0.000000	11711.000000
0.000000	11711.000000
0.000000	11711.000000
0.000000	11712.000000
0.000000	11712.000000
0.000000	11712.000000
0.000000	11712.000000
0.000000	11712.000000
0.000000	11712.000000
0.000000	11712.000000
