0.000000	102012.000000
0.000000	102012.000000
0.000000	102012.000000
0.000000	102012.000000
0.000000	102012.000000
0.000000	102012.000000
0.000000	102012.000000
0.000000	102012.000000
0.000000	102012.000000
0.000000	102012.000000
0.000000	102012.000000
0.000000	102012.000000
0.000000	102013.000000
0.000000	102013.000000
0.000000	102013.000000
0.000000	102013.000000
0.000000	102013.000000
0.000000	102013.000000
0.000000	102013.000000
0.000000	102013.000000
0.000000	102013.000000
0.000000	102013.000000
0.000000	102013.000000
0.000000	102013.000000
0.000000	102013.000000
0.000000	102013.000000
0.000000	102013.000000
0.000000	102013.000000
0.000000	102013.000000
0.000000	102014.000000
0.000000	102014.000000
0.000000	102014.000000
0.000000	102014.000000
0.000000	102014.000000
0.000000	102014.000000
0.000000	102014.000000
0.000000	102014.000000
0.000000	102014.000000
0.000000	102014.000000
0.000000	102014.000000
0.000000	102014.000000
0.000000	102014.000000
0.000000	102014.000000
0.000000	102014.000000
0.000000	102014.000000
0.000000	102014.000000
0.000000	102015.000000
0.000000	102015.000000
0.000000	102015.000000
0.000000	102015.000000
0.000000	102015.000000
0.000000	102015.000000
0.000000	102015.000000
0.000000	102015.000000
0.000000	102015.000000
0.000000	102015.000000
0.000000	102015.000000
0.000000	102015.000000
0.000000	102015.000000
0.000000	102015.000000
0.000000	102015.000000
0.000000	102015.000000
0.000000	102015.000000
0.000000	102016.000000
0.000000	102016.000000
0.000000	102016.000000
0.000000	102016.000000
0.000000	102016.000000
0.000000	102016.000000
0.000000	102016.000000
0.000000	102016.000000
0.000000	102016.000000
0.000000	102016.000000
0.000000	102016.000000
0.000000	102016.000000
0.000000	102016.000000
0.000000	102016.000000
0.000000	102016.000000
0.000000	102016.000000
0.000000	102016.000000
0.000000	102017.000000
0.000000	102017.000000
0.000000	102017.000000
0.000000	102017.000000
0.000000	102017.000000
0.000000	102017.000000
0.000000	102017.000000
0.000000	102017.000000
0.000000	102017.000000
0.000000	102017.000000
0.000000	102017.000000
0.000000	102017.000000
0.000000	102017.000000
0.000000	102017.000000
0.000000	102017.000000
0.000000	102017.000000
0.000000	102018.000000
0.000000	102018.000000
0.000000	102018.000000
0.000000	102018.000000
0.000000	102018.000000
0.000000	102018.000000
0.000000	102018.000000
0.000000	102018.000000
0.000000	102018.000000
0.000000	102018.000000
0.000000	102018.000000
0.000000	102018.000000
0.000000	102018.000000
0.000000	102018.000000
0.000000	102018.000000
0.000000	102018.000000
0.000000	102018.000000
0.000000	102018.000000
0.000000	102018.000000
0.000000	102019.000000
0.000000	102019.000000
0.000000	102019.000000
0.000000	102019.000000
0.000000	102019.000000
0.000000	102019.000000
0.000000	102019.000000
0.000000	102019.000000
0.000000	102019.000000
0.000000	102019.000000
0.000000	102019.000000
0.000000	102019.000000
0.000000	102019.000000
0.000000	102019.000000
0.000000	102019.000000
0.000000	102019.000000
0.000000	102019.000000
0.000000	102020.000000
0.000000	102020.000000
0.000000	102020.000000
0.000000	102020.000000
0.000000	102020.000000
0.000000	102020.000000
0.000000	102020.000000
0.000000	102020.000000
0.000000	102020.000000
0.000000	102020.000000
0.000000	102020.000000
0.000000	102020.000000
0.000000	102020.000000
0.000000	102020.000000
0.000000	102020.000000
0.000000	102020.000000
0.000000	102020.000000
0.000000	102021.000000
0.000000	102021.000000
0.000000	102021.000000
0.000000	102021.000000
0.000000	102021.000000
0.000000	102021.000000
0.000000	102021.000000
0.000000	102021.000000
0.000000	102021.000000
0.000000	102021.000000
0.000000	102021.000000
0.000000	102021.000000
0.000000	102021.000000
0.000000	102021.000000
0.000000	102021.000000
0.000000	102021.000000
0.000000	102021.000000
0.000000	102022.000000
0.000000	102022.000000
0.000000	102022.000000
0.000000	102022.000000
0.000000	102022.000000
0.000000	102022.000000
0.000000	102022.000000
0.000000	102022.000000
0.000000	102022.000000
0.000000	102022.000000
0.000000	102022.000000
0.000000	102022.000000
0.000000	102022.000000
0.000000	102022.000000
0.000000	102022.000000
0.000000	102022.000000
0.000000	102022.000000
0.000000	102023.000000
0.000000	102023.000000
0.000000	102023.000000
0.000000	102023.000000
0.000000	102023.000000
0.000000	102023.000000
0.000000	102023.000000
0.000000	102023.000000
0.000000	102023.000000
0.000000	102023.000000
0.000000	102023.000000
0.000000	102023.000000
0.000000	102023.000000
0.000000	102023.000000
0.000000	102023.000000
0.000000	102023.000000
0.000000	102023.000000
0.000000	102024.000000
0.000000	102024.000000
0.000000	102024.000000
0.000000	102024.000000
0.000000	102024.000000
0.000000	102024.000000
0.000000	102024.000000
0.000000	102024.000000
0.000000	102024.000000
0.000000	102024.000000
0.000000	102024.000000
0.000000	102024.000000
0.000000	102024.000000
0.000000	102024.000000
0.000000	102024.000000
0.000000	102024.000000
0.000000	102024.000000
0.000000	102025.000000
0.000000	102025.000000
0.000000	102025.000000
0.000000	102025.000000
0.000000	102025.000000
0.000000	102025.000000
0.000000	102025.000000
0.000000	102025.000000
0.000000	102025.000000
0.000000	102025.000000
0.000000	102025.000000
0.000000	102025.000000
0.000000	102025.000000
0.000000	102025.000000
0.000000	102025.000000
0.000000	102025.000000
0.000000	102025.000000
0.000000	102026.000000
0.000000	102026.000000
0.000000	102026.000000
0.000000	102026.000000
0.000000	102026.000000
0.000000	102026.000000
0.000000	102026.000000
0.000000	102026.000000
0.000000	102026.000000
0.000000	102026.000000
0.000000	102026.000000
0.000000	102026.000000
0.000000	102026.000000
0.000000	102026.000000
0.000000	102026.000000
0.000000	102026.000000
0.000000	102026.000000
0.000000	102027.000000
0.000000	102027.000000
0.000000	102027.000000
0.000000	102027.000000
0.000000	102027.000000
0.000000	102027.000000
0.000000	102027.000000
0.000000	102027.000000
0.000000	102027.000000
0.000000	102027.000000
0.000000	102027.000000
0.000000	102027.000000
0.000000	102027.000000
0.000000	102027.000000
0.000000	102027.000000
0.000000	102027.000000
0.000000	102027.000000
0.000000	102028.000000
0.000000	102028.000000
0.000000	102028.000000
0.000000	102028.000000
0.000000	102028.000000
0.000000	102028.000000
0.000000	102028.000000
0.000000	102028.000000
0.000000	102028.000000
0.000000	102028.000000
0.000000	102028.000000
0.000000	102028.000000
0.000000	102028.000000
0.000000	102028.000000
0.000000	102028.000000
0.000000	102028.000000
0.000000	102028.000000
0.000000	102029.000000
0.000000	102029.000000
0.000000	102029.000000
0.000000	102029.000000
0.000000	102029.000000
0.000000	102029.000000
0.000000	102029.000000
0.000000	102029.000000
0.000000	102029.000000
0.000000	102029.000000
0.000000	102029.000000
0.000000	102029.000000
0.000000	102029.000000
0.000000	102029.000000
0.000000	102029.000000
0.000000	102029.000000
0.000000	102029.000000
0.000000	102030.000000
0.000000	102030.000000
0.000000	102030.000000
0.000000	102030.000000
0.000000	102030.000000
0.000000	102030.000000
0.000000	102030.000000
0.000000	102030.000000
0.000000	102030.000000
0.000000	102030.000000
0.000000	102030.000000
0.000000	102030.000000
0.000000	102030.000000
0.000000	102030.000000
0.000000	102030.000000
0.000000	102030.000000
0.000000	102030.000000
0.000000	102031.000000
0.000000	102031.000000
0.000000	102031.000000
0.000000	102031.000000
0.000000	102031.000000
0.000000	102031.000000
0.000000	102031.000000
0.000000	102031.000000
0.000000	102031.000000
0.000000	102031.000000
0.000000	102031.000000
0.000000	102031.000000
0.000000	102031.000000
0.000000	102031.000000
0.000000	102031.000000
0.000000	102031.000000
0.000000	102031.000000
0.000000	102031.000000
0.000000	102032.000000
0.000000	102032.000000
0.000000	102032.000000
0.000000	102032.000000
0.000000	102032.000000
0.000000	102032.000000
0.000000	102032.000000
0.000000	102032.000000
0.000000	102032.000000
0.000000	102032.000000
0.000000	102032.000000
0.000000	102032.000000
0.000000	102032.000000
0.000000	102032.000000
0.000000	102032.000000
0.000000	102032.000000
0.000000	102032.000000
0.000000	102033.000000
0.000000	102033.000000
0.000000	102033.000000
0.000000	102033.000000
0.000000	102033.000000
0.000000	102033.000000
0.000000	102033.000000
0.000000	102033.000000
0.000000	102033.000000
0.000000	102033.000000
0.000000	102033.000000
0.000000	102033.000000
0.000000	102033.000000
0.000000	102033.000000
0.000000	102034.000000
0.000000	102034.000000
0.000000	102034.000000
0.000000	102034.000000
0.000000	102034.000000
0.000000	102034.000000
0.000000	102034.000000
0.000000	102034.000000
0.000000	102034.000000
0.000000	102034.000000
0.000000	102034.000000
0.000000	102034.000000
0.000000	102034.000000
0.000000	102034.000000
0.000000	102034.000000
0.000000	102034.000000
0.000000	102034.000000
0.000000	102034.000000
0.000000	102034.000000
0.000000	102034.000000
0.000000	102035.000000
0.000000	102035.000000
0.000000	102035.000000
0.000000	102035.000000
0.000000	102035.000000
0.000000	102035.000000
0.000000	102035.000000
0.000000	102035.000000
0.000000	102035.000000
0.000000	102035.000000
0.000000	102035.000000
0.000000	102035.000000
0.000000	102035.000000
0.000000	102035.000000
0.000000	102035.000000
0.000000	102035.000000
0.000000	102035.000000
0.000000	102036.000000
0.000000	102036.000000
0.000000	102036.000000
0.000000	102036.000000
0.000000	102036.000000
0.000000	102036.000000
0.000000	102036.000000
0.000000	102036.000000
0.000000	102036.000000
0.000000	102036.000000
0.000000	102036.000000
0.000000	102036.000000
0.000000	102036.000000
0.000000	102036.000000
0.000000	102036.000000
0.000000	102036.000000
0.000000	102036.000000
0.000000	102037.000000
0.000000	102037.000000
0.000000	102037.000000
0.000000	102037.000000
0.000000	102037.000000
0.000000	102037.000000
0.000000	102037.000000
0.000000	102037.000000
0.000000	102037.000000
0.000000	102037.000000
0.000000	102037.000000
0.000000	102037.000000
0.000000	102037.000000
0.000000	102037.000000
0.000000	102037.000000
0.000000	102038.000000
0.000000	102038.000000
0.000000	102038.000000
0.000000	102038.000000
0.000000	102038.000000
0.000000	102038.000000
0.000000	102038.000000
0.000000	102038.000000
0.000000	102038.000000
0.000000	102038.000000
0.000000	102038.000000
0.000000	102038.000000
0.000000	102038.000000
0.000000	102038.000000
0.000000	102038.000000
0.000000	102038.000000
0.000000	102038.000000
0.000000	102038.000000
0.000000	102038.000000
0.000000	102039.000000
0.000000	102039.000000
0.000000	102039.000000
0.000000	102039.000000
0.000000	102039.000000
0.000000	102039.000000
0.000000	102039.000000
0.000000	102039.000000
0.000000	102039.000000
0.000000	102039.000000
0.000000	102039.000000
0.000000	102039.000000
0.000000	102039.000000
0.000000	102039.000000
0.000000	102039.000000
0.000000	102039.000000
0.000000	102039.000000
0.000000	102040.000000
0.000000	102040.000000
0.000000	102040.000000
0.000000	102040.000000
0.000000	102040.000000
0.000000	102040.000000
0.000000	102040.000000
0.000000	102040.000000
0.000000	102040.000000
0.000000	102040.000000
0.000000	102040.000000
0.000000	102040.000000
0.000000	102040.000000
0.000000	102040.000000
0.000000	102040.000000
0.000000	102040.000000
0.000000	102040.000000
0.000000	102041.000000
0.000000	102041.000000
0.000000	102041.000000
0.000000	102041.000000
0.000000	102041.000000
0.000000	102041.000000
0.000000	102041.000000
0.000000	102041.000000
0.000000	102041.000000
0.000000	102041.000000
0.000000	102041.000000
0.000000	102041.000000
0.000000	102041.000000
0.000000	102041.000000
0.000000	102041.000000
0.000000	102041.000000
0.000000	102041.000000
0.000000	102042.000000
0.000000	102042.000000
0.000000	102042.000000
0.000000	102042.000000
0.000000	102042.000000
0.000000	102042.000000
0.000000	102042.000000
0.000000	102042.000000
0.000000	102042.000000
0.000000	102042.000000
0.000000	102042.000000
0.000000	102042.000000
0.000000	102042.000000
0.000000	102042.000000
0.000000	102042.000000
0.000000	102042.000000
0.000000	102042.000000
0.000000	102043.000000
0.000000	102043.000000
0.000000	102043.000000
0.000000	102043.000000
0.000000	102043.000000
0.000000	102043.000000
0.000000	102043.000000
0.000000	102043.000000
0.000000	102043.000000
0.000000	102043.000000
0.000000	102043.000000
0.000000	102043.000000
0.000000	102043.000000
0.000000	102043.000000
0.000000	102043.000000
0.000000	102043.000000
0.000000	102043.000000
0.000000	102044.000000
0.000000	102044.000000
0.000000	102044.000000
0.000000	102044.000000
0.000000	102044.000000
0.000000	102044.000000
0.000000	102044.000000
0.000000	102044.000000
0.000000	102044.000000
0.000000	102044.000000
0.000000	102044.000000
0.000000	102044.000000
0.000000	102044.000000
0.000000	102044.000000
0.000000	102044.000000
0.000000	102044.000000
0.000000	102044.000000
0.000000	102045.000000
0.000000	102045.000000
0.000000	102045.000000
0.000000	102045.000000
0.000000	102045.000000
0.000000	102045.000000
0.000000	102045.000000
0.000000	102045.000000
0.000000	102045.000000
0.000000	102045.000000
0.000000	102045.000000
0.000000	102045.000000
0.000000	102045.000000
0.000000	102045.000000
0.000000	102045.000000
0.000000	102045.000000
0.000000	102045.000000
0.000000	102046.000000
0.000000	102046.000000
0.000000	102046.000000
0.000000	102046.000000
0.000000	102046.000000
0.000000	102046.000000
0.000000	102046.000000
0.000000	102046.000000
0.000000	102046.000000
0.000000	102046.000000
0.000000	102046.000000
0.000000	102046.000000
0.000000	102046.000000
0.000000	102046.000000
0.000000	102046.000000
0.000000	102046.000000
0.000000	102046.000000
0.000000	102046.000000
0.000000	102047.000000
0.000000	102047.000000
0.000000	102047.000000
0.000000	102047.000000
0.000000	102047.000000
0.000000	102047.000000
0.000000	102047.000000
0.000000	102047.000000
0.000000	102047.000000
0.000000	102047.000000
0.000000	102047.000000
0.000000	102047.000000
0.000000	102047.000000
0.000000	102047.000000
0.000000	102047.000000
0.000000	102047.000000
0.000000	102047.000000
0.000000	102048.000000
0.000000	102048.000000
0.000000	102048.000000
0.000000	102048.000000
0.000000	102048.000000
0.000000	102048.000000
0.000000	102048.000000
0.000000	102048.000000
0.000000	102048.000000
0.000000	102048.000000
0.000000	102048.000000
0.000000	102048.000000
0.000000	102048.000000
0.000000	102048.000000
0.000000	102048.000000
0.000000	102048.000000
0.000000	102048.000000
0.000000	102049.000000
0.000000	102049.000000
0.000000	102049.000000
0.000000	102049.000000
0.000000	102049.000000
0.000000	102049.000000
0.000000	102049.000000
0.000000	102049.000000
0.000000	102049.000000
0.000000	102049.000000
0.000000	102049.000000
0.000000	102049.000000
0.000000	102049.000000
0.000000	102049.000000
0.000000	102049.000000
0.000000	102049.000000
0.000000	102049.000000
0.000000	102050.000000
0.000000	102050.000000
0.000000	102050.000000
0.000000	102050.000000
0.000000	102050.000000
0.000000	102050.000000
0.000000	102050.000000
0.000000	102050.000000
0.000000	102050.000000
0.000000	102050.000000
0.000000	102050.000000
0.000000	102050.000000
0.000000	102050.000000
0.000000	102050.000000
0.000000	102050.000000
0.000000	102050.000000
0.000000	102050.000000
0.000000	102051.000000
0.000000	102051.000000
0.000000	102051.000000
0.000000	102051.000000
0.000000	102051.000000
0.000000	102051.000000
0.000000	102051.000000
0.000000	102051.000000
0.000000	102051.000000
0.000000	102051.000000
0.000000	102051.000000
0.000000	102051.000000
0.000000	102051.000000
0.000000	102051.000000
0.000000	102051.000000
0.000000	102051.000000
0.000000	102051.000000
0.000000	102052.000000
0.000000	102052.000000
0.000000	102052.000000
0.000000	102052.000000
0.000000	102052.000000
0.000000	102052.000000
0.000000	102052.000000
0.000000	102052.000000
0.000000	102052.000000
0.000000	102052.000000
0.000000	102052.000000
0.000000	102052.000000
0.000000	102052.000000
0.000000	102052.000000
0.000000	102052.000000
0.000000	102052.000000
0.000000	102052.000000
0.000000	102053.000000
0.000000	102053.000000
0.000000	102053.000000
0.000000	102053.000000
0.000000	102053.000000
0.000000	102053.000000
0.000000	102053.000000
0.000000	102053.000000
0.000000	102053.000000
0.000000	102053.000000
0.000000	102053.000000
0.000000	102053.000000
0.000000	102053.000000
0.000000	102053.000000
0.000000	102053.000000
0.000000	102053.000000
0.000000	102053.000000
0.000000	102054.000000
0.000000	102054.000000
0.000000	102054.000000
0.000000	102054.000000
0.000000	102054.000000
0.000000	102054.000000
0.000000	102054.000000
0.000000	102054.000000
0.000000	102054.000000
0.000000	102054.000000
0.000000	102054.000000
0.000000	102054.000000
0.000000	102054.000000
0.000000	102054.000000
0.000000	102054.000000
0.000000	102054.000000
0.000000	102054.000000
0.000000	102055.000000
0.000000	102055.000000
0.000000	102055.000000
0.000000	102055.000000
0.000000	102055.000000
0.000000	102055.000000
0.000000	102055.000000
0.000000	102055.000000
0.000000	102055.000000
0.000000	102055.000000
0.000000	102055.000000
0.000000	102055.000000
0.000000	102055.000000
0.000000	102055.000000
0.000000	102055.000000
0.000000	102055.000000
0.000000	102055.000000
0.000000	102056.000000
0.000000	102056.000000
0.000000	102056.000000
0.000000	102056.000000
0.000000	102056.000000
0.000000	102056.000000
0.000000	102056.000000
0.000000	102056.000000
0.000000	102056.000000
0.000000	102056.000000
0.000000	102056.000000
0.000000	102056.000000
0.000000	102056.000000
0.000000	102056.000000
0.000000	102056.000000
0.000000	102056.000000
0.000000	102056.000000
0.000000	102057.000000
0.000000	102057.000000
0.000000	102057.000000
0.000000	102057.000000
0.000000	102057.000000
0.000000	102057.000000
0.000000	102057.000000
0.000000	102057.000000
0.000000	102057.000000
0.000000	102057.000000
0.000000	102057.000000
0.000000	102057.000000
0.000000	102057.000000
0.000000	102057.000000
0.000000	102057.000000
0.000000	102057.000000
0.000000	102057.000000
0.000000	102058.000000
0.000000	102058.000000
0.000000	102058.000000
0.000000	102058.000000
0.000000	102058.000000
0.000000	102058.000000
0.000000	102058.000000
0.000000	102058.000000
0.000000	102058.000000
0.000000	102058.000000
0.000000	102058.000000
0.000000	102058.000000
0.000000	102058.000000
0.000000	102058.000000
0.000000	102058.000000
0.000000	102058.000000
0.000000	102058.000000
0.000000	102059.000000
0.000000	102059.000000
0.000000	102059.000000
0.000000	102059.000000
0.000000	102059.000000
0.000000	102059.000000
0.000000	102059.000000
0.000000	102059.000000
0.000000	102059.000000
0.000000	102059.000000
0.000000	102059.000000
0.000000	102059.000000
0.000000	102059.000000
0.000000	102059.000000
0.000000	102059.000000
0.000000	102059.000000
0.000000	102059.000000
0.000000	102100.000000
0.000000	102100.000000
0.000000	102100.000000
0.000000	102100.000000
0.000000	102100.000000
0.000000	102100.000000
0.000000	102100.000000
0.000000	102100.000000
0.000000	102100.000000
0.000000	102100.000000
0.000000	102100.000000
0.000000	102100.000000
0.000000	102100.000000
0.000000	102100.000000
0.000000	102100.000000
0.000000	102100.000000
0.000000	102100.000000
0.000000	102101.000000
0.000000	102101.000000
0.000000	102101.000000
0.000000	102101.000000
0.000000	102101.000000
0.000000	102101.000000
0.000000	102101.000000
0.000000	102101.000000
0.000000	102101.000000
0.000000	102101.000000
0.000000	102101.000000
0.000000	102101.000000
0.000000	102101.000000
0.000000	102101.000000
0.000000	102101.000000
0.000000	102101.000000
0.000000	102101.000000
0.000000	102102.000000
0.000000	102102.000000
0.000000	102102.000000
0.000000	102102.000000
0.000000	102102.000000
0.000000	102102.000000
0.000000	102102.000000
0.000000	102102.000000
0.000000	102102.000000
0.000000	102102.000000
0.000000	102102.000000
0.000000	102102.000000
0.000000	102102.000000
0.000000	102102.000000
0.000000	102102.000000
0.000000	102102.000000
0.000000	102102.000000
0.000000	102102.000000
0.000000	102103.000000
0.000000	102103.000000
0.000000	102103.000000
0.000000	102103.000000
0.000000	102103.000000
0.000000	102103.000000
0.000000	102103.000000
0.000000	102103.000000
0.000000	102103.000000
0.000000	102103.000000
0.000000	102103.000000
0.000000	102103.000000
0.000000	102103.000000
0.000000	102103.000000
0.000000	102103.000000
0.000000	102103.000000
0.000000	102104.000000
0.000000	102104.000000
0.000000	102104.000000
0.000000	102104.000000
0.000000	102104.000000
0.000000	102104.000000
0.000000	102104.000000
0.000000	102104.000000
0.000000	102104.000000
0.000000	102104.000000
0.000000	102104.000000
0.000000	102104.000000
0.000000	102104.000000
0.000000	102104.000000
0.000000	102104.000000
0.000000	102104.000000
0.000000	102104.000000
0.000000	102104.000000
0.000000	102105.000000
0.000000	102105.000000
0.000000	102105.000000
0.000000	102105.000000
0.000000	102105.000000
0.000000	102105.000000
0.000000	102105.000000
0.000000	102105.000000
0.000000	102105.000000
0.000000	102105.000000
0.000000	102105.000000
0.000000	102105.000000
0.000000	102105.000000
0.000000	102105.000000
0.000000	102105.000000
0.000000	102105.000000
0.000000	102105.000000
0.000000	102106.000000
0.000000	102106.000000
0.000000	102106.000000
0.000000	102106.000000
0.000000	102106.000000
0.000000	102106.000000
0.000000	102106.000000
0.000000	102106.000000
0.000000	102106.000000
0.000000	102106.000000
0.000000	102106.000000
0.000000	102106.000000
0.000000	102106.000000
0.000000	102106.000000
0.000000	102106.000000
0.000000	102106.000000
0.000000	102106.000000
0.000000	102107.000000
0.000000	102107.000000
0.000000	102107.000000
0.000000	102107.000000
0.000000	102107.000000
0.000000	102107.000000
0.000000	102107.000000
0.000000	102107.000000
0.000000	102107.000000
0.000000	102107.000000
0.000000	102107.000000
0.000000	102107.000000
0.000000	102107.000000
0.000000	102107.000000
0.000000	102107.000000
0.000000	102107.000000
0.000000	102107.000000
0.000000	102108.000000
0.000000	102108.000000
0.000000	102108.000000
0.000000	102108.000000
0.000000	102108.000000
0.000000	102108.000000
0.000000	102108.000000
0.000000	102108.000000
0.000000	102108.000000
0.000000	102108.000000
0.000000	102108.000000
0.000000	102108.000000
0.000000	102108.000000
0.000000	102108.000000
0.000000	102108.000000
0.000000	102108.000000
0.000000	102108.000000
0.000000	102109.000000
0.000000	102109.000000
0.000000	102109.000000
0.000000	102109.000000
0.000000	102109.000000
0.000000	102109.000000
0.000000	102109.000000
0.000000	102109.000000
0.000000	102109.000000
0.000000	102109.000000
0.000000	102109.000000
0.000000	102109.000000
0.000000	102109.000000
0.000000	102109.000000
0.000000	102109.000000
0.000000	102109.000000
0.000000	102109.000000
0.000000	102110.000000
0.000000	102110.000000
0.000000	102110.000000
0.000000	102110.000000
0.000000	102110.000000
0.000000	102110.000000
0.000000	102110.000000
0.000000	102110.000000
0.000000	102110.000000
0.000000	102110.000000
0.000000	102110.000000
0.000000	102110.000000
0.000000	102110.000000
0.000000	102110.000000
0.000000	102110.000000
0.000000	102110.000000
0.000000	102110.000000
0.000000	102111.000000
0.000000	102111.000000
0.000000	102111.000000
0.000000	102111.000000
0.000000	102111.000000
0.000000	102111.000000
0.000000	102111.000000
0.000000	102111.000000
0.000000	102111.000000
0.000000	102111.000000
0.000000	102111.000000
0.000000	102111.000000
0.000000	102111.000000
0.000000	102111.000000
0.000000	102111.000000
0.000000	102111.000000
0.000000	102112.000000
0.000000	102112.000000
0.000000	102112.000000
0.000000	102112.000000
0.000000	102112.000000
0.000000	102112.000000
0.000000	102112.000000
0.000000	102112.000000
0.000000	102112.000000
0.000000	102112.000000
0.000000	102112.000000
0.000000	102112.000000
0.000000	102112.000000
0.000000	102112.000000
0.000000	102112.000000
0.000000	102112.000000
0.000000	102112.000000
0.000000	102112.000000
0.000000	102113.000000
0.000000	102113.000000
0.000000	102113.000000
0.000000	102113.000000
0.000000	102113.000000
0.000000	102113.000000
0.000000	102113.000000
0.000000	102113.000000
0.000000	102113.000000
0.000000	102113.000000
0.000000	102113.000000
0.000000	102113.000000
0.000000	102113.000000
0.000000	102113.000000
0.000000	102113.000000
0.000000	102113.000000
0.000000	102113.000000
0.000000	102114.000000
0.000000	102114.000000
0.000000	102114.000000
0.000000	102114.000000
0.000000	102114.000000
0.000000	102114.000000
0.000000	102114.000000
0.000000	102114.000000
0.000000	102114.000000
0.000000	102114.000000
0.000000	102114.000000
0.000000	102114.000000
0.000000	102114.000000
0.000000	102114.000000
0.000000	102114.000000
0.000000	102114.000000
0.000000	102114.000000
0.000000	102115.000000
0.000000	102115.000000
0.000000	102115.000000
0.000000	102115.000000
0.000000	102115.000000
0.000000	102115.000000
0.000000	102115.000000
0.000000	102115.000000
0.000000	102115.000000
0.000000	102115.000000
0.000000	102115.000000
0.000000	102115.000000
0.000000	102115.000000
0.000000	102115.000000
0.000000	102115.000000
0.000000	102115.000000
0.000000	102116.000000
0.000000	102116.000000
0.000000	102116.000000
0.000000	102116.000000
0.000000	102116.000000
0.000000	102116.000000
0.000000	102116.000000
0.000000	102116.000000
0.000000	102116.000000
0.000000	102116.000000
0.000000	102116.000000
0.000000	102116.000000
0.000000	102116.000000
0.000000	102116.000000
0.000000	102116.000000
0.000000	102116.000000
0.000000	102116.000000
0.000000	102116.000000
0.000000	102117.000000
0.000000	102117.000000
0.000000	102117.000000
0.000000	102117.000000
0.000000	102117.000000
0.000000	102117.000000
0.000000	102117.000000
0.000000	102117.000000
0.000000	102117.000000
0.000000	102117.000000
0.000000	102117.000000
0.000000	102117.000000
0.000000	102117.000000
0.000000	102117.000000
0.000000	102117.000000
0.000000	102117.000000
0.000000	102117.000000
0.000000	102117.000000
0.000000	102118.000000
0.000000	102118.000000
0.000000	102118.000000
0.000000	102118.000000
0.000000	102118.000000
0.000000	102118.000000
0.000000	102118.000000
0.000000	102118.000000
0.000000	102118.000000
0.000000	102118.000000
0.000000	102118.000000
0.000000	102118.000000
0.000000	102118.000000
0.000000	102118.000000
0.000000	102118.000000
0.000000	102118.000000
0.000000	102118.000000
0.000000	102119.000000
0.000000	102119.000000
0.000000	102119.000000
0.000000	102119.000000
0.000000	102119.000000
0.000000	102119.000000
0.000000	102119.000000
0.000000	102119.000000
0.000000	102119.000000
0.000000	102119.000000
0.000000	102119.000000
0.000000	102119.000000
0.000000	102119.000000
0.000000	102119.000000
0.000000	102119.000000
0.000000	102119.000000
0.000000	102119.000000
0.000000	102120.000000
0.000000	102120.000000
0.000000	102120.000000
0.000000	102120.000000
0.000000	102120.000000
0.000000	102120.000000
0.000000	102120.000000
0.000000	102120.000000
0.000000	102120.000000
0.000000	102120.000000
0.000000	102120.000000
0.000000	102120.000000
0.000000	102120.000000
0.000000	102120.000000
0.000000	102120.000000
0.000000	102120.000000
0.000000	102120.000000
0.000000	102121.000000
0.000000	102121.000000
0.000000	102121.000000
0.000000	102121.000000
0.000000	102121.000000
0.000000	102121.000000
0.000000	102121.000000
0.000000	102121.000000
0.000000	102121.000000
0.000000	102121.000000
0.000000	102121.000000
0.000000	102121.000000
0.000000	102121.000000
0.000000	102121.000000
0.000000	102121.000000
0.000000	102121.000000
0.000000	102121.000000
0.000000	102122.000000
0.000000	102122.000000
0.000000	102122.000000
0.000000	102122.000000
0.000000	102122.000000
0.000000	102122.000000
0.000000	102122.000000
0.000000	102122.000000
0.000000	102122.000000
0.000000	102122.000000
0.000000	102122.000000
0.000000	102122.000000
0.000000	102122.000000
0.000000	102122.000000
0.000000	102122.000000
0.000000	102122.000000
0.000000	102122.000000
0.000000	102123.000000
0.000000	102123.000000
0.000000	102123.000000
0.000000	102123.000000
0.000000	102123.000000
0.000000	102123.000000
0.000000	102123.000000
0.000000	102123.000000
0.000000	102123.000000
0.000000	102123.000000
0.000000	102123.000000
0.000000	102123.000000
0.000000	102123.000000
0.000000	102123.000000
0.000000	102123.000000
0.000000	102123.000000
0.000000	102123.000000
0.000000	102124.000000
0.000000	102124.000000
0.000000	102124.000000
0.000000	102124.000000
0.000000	102124.000000
0.000000	102124.000000
0.000000	102124.000000
0.000000	102124.000000
0.000000	102124.000000
0.000000	102124.000000
0.000000	102124.000000
0.000000	102124.000000
0.000000	102124.000000
0.000000	102124.000000
0.000000	102124.000000
0.000000	102124.000000
0.000000	102124.000000
0.000000	102125.000000
0.000000	102125.000000
0.000000	102125.000000
0.000000	102125.000000
0.000000	102125.000000
0.000000	102125.000000
0.000000	102125.000000
0.000000	102125.000000
0.000000	102125.000000
0.000000	102125.000000
0.000000	102125.000000
0.000000	102125.000000
0.000000	102125.000000
0.000000	102125.000000
0.000000	102125.000000
0.000000	102125.000000
0.000000	102125.000000
0.000000	102126.000000
0.000000	102126.000000
0.000000	102126.000000
0.000000	102126.000000
0.000000	102126.000000
0.000000	102126.000000
0.000000	102126.000000
0.000000	102126.000000
0.000000	102126.000000
0.000000	102126.000000
0.000000	102126.000000
0.000000	102126.000000
0.000000	102126.000000
0.000000	102126.000000
0.000000	102126.000000
0.000000	102126.000000
0.000000	102126.000000
0.000000	102127.000000
0.000000	102127.000000
0.000000	102127.000000
0.000000	102127.000000
0.000000	102127.000000
0.000000	102127.000000
0.000000	102127.000000
0.000000	102127.000000
0.000000	102127.000000
0.000000	102127.000000
0.000000	102127.000000
0.000000	102127.000000
0.000000	102127.000000
0.000000	102127.000000
0.000000	102127.000000
0.000000	102127.000000
0.000000	102127.000000
0.000000	102128.000000
0.000000	102128.000000
0.000000	102128.000000
0.000000	102128.000000
0.000000	102128.000000
0.000000	102128.000000
0.000000	102128.000000
0.000000	102128.000000
0.000000	102128.000000
0.000000	102128.000000
0.000000	102128.000000
0.000000	102128.000000
0.000000	102128.000000
0.000000	102128.000000
0.000000	102128.000000
0.000000	102128.000000
0.000000	102128.000000
0.000000	102129.000000
0.000000	102129.000000
0.000000	102129.000000
0.000000	102129.000000
0.000000	102129.000000
0.000000	102129.000000
0.000000	102129.000000
0.000000	102129.000000
0.000000	102129.000000
0.000000	102129.000000
0.000000	102129.000000
0.000000	102129.000000
0.000000	102129.000000
0.000000	102129.000000
0.000000	102129.000000
0.000000	102129.000000
0.000000	102129.000000
0.000000	102130.000000
0.000000	102130.000000
0.000000	102130.000000
0.000000	102130.000000
0.000000	102130.000000
0.000000	102130.000000
0.000000	102130.000000
0.000000	102130.000000
0.000000	102130.000000
0.000000	102130.000000
0.000000	102130.000000
0.000000	102130.000000
0.000000	102130.000000
0.000000	102130.000000
0.000000	102130.000000
0.000000	102130.000000
0.000000	102130.000000
0.000000	102131.000000
0.000000	102131.000000
0.000000	102131.000000
0.000000	102131.000000
0.000000	102131.000000
0.000000	102131.000000
0.000000	102131.000000
0.000000	102131.000000
0.000000	102131.000000
0.000000	102131.000000
0.000000	102131.000000
0.000000	102131.000000
0.000000	102131.000000
0.000000	102131.000000
0.000000	102131.000000
0.000000	102131.000000
0.000000	102131.000000
0.000000	102132.000000
0.000000	102132.000000
0.000000	102132.000000
0.000000	102132.000000
0.000000	102132.000000
0.000000	102132.000000
0.000000	102132.000000
0.000000	102132.000000
0.000000	102132.000000
0.000000	102132.000000
0.000000	102132.000000
0.000000	102132.000000
0.000000	102132.000000
0.000000	102132.000000
0.000000	102132.000000
0.000000	102132.000000
0.000000	102132.000000
0.000000	102132.000000
0.000000	102133.000000
0.000000	102133.000000
0.000000	102133.000000
0.000000	102133.000000
0.000000	102133.000000
0.000000	102133.000000
0.000000	102133.000000
0.000000	102133.000000
0.000000	102133.000000
0.000000	102133.000000
0.000000	102133.000000
0.000000	102133.000000
0.000000	102133.000000
0.000000	102133.000000
0.000000	102133.000000
0.000000	102133.000000
0.000000	102133.000000
0.000000	102134.000000
0.000000	102134.000000
0.000000	102134.000000
0.000000	102134.000000
0.000000	102134.000000
0.000000	102134.000000
0.000000	102134.000000
0.000000	102134.000000
0.000000	102134.000000
0.000000	102134.000000
0.000000	102134.000000
0.000000	102134.000000
0.000000	102134.000000
0.000000	102134.000000
0.000000	102134.000000
0.000000	102134.000000
0.000000	102134.000000
0.000000	102135.000000
0.000000	102135.000000
0.000000	102135.000000
0.000000	102135.000000
0.000000	102135.000000
0.000000	102135.000000
0.000000	102135.000000
0.000000	102135.000000
0.000000	102135.000000
0.000000	102135.000000
0.000000	102135.000000
0.000000	102135.000000
0.000000	102135.000000
0.000000	102135.000000
0.000000	102135.000000
0.000000	102135.000000
0.000000	102135.000000
0.000000	102136.000000
0.000000	102136.000000
0.000000	102136.000000
0.000000	102136.000000
0.000000	102136.000000
0.000000	102136.000000
0.000000	102136.000000
0.000000	102136.000000
0.000000	102136.000000
0.000000	102136.000000
0.000000	102136.000000
0.000000	102136.000000
0.000000	102136.000000
0.000000	102136.000000
0.000000	102136.000000
0.000000	102136.000000
0.000000	102136.000000
0.000000	102137.000000
0.000000	102137.000000
0.000000	102137.000000
0.000000	102137.000000
0.000000	102137.000000
0.000000	102137.000000
0.000000	102137.000000
0.000000	102137.000000
0.000000	102137.000000
0.000000	102137.000000
0.000000	102137.000000
0.000000	102137.000000
0.000000	102137.000000
0.000000	102137.000000
0.000000	102137.000000
0.000000	102137.000000
0.000000	102137.000000
0.000000	102138.000000
0.000000	102138.000000
0.000000	102138.000000
0.000000	102138.000000
0.000000	102138.000000
0.000000	102138.000000
0.000000	102138.000000
0.000000	102138.000000
0.000000	102138.000000
0.000000	102138.000000
0.000000	102138.000000
0.000000	102138.000000
0.000000	102138.000000
0.000000	102138.000000
0.000000	102138.000000
0.000000	102138.000000
0.000000	102138.000000
0.000000	102139.000000
0.000000	102139.000000
0.000000	102139.000000
0.000000	102139.000000
0.000000	102139.000000
0.000000	102139.000000
0.000000	102139.000000
0.000000	102139.000000
0.000000	102139.000000
0.000000	102139.000000
0.000000	102139.000000
0.000000	102139.000000
0.000000	102139.000000
0.000000	102139.000000
0.000000	102139.000000
0.000000	102139.000000
0.000000	102139.000000
0.000000	102140.000000
0.000000	102140.000000
0.000000	102140.000000
0.000000	102140.000000
0.000000	102140.000000
0.000000	102140.000000
0.000000	102140.000000
0.000000	102140.000000
0.000000	102140.000000
0.000000	102140.000000
0.000000	102140.000000
0.000000	102140.000000
0.000000	102140.000000
0.000000	102140.000000
0.000000	102140.000000
0.000000	102141.000000
0.000000	102141.000000
0.000000	102141.000000
0.000000	102141.000000
0.000000	102141.000000
0.000000	102141.000000
0.000000	102141.000000
0.000000	102141.000000
0.000000	102141.000000
0.000000	102141.000000
0.000000	102141.000000
0.000000	102141.000000
0.000000	102141.000000
0.000000	102141.000000
0.000000	102141.000000
0.000000	102141.000000
0.000000	102141.000000
0.000000	102141.000000
0.000000	102141.000000
0.000000	102142.000000
0.000000	102142.000000
0.000000	102142.000000
0.000000	102142.000000
0.000000	102142.000000
0.000000	102142.000000
0.000000	102142.000000
0.000000	102142.000000
0.000000	102142.000000
0.000000	102142.000000
0.000000	102142.000000
0.000000	102142.000000
0.000000	102142.000000
0.000000	102142.000000
0.000000	102142.000000
0.000000	102142.000000
0.000000	102142.000000
0.000000	102143.000000
0.000000	102143.000000
0.000000	102143.000000
0.000000	102143.000000
0.000000	102143.000000
0.000000	102143.000000
0.000000	102143.000000
0.000000	102143.000000
0.000000	102143.000000
0.000000	102143.000000
0.000000	102143.000000
0.000000	102143.000000
0.000000	102143.000000
0.000000	102143.000000
0.000000	102143.000000
0.000000	102143.000000
0.000000	102143.000000
0.000000	102144.000000
0.000000	102144.000000
0.000000	102144.000000
0.000000	102144.000000
0.000000	102144.000000
0.000000	102144.000000
0.000000	102144.000000
0.000000	102144.000000
0.000000	102144.000000
0.000000	102144.000000
0.000000	102144.000000
0.000000	102144.000000
0.000000	102144.000000
0.000000	102144.000000
0.000000	102144.000000
0.000000	102144.000000
0.000000	102144.000000
0.000000	102145.000000
0.000000	102145.000000
0.000000	102145.000000
0.000000	102145.000000
0.000000	102145.000000
0.000000	102145.000000
0.000000	102145.000000
0.000000	102145.000000
0.000000	102145.000000
0.000000	102145.000000
0.000000	102145.000000
0.000000	102145.000000
0.000000	102145.000000
0.000000	102145.000000
0.000000	102145.000000
0.000000	102145.000000
0.000000	102145.000000
0.000000	102146.000000
0.000000	102146.000000
0.000000	102146.000000
0.000000	102146.000000
0.000000	102146.000000
0.000000	102146.000000
0.000000	102146.000000
0.000000	102146.000000
0.000000	102146.000000
0.000000	102146.000000
0.000000	102146.000000
0.000000	102146.000000
0.000000	102146.000000
0.000000	102146.000000
0.000000	102146.000000
0.000000	102146.000000
0.000000	102146.000000
0.000000	102147.000000
0.000000	102147.000000
0.000000	102147.000000
0.000000	102147.000000
0.000000	102147.000000
0.000000	102147.000000
0.000000	102147.000000
0.000000	102147.000000
0.000000	102147.000000
0.000000	102147.000000
0.000000	102147.000000
0.000000	102147.000000
0.000000	102147.000000
0.000000	102147.000000
0.000000	102147.000000
0.000000	102147.000000
0.000000	102147.000000
0.000000	102147.000000
0.000000	102148.000000
0.000000	102148.000000
0.000000	102148.000000
0.000000	102148.000000
0.000000	102148.000000
0.000000	102148.000000
0.000000	102148.000000
0.000000	102148.000000
0.000000	102148.000000
0.000000	102148.000000
0.000000	102148.000000
0.000000	102148.000000
0.000000	102148.000000
0.000000	102148.000000
0.000000	102148.000000
0.000000	102148.000000
0.000000	102148.000000
0.000000	102149.000000
0.000000	102149.000000
0.000000	102149.000000
0.000000	102149.000000
0.000000	102149.000000
0.000000	102149.000000
0.000000	102149.000000
0.000000	102149.000000
0.000000	102149.000000
0.000000	102149.000000
0.000000	102149.000000
0.000000	102149.000000
0.000000	102149.000000
0.000000	102149.000000
0.000000	102149.000000
0.000000	102149.000000
0.000000	102149.000000
0.000000	102150.000000
0.000000	102150.000000
0.000000	102150.000000
0.000000	102150.000000
0.000000	102150.000000
0.000000	102150.000000
0.000000	102150.000000
0.000000	102150.000000
0.000000	102150.000000
0.000000	102150.000000
0.000000	102150.000000
0.000000	102150.000000
0.000000	102150.000000
0.000000	102150.000000
0.000000	102150.000000
0.000000	102150.000000
0.000000	102150.000000
0.000000	102151.000000
0.000000	102151.000000
0.000000	102151.000000
0.000000	102151.000000
0.000000	102151.000000
0.000000	102151.000000
0.000000	102151.000000
0.000000	102151.000000
0.000000	102151.000000
0.000000	102151.000000
0.000000	102151.000000
0.000000	102151.000000
0.000000	102151.000000
0.000000	102151.000000
0.000000	102151.000000
0.000000	102151.000000
0.000000	102151.000000
0.000000	102152.000000
0.000000	102152.000000
0.000000	102152.000000
0.000000	102152.000000
0.000000	102152.000000
0.000000	102152.000000
0.000000	102152.000000
0.000000	102152.000000
0.000000	102152.000000
0.000000	102152.000000
0.000000	102152.000000
0.000000	102152.000000
0.000000	102152.000000
0.000000	102152.000000
0.000000	102152.000000
0.000000	102152.000000
0.000000	102152.000000
0.000000	102153.000000
0.000000	102153.000000
0.000000	102153.000000
0.000000	102153.000000
0.000000	102153.000000
0.000000	102153.000000
0.000000	102153.000000
0.000000	102153.000000
0.000000	102153.000000
0.000000	102153.000000
0.000000	102153.000000
0.000000	102153.000000
0.000000	102153.000000
0.000000	102153.000000
0.000000	102153.000000
0.000000	102153.000000
0.000000	102153.000000
0.000000	102154.000000
0.000000	102154.000000
0.000000	102154.000000
0.000000	102154.000000
0.000000	102154.000000
0.000000	102154.000000
0.000000	102154.000000
0.000000	102154.000000
0.000000	102154.000000
0.000000	102154.000000
0.000000	102154.000000
0.000000	102154.000000
0.000000	102154.000000
0.000000	102154.000000
0.000000	102154.000000
0.000000	102154.000000
0.000000	102154.000000
0.000000	102155.000000
0.000000	102155.000000
0.000000	102155.000000
0.000000	102155.000000
0.000000	102155.000000
0.000000	102155.000000
0.000000	102155.000000
0.000000	102155.000000
0.000000	102155.000000
0.000000	102155.000000
0.000000	102155.000000
0.000000	102155.000000
0.000000	102155.000000
0.000000	102155.000000
0.000000	102155.000000
0.000000	102155.000000
0.000000	102155.000000
0.000000	102156.000000
0.000000	102156.000000
0.000000	102156.000000
0.000000	102156.000000
0.000000	102156.000000
0.000000	102156.000000
0.000000	102156.000000
0.000000	102156.000000
0.000000	102156.000000
0.000000	102156.000000
0.000000	102156.000000
0.000000	102156.000000
0.000000	102156.000000
0.000000	102156.000000
0.000000	102156.000000
0.000000	102156.000000
0.000000	102156.000000
0.000000	102157.000000
0.000000	102157.000000
0.000000	102157.000000
0.000000	102157.000000
0.000000	102157.000000
0.000000	102157.000000
0.000000	102157.000000
0.000000	102157.000000
0.000000	102157.000000
0.000000	102157.000000
0.000000	102157.000000
0.000000	102157.000000
0.000000	102157.000000
0.000000	102157.000000
0.000000	102157.000000
0.000000	102157.000000
0.000000	102157.000000
0.000000	102158.000000
0.000000	102158.000000
0.000000	102158.000000
0.000000	102158.000000
0.000000	102158.000000
0.000000	102158.000000
0.000000	102158.000000
0.000000	102158.000000
0.000000	102158.000000
0.000000	102158.000000
0.000000	102158.000000
0.000000	102158.000000
0.000000	102158.000000
0.000000	102159.000000
0.000000	102159.000000
0.000000	102159.000000
0.000000	102159.000000
0.000000	102159.000000
0.000000	102159.000000
0.000000	102159.000000
0.000000	102159.000000
0.000000	102159.000000
0.000000	102159.000000
0.000000	102159.000000
0.000000	102159.000000
0.000000	102159.000000
0.000000	102159.000000
0.000000	102159.000000
0.000000	102159.000000
0.000000	102159.000000
0.000000	102159.000000
0.000000	102159.000000
0.000000	102159.000000
0.000000	102159.000000
0.000000	102200.000000
0.000000	102200.000000
0.000000	102200.000000
0.000000	102200.000000
0.000000	102200.000000
0.000000	102200.000000
0.000000	102200.000000
0.000000	102200.000000
0.000000	102200.000000
0.000000	102200.000000
0.000000	102200.000000
0.000000	102200.000000
0.000000	102200.000000
0.000000	102200.000000
0.000000	102200.000000
0.000000	102200.000000
0.000000	102200.000000
0.000000	102201.000000
0.000000	102201.000000
0.000000	102201.000000
0.000000	102201.000000
0.000000	102201.000000
0.000000	102201.000000
0.000000	102201.000000
0.000000	102201.000000
0.000000	102201.000000
0.000000	102201.000000
0.000000	102201.000000
0.000000	102201.000000
0.000000	102201.000000
0.000000	102201.000000
0.000000	102201.000000
0.000000	102201.000000
0.000000	102201.000000
0.000000	102202.000000
0.000000	102202.000000
0.000000	102202.000000
0.000000	102202.000000
0.000000	102202.000000
0.000000	102202.000000
0.000000	102202.000000
0.000000	102202.000000
0.000000	102202.000000
0.000000	102202.000000
0.000000	102202.000000
0.000000	102202.000000
0.000000	102202.000000
0.000000	102202.000000
0.000000	102202.000000
0.000000	102202.000000
0.000000	102202.000000
0.000000	102202.000000
0.000000	102203.000000
0.000000	102203.000000
0.000000	102203.000000
0.000000	102203.000000
0.000000	102203.000000
0.000000	102203.000000
0.000000	102203.000000
0.000000	102203.000000
0.000000	102203.000000
0.000000	102203.000000
0.000000	102203.000000
0.000000	102203.000000
0.000000	102203.000000
0.000000	102203.000000
0.000000	102203.000000
0.000000	102203.000000
0.000000	102203.000000
0.000000	102204.000000
0.000000	102204.000000
0.000000	102204.000000
0.000000	102204.000000
0.000000	102204.000000
0.000000	102204.000000
0.000000	102204.000000
0.000000	102204.000000
0.000000	102204.000000
0.000000	102204.000000
0.000000	102204.000000
0.000000	102204.000000
0.000000	102204.000000
0.000000	102204.000000
0.000000	102204.000000
0.000000	102204.000000
0.000000	102204.000000
0.000000	102205.000000
0.000000	102205.000000
0.000000	102205.000000
0.000000	102205.000000
0.000000	102205.000000
0.000000	102205.000000
0.000000	102205.000000
0.000000	102205.000000
0.000000	102205.000000
0.000000	102205.000000
0.000000	102205.000000
0.000000	102205.000000
0.000000	102205.000000
0.000000	102205.000000
0.000000	102205.000000
0.000000	102205.000000
0.000000	102205.000000
0.000000	102206.000000
0.000000	102206.000000
0.000000	102206.000000
0.000000	102206.000000
0.000000	102206.000000
0.000000	102206.000000
0.000000	102206.000000
0.000000	102206.000000
0.000000	102206.000000
0.000000	102206.000000
0.000000	102206.000000
0.000000	102206.000000
0.000000	102206.000000
0.000000	102206.000000
0.000000	102206.000000
0.000000	102206.000000
0.000000	102207.000000
0.000000	102207.000000
0.000000	102207.000000
0.000000	102207.000000
0.000000	102207.000000
0.000000	102207.000000
0.000000	102207.000000
0.000000	102207.000000
0.000000	102207.000000
0.000000	102207.000000
0.000000	102207.000000
0.000000	102207.000000
0.000000	102207.000000
0.000000	102207.000000
0.000000	102207.000000
0.000000	102207.000000
0.000000	102207.000000
0.000000	102207.000000
0.000000	102208.000000
0.000000	102208.000000
0.000000	102208.000000
0.000000	102208.000000
0.000000	102208.000000
0.000000	102208.000000
0.000000	102208.000000
0.000000	102208.000000
0.000000	102208.000000
0.000000	102208.000000
0.000000	102208.000000
0.000000	102208.000000
0.000000	102208.000000
0.000000	102208.000000
0.000000	102208.000000
0.000000	102208.000000
0.000000	102208.000000
0.000000	102209.000000
0.000000	102209.000000
0.000000	102209.000000
0.000000	102209.000000
0.000000	102209.000000
0.000000	102209.000000
0.000000	102209.000000
0.000000	102209.000000
0.000000	102209.000000
0.000000	102209.000000
0.000000	102209.000000
0.000000	102209.000000
0.000000	102209.000000
0.000000	102209.000000
0.000000	102209.000000
0.000000	102209.000000
0.000000	102209.000000
0.000000	102210.000000
0.000000	102210.000000
0.000000	102210.000000
0.000000	102210.000000
0.000000	102210.000000
0.000000	102210.000000
0.000000	102210.000000
0.000000	102210.000000
0.000000	102210.000000
0.000000	102210.000000
0.000000	102210.000000
0.000000	102210.000000
0.000000	102210.000000
0.000000	102210.000000
0.000000	102210.000000
0.000000	102210.000000
0.000000	102210.000000
0.000000	102211.000000
0.000000	102211.000000
0.000000	102211.000000
0.000000	102211.000000
0.000000	102211.000000
0.000000	102211.000000
0.000000	102211.000000
0.000000	102211.000000
0.000000	102211.000000
0.000000	102211.000000
0.000000	102211.000000
0.000000	102211.000000
0.000000	102211.000000
0.000000	102211.000000
0.000000	102211.000000
0.000000	102211.000000
0.000000	102211.000000
0.000000	102212.000000
0.000000	102212.000000
0.000000	102212.000000
0.000000	102212.000000
0.000000	102212.000000
0.000000	102212.000000
0.000000	102212.000000
0.000000	102212.000000
0.000000	102212.000000
0.000000	102212.000000
0.000000	102212.000000
0.000000	102212.000000
0.000000	102212.000000
0.000000	102212.000000
0.000000	102212.000000
0.000000	102212.000000
0.000000	102212.000000
0.000000	102213.000000
0.000000	102213.000000
0.000000	102213.000000
0.000000	102213.000000
0.000000	102213.000000
0.000000	102213.000000
0.000000	102213.000000
0.000000	102213.000000
0.000000	102213.000000
0.000000	102213.000000
0.000000	102213.000000
0.000000	102213.000000
0.000000	102213.000000
0.000000	102213.000000
0.000000	102213.000000
0.000000	102213.000000
0.000000	102213.000000
0.000000	102214.000000
0.000000	102214.000000
0.000000	102214.000000
0.000000	102214.000000
0.000000	102214.000000
0.000000	102214.000000
0.000000	102214.000000
0.000000	102214.000000
0.000000	102214.000000
0.000000	102214.000000
0.000000	102214.000000
0.000000	102214.000000
0.000000	102214.000000
0.000000	102214.000000
0.000000	102214.000000
0.000000	102214.000000
0.000000	102214.000000
0.000000	102215.000000
0.000000	102215.000000
0.000000	102215.000000
0.000000	102215.000000
0.000000	102215.000000
0.000000	102215.000000
0.000000	102215.000000
0.000000	102215.000000
0.000000	102215.000000
0.000000	102215.000000
0.000000	102215.000000
0.000000	102215.000000
0.000000	102215.000000
0.000000	102215.000000
0.000000	102215.000000
0.000000	102215.000000
0.000000	102215.000000
0.000000	102216.000000
0.000000	102216.000000
0.000000	102216.000000
0.000000	102216.000000
0.000000	102216.000000
0.000000	102216.000000
0.000000	102216.000000
0.000000	102216.000000
0.000000	102216.000000
0.000000	102216.000000
0.000000	102216.000000
0.000000	102216.000000
0.000000	102216.000000
0.000000	102216.000000
0.000000	102216.000000
0.000000	102216.000000
0.000000	102216.000000
0.000000	102217.000000
0.000000	102217.000000
0.000000	102217.000000
0.000000	102217.000000
0.000000	102217.000000
0.000000	102217.000000
0.000000	102217.000000
0.000000	102217.000000
0.000000	102217.000000
0.000000	102217.000000
0.000000	102217.000000
0.000000	102217.000000
0.000000	102217.000000
0.000000	102217.000000
0.000000	102217.000000
0.000000	102217.000000
0.000000	102217.000000
0.000000	102217.000000
0.000000	102218.000000
0.000000	102218.000000
0.000000	102218.000000
0.000000	102218.000000
0.000000	102218.000000
0.000000	102218.000000
0.000000	102218.000000
0.000000	102218.000000
0.000000	102218.000000
0.000000	102218.000000
0.000000	102218.000000
0.000000	102218.000000
0.000000	102218.000000
0.000000	102218.000000
0.000000	102218.000000
0.000000	102218.000000
0.000000	102218.000000
0.000000	102219.000000
0.000000	102219.000000
0.000000	102219.000000
0.000000	102219.000000
0.000000	102219.000000
0.000000	102219.000000
0.000000	102219.000000
0.000000	102219.000000
0.000000	102219.000000
0.000000	102219.000000
0.000000	102219.000000
0.000000	102219.000000
0.000000	102219.000000
0.000000	102219.000000
0.000000	102219.000000
0.000000	102219.000000
0.000000	102219.000000
0.000000	102220.000000
0.000000	102220.000000
0.000000	102220.000000
0.000000	102220.000000
0.000000	102220.000000
0.000000	102220.000000
0.000000	102220.000000
0.000000	102220.000000
0.000000	102220.000000
0.000000	102220.000000
0.000000	102220.000000
0.000000	102220.000000
0.000000	102220.000000
0.000000	102220.000000
0.000000	102220.000000
0.000000	102220.000000
0.000000	102220.000000
0.000000	102221.000000
0.000000	102221.000000
0.000000	102221.000000
0.000000	102221.000000
0.000000	102221.000000
0.000000	102221.000000
0.000000	102221.000000
0.000000	102221.000000
0.000000	102221.000000
0.000000	102221.000000
0.000000	102221.000000
0.000000	102221.000000
0.000000	102221.000000
0.000000	102221.000000
0.000000	102221.000000
0.000000	102221.000000
0.000000	102221.000000
0.000000	102222.000000
0.000000	102222.000000
0.000000	102222.000000
0.000000	102222.000000
0.000000	102222.000000
0.000000	102222.000000
0.000000	102222.000000
0.000000	102222.000000
0.000000	102222.000000
0.000000	102222.000000
0.000000	102222.000000
0.000000	102222.000000
0.000000	102222.000000
0.000000	102222.000000
0.000000	102222.000000
0.000000	102222.000000
0.000000	102222.000000
0.000000	102223.000000
0.000000	102223.000000
0.000000	102223.000000
0.000000	102223.000000
0.000000	102223.000000
0.000000	102223.000000
0.000000	102223.000000
0.000000	102223.000000
0.000000	102223.000000
0.000000	102223.000000
0.000000	102223.000000
0.000000	102223.000000
0.000000	102223.000000
0.000000	102223.000000
0.000000	102223.000000
0.000000	102223.000000
0.000000	102223.000000
0.000000	102224.000000
0.000000	102224.000000
0.000000	102224.000000
0.000000	102224.000000
0.000000	102224.000000
0.000000	102224.000000
0.000000	102224.000000
0.000000	102224.000000
0.000000	102224.000000
0.000000	102224.000000
0.000000	102224.000000
0.000000	102224.000000
0.000000	102224.000000
0.000000	102224.000000
0.000000	102224.000000
0.000000	102224.000000
0.000000	102224.000000
0.000000	102225.000000
0.000000	102225.000000
0.000000	102225.000000
0.000000	102225.000000
0.000000	102225.000000
0.000000	102225.000000
0.000000	102225.000000
0.000000	102225.000000
0.000000	102225.000000
0.000000	102225.000000
0.000000	102225.000000
0.000000	102225.000000
0.000000	102225.000000
0.000000	102225.000000
0.000000	102225.000000
0.000000	102225.000000
0.000000	102225.000000
0.000000	102226.000000
0.000000	102226.000000
0.000000	102226.000000
0.000000	102226.000000
0.000000	102226.000000
0.000000	102226.000000
0.000000	102226.000000
0.000000	102226.000000
0.000000	102226.000000
0.000000	102226.000000
0.000000	102226.000000
0.000000	102226.000000
0.000000	102226.000000
0.000000	102227.000000
0.000000	102227.000000
0.000000	102227.000000
0.000000	102227.000000
0.000000	102227.000000
0.000000	102227.000000
0.000000	102227.000000
0.000000	102227.000000
0.000000	102227.000000
0.000000	102227.000000
0.000000	102227.000000
0.000000	102227.000000
0.000000	102227.000000
0.000000	102227.000000
0.000000	102227.000000
0.000000	102227.000000
0.000000	102227.000000
0.000000	102227.000000
0.000000	102227.000000
0.000000	102227.000000
0.000000	102227.000000
0.000000	102228.000000
0.000000	102228.000000
0.000000	102228.000000
0.000000	102228.000000
0.000000	102228.000000
0.000000	102228.000000
0.000000	102228.000000
0.000000	102228.000000
0.000000	102228.000000
0.000000	102228.000000
0.000000	102228.000000
0.000000	102228.000000
0.000000	102228.000000
0.000000	102228.000000
0.000000	102228.000000
0.000000	102228.000000
0.000000	102228.000000
0.000000	102229.000000
0.000000	102229.000000
0.000000	102229.000000
0.000000	102229.000000
0.000000	102229.000000
0.000000	102229.000000
0.000000	102229.000000
0.000000	102229.000000
0.000000	102229.000000
0.000000	102229.000000
0.000000	102229.000000
0.000000	102229.000000
0.000000	102229.000000
0.000000	102229.000000
0.000000	102229.000000
0.000000	102229.000000
0.000000	102230.000000
0.000000	102230.000000
0.000000	102230.000000
0.000000	102230.000000
0.000000	102230.000000
0.000000	102230.000000
0.000000	102230.000000
0.000000	102230.000000
0.000000	102230.000000
0.000000	102230.000000
0.000000	102230.000000
0.000000	102230.000000
0.000000	102230.000000
0.000000	102230.000000
0.000000	102230.000000
0.000000	102230.000000
0.000000	102230.000000
0.000000	102230.000000
0.000000	102231.000000
0.000000	102231.000000
0.000000	102231.000000
0.000000	102231.000000
0.000000	102231.000000
0.000000	102231.000000
0.000000	102231.000000
0.000000	102231.000000
0.000000	102231.000000
0.000000	102231.000000
0.000000	102231.000000
0.000000	102231.000000
0.000000	102231.000000
0.000000	102231.000000
0.000000	102231.000000
0.000000	102231.000000
0.000000	102231.000000
0.000000	102232.000000
0.000000	102232.000000
0.000000	102232.000000
0.000000	102232.000000
0.000000	102232.000000
0.000000	102232.000000
0.000000	102232.000000
0.000000	102232.000000
0.000000	102232.000000
0.000000	102232.000000
0.000000	102232.000000
0.000000	102232.000000
0.000000	102232.000000
0.000000	102232.000000
0.000000	102232.000000
0.000000	102232.000000
0.000000	102233.000000
0.000000	102233.000000
0.000000	102233.000000
0.000000	102233.000000
0.000000	102233.000000
0.000000	102233.000000
0.000000	102233.000000
0.000000	102233.000000
0.000000	102233.000000
0.000000	102233.000000
0.000000	102233.000000
0.000000	102233.000000
0.000000	102233.000000
0.000000	102233.000000
0.000000	102233.000000
0.000000	102233.000000
0.000000	102233.000000
0.000000	102233.000000
0.000000	102233.000000
0.000000	102234.000000
0.000000	102234.000000
0.000000	102234.000000
0.000000	102234.000000
0.000000	102234.000000
0.000000	102234.000000
0.000000	102234.000000
0.000000	102234.000000
0.000000	102234.000000
0.000000	102234.000000
0.000000	102234.000000
0.000000	102234.000000
0.000000	102234.000000
0.000000	102234.000000
0.000000	102234.000000
0.000000	102234.000000
0.000000	102234.000000
0.000000	102235.000000
0.000000	102235.000000
0.000000	102235.000000
0.000000	102235.000000
0.000000	102235.000000
0.000000	102235.000000
0.000000	102235.000000
0.000000	102235.000000
0.000000	102235.000000
0.000000	102235.000000
0.000000	102235.000000
0.000000	102235.000000
0.000000	102235.000000
0.000000	102235.000000
0.000000	102235.000000
0.000000	102235.000000
0.000000	102235.000000
0.000000	102236.000000
0.000000	102236.000000
0.000000	102236.000000
0.000000	102236.000000
0.000000	102236.000000
0.000000	102236.000000
0.000000	102236.000000
0.000000	102236.000000
0.000000	102236.000000
0.000000	102236.000000
0.000000	102236.000000
0.000000	102236.000000
0.000000	102236.000000
0.000000	102236.000000
0.000000	102236.000000
0.000000	102236.000000
0.000000	102236.000000
0.000000	102237.000000
0.000000	102237.000000
0.000000	102237.000000
0.000000	102237.000000
0.000000	102237.000000
0.000000	102237.000000
0.000000	102237.000000
0.000000	102237.000000
0.000000	102237.000000
0.000000	102237.000000
0.000000	102237.000000
0.000000	102237.000000
0.000000	102237.000000
0.000000	102237.000000
0.000000	102237.000000
0.000000	102237.000000
0.000000	102237.000000
0.000000	102238.000000
0.000000	102238.000000
0.000000	102238.000000
0.000000	102238.000000
0.000000	102238.000000
0.000000	102238.000000
0.000000	102238.000000
0.000000	102238.000000
0.000000	102238.000000
0.000000	102238.000000
0.000000	102238.000000
0.000000	102238.000000
0.000000	102238.000000
0.000000	102238.000000
0.000000	102238.000000
0.000000	102238.000000
0.000000	102238.000000
0.000000	102239.000000
0.000000	102239.000000
0.000000	102239.000000
0.000000	102239.000000
0.000000	102239.000000
0.000000	102239.000000
0.000000	102239.000000
0.000000	102239.000000
0.000000	102239.000000
0.000000	102239.000000
0.000000	102239.000000
0.000000	102239.000000
0.000000	102239.000000
0.000000	102239.000000
0.000000	102239.000000
0.000000	102239.000000
0.000000	102239.000000
0.000000	102240.000000
0.000000	102240.000000
0.000000	102240.000000
0.000000	102240.000000
0.000000	102240.000000
0.000000	102240.000000
0.000000	102240.000000
0.000000	102240.000000
0.000000	102240.000000
0.000000	102240.000000
0.000000	102240.000000
0.000000	102240.000000
0.000000	102240.000000
0.000000	102240.000000
0.000000	102240.000000
0.000000	102240.000000
0.000000	102240.000000
0.000000	102241.000000
0.000000	102241.000000
0.000000	102241.000000
0.000000	102241.000000
0.000000	102241.000000
0.000000	102241.000000
0.000000	102241.000000
0.000000	102241.000000
0.000000	102241.000000
0.000000	102241.000000
0.000000	102241.000000
0.000000	102241.000000
0.000000	102241.000000
0.000000	102241.000000
0.000000	102241.000000
0.000000	102241.000000
0.000000	102241.000000
0.000000	102242.000000
0.000000	102242.000000
0.000000	102242.000000
0.000000	102242.000000
0.000000	102242.000000
0.000000	102242.000000
0.000000	102242.000000
0.000000	102242.000000
0.000000	102242.000000
0.000000	102242.000000
0.000000	102242.000000
0.000000	102242.000000
0.000000	102242.000000
0.000000	102242.000000
0.000000	102242.000000
0.000000	102242.000000
0.000000	102242.000000
0.000000	102243.000000
0.000000	102243.000000
0.000000	102243.000000
0.000000	102243.000000
0.000000	102243.000000
0.000000	102243.000000
0.000000	102243.000000
0.000000	102243.000000
0.000000	102243.000000
0.000000	102243.000000
0.000000	102243.000000
0.000000	102243.000000
0.000000	102243.000000
0.000000	102243.000000
0.000000	102243.000000
0.000000	102243.000000
0.000000	102243.000000
0.000000	102244.000000
0.000000	102244.000000
0.000000	102244.000000
0.000000	102244.000000
0.000000	102244.000000
0.000000	102244.000000
0.000000	102244.000000
0.000000	102244.000000
0.000000	102244.000000
0.000000	102244.000000
0.000000	102244.000000
0.000000	102244.000000
0.000000	102244.000000
0.000000	102244.000000
0.000000	102244.000000
0.000000	102244.000000
0.000000	102244.000000
0.000000	102245.000000
0.000000	102245.000000
0.000000	102245.000000
0.000000	102245.000000
0.000000	102245.000000
0.000000	102245.000000
0.000000	102245.000000
0.000000	102245.000000
0.000000	102245.000000
0.000000	102245.000000
0.000000	102245.000000
0.000000	102245.000000
0.000000	102245.000000
0.000000	102245.000000
0.000000	102245.000000
0.000000	102245.000000
0.000000	102245.000000
0.000000	102246.000000
0.000000	102246.000000
0.000000	102246.000000
0.000000	102246.000000
0.000000	102246.000000
0.000000	102246.000000
0.000000	102246.000000
0.000000	102246.000000
0.000000	102246.000000
0.000000	102246.000000
0.000000	102246.000000
0.000000	102246.000000
0.000000	102246.000000
0.000000	102246.000000
0.000000	102246.000000
0.000000	102246.000000
0.000000	102246.000000
0.000000	102247.000000
0.000000	102247.000000
0.000000	102247.000000
0.000000	102247.000000
0.000000	102247.000000
0.000000	102247.000000
0.000000	102247.000000
0.000000	102247.000000
0.000000	102247.000000
0.000000	102247.000000
0.000000	102247.000000
0.000000	102247.000000
0.000000	102247.000000
0.000000	102247.000000
0.000000	102247.000000
0.000000	102247.000000
0.000000	102247.000000
0.000000	102247.000000
0.000000	102248.000000
0.000000	102248.000000
0.000000	102248.000000
0.000000	102248.000000
0.000000	102248.000000
0.000000	102248.000000
0.000000	102248.000000
0.000000	102248.000000
0.000000	102248.000000
0.000000	102248.000000
0.000000	102248.000000
0.000000	102248.000000
0.000000	102248.000000
0.000000	102248.000000
0.000000	102248.000000
0.000000	102248.000000
0.000000	102248.000000
0.000000	102249.000000
0.000000	102249.000000
0.000000	102249.000000
0.000000	102249.000000
0.000000	102249.000000
0.000000	102249.000000
0.000000	102249.000000
0.000000	102249.000000
0.000000	102249.000000
0.000000	102249.000000
0.000000	102249.000000
0.000000	102249.000000
0.000000	102249.000000
0.000000	102249.000000
0.000000	102249.000000
0.000000	102249.000000
0.000000	102249.000000
0.000000	102250.000000
0.000000	102250.000000
0.000000	102250.000000
0.000000	102250.000000
0.000000	102250.000000
0.000000	102250.000000
0.000000	102250.000000
0.000000	102250.000000
0.000000	102250.000000
0.000000	102250.000000
0.000000	102250.000000
0.000000	102250.000000
0.000000	102250.000000
0.000000	102250.000000
0.000000	102250.000000
0.000000	102250.000000
0.000000	102250.000000
0.000000	102251.000000
0.000000	102251.000000
0.000000	102251.000000
0.000000	102251.000000
0.000000	102251.000000
0.000000	102251.000000
0.000000	102251.000000
0.000000	102251.000000
0.000000	102251.000000
0.000000	102251.000000
0.000000	102251.000000
0.000000	102251.000000
0.000000	102251.000000
0.000000	102251.000000
0.000000	102251.000000
0.000000	102251.000000
0.000000	102251.000000
0.000000	102252.000000
0.000000	102252.000000
0.000000	102252.000000
0.000000	102252.000000
0.000000	102252.000000
0.000000	102252.000000
0.000000	102252.000000
0.000000	102252.000000
0.000000	102252.000000
0.000000	102252.000000
0.000000	102252.000000
0.000000	102252.000000
0.000000	102252.000000
0.000000	102252.000000
0.000000	102252.000000
0.000000	102252.000000
0.000000	102252.000000
0.000000	102253.000000
0.000000	102253.000000
0.000000	102253.000000
0.000000	102253.000000
0.000000	102253.000000
0.000000	102253.000000
0.000000	102253.000000
0.000000	102253.000000
0.000000	102253.000000
0.000000	102253.000000
0.000000	102253.000000
0.000000	102253.000000
0.000000	102253.000000
0.000000	102253.000000
0.000000	102253.000000
0.000000	102253.000000
0.000000	102253.000000
0.000000	102254.000000
0.000000	102254.000000
0.000000	102254.000000
0.000000	102254.000000
0.000000	102254.000000
0.000000	102254.000000
0.000000	102254.000000
0.000000	102254.000000
0.000000	102254.000000
0.000000	102254.000000
0.000000	102254.000000
0.000000	102254.000000
0.000000	102254.000000
0.000000	102254.000000
0.000000	102254.000000
0.000000	102254.000000
0.000000	102254.000000
0.000000	102255.000000
0.000000	102255.000000
0.000000	102255.000000
0.000000	102255.000000
0.000000	102255.000000
0.000000	102255.000000
0.000000	102255.000000
0.000000	102255.000000
0.000000	102255.000000
0.000000	102255.000000
0.000000	102255.000000
0.000000	102255.000000
0.000000	102255.000000
0.000000	102255.000000
0.000000	102255.000000
0.000000	102255.000000
0.000000	102255.000000
0.000000	102256.000000
0.000000	102256.000000
0.000000	102256.000000
0.000000	102256.000000
0.000000	102256.000000
0.000000	102256.000000
0.000000	102256.000000
0.000000	102256.000000
0.000000	102256.000000
0.000000	102256.000000
0.000000	102256.000000
0.000000	102256.000000
0.000000	102256.000000
0.000000	102256.000000
0.000000	102256.000000
0.000000	102256.000000
0.000000	102256.000000
0.000000	102257.000000
0.000000	102257.000000
0.000000	102257.000000
0.000000	102257.000000
0.000000	102257.000000
0.000000	102257.000000
0.000000	102257.000000
0.000000	102257.000000
0.000000	102257.000000
0.000000	102257.000000
0.000000	102257.000000
0.000000	102257.000000
0.000000	102257.000000
0.000000	102257.000000
0.000000	102257.000000
0.000000	102257.000000
0.000000	102257.000000
0.000000	102258.000000
0.000000	102258.000000
0.000000	102258.000000
0.000000	102258.000000
0.000000	102258.000000
0.000000	102258.000000
0.000000	102258.000000
0.000000	102258.000000
0.000000	102258.000000
0.000000	102258.000000
0.000000	102258.000000
0.000000	102258.000000
0.000000	102258.000000
0.000000	102258.000000
0.000000	102258.000000
0.000000	102258.000000
0.000000	102258.000000
0.000000	102259.000000
0.000000	102259.000000
0.000000	102259.000000
0.000000	102259.000000
0.000000	102259.000000
0.000000	102259.000000
0.000000	102259.000000
0.000000	102259.000000
0.000000	102259.000000
0.000000	102259.000000
0.000000	102259.000000
0.000000	102259.000000
0.000000	102259.000000
0.000000	102259.000000
0.000000	102259.000000
0.000000	102259.000000
0.000000	102259.000000
0.000000	102300.000000
0.000000	102300.000000
0.000000	102300.000000
0.000000	102300.000000
0.000000	102300.000000
0.000000	102300.000000
0.000000	102300.000000
0.000000	102300.000000
0.000000	102300.000000
0.000000	102300.000000
0.000000	102300.000000
0.000000	102300.000000
0.000000	102300.000000
0.000000	102300.000000
0.000000	102300.000000
0.000000	102300.000000
0.000000	102300.000000
0.000000	102301.000000
0.000000	102301.000000
0.000000	102301.000000
0.000000	102301.000000
0.000000	102301.000000
0.000000	102301.000000
0.000000	102301.000000
0.000000	102301.000000
0.000000	102301.000000
0.000000	102301.000000
0.000000	102301.000000
0.000000	102301.000000
0.000000	102301.000000
0.000000	102301.000000
0.000000	102301.000000
0.000000	102301.000000
0.000000	102301.000000
0.000000	102302.000000
0.000000	102302.000000
0.000000	102302.000000
0.000000	102302.000000
0.000000	102302.000000
0.000000	102302.000000
0.000000	102302.000000
0.000000	102302.000000
0.000000	102302.000000
0.000000	102302.000000
0.000000	102302.000000
0.000000	102302.000000
0.000000	102302.000000
0.000000	102302.000000
0.000000	102302.000000
0.000000	102302.000000
0.000000	102302.000000
0.000000	102302.000000
0.000000	102303.000000
0.000000	102303.000000
0.000000	102303.000000
0.000000	102303.000000
0.000000	102303.000000
0.000000	102303.000000
0.000000	102303.000000
0.000000	102303.000000
0.000000	102303.000000
0.000000	102303.000000
0.000000	102303.000000
0.000000	102303.000000
0.000000	102303.000000
0.000000	102303.000000
0.000000	102303.000000
0.000000	102303.000000
0.000000	102303.000000
0.000000	102304.000000
0.000000	102304.000000
0.000000	102304.000000
0.000000	102304.000000
0.000000	102304.000000
0.000000	102304.000000
0.000000	102304.000000
0.000000	102304.000000
0.000000	102304.000000
0.000000	102304.000000
0.000000	102304.000000
0.000000	102304.000000
0.000000	102304.000000
0.000000	102304.000000
0.000000	102304.000000
0.000000	102304.000000
0.000000	102304.000000
0.000000	102305.000000
0.000000	102305.000000
0.000000	102305.000000
0.000000	102305.000000
0.000000	102305.000000
0.000000	102305.000000
0.000000	102305.000000
0.000000	102305.000000
0.000000	102305.000000
0.000000	102305.000000
0.000000	102305.000000
0.000000	102305.000000
0.000000	102305.000000
0.000000	102305.000000
0.000000	102305.000000
0.000000	102305.000000
0.000000	102305.000000
0.000000	102306.000000
0.000000	102306.000000
0.000000	102306.000000
0.000000	102306.000000
0.000000	102306.000000
0.000000	102306.000000
0.000000	102306.000000
0.000000	102306.000000
0.000000	102306.000000
0.000000	102306.000000
0.000000	102306.000000
0.000000	102306.000000
0.000000	102306.000000
0.000000	102306.000000
0.000000	102306.000000
0.000000	102306.000000
0.000000	102306.000000
0.000000	102307.000000
0.000000	102307.000000
0.000000	102307.000000
0.000000	102307.000000
0.000000	102307.000000
0.000000	102307.000000
0.000000	102307.000000
0.000000	102307.000000
0.000000	102307.000000
0.000000	102307.000000
0.000000	102307.000000
0.000000	102307.000000
0.000000	102307.000000
0.000000	102307.000000
0.000000	102307.000000
0.000000	102307.000000
0.000000	102307.000000
0.000000	102308.000000
0.000000	102308.000000
0.000000	102308.000000
0.000000	102308.000000
0.000000	102308.000000
0.000000	102308.000000
0.000000	102308.000000
0.000000	102308.000000
0.000000	102308.000000
0.000000	102308.000000
0.000000	102308.000000
0.000000	102308.000000
0.000000	102308.000000
0.000000	102308.000000
0.000000	102308.000000
0.000000	102308.000000
0.000000	102308.000000
0.000000	102309.000000
0.000000	102309.000000
0.000000	102309.000000
0.000000	102309.000000
0.000000	102309.000000
0.000000	102309.000000
0.000000	102309.000000
0.000000	102309.000000
0.000000	102309.000000
0.000000	102309.000000
0.000000	102309.000000
0.000000	102309.000000
0.000000	102309.000000
0.000000	102309.000000
0.000000	102309.000000
0.000000	102309.000000
0.000000	102309.000000
0.000000	102310.000000
0.000000	102310.000000
0.000000	102310.000000
0.000000	102310.000000
0.000000	102310.000000
0.000000	102310.000000
0.000000	102310.000000
0.000000	102310.000000
0.000000	102310.000000
0.000000	102310.000000
0.000000	102310.000000
0.000000	102310.000000
0.000000	102310.000000
0.000000	102310.000000
0.000000	102310.000000
0.000000	102310.000000
0.000000	102310.000000
0.000000	102311.000000
0.000000	102311.000000
0.000000	102311.000000
0.000000	102311.000000
0.000000	102311.000000
0.000000	102311.000000
0.000000	102311.000000
0.000000	102311.000000
