0.000000	103043.000000
0.000000	103043.000000
0.000000	103043.000000
0.000000	103043.000000
0.000000	103043.000000
0.000000	103043.000000
0.000000	103043.000000
0.000000	103043.000000
0.000000	103043.000000
0.000000	103043.000000
0.000000	103044.000000
0.000000	103044.000000
0.000000	103044.000000
0.000000	103044.000000
0.000000	103044.000000
0.000000	103044.000000
0.000000	103044.000000
0.000000	103044.000000
0.000000	103044.000000
0.000000	103044.000000
0.000000	103044.000000
0.000000	103044.000000
0.000000	103044.000000
0.000000	103044.000000
0.000000	103044.000000
0.000000	103044.000000
0.000000	103044.000000
0.000000	103045.000000
0.000000	103045.000000
0.000000	103045.000000
0.000000	103045.000000
0.000000	103045.000000
0.000000	103045.000000
0.000000	103045.000000
0.000000	103045.000000
0.000000	103045.000000
0.000000	103045.000000
0.000000	103045.000000
0.000000	103045.000000
0.000000	103045.000000
0.000000	103045.000000
0.000000	103045.000000
0.000000	103045.000000
0.000000	103045.000000
0.000000	103046.000000
0.000000	103046.000000
0.000000	103046.000000
0.000000	103046.000000
0.000000	103046.000000
0.000000	103046.000000
0.000000	103046.000000
0.000000	103046.000000
0.000000	103046.000000
0.000000	103046.000000
0.000000	103046.000000
0.000000	103046.000000
0.000000	103046.000000
0.000000	103046.000000
0.000000	103046.000000
0.000000	103046.000000
0.000000	103046.000000
0.000000	103047.000000
0.000000	103047.000000
0.000000	103047.000000
0.000000	103047.000000
0.000000	103047.000000
0.000000	103047.000000
0.000000	103047.000000
0.000000	103047.000000
0.000000	103047.000000
0.000000	103047.000000
0.000000	103047.000000
0.000000	103047.000000
0.000000	103047.000000
0.000000	103047.000000
0.000000	103047.000000
0.000000	103047.000000
0.000000	103047.000000
0.000000	103048.000000
0.000000	103048.000000
0.000000	103048.000000
0.000000	103048.000000
0.000000	103048.000000
0.000000	103048.000000
0.000000	103048.000000
0.000000	103048.000000
0.000000	103048.000000
0.000000	103048.000000
0.000000	103048.000000
0.000000	103048.000000
0.000000	103048.000000
0.000000	103048.000000
0.000000	103048.000000
0.000000	103048.000000
0.000000	103048.000000
0.000000	103049.000000
0.000000	103049.000000
0.000000	103049.000000
0.000000	103049.000000
0.000000	103049.000000
0.000000	103049.000000
0.000000	103049.000000
0.000000	103049.000000
0.000000	103049.000000
0.000000	103049.000000
0.000000	103049.000000
0.000000	103049.000000
0.000000	103049.000000
0.000000	103049.000000
0.000000	103049.000000
0.000000	103049.000000
0.000000	103049.000000
0.000000	103050.000000
0.000000	103050.000000
0.000000	103050.000000
0.000000	103050.000000
0.000000	103050.000000
0.000000	103050.000000
0.000000	103050.000000
0.000000	103050.000000
0.000000	103050.000000
0.000000	103050.000000
0.000000	103050.000000
0.000000	103050.000000
0.000000	103050.000000
0.000000	103050.000000
0.000000	103050.000000
0.000000	103050.000000
0.000000	103050.000000
0.000000	103051.000000
0.000000	103051.000000
0.000000	103051.000000
0.000000	103051.000000
0.000000	103051.000000
0.000000	103051.000000
0.000000	103051.000000
0.000000	103051.000000
0.000000	103051.000000
0.000000	103051.000000
0.000000	103051.000000
0.000000	103051.000000
0.000000	103051.000000
0.000000	103051.000000
0.000000	103051.000000
0.000000	103051.000000
0.000000	103051.000000
0.000000	103052.000000
0.000000	103052.000000
0.000000	103052.000000
0.000000	103052.000000
0.000000	103052.000000
0.000000	103052.000000
0.000000	103052.000000
0.000000	103052.000000
0.000000	103052.000000
0.000000	103052.000000
0.000000	103052.000000
0.000000	103052.000000
0.000000	103052.000000
0.000000	103052.000000
0.000000	103052.000000
0.000000	103052.000000
0.000000	103052.000000
0.000000	103052.000000
0.000000	103053.000000
0.000000	103053.000000
0.000000	103053.000000
0.000000	103053.000000
0.000000	103053.000000
0.000000	103053.000000
0.000000	103053.000000
0.000000	103053.000000
0.000000	103053.000000
0.000000	103053.000000
0.000000	103053.000000
0.000000	103053.000000
0.000000	103053.000000
0.000000	103053.000000
0.000000	103053.000000
0.000000	103053.000000
0.000000	103053.000000
0.000000	103054.000000
0.000000	103054.000000
0.000000	103054.000000
0.000000	103054.000000
0.000000	103054.000000
0.000000	103054.000000
0.000000	103054.000000
0.000000	103054.000000
0.000000	103054.000000
0.000000	103054.000000
0.000000	103054.000000
0.000000	103054.000000
0.000000	103054.000000
0.000000	103054.000000
0.000000	103054.000000
0.000000	103054.000000
0.000000	103054.000000
0.000000	103055.000000
0.000000	103055.000000
0.000000	103055.000000
0.000000	103055.000000
0.000000	103055.000000
0.000000	103055.000000
0.000000	103055.000000
0.000000	103055.000000
0.000000	103055.000000
0.000000	103055.000000
0.000000	103055.000000
0.000000	103055.000000
0.000000	103055.000000
0.000000	103055.000000
0.000000	103055.000000
0.000000	103055.000000
0.000000	103055.000000
0.000000	103056.000000
0.000000	103056.000000
0.000000	103056.000000
0.000000	103056.000000
0.000000	103056.000000
0.000000	103056.000000
0.000000	103056.000000
0.000000	103056.000000
0.000000	103056.000000
0.000000	103056.000000
0.000000	103056.000000
0.000000	103056.000000
0.000000	103056.000000
0.000000	103056.000000
0.000000	103056.000000
0.000000	103056.000000
0.000000	103056.000000
0.000000	103057.000000
0.000000	103057.000000
0.000000	103057.000000
0.000000	103057.000000
0.000000	103057.000000
0.000000	103057.000000
0.000000	103057.000000
0.000000	103057.000000
0.000000	103057.000000
0.000000	103057.000000
0.000000	103057.000000
0.000000	103057.000000
0.000000	103057.000000
0.000000	103057.000000
0.000000	103057.000000
0.000000	103057.000000
0.000000	103057.000000
0.000000	103058.000000
0.000000	103058.000000
0.000000	103058.000000
0.000000	103058.000000
0.000000	103058.000000
0.000000	103058.000000
0.000000	103058.000000
0.000000	103058.000000
0.000000	103058.000000
0.000000	103058.000000
0.000000	103058.000000
0.000000	103058.000000
0.000000	103058.000000
0.000000	103058.000000
0.000000	103058.000000
0.000000	103058.000000
0.000000	103058.000000
0.000000	103059.000000
0.000000	103059.000000
0.000000	103059.000000
0.000000	103059.000000
0.000000	103059.000000
0.000000	103059.000000
0.000000	103059.000000
0.000000	103059.000000
0.000000	103059.000000
0.000000	103059.000000
0.000000	103059.000000
0.000000	103059.000000
0.000000	103059.000000
0.000000	103059.000000
0.000000	103059.000000
0.000000	103059.000000
0.000000	103059.000000
0.000000	103100.000000
0.000000	103100.000000
0.000000	103100.000000
0.000000	103100.000000
0.000000	103100.000000
0.000000	103100.000000
0.000000	103100.000000
0.000000	103100.000000
0.000000	103100.000000
0.000000	103100.000000
0.000000	103100.000000
0.000000	103100.000000
0.000000	103100.000000
0.000000	103100.000000
0.000000	103100.000000
0.000000	103100.000000
0.000000	103100.000000
0.000000	103101.000000
0.000000	103101.000000
0.000000	103101.000000
0.000000	103101.000000
0.000000	103101.000000
0.000000	103101.000000
0.000000	103101.000000
0.000000	103101.000000
0.000000	103101.000000
0.000000	103101.000000
0.000000	103101.000000
0.000000	103101.000000
0.000000	103101.000000
0.000000	103101.000000
0.000000	103101.000000
0.000000	103101.000000
0.000000	103101.000000
0.000000	103102.000000
0.000000	103102.000000
0.000000	103102.000000
0.000000	103102.000000
0.000000	103102.000000
0.000000	103102.000000
0.000000	103102.000000
0.000000	103102.000000
0.000000	103102.000000
0.000000	103102.000000
0.000000	103102.000000
0.000000	103102.000000
0.000000	103102.000000
0.000000	103102.000000
0.000000	103102.000000
0.000000	103102.000000
0.000000	103102.000000
0.000000	103103.000000
0.000000	103103.000000
0.000000	103103.000000
0.000000	103103.000000
0.000000	103103.000000
0.000000	103103.000000
0.000000	103103.000000
0.000000	103103.000000
0.000000	103103.000000
0.000000	103103.000000
0.000000	103103.000000
0.000000	103103.000000
0.000000	103103.000000
0.000000	103103.000000
0.000000	103103.000000
0.000000	103103.000000
0.000000	103103.000000
0.000000	103104.000000
0.000000	103104.000000
0.000000	103104.000000
0.000000	103104.000000
0.000000	103104.000000
0.000000	103104.000000
0.000000	103104.000000
0.000000	103104.000000
0.000000	103104.000000
0.000000	103104.000000
0.000000	103104.000000
0.000000	103104.000000
0.000000	103104.000000
0.000000	103104.000000
0.000000	103104.000000
0.000000	103104.000000
0.000000	103104.000000
0.000000	103105.000000
0.000000	103105.000000
0.000000	103105.000000
0.000000	103105.000000
0.000000	103105.000000
0.000000	103105.000000
0.000000	103105.000000
0.000000	103105.000000
0.000000	103105.000000
0.000000	103105.000000
0.000000	103105.000000
0.000000	103105.000000
0.000000	103105.000000
0.000000	103105.000000
0.000000	103105.000000
0.000000	103105.000000
0.000000	103105.000000
0.000000	103106.000000
0.000000	103106.000000
0.000000	103106.000000
0.000000	103106.000000
0.000000	103106.000000
0.000000	103106.000000
0.000000	103106.000000
0.000000	103106.000000
0.000000	103106.000000
0.000000	103106.000000
0.000000	103106.000000
0.000000	103106.000000
0.000000	103106.000000
0.000000	103106.000000
0.000000	103106.000000
0.000000	103106.000000
0.000000	103106.000000
0.000000	103107.000000
0.000000	103107.000000
0.000000	103107.000000
0.000000	103107.000000
0.000000	103107.000000
0.000000	103107.000000
0.000000	103107.000000
0.000000	103107.000000
0.000000	103107.000000
0.000000	103107.000000
0.000000	103107.000000
0.000000	103107.000000
0.000000	103107.000000
0.000000	103107.000000
0.000000	103107.000000
0.000000	103107.000000
0.000000	103107.000000
0.000000	103107.000000
0.000000	103108.000000
0.000000	103108.000000
0.000000	103108.000000
0.000000	103108.000000
0.000000	103108.000000
0.000000	103108.000000
0.000000	103108.000000
0.000000	103108.000000
0.000000	103108.000000
0.000000	103108.000000
0.000000	103108.000000
0.000000	103108.000000
0.000000	103108.000000
0.000000	103108.000000
0.000000	103108.000000
0.000000	103108.000000
0.000000	103108.000000
0.000000	103109.000000
0.000000	103109.000000
0.000000	103109.000000
0.000000	103109.000000
0.000000	103109.000000
0.000000	103109.000000
0.000000	103109.000000
0.000000	103109.000000
0.000000	103109.000000
0.000000	103109.000000
0.000000	103109.000000
0.000000	103109.000000
0.000000	103109.000000
0.000000	103109.000000
0.000000	103109.000000
0.000000	103109.000000
0.000000	103109.000000
0.000000	103110.000000
0.000000	103110.000000
0.000000	103110.000000
0.000000	103110.000000
0.000000	103110.000000
0.000000	103110.000000
0.000000	103110.000000
0.000000	103110.000000
0.000000	103110.000000
0.000000	103110.000000
0.000000	103110.000000
0.000000	103110.000000
0.000000	103110.000000
0.000000	103110.000000
0.000000	103110.000000
0.000000	103110.000000
0.000000	103110.000000
0.000000	103111.000000
0.000000	103111.000000
0.000000	103111.000000
0.000000	103111.000000
0.000000	103111.000000
0.000000	103111.000000
0.000000	103111.000000
0.000000	103111.000000
0.000000	103111.000000
0.000000	103111.000000
0.000000	103111.000000
0.000000	103111.000000
0.000000	103111.000000
0.000000	103111.000000
0.000000	103111.000000
0.000000	103111.000000
0.000000	103111.000000
0.000000	103112.000000
0.000000	103112.000000
0.000000	103112.000000
0.000000	103112.000000
0.000000	103112.000000
0.000000	103112.000000
0.000000	103112.000000
0.000000	103112.000000
0.000000	103112.000000
0.000000	103112.000000
0.000000	103112.000000
0.000000	103112.000000
0.000000	103112.000000
0.000000	103112.000000
0.000000	103112.000000
0.000000	103112.000000
0.000000	103112.000000
0.000000	103113.000000
0.000000	103113.000000
0.000000	103113.000000
0.000000	103113.000000
0.000000	103113.000000
0.000000	103113.000000
0.000000	103113.000000
0.000000	103113.000000
0.000000	103113.000000
0.000000	103113.000000
0.000000	103113.000000
0.000000	103113.000000
0.000000	103113.000000
0.000000	103113.000000
0.000000	103113.000000
0.000000	103113.000000
0.000000	103113.000000
0.000000	103114.000000
0.000000	103114.000000
0.000000	103114.000000
0.000000	103114.000000
0.000000	103114.000000
0.000000	103114.000000
0.000000	103114.000000
0.000000	103114.000000
0.000000	103114.000000
0.000000	103114.000000
0.000000	103114.000000
0.000000	103114.000000
0.000000	103114.000000
0.000000	103114.000000
0.000000	103114.000000
0.000000	103114.000000
0.000000	103114.000000
0.000000	103115.000000
0.000000	103115.000000
0.000000	103115.000000
0.000000	103115.000000
0.000000	103115.000000
0.000000	103115.000000
0.000000	103115.000000
0.000000	103115.000000
0.000000	103115.000000
0.000000	103115.000000
0.000000	103115.000000
0.000000	103115.000000
0.000000	103115.000000
0.000000	103115.000000
0.000000	103115.000000
0.000000	103115.000000
0.000000	103115.000000
0.000000	103116.000000
0.000000	103116.000000
0.000000	103116.000000
0.000000	103116.000000
0.000000	103116.000000
0.000000	103116.000000
0.000000	103116.000000
0.000000	103116.000000
0.000000	103116.000000
0.000000	103116.000000
0.000000	103116.000000
0.000000	103116.000000
0.000000	103116.000000
0.000000	103116.000000
0.000000	103116.000000
0.000000	103116.000000
0.000000	103116.000000
0.000000	103117.000000
0.000000	103117.000000
0.000000	103117.000000
0.000000	103117.000000
0.000000	103117.000000
0.000000	103117.000000
0.000000	103117.000000
0.000000	103117.000000
0.000000	103117.000000
0.000000	103117.000000
0.000000	103117.000000
0.000000	103117.000000
0.000000	103117.000000
0.000000	103117.000000
0.000000	103117.000000
0.000000	103117.000000
0.000000	103117.000000
0.000000	103118.000000
0.000000	103118.000000
0.000000	103118.000000
0.000000	103118.000000
0.000000	103118.000000
0.000000	103118.000000
0.000000	103118.000000
0.000000	103118.000000
0.000000	103118.000000
0.000000	103118.000000
0.000000	103118.000000
0.000000	103118.000000
0.000000	103118.000000
0.000000	103118.000000
0.000000	103118.000000
0.000000	103118.000000
0.000000	103118.000000
0.000000	103119.000000
0.000000	103119.000000
0.000000	103119.000000
0.000000	103119.000000
0.000000	103119.000000
0.000000	103119.000000
0.000000	103119.000000
0.000000	103119.000000
0.000000	103119.000000
0.000000	103119.000000
0.000000	103119.000000
0.000000	103119.000000
0.000000	103119.000000
0.000000	103119.000000
0.000000	103119.000000
0.000000	103119.000000
0.000000	103119.000000
0.000000	103120.000000
0.000000	103120.000000
0.000000	103120.000000
0.000000	103120.000000
0.000000	103120.000000
0.000000	103120.000000
0.000000	103120.000000
0.000000	103120.000000
0.000000	103120.000000
0.000000	103120.000000
0.000000	103120.000000
0.000000	103120.000000
0.000000	103120.000000
0.000000	103120.000000
0.000000	103120.000000
0.000000	103120.000000
0.000000	103120.000000
0.000000	103121.000000
0.000000	103121.000000
0.000000	103121.000000
0.000000	103121.000000
0.000000	103121.000000
0.000000	103121.000000
0.000000	103121.000000
0.000000	103121.000000
0.000000	103121.000000
0.000000	103121.000000
0.000000	103121.000000
0.000000	103121.000000
0.000000	103121.000000
0.000000	103121.000000
0.000000	103121.000000
0.000000	103121.000000
0.000000	103121.000000
0.000000	103122.000000
0.000000	103122.000000
0.000000	103122.000000
0.000000	103122.000000
0.000000	103122.000000
0.000000	103122.000000
0.000000	103122.000000
0.000000	103122.000000
0.000000	103122.000000
0.000000	103122.000000
0.000000	103122.000000
0.000000	103122.000000
0.000000	103122.000000
0.000000	103122.000000
0.000000	103122.000000
0.000000	103122.000000
0.000000	103122.000000
0.000000	103123.000000
0.000000	103123.000000
0.000000	103123.000000
0.000000	103123.000000
0.000000	103123.000000
0.000000	103123.000000
0.000000	103123.000000
0.000000	103123.000000
0.000000	103123.000000
0.000000	103123.000000
0.000000	103123.000000
0.000000	103123.000000
0.000000	103123.000000
0.000000	103123.000000
0.000000	103123.000000
0.000000	103123.000000
0.000000	103123.000000
0.000000	103123.000000
0.000000	103124.000000
0.000000	103124.000000
0.000000	103124.000000
0.000000	103124.000000
0.000000	103124.000000
0.000000	103124.000000
0.000000	103124.000000
0.000000	103124.000000
0.000000	103124.000000
0.000000	103124.000000
0.000000	103124.000000
0.000000	103124.000000
0.000000	103124.000000
0.000000	103124.000000
0.000000	103124.000000
0.000000	103124.000000
0.000000	103124.000000
0.000000	103125.000000
0.000000	103125.000000
0.000000	103125.000000
0.000000	103125.000000
0.000000	103125.000000
0.000000	103125.000000
0.000000	103125.000000
0.000000	103125.000000
0.000000	103125.000000
0.000000	103125.000000
0.000000	103125.000000
0.000000	103125.000000
0.000000	103125.000000
0.000000	103125.000000
0.000000	103125.000000
0.000000	103125.000000
0.000000	103125.000000
0.000000	103126.000000
0.000000	103126.000000
0.000000	103126.000000
0.000000	103126.000000
0.000000	103126.000000
0.000000	103126.000000
0.000000	103126.000000
0.000000	103126.000000
0.000000	103126.000000
0.000000	103126.000000
0.000000	103126.000000
0.000000	103126.000000
0.000000	103126.000000
0.000000	103126.000000
0.000000	103126.000000
0.000000	103126.000000
0.000000	103126.000000
0.000000	103127.000000
0.000000	103127.000000
0.000000	103127.000000
0.000000	103127.000000
0.000000	103127.000000
0.000000	103127.000000
0.000000	103127.000000
0.000000	103127.000000
0.000000	103127.000000
0.000000	103127.000000
0.000000	103127.000000
0.000000	103127.000000
0.000000	103127.000000
0.000000	103127.000000
0.000000	103127.000000
0.000000	103127.000000
0.000000	103127.000000
0.000000	103128.000000
0.000000	103128.000000
0.000000	103128.000000
0.000000	103128.000000
0.000000	103128.000000
0.000000	103128.000000
0.000000	103128.000000
0.000000	103128.000000
0.000000	103128.000000
0.000000	103128.000000
0.000000	103128.000000
0.000000	103128.000000
0.000000	103128.000000
0.000000	103128.000000
0.000000	103128.000000
0.000000	103128.000000
0.000000	103128.000000
0.000000	103129.000000
0.000000	103129.000000
0.000000	103129.000000
0.000000	103129.000000
0.000000	103129.000000
0.000000	103129.000000
0.000000	103129.000000
0.000000	103129.000000
0.000000	103129.000000
0.000000	103129.000000
0.000000	103129.000000
0.000000	103129.000000
0.000000	103129.000000
0.000000	103129.000000
0.000000	103129.000000
0.000000	103129.000000
0.000000	103129.000000
0.000000	103130.000000
0.000000	103130.000000
0.000000	103130.000000
0.000000	103130.000000
0.000000	103130.000000
0.000000	103130.000000
0.000000	103130.000000
0.000000	103130.000000
0.000000	103130.000000
0.000000	103130.000000
0.000000	103130.000000
0.000000	103130.000000
0.000000	103130.000000
0.000000	103130.000000
0.000000	103130.000000
0.000000	103130.000000
0.000000	103130.000000
0.000000	103131.000000
0.000000	103131.000000
0.000000	103131.000000
0.000000	103131.000000
0.000000	103131.000000
0.000000	103131.000000
0.000000	103131.000000
0.000000	103131.000000
0.000000	103131.000000
0.000000	103131.000000
0.000000	103131.000000
0.000000	103131.000000
0.000000	103131.000000
0.000000	103131.000000
0.000000	103131.000000
0.000000	103131.000000
0.000000	103131.000000
0.000000	103132.000000
0.000000	103132.000000
0.000000	103132.000000
0.000000	103132.000000
0.000000	103132.000000
0.000000	103132.000000
0.000000	103132.000000
0.000000	103132.000000
0.000000	103132.000000
0.000000	103132.000000
0.000000	103132.000000
0.000000	103132.000000
0.000000	103132.000000
0.000000	103132.000000
0.000000	103132.000000
0.000000	103132.000000
0.000000	103132.000000
0.000000	103133.000000
0.000000	103133.000000
0.000000	103133.000000
0.000000	103133.000000
0.000000	103133.000000
0.000000	103133.000000
0.000000	103133.000000
0.000000	103133.000000
0.000000	103133.000000
0.000000	103133.000000
0.000000	103133.000000
0.000000	103133.000000
0.000000	103133.000000
0.000000	103133.000000
0.000000	103133.000000
0.000000	103133.000000
0.000000	103133.000000
0.000000	103134.000000
0.000000	103134.000000
0.000000	103134.000000
0.000000	103134.000000
0.000000	103134.000000
0.000000	103134.000000
0.000000	103134.000000
0.000000	103134.000000
0.000000	103134.000000
0.000000	103134.000000
0.000000	103134.000000
0.000000	103134.000000
0.000000	103134.000000
0.000000	103134.000000
0.000000	103134.000000
0.000000	103134.000000
0.000000	103134.000000
0.000000	103135.000000
0.000000	103135.000000
0.000000	103135.000000
0.000000	103135.000000
0.000000	103135.000000
0.000000	103135.000000
0.000000	103135.000000
0.000000	103135.000000
0.000000	103135.000000
0.000000	103135.000000
0.000000	103135.000000
0.000000	103135.000000
0.000000	103135.000000
0.000000	103135.000000
0.000000	103135.000000
0.000000	103135.000000
0.000000	103135.000000
0.000000	103136.000000
0.000000	103136.000000
0.000000	103136.000000
0.000000	103136.000000
0.000000	103136.000000
0.000000	103136.000000
0.000000	103136.000000
0.000000	103136.000000
0.000000	103136.000000
0.000000	103136.000000
0.000000	103136.000000
0.000000	103136.000000
0.000000	103136.000000
0.000000	103136.000000
0.000000	103136.000000
0.000000	103136.000000
0.000000	103136.000000
0.000000	103137.000000
0.000000	103137.000000
0.000000	103137.000000
0.000000	103137.000000
0.000000	103137.000000
0.000000	103137.000000
0.000000	103137.000000
0.000000	103137.000000
0.000000	103137.000000
0.000000	103137.000000
0.000000	103137.000000
0.000000	103137.000000
0.000000	103137.000000
0.000000	103137.000000
0.000000	103137.000000
0.000000	103137.000000
0.000000	103137.000000
0.000000	103138.000000
0.000000	103138.000000
0.000000	103138.000000
0.000000	103138.000000
0.000000	103138.000000
0.000000	103138.000000
0.000000	103138.000000
0.000000	103138.000000
0.000000	103138.000000
0.000000	103138.000000
0.000000	103138.000000
0.000000	103138.000000
0.000000	103138.000000
0.000000	103138.000000
0.000000	103138.000000
0.000000	103138.000000
0.000000	103138.000000
0.000000	103138.000000
0.000000	103139.000000
0.000000	103139.000000
0.000000	103139.000000
0.000000	103139.000000
0.000000	103139.000000
0.000000	103139.000000
0.000000	103139.000000
0.000000	103139.000000
0.000000	103139.000000
0.000000	103139.000000
0.000000	103139.000000
0.000000	103139.000000
0.000000	103139.000000
0.000000	103139.000000
0.000000	103139.000000
0.000000	103139.000000
0.000000	103139.000000
0.000000	103140.000000
0.000000	103140.000000
0.000000	103140.000000
0.000000	103140.000000
0.000000	103140.000000
0.000000	103140.000000
0.000000	103140.000000
0.000000	103140.000000
0.000000	103140.000000
0.000000	103140.000000
0.000000	103140.000000
0.000000	103140.000000
0.000000	103140.000000
0.000000	103140.000000
0.000000	103140.000000
0.000000	103140.000000
0.000000	103140.000000
0.000000	103141.000000
0.000000	103141.000000
0.000000	103141.000000
0.000000	103141.000000
0.000000	103141.000000
0.000000	103141.000000
0.000000	103141.000000
0.000000	103141.000000
0.000000	103141.000000
0.000000	103141.000000
0.000000	103141.000000
0.000000	103141.000000
0.000000	103141.000000
0.000000	103141.000000
0.000000	103141.000000
0.000000	103141.000000
0.000000	103141.000000
0.000000	103142.000000
0.000000	103142.000000
0.000000	103142.000000
0.000000	103142.000000
0.000000	103142.000000
0.000000	103142.000000
0.000000	103142.000000
0.000000	103142.000000
0.000000	103142.000000
0.000000	103142.000000
0.000000	103142.000000
0.000000	103142.000000
0.000000	103142.000000
0.000000	103142.000000
0.000000	103142.000000
0.000000	103142.000000
0.000000	103142.000000
0.000000	103143.000000
0.000000	103143.000000
0.000000	103143.000000
0.000000	103143.000000
0.000000	103143.000000
0.000000	103143.000000
0.000000	103143.000000
0.000000	103143.000000
0.000000	103143.000000
0.000000	103143.000000
0.000000	103143.000000
0.000000	103143.000000
0.000000	103143.000000
0.000000	103143.000000
0.000000	103143.000000
0.000000	103143.000000
0.000000	103143.000000
0.000000	103144.000000
0.000000	103144.000000
0.000000	103144.000000
0.000000	103144.000000
0.000000	103144.000000
0.000000	103144.000000
0.000000	103144.000000
0.000000	103144.000000
0.000000	103144.000000
0.000000	103144.000000
0.000000	103144.000000
0.000000	103144.000000
0.000000	103144.000000
0.000000	103144.000000
0.000000	103144.000000
0.000000	103144.000000
0.000000	103144.000000
0.000000	103145.000000
0.000000	103145.000000
0.000000	103145.000000
0.000000	103145.000000
0.000000	103145.000000
0.000000	103145.000000
0.000000	103145.000000
0.000000	103145.000000
0.000000	103145.000000
0.000000	103145.000000
0.000000	103145.000000
0.000000	103145.000000
0.000000	103145.000000
0.000000	103145.000000
0.000000	103145.000000
0.000000	103145.000000
0.000000	103145.000000
0.000000	103146.000000
0.000000	103146.000000
0.000000	103146.000000
0.000000	103146.000000
0.000000	103146.000000
0.000000	103146.000000
0.000000	103146.000000
0.000000	103146.000000
0.000000	103146.000000
0.000000	103146.000000
0.000000	103146.000000
0.000000	103146.000000
0.000000	103146.000000
0.000000	103146.000000
0.000000	103146.000000
0.000000	103146.000000
0.000000	103146.000000
0.000000	103147.000000
0.000000	103147.000000
0.000000	103147.000000
0.000000	103147.000000
0.000000	103147.000000
0.000000	103147.000000
0.000000	103147.000000
0.000000	103147.000000
0.000000	103147.000000
0.000000	103147.000000
0.000000	103147.000000
0.000000	103147.000000
0.000000	103147.000000
0.000000	103147.000000
0.000000	103147.000000
0.000000	103147.000000
0.000000	103147.000000
0.000000	103148.000000
0.000000	103148.000000
0.000000	103148.000000
0.000000	103148.000000
0.000000	103148.000000
0.000000	103148.000000
0.000000	103148.000000
0.000000	103148.000000
0.000000	103148.000000
0.000000	103148.000000
0.000000	103148.000000
0.000000	103148.000000
0.000000	103148.000000
0.000000	103148.000000
0.000000	103148.000000
0.000000	103148.000000
0.000000	103148.000000
0.000000	103149.000000
0.000000	103149.000000
0.000000	103149.000000
0.000000	103149.000000
0.000000	103149.000000
0.000000	103149.000000
0.000000	103149.000000
0.000000	103149.000000
0.000000	103149.000000
0.000000	103149.000000
0.000000	103149.000000
0.000000	103149.000000
0.000000	103149.000000
0.000000	103149.000000
0.000000	103149.000000
0.000000	103149.000000
0.000000	103149.000000
0.000000	103150.000000
0.000000	103150.000000
0.000000	103150.000000
0.000000	103150.000000
0.000000	103150.000000
0.000000	103150.000000
0.000000	103150.000000
0.000000	103150.000000
0.000000	103150.000000
0.000000	103150.000000
0.000000	103150.000000
0.000000	103150.000000
0.000000	103150.000000
0.000000	103150.000000
0.000000	103150.000000
0.000000	103150.000000
0.000000	103150.000000
0.000000	103151.000000
0.000000	103151.000000
0.000000	103151.000000
0.000000	103151.000000
0.000000	103151.000000
0.000000	103151.000000
0.000000	103151.000000
0.000000	103151.000000
0.000000	103151.000000
0.000000	103151.000000
0.000000	103151.000000
0.000000	103151.000000
0.000000	103151.000000
0.000000	103151.000000
0.000000	103151.000000
0.000000	103151.000000
0.000000	103151.000000
0.000000	103152.000000
0.000000	103152.000000
0.000000	103152.000000
0.000000	103152.000000
0.000000	103152.000000
0.000000	103152.000000
0.000000	103152.000000
0.000000	103152.000000
0.000000	103152.000000
0.000000	103152.000000
0.000000	103152.000000
0.000000	103152.000000
0.000000	103152.000000
0.000000	103152.000000
0.000000	103152.000000
0.000000	103152.000000
0.000000	103152.000000
0.000000	103153.000000
0.000000	103153.000000
0.000000	103153.000000
0.000000	103153.000000
0.000000	103153.000000
0.000000	103153.000000
0.000000	103153.000000
0.000000	103153.000000
0.000000	103153.000000
0.000000	103153.000000
0.000000	103153.000000
0.000000	103153.000000
0.000000	103153.000000
0.000000	103153.000000
0.000000	103153.000000
0.000000	103153.000000
0.000000	103153.000000
0.000000	103153.000000
0.000000	103154.000000
0.000000	103154.000000
0.000000	103154.000000
0.000000	103154.000000
0.000000	103154.000000
0.000000	103154.000000
0.000000	103154.000000
0.000000	103154.000000
0.000000	103154.000000
0.000000	103154.000000
0.000000	103154.000000
0.000000	103154.000000
0.000000	103154.000000
0.000000	103154.000000
0.000000	103154.000000
0.000000	103154.000000
0.000000	103154.000000
0.000000	103155.000000
0.000000	103155.000000
0.000000	103155.000000
0.000000	103155.000000
0.000000	103155.000000
0.000000	103155.000000
0.000000	103155.000000
0.000000	103155.000000
0.000000	103155.000000
0.000000	103155.000000
0.000000	103155.000000
0.000000	103155.000000
0.000000	103155.000000
0.000000	103155.000000
0.000000	103155.000000
0.000000	103155.000000
0.000000	103155.000000
0.000000	103156.000000
0.000000	103156.000000
0.000000	103156.000000
0.000000	103156.000000
0.000000	103156.000000
0.000000	103156.000000
0.000000	103156.000000
0.000000	103156.000000
0.000000	103156.000000
0.000000	103156.000000
0.000000	103156.000000
0.000000	103156.000000
0.000000	103156.000000
0.000000	103156.000000
0.000000	103156.000000
0.000000	103156.000000
0.000000	103156.000000
0.000000	103157.000000
0.000000	103157.000000
0.000000	103157.000000
0.000000	103157.000000
0.000000	103157.000000
0.000000	103157.000000
0.000000	103157.000000
0.000000	103157.000000
0.000000	103157.000000
0.000000	103157.000000
0.000000	103157.000000
0.000000	103157.000000
0.000000	103157.000000
0.000000	103157.000000
0.000000	103157.000000
0.000000	103157.000000
0.000000	103157.000000
0.000000	103158.000000
0.000000	103158.000000
0.000000	103158.000000
0.000000	103158.000000
0.000000	103158.000000
0.000000	103158.000000
0.000000	103158.000000
0.000000	103158.000000
0.000000	103158.000000
0.000000	103158.000000
0.000000	103158.000000
0.000000	103158.000000
0.000000	103158.000000
0.000000	103158.000000
0.000000	103158.000000
0.000000	103158.000000
0.000000	103158.000000
0.000000	103159.000000
0.000000	103159.000000
0.000000	103159.000000
0.000000	103159.000000
0.000000	103159.000000
0.000000	103159.000000
0.000000	103159.000000
0.000000	103159.000000
0.000000	103159.000000
0.000000	103159.000000
0.000000	103159.000000
0.000000	103159.000000
0.000000	103159.000000
0.000000	103159.000000
0.000000	103159.000000
0.000000	103159.000000
0.000000	103159.000000
0.000000	103200.000000
0.000000	103200.000000
0.000000	103200.000000
0.000000	103200.000000
0.000000	103200.000000
0.000000	103200.000000
0.000000	103200.000000
0.000000	103200.000000
0.000000	103200.000000
0.000000	103200.000000
0.000000	103200.000000
0.000000	103200.000000
0.000000	103200.000000
0.000000	103200.000000
0.000000	103200.000000
0.000000	103200.000000
0.000000	103200.000000
0.000000	103201.000000
0.000000	103201.000000
0.000000	103201.000000
0.000000	103201.000000
0.000000	103201.000000
0.000000	103201.000000
0.000000	103201.000000
0.000000	103201.000000
0.000000	103201.000000
0.000000	103201.000000
0.000000	103201.000000
0.000000	103201.000000
0.000000	103201.000000
0.000000	103201.000000
0.000000	103201.000000
0.000000	103201.000000
0.000000	103201.000000
0.000000	103202.000000
0.000000	103202.000000
0.000000	103202.000000
0.000000	103202.000000
0.000000	103202.000000
0.000000	103202.000000
0.000000	103202.000000
0.000000	103202.000000
0.000000	103202.000000
0.000000	103202.000000
0.000000	103202.000000
0.000000	103202.000000
0.000000	103202.000000
0.000000	103202.000000
0.000000	103202.000000
0.000000	103202.000000
0.000000	103202.000000
0.000000	103203.000000
0.000000	103203.000000
0.000000	103203.000000
0.000000	103203.000000
0.000000	103203.000000
0.000000	103203.000000
0.000000	103203.000000
0.000000	103203.000000
0.000000	103203.000000
0.000000	103203.000000
0.000000	103203.000000
0.000000	103203.000000
0.000000	103203.000000
0.000000	103203.000000
0.000000	103203.000000
0.000000	103203.000000
0.000000	103203.000000
0.000000	103204.000000
0.000000	103204.000000
0.000000	103204.000000
0.000000	103204.000000
0.000000	103204.000000
0.000000	103204.000000
0.000000	103204.000000
0.000000	103204.000000
0.000000	103204.000000
0.000000	103204.000000
0.000000	103204.000000
0.000000	103204.000000
0.000000	103204.000000
0.000000	103204.000000
0.000000	103204.000000
0.000000	103204.000000
0.000000	103204.000000
0.000000	103205.000000
0.000000	103205.000000
0.000000	103205.000000
0.000000	103205.000000
0.000000	103205.000000
0.000000	103205.000000
0.000000	103205.000000
0.000000	103205.000000
0.000000	103205.000000
0.000000	103205.000000
0.000000	103205.000000
0.000000	103205.000000
0.000000	103205.000000
0.000000	103205.000000
0.000000	103205.000000
0.000000	103205.000000
0.000000	103205.000000
0.000000	103206.000000
0.000000	103206.000000
0.000000	103206.000000
0.000000	103206.000000
0.000000	103206.000000
0.000000	103206.000000
0.000000	103206.000000
0.000000	103206.000000
0.000000	103206.000000
0.000000	103206.000000
0.000000	103206.000000
0.000000	103206.000000
0.000000	103206.000000
0.000000	103206.000000
0.000000	103206.000000
0.000000	103206.000000
0.000000	103206.000000
0.000000	103207.000000
0.000000	103207.000000
0.000000	103207.000000
0.000000	103207.000000
0.000000	103207.000000
0.000000	103207.000000
0.000000	103207.000000
0.000000	103207.000000
0.000000	103207.000000
0.000000	103207.000000
0.000000	103207.000000
0.000000	103207.000000
0.000000	103207.000000
0.000000	103207.000000
0.000000	103207.000000
0.000000	103207.000000
0.000000	103207.000000
0.000000	103208.000000
0.000000	103208.000000
0.000000	103208.000000
0.000000	103208.000000
0.000000	103208.000000
0.000000	103208.000000
0.000000	103208.000000
0.000000	103208.000000
0.000000	103208.000000
0.000000	103208.000000
0.000000	103208.000000
0.000000	103208.000000
0.000000	103208.000000
0.000000	103208.000000
0.000000	103208.000000
0.000000	103208.000000
0.000000	103208.000000
0.000000	103209.000000
0.000000	103209.000000
0.000000	103209.000000
0.000000	103209.000000
0.000000	103209.000000
0.000000	103209.000000
0.000000	103209.000000
0.000000	103209.000000
0.000000	103209.000000
0.000000	103209.000000
0.000000	103209.000000
0.000000	103209.000000
0.000000	103209.000000
0.000000	103209.000000
0.000000	103209.000000
0.000000	103209.000000
0.000000	103209.000000
0.000000	103209.000000
0.000000	103210.000000
0.000000	103210.000000
0.000000	103210.000000
0.000000	103210.000000
0.000000	103210.000000
0.000000	103210.000000
0.000000	103210.000000
0.000000	103210.000000
0.000000	103210.000000
0.000000	103210.000000
0.000000	103210.000000
0.000000	103210.000000
0.000000	103210.000000
0.000000	103210.000000
0.000000	103210.000000
0.000000	103210.000000
0.000000	103210.000000
0.000000	103211.000000
0.000000	103211.000000
0.000000	103211.000000
0.000000	103211.000000
0.000000	103211.000000
0.000000	103211.000000
0.000000	103211.000000
0.000000	103211.000000
0.000000	103211.000000
0.000000	103211.000000
0.000000	103211.000000
0.000000	103211.000000
0.000000	103211.000000
0.000000	103211.000000
0.000000	103211.000000
0.000000	103211.000000
0.000000	103211.000000
0.000000	103212.000000
0.000000	103212.000000
0.000000	103212.000000
0.000000	103212.000000
0.000000	103212.000000
0.000000	103212.000000
0.000000	103212.000000
0.000000	103212.000000
0.000000	103212.000000
0.000000	103212.000000
0.000000	103212.000000
0.000000	103212.000000
0.000000	103212.000000
0.000000	103212.000000
0.000000	103212.000000
0.000000	103212.000000
0.000000	103212.000000
0.000000	103213.000000
0.000000	103213.000000
0.000000	103213.000000
0.000000	103213.000000
0.000000	103213.000000
0.000000	103213.000000
0.000000	103213.000000
0.000000	103213.000000
0.000000	103213.000000
0.000000	103213.000000
0.000000	103213.000000
0.000000	103213.000000
0.000000	103213.000000
0.000000	103213.000000
0.000000	103213.000000
0.000000	103213.000000
0.000000	103213.000000
0.000000	103214.000000
0.000000	103214.000000
0.000000	103214.000000
0.000000	103214.000000
0.000000	103214.000000
0.000000	103214.000000
0.000000	103214.000000
0.000000	103214.000000
0.000000	103214.000000
0.000000	103214.000000
0.000000	103214.000000
0.000000	103214.000000
0.000000	103214.000000
0.000000	103214.000000
0.000000	103214.000000
0.000000	103214.000000
0.000000	103214.000000
0.000000	103215.000000
0.000000	103215.000000
0.000000	103215.000000
0.000000	103215.000000
0.000000	103215.000000
0.000000	103215.000000
0.000000	103215.000000
0.000000	103215.000000
0.000000	103215.000000
0.000000	103215.000000
0.000000	103215.000000
0.000000	103215.000000
0.000000	103215.000000
0.000000	103215.000000
0.000000	103215.000000
0.000000	103215.000000
0.000000	103215.000000
0.000000	103216.000000
0.000000	103216.000000
0.000000	103216.000000
0.000000	103216.000000
0.000000	103216.000000
0.000000	103216.000000
0.000000	103216.000000
0.000000	103216.000000
0.000000	103216.000000
0.000000	103216.000000
0.000000	103216.000000
0.000000	103216.000000
0.000000	103216.000000
0.000000	103216.000000
0.000000	103216.000000
0.000000	103216.000000
0.000000	103216.000000
0.000000	103217.000000
0.000000	103217.000000
0.000000	103217.000000
0.000000	103217.000000
0.000000	103217.000000
0.000000	103217.000000
0.000000	103217.000000
0.000000	103217.000000
0.000000	103217.000000
0.000000	103217.000000
0.000000	103217.000000
0.000000	103217.000000
0.000000	103217.000000
0.000000	103217.000000
0.000000	103217.000000
0.000000	103217.000000
0.000000	103217.000000
0.000000	103218.000000
0.000000	103218.000000
0.000000	103218.000000
0.000000	103218.000000
0.000000	103218.000000
0.000000	103218.000000
0.000000	103218.000000
0.000000	103218.000000
0.000000	103218.000000
0.000000	103218.000000
0.000000	103218.000000
0.000000	103218.000000
0.000000	103218.000000
0.000000	103218.000000
0.000000	103218.000000
0.000000	103218.000000
0.000000	103218.000000
0.000000	103219.000000
0.000000	103219.000000
0.000000	103219.000000
0.000000	103219.000000
0.000000	103219.000000
0.000000	103219.000000
0.000000	103219.000000
0.000000	103219.000000
0.000000	103219.000000
0.000000	103219.000000
0.000000	103219.000000
0.000000	103219.000000
0.000000	103219.000000
0.000000	103219.000000
0.000000	103219.000000
0.000000	103219.000000
0.000000	103219.000000
0.000000	103220.000000
0.000000	103220.000000
0.000000	103220.000000
0.000000	103220.000000
0.000000	103220.000000
0.000000	103220.000000
0.000000	103220.000000
0.000000	103220.000000
0.000000	103220.000000
0.000000	103220.000000
0.000000	103220.000000
0.000000	103220.000000
0.000000	103220.000000
0.000000	103220.000000
0.000000	103220.000000
0.000000	103220.000000
0.000000	103220.000000
0.000000	103221.000000
0.000000	103221.000000
0.000000	103221.000000
0.000000	103221.000000
0.000000	103221.000000
0.000000	103221.000000
0.000000	103221.000000
0.000000	103221.000000
0.000000	103221.000000
0.000000	103221.000000
0.000000	103221.000000
0.000000	103221.000000
0.000000	103221.000000
0.000000	103221.000000
0.000000	103221.000000
0.000000	103221.000000
0.000000	103221.000000
0.000000	103222.000000
0.000000	103222.000000
0.000000	103222.000000
0.000000	103222.000000
0.000000	103222.000000
0.000000	103222.000000
0.000000	103222.000000
0.000000	103222.000000
0.000000	103222.000000
0.000000	103222.000000
0.000000	103222.000000
0.000000	103222.000000
0.000000	103222.000000
0.000000	103222.000000
0.000000	103222.000000
0.000000	103222.000000
0.000000	103222.000000
0.000000	103223.000000
0.000000	103223.000000
0.000000	103223.000000
0.000000	103223.000000
0.000000	103223.000000
0.000000	103223.000000
0.000000	103223.000000
0.000000	103223.000000
0.000000	103223.000000
0.000000	103223.000000
0.000000	103223.000000
0.000000	103223.000000
0.000000	103223.000000
0.000000	103223.000000
0.000000	103223.000000
0.000000	103223.000000
0.000000	103223.000000
0.000000	103224.000000
0.000000	103224.000000
0.000000	103224.000000
0.000000	103224.000000
0.000000	103224.000000
0.000000	103224.000000
0.000000	103224.000000
0.000000	103224.000000
0.000000	103224.000000
0.000000	103224.000000
0.000000	103224.000000
0.000000	103224.000000
0.000000	103224.000000
0.000000	103224.000000
0.000000	103224.000000
0.000000	103224.000000
0.000000	103224.000000
0.000000	103225.000000
0.000000	103225.000000
0.000000	103225.000000
0.000000	103225.000000
0.000000	103225.000000
0.000000	103225.000000
0.000000	103225.000000
0.000000	103225.000000
0.000000	103225.000000
0.000000	103225.000000
0.000000	103225.000000
0.000000	103225.000000
0.000000	103225.000000
0.000000	103225.000000
0.000000	103225.000000
0.000000	103225.000000
0.000000	103225.000000
0.000000	103225.000000
0.000000	103226.000000
0.000000	103226.000000
0.000000	103226.000000
0.000000	103226.000000
0.000000	103226.000000
0.000000	103226.000000
0.000000	103226.000000
0.000000	103226.000000
0.000000	103226.000000
0.000000	103226.000000
0.000000	103226.000000
0.000000	103226.000000
0.000000	103226.000000
0.000000	103226.000000
0.000000	103226.000000
0.000000	103226.000000
0.000000	103226.000000
0.000000	103227.000000
0.000000	103227.000000
0.000000	103227.000000
0.000000	103227.000000
0.000000	103227.000000
0.000000	103227.000000
0.000000	103227.000000
0.000000	103227.000000
0.000000	103227.000000
0.000000	103227.000000
0.000000	103227.000000
0.000000	103227.000000
0.000000	103227.000000
0.000000	103227.000000
0.000000	103227.000000
0.000000	103227.000000
0.000000	103227.000000
0.000000	103228.000000
0.000000	103228.000000
0.000000	103228.000000
0.000000	103228.000000
0.000000	103228.000000
0.000000	103228.000000
0.000000	103228.000000
0.000000	103228.000000
0.000000	103228.000000
0.000000	103228.000000
0.000000	103228.000000
0.000000	103228.000000
0.000000	103228.000000
0.000000	103228.000000
0.000000	103228.000000
0.000000	103228.000000
0.000000	103228.000000
0.000000	103229.000000
0.000000	103229.000000
0.000000	103229.000000
0.000000	103229.000000
0.000000	103229.000000
0.000000	103229.000000
0.000000	103229.000000
0.000000	103229.000000
0.000000	103229.000000
0.000000	103229.000000
0.000000	103229.000000
0.000000	103229.000000
0.000000	103229.000000
0.000000	103229.000000
0.000000	103229.000000
0.000000	103229.000000
0.000000	103229.000000
0.000000	103230.000000
0.000000	103230.000000
0.000000	103230.000000
0.000000	103230.000000
0.000000	103230.000000
0.000000	103230.000000
0.000000	103230.000000
0.000000	103230.000000
0.000000	103230.000000
0.000000	103230.000000
0.000000	103230.000000
0.000000	103230.000000
0.000000	103230.000000
0.000000	103230.000000
0.000000	103230.000000
0.000000	103230.000000
0.000000	103230.000000
0.000000	103231.000000
0.000000	103231.000000
0.000000	103231.000000
0.000000	103231.000000
0.000000	103231.000000
0.000000	103231.000000
0.000000	103231.000000
0.000000	103231.000000
0.000000	103231.000000
0.000000	103231.000000
0.000000	103231.000000
0.000000	103231.000000
0.000000	103231.000000
0.000000	103231.000000
0.000000	103231.000000
0.000000	103231.000000
0.000000	103231.000000
0.000000	103232.000000
0.000000	103232.000000
0.000000	103232.000000
0.000000	103232.000000
0.000000	103232.000000
0.000000	103232.000000
0.000000	103232.000000
0.000000	103232.000000
0.000000	103232.000000
0.000000	103232.000000
0.000000	103232.000000
0.000000	103232.000000
0.000000	103232.000000
0.000000	103232.000000
0.000000	103232.000000
0.000000	103232.000000
0.000000	103232.000000
0.000000	103233.000000
0.000000	103233.000000
0.000000	103233.000000
0.000000	103233.000000
0.000000	103233.000000
0.000000	103233.000000
0.000000	103233.000000
0.000000	103233.000000
0.000000	103233.000000
0.000000	103233.000000
0.000000	103233.000000
0.000000	103233.000000
0.000000	103233.000000
0.000000	103233.000000
0.000000	103233.000000
0.000000	103233.000000
0.000000	103233.000000
0.000000	103234.000000
0.000000	103234.000000
0.000000	103234.000000
0.000000	103234.000000
0.000000	103234.000000
0.000000	103234.000000
0.000000	103234.000000
0.000000	103234.000000
0.000000	103234.000000
0.000000	103234.000000
0.000000	103234.000000
0.000000	103234.000000
0.000000	103234.000000
0.000000	103234.000000
0.000000	103234.000000
0.000000	103234.000000
0.000000	103234.000000
0.000000	103235.000000
0.000000	103235.000000
0.000000	103235.000000
0.000000	103235.000000
0.000000	103235.000000
0.000000	103235.000000
0.000000	103235.000000
0.000000	103235.000000
0.000000	103235.000000
0.000000	103235.000000
0.000000	103235.000000
0.000000	103235.000000
0.000000	103235.000000
0.000000	103235.000000
0.000000	103235.000000
0.000000	103235.000000
0.000000	103235.000000
0.000000	103236.000000
0.000000	103236.000000
0.000000	103236.000000
0.000000	103236.000000
0.000000	103236.000000
0.000000	103236.000000
0.000000	103236.000000
0.000000	103236.000000
0.000000	103236.000000
0.000000	103236.000000
0.000000	103236.000000
0.000000	103236.000000
0.000000	103236.000000
0.000000	103236.000000
0.000000	103236.000000
0.000000	103236.000000
0.000000	103236.000000
0.000000	103237.000000
0.000000	103237.000000
0.000000	103237.000000
0.000000	103237.000000
0.000000	103237.000000
0.000000	103237.000000
0.000000	103237.000000
0.000000	103237.000000
0.000000	103237.000000
0.000000	103237.000000
0.000000	103237.000000
0.000000	103237.000000
0.000000	103237.000000
0.000000	103237.000000
0.000000	103237.000000
0.000000	103237.000000
0.000000	103237.000000
0.000000	103238.000000
0.000000	103238.000000
0.000000	103238.000000
0.000000	103238.000000
0.000000	103238.000000
0.000000	103238.000000
0.000000	103238.000000
0.000000	103238.000000
0.000000	103238.000000
0.000000	103238.000000
0.000000	103238.000000
0.000000	103238.000000
0.000000	103238.000000
0.000000	103238.000000
0.000000	103238.000000
0.000000	103238.000000
0.000000	103238.000000
0.000000	103239.000000
0.000000	103239.000000
0.000000	103239.000000
0.000000	103239.000000
0.000000	103239.000000
0.000000	103239.000000
0.000000	103239.000000
0.000000	103239.000000
0.000000	103239.000000
0.000000	103239.000000
0.000000	103239.000000
0.000000	103239.000000
0.000000	103239.000000
0.000000	103239.000000
0.000000	103239.000000
0.000000	103239.000000
0.000000	103239.000000
0.000000	103240.000000
0.000000	103240.000000
0.000000	103240.000000
0.000000	103240.000000
0.000000	103240.000000
0.000000	103240.000000
0.000000	103240.000000
0.000000	103240.000000
0.000000	103240.000000
0.000000	103240.000000
0.000000	103240.000000
0.000000	103240.000000
0.000000	103240.000000
0.000000	103240.000000
0.000000	103240.000000
0.000000	103240.000000
0.000000	103240.000000
0.000000	103240.000000
0.000000	103241.000000
0.000000	103241.000000
0.000000	103241.000000
0.000000	103241.000000
0.000000	103241.000000
0.000000	103241.000000
0.000000	103241.000000
0.000000	103241.000000
0.000000	103241.000000
0.000000	103241.000000
0.000000	103241.000000
0.000000	103241.000000
0.000000	103241.000000
0.000000	103241.000000
0.000000	103241.000000
0.000000	103241.000000
0.000000	103241.000000
0.000000	103242.000000
0.000000	103242.000000
0.000000	103242.000000
0.000000	103242.000000
0.000000	103242.000000
0.000000	103242.000000
0.000000	103242.000000
0.000000	103242.000000
0.000000	103242.000000
0.000000	103242.000000
0.000000	103242.000000
0.000000	103242.000000
0.000000	103242.000000
0.000000	103242.000000
0.000000	103242.000000
0.000000	103242.000000
0.000000	103242.000000
0.000000	103243.000000
0.000000	103243.000000
0.000000	103243.000000
0.000000	103243.000000
0.000000	103243.000000
0.000000	103243.000000
0.000000	103243.000000
0.000000	103243.000000
0.000000	103243.000000
0.000000	103243.000000
0.000000	103243.000000
0.000000	103243.000000
0.000000	103243.000000
0.000000	103243.000000
0.000000	103243.000000
0.000000	103243.000000
0.000000	103243.000000
0.000000	103244.000000
0.000000	103244.000000
0.000000	103244.000000
0.000000	103244.000000
0.000000	103244.000000
0.000000	103244.000000
0.000000	103244.000000
0.000000	103244.000000
0.000000	103244.000000
0.000000	103244.000000
0.000000	103244.000000
0.000000	103244.000000
0.000000	103244.000000
0.000000	103244.000000
0.000000	103244.000000
0.000000	103244.000000
0.000000	103244.000000
0.000000	103245.000000
0.000000	103245.000000
0.000000	103245.000000
0.000000	103245.000000
0.000000	103245.000000
0.000000	103245.000000
0.000000	103245.000000
0.000000	103245.000000
0.000000	103245.000000
0.000000	103245.000000
0.000000	103245.000000
0.000000	103245.000000
0.000000	103245.000000
0.000000	103245.000000
0.000000	103245.000000
0.000000	103245.000000
0.000000	103245.000000
0.000000	103246.000000
0.000000	103246.000000
0.000000	103246.000000
0.000000	103246.000000
0.000000	103246.000000
0.000000	103246.000000
0.000000	103246.000000
0.000000	103246.000000
0.000000	103246.000000
0.000000	103246.000000
0.000000	103246.000000
0.000000	103246.000000
0.000000	103246.000000
0.000000	103246.000000
0.000000	103246.000000
0.000000	103246.000000
0.000000	103246.000000
0.000000	103247.000000
0.000000	103247.000000
0.000000	103247.000000
0.000000	103247.000000
0.000000	103247.000000
0.000000	103247.000000
0.000000	103247.000000
0.000000	103247.000000
0.000000	103247.000000
0.000000	103247.000000
0.000000	103247.000000
0.000000	103247.000000
0.000000	103247.000000
0.000000	103247.000000
0.000000	103247.000000
0.000000	103247.000000
0.000000	103247.000000
0.000000	103248.000000
0.000000	103248.000000
0.000000	103248.000000
0.000000	103248.000000
0.000000	103248.000000
0.000000	103248.000000
0.000000	103248.000000
0.000000	103248.000000
0.000000	103248.000000
0.000000	103248.000000
0.000000	103248.000000
0.000000	103248.000000
0.000000	103248.000000
0.000000	103248.000000
0.000000	103248.000000
0.000000	103248.000000
0.000000	103248.000000
0.000000	103249.000000
0.000000	103249.000000
0.000000	103249.000000
0.000000	103249.000000
0.000000	103249.000000
0.000000	103249.000000
0.000000	103249.000000
0.000000	103249.000000
0.000000	103249.000000
0.000000	103249.000000
0.000000	103249.000000
0.000000	103249.000000
0.000000	103249.000000
0.000000	103249.000000
0.000000	103249.000000
0.000000	103249.000000
0.000000	103249.000000
0.000000	103250.000000
0.000000	103250.000000
0.000000	103250.000000
0.000000	103250.000000
0.000000	103250.000000
0.000000	103250.000000
0.000000	103250.000000
0.000000	103250.000000
0.000000	103250.000000
0.000000	103250.000000
0.000000	103250.000000
0.000000	103250.000000
0.000000	103250.000000
0.000000	103250.000000
0.000000	103250.000000
0.000000	103250.000000
0.000000	103250.000000
0.000000	103251.000000
0.000000	103251.000000
0.000000	103251.000000
0.000000	103251.000000
0.000000	103251.000000
0.000000	103251.000000
0.000000	103251.000000
0.000000	103251.000000
0.000000	103251.000000
0.000000	103251.000000
0.000000	103251.000000
0.000000	103251.000000
0.000000	103251.000000
0.000000	103251.000000
0.000000	103251.000000
0.000000	103251.000000
0.000000	103251.000000
0.000000	103252.000000
0.000000	103252.000000
0.000000	103252.000000
0.000000	103252.000000
0.000000	103252.000000
0.000000	103252.000000
0.000000	103252.000000
0.000000	103252.000000
0.000000	103252.000000
0.000000	103252.000000
0.000000	103252.000000
0.000000	103252.000000
0.000000	103252.000000
0.000000	103252.000000
0.000000	103252.000000
0.000000	103252.000000
0.000000	103252.000000
0.000000	103253.000000
0.000000	103253.000000
0.000000	103253.000000
0.000000	103253.000000
0.000000	103253.000000
0.000000	103253.000000
0.000000	103253.000000
0.000000	103253.000000
0.000000	103253.000000
0.000000	103253.000000
0.000000	103253.000000
0.000000	103253.000000
0.000000	103253.000000
0.000000	103253.000000
0.000000	103253.000000
0.000000	103253.000000
0.000000	103253.000000
0.000000	103254.000000
0.000000	103254.000000
0.000000	103254.000000
0.000000	103254.000000
0.000000	103254.000000
0.000000	103254.000000
0.000000	103254.000000
0.000000	103254.000000
0.000000	103254.000000
0.000000	103254.000000
0.000000	103254.000000
0.000000	103254.000000
0.000000	103254.000000
0.000000	103254.000000
0.000000	103254.000000
0.000000	103254.000000
0.000000	103254.000000
0.000000	103255.000000
0.000000	103255.000000
0.000000	103255.000000
0.000000	103255.000000
0.000000	103255.000000
0.000000	103255.000000
0.000000	103255.000000
0.000000	103255.000000
0.000000	103255.000000
0.000000	103255.000000
0.000000	103255.000000
0.000000	103255.000000
0.000000	103255.000000
0.000000	103255.000000
0.000000	103255.000000
0.000000	103255.000000
0.000000	103255.000000
0.000000	103255.000000
0.000000	103256.000000
0.000000	103256.000000
0.000000	103256.000000
0.000000	103256.000000
0.000000	103256.000000
0.000000	103256.000000
0.000000	103256.000000
0.000000	103256.000000
0.000000	103256.000000
0.000000	103256.000000
0.000000	103256.000000
0.000000	103256.000000
0.000000	103256.000000
0.000000	103256.000000
0.000000	103256.000000
0.000000	103256.000000
0.000000	103256.000000
0.000000	103257.000000
0.000000	103257.000000
0.000000	103257.000000
0.000000	103257.000000
0.000000	103257.000000
0.000000	103257.000000
0.000000	103257.000000
0.000000	103257.000000
0.000000	103257.000000
0.000000	103257.000000
0.000000	103257.000000
0.000000	103257.000000
0.000000	103257.000000
0.000000	103257.000000
0.000000	103257.000000
0.000000	103257.000000
0.000000	103257.000000
0.000000	103258.000000
0.000000	103258.000000
0.000000	103258.000000
0.000000	103258.000000
0.000000	103258.000000
0.000000	103258.000000
0.000000	103258.000000
0.000000	103258.000000
0.000000	103258.000000
0.000000	103258.000000
0.000000	103258.000000
0.000000	103258.000000
0.000000	103258.000000
0.000000	103258.000000
0.000000	103258.000000
0.000000	103258.000000
0.000000	103258.000000
0.000000	103259.000000
0.000000	103259.000000
0.000000	103259.000000
0.000000	103259.000000
0.000000	103259.000000
0.000000	103259.000000
0.000000	103259.000000
0.000000	103259.000000
0.000000	103259.000000
0.000000	103259.000000
0.000000	103259.000000
0.000000	103259.000000
0.000000	103259.000000
0.000000	103259.000000
0.000000	103259.000000
0.000000	103259.000000
0.000000	103259.000000
0.000000	103300.000000
0.000000	103300.000000
0.000000	103300.000000
0.000000	103300.000000
0.000000	103300.000000
0.000000	103300.000000
0.000000	103300.000000
0.000000	103300.000000
0.000000	103300.000000
0.000000	103300.000000
0.000000	103300.000000
0.000000	103300.000000
0.000000	103300.000000
0.000000	103300.000000
0.000000	103300.000000
0.000000	103300.000000
0.000000	103300.000000
0.000000	103301.000000
0.000000	103301.000000
0.000000	103301.000000
0.000000	103301.000000
0.000000	103301.000000
0.000000	103301.000000
0.000000	103301.000000
0.000000	103301.000000
0.000000	103301.000000
0.000000	103301.000000
0.000000	103301.000000
0.000000	103301.000000
0.000000	103301.000000
0.000000	103301.000000
0.000000	103301.000000
0.000000	103301.000000
0.000000	103301.000000
0.000000	103302.000000
0.000000	103302.000000
0.000000	103302.000000
0.000000	103302.000000
0.000000	103302.000000
0.000000	103302.000000
0.000000	103302.000000
0.000000	103302.000000
0.000000	103302.000000
0.000000	103302.000000
0.000000	103302.000000
0.000000	103302.000000
0.000000	103302.000000
0.000000	103302.000000
0.000000	103302.000000
0.000000	103302.000000
0.000000	103302.000000
0.000000	103303.000000
0.000000	103303.000000
0.000000	103303.000000
0.000000	103303.000000
0.000000	103303.000000
0.000000	103303.000000
0.000000	103303.000000
0.000000	103303.000000
0.000000	103303.000000
0.000000	103303.000000
0.000000	103303.000000
0.000000	103303.000000
0.000000	103303.000000
0.000000	103303.000000
0.000000	103303.000000
0.000000	103303.000000
0.000000	103303.000000
0.000000	103304.000000
0.000000	103304.000000
0.000000	103304.000000
0.000000	103304.000000
0.000000	103304.000000
0.000000	103304.000000
0.000000	103304.000000
0.000000	103304.000000
0.000000	103304.000000
0.000000	103304.000000
0.000000	103304.000000
0.000000	103304.000000
0.000000	103304.000000
0.000000	103304.000000
0.000000	103304.000000
0.000000	103304.000000
0.000000	103304.000000
0.000000	103305.000000
0.000000	103305.000000
0.000000	103305.000000
0.000000	103305.000000
0.000000	103305.000000
0.000000	103305.000000
0.000000	103305.000000
0.000000	103305.000000
0.000000	103305.000000
0.000000	103305.000000
0.000000	103305.000000
0.000000	103305.000000
0.000000	103305.000000
0.000000	103305.000000
0.000000	103305.000000
0.000000	103305.000000
0.000000	103305.000000
0.000000	103306.000000
0.000000	103306.000000
0.000000	103306.000000
0.000000	103306.000000
0.000000	103306.000000
0.000000	103306.000000
0.000000	103306.000000
0.000000	103306.000000
0.000000	103306.000000
0.000000	103306.000000
0.000000	103306.000000
0.000000	103306.000000
0.000000	103306.000000
0.000000	103306.000000
0.000000	103306.000000
0.000000	103306.000000
0.000000	103306.000000
0.000000	103307.000000
0.000000	103307.000000
0.000000	103307.000000
0.000000	103307.000000
0.000000	103307.000000
0.000000	103307.000000
0.000000	103307.000000
0.000000	103307.000000
0.000000	103307.000000
0.000000	103307.000000
0.000000	103307.000000
0.000000	103307.000000
0.000000	103307.000000
0.000000	103307.000000
0.000000	103307.000000
0.000000	103307.000000
0.000000	103307.000000
0.000000	103308.000000
0.000000	103308.000000
0.000000	103308.000000
0.000000	103308.000000
0.000000	103308.000000
0.000000	103308.000000
0.000000	103308.000000
0.000000	103308.000000
0.000000	103308.000000
0.000000	103308.000000
0.000000	103308.000000
0.000000	103308.000000
0.000000	103308.000000
0.000000	103308.000000
0.000000	103308.000000
0.000000	103308.000000
0.000000	103308.000000
0.000000	103309.000000
0.000000	103309.000000
0.000000	103309.000000
0.000000	103309.000000
0.000000	103309.000000
0.000000	103309.000000
0.000000	103309.000000
0.000000	103309.000000
0.000000	103309.000000
0.000000	103309.000000
0.000000	103309.000000
0.000000	103309.000000
0.000000	103309.000000
0.000000	103309.000000
0.000000	103309.000000
0.000000	103309.000000
0.000000	103309.000000
0.000000	103310.000000
0.000000	103310.000000
0.000000	103310.000000
0.000000	103310.000000
0.000000	103310.000000
0.000000	103310.000000
0.000000	103310.000000
0.000000	103310.000000
0.000000	103310.000000
0.000000	103310.000000
0.000000	103310.000000
0.000000	103310.000000
0.000000	103310.000000
0.000000	103310.000000
0.000000	103310.000000
0.000000	103310.000000
0.000000	103310.000000
0.000000	103311.000000
0.000000	103311.000000
0.000000	103311.000000
0.000000	103311.000000
0.000000	103311.000000
0.000000	103311.000000
0.000000	103311.000000
0.000000	103311.000000
0.000000	103311.000000
0.000000	103311.000000
0.000000	103311.000000
0.000000	103311.000000
0.000000	103311.000000
0.000000	103311.000000
0.000000	103311.000000
0.000000	103311.000000
0.000000	103311.000000
0.000000	103311.000000
0.000000	103312.000000
0.000000	103312.000000
0.000000	103312.000000
0.000000	103312.000000
0.000000	103312.000000
0.000000	103312.000000
0.000000	103312.000000
0.000000	103312.000000
0.000000	103312.000000
0.000000	103312.000000
0.000000	103312.000000
0.000000	103312.000000
0.000000	103312.000000
0.000000	103312.000000
0.000000	103312.000000
0.000000	103312.000000
0.000000	103312.000000
0.000000	103313.000000
0.000000	103313.000000
0.000000	103313.000000
0.000000	103313.000000
0.000000	103313.000000
0.000000	103313.000000
0.000000	103313.000000
0.000000	103313.000000
0.000000	103313.000000
0.000000	103313.000000
0.000000	103313.000000
0.000000	103313.000000
0.000000	103313.000000
0.000000	103313.000000
0.000000	103313.000000
0.000000	103313.000000
0.000000	103313.000000
0.000000	103314.000000
0.000000	103314.000000
0.000000	103314.000000
0.000000	103314.000000
0.000000	103314.000000
0.000000	103314.000000
0.000000	103314.000000
0.000000	103314.000000
0.000000	103314.000000
0.000000	103314.000000
0.000000	103314.000000
0.000000	103314.000000
0.000000	103314.000000
0.000000	103314.000000
0.000000	103314.000000
0.000000	103314.000000
0.000000	103314.000000
0.000000	103315.000000
0.000000	103315.000000
0.000000	103315.000000
0.000000	103315.000000
0.000000	103315.000000
0.000000	103315.000000
0.000000	103315.000000
0.000000	103315.000000
0.000000	103315.000000
0.000000	103315.000000
0.000000	103315.000000
0.000000	103315.000000
0.000000	103315.000000
0.000000	103315.000000
0.000000	103315.000000
0.000000	103315.000000
0.000000	103315.000000
0.000000	103316.000000
0.000000	103316.000000
0.000000	103316.000000
0.000000	103316.000000
0.000000	103316.000000
0.000000	103316.000000
0.000000	103316.000000
0.000000	103316.000000
0.000000	103316.000000
0.000000	103316.000000
0.000000	103316.000000
0.000000	103316.000000
0.000000	103316.000000
0.000000	103316.000000
0.000000	103316.000000
0.000000	103316.000000
0.000000	103316.000000
0.000000	103317.000000
0.000000	103317.000000
0.000000	103317.000000
0.000000	103317.000000
0.000000	103317.000000
0.000000	103317.000000
0.000000	103317.000000
0.000000	103317.000000
0.000000	103317.000000
0.000000	103317.000000
0.000000	103317.000000
0.000000	103317.000000
0.000000	103317.000000
0.000000	103317.000000
0.000000	103317.000000
0.000000	103317.000000
0.000000	103317.000000
0.000000	103318.000000
0.000000	103318.000000
0.000000	103318.000000
0.000000	103318.000000
0.000000	103318.000000
0.000000	103318.000000
0.000000	103318.000000
0.000000	103318.000000
0.000000	103318.000000
0.000000	103318.000000
0.000000	103318.000000
0.000000	103318.000000
0.000000	103318.000000
0.000000	103318.000000
0.000000	103318.000000
0.000000	103318.000000
0.000000	103318.000000
0.000000	103319.000000
0.000000	103319.000000
0.000000	103319.000000
0.000000	103319.000000
0.000000	103319.000000
0.000000	103319.000000
0.000000	103319.000000
0.000000	103319.000000
0.000000	103319.000000
0.000000	103319.000000
0.000000	103319.000000
0.000000	103319.000000
0.000000	103319.000000
0.000000	103319.000000
0.000000	103319.000000
0.000000	103319.000000
0.000000	103319.000000
0.000000	103320.000000
0.000000	103320.000000
0.000000	103320.000000
0.000000	103320.000000
0.000000	103320.000000
0.000000	103320.000000
0.000000	103320.000000
0.000000	103320.000000
0.000000	103320.000000
0.000000	103320.000000
0.000000	103320.000000
0.000000	103320.000000
0.000000	103320.000000
0.000000	103320.000000
0.000000	103320.000000
0.000000	103320.000000
0.000000	103320.000000
0.000000	103321.000000
0.000000	103321.000000
0.000000	103321.000000
0.000000	103321.000000
0.000000	103321.000000
0.000000	103321.000000
0.000000	103321.000000
0.000000	103321.000000
0.000000	103321.000000
0.000000	103321.000000
0.000000	103321.000000
0.000000	103321.000000
0.000000	103321.000000
0.000000	103321.000000
0.000000	103321.000000
0.000000	103321.000000
0.000000	103321.000000
0.000000	103322.000000
0.000000	103322.000000
0.000000	103322.000000
0.000000	103322.000000
0.000000	103322.000000
0.000000	103322.000000
0.000000	103322.000000
0.000000	103322.000000
0.000000	103322.000000
0.000000	103322.000000
0.000000	103322.000000
0.000000	103322.000000
0.000000	103322.000000
0.000000	103322.000000
0.000000	103322.000000
0.000000	103322.000000
0.000000	103322.000000
0.000000	103323.000000
0.000000	103323.000000
0.000000	103323.000000
0.000000	103323.000000
0.000000	103323.000000
0.000000	103323.000000
0.000000	103323.000000
0.000000	103323.000000
0.000000	103323.000000
0.000000	103323.000000
0.000000	103323.000000
0.000000	103323.000000
0.000000	103323.000000
0.000000	103323.000000
0.000000	103323.000000
0.000000	103323.000000
0.000000	103323.000000
0.000000	103324.000000
0.000000	103324.000000
0.000000	103324.000000
0.000000	103324.000000
0.000000	103324.000000
0.000000	103324.000000
0.000000	103324.000000
0.000000	103324.000000
0.000000	103324.000000
0.000000	103324.000000
0.000000	103324.000000
0.000000	103324.000000
0.000000	103324.000000
0.000000	103324.000000
0.000000	103324.000000
0.000000	103324.000000
0.000000	103324.000000
0.000000	103325.000000
0.000000	103325.000000
0.000000	103325.000000
0.000000	103325.000000
0.000000	103325.000000
0.000000	103325.000000
0.000000	103325.000000
0.000000	103325.000000
0.000000	103325.000000
0.000000	103325.000000
0.000000	103325.000000
0.000000	103325.000000
0.000000	103325.000000
0.000000	103325.000000
0.000000	103325.000000
0.000000	103325.000000
0.000000	103325.000000
0.000000	103326.000000
0.000000	103326.000000
0.000000	103326.000000
0.000000	103326.000000
0.000000	103326.000000
0.000000	103326.000000
0.000000	103326.000000
0.000000	103326.000000
0.000000	103326.000000
0.000000	103326.000000
0.000000	103326.000000
0.000000	103326.000000
0.000000	103326.000000
0.000000	103326.000000
0.000000	103326.000000
0.000000	103326.000000
0.000000	103326.000000
0.000000	103326.000000
0.000000	103327.000000
0.000000	103327.000000
0.000000	103327.000000
0.000000	103327.000000
0.000000	103327.000000
0.000000	103327.000000
0.000000	103327.000000
0.000000	103327.000000
0.000000	103327.000000
0.000000	103327.000000
0.000000	103327.000000
0.000000	103327.000000
0.000000	103327.000000
0.000000	103327.000000
0.000000	103327.000000
0.000000	103327.000000
0.000000	103327.000000
0.000000	103328.000000
0.000000	103328.000000
0.000000	103328.000000
0.000000	103328.000000
0.000000	103328.000000
0.000000	103328.000000
0.000000	103328.000000
0.000000	103328.000000
0.000000	103328.000000
0.000000	103328.000000
0.000000	103328.000000
0.000000	103328.000000
0.000000	103328.000000
0.000000	103328.000000
0.000000	103328.000000
0.000000	103328.000000
0.000000	103328.000000
0.000000	103329.000000
0.000000	103329.000000
0.000000	103329.000000
0.000000	103329.000000
0.000000	103329.000000
0.000000	103329.000000
0.000000	103329.000000
0.000000	103329.000000
0.000000	103329.000000
0.000000	103329.000000
0.000000	103329.000000
0.000000	103329.000000
0.000000	103329.000000
0.000000	103329.000000
0.000000	103329.000000
0.000000	103329.000000
0.000000	103329.000000
0.000000	103330.000000
0.000000	103330.000000
0.000000	103330.000000
0.000000	103330.000000
0.000000	103330.000000
0.000000	103330.000000
0.000000	103330.000000
0.000000	103330.000000
0.000000	103330.000000
0.000000	103330.000000
0.000000	103330.000000
0.000000	103330.000000
0.000000	103330.000000
0.000000	103330.000000
0.000000	103330.000000
0.000000	103330.000000
0.000000	103330.000000
0.000000	103331.000000
0.000000	103331.000000
0.000000	103331.000000
0.000000	103331.000000
0.000000	103331.000000
0.000000	103331.000000
0.000000	103331.000000
0.000000	103331.000000
0.000000	103331.000000
0.000000	103331.000000
0.000000	103331.000000
0.000000	103331.000000
0.000000	103331.000000
0.000000	103331.000000
0.000000	103331.000000
0.000000	103331.000000
0.000000	103331.000000
0.000000	103332.000000
0.000000	103332.000000
0.000000	103332.000000
0.000000	103332.000000
0.000000	103332.000000
0.000000	103332.000000
0.000000	103332.000000
0.000000	103332.000000
0.000000	103332.000000
0.000000	103332.000000
0.000000	103332.000000
0.000000	103332.000000
0.000000	103332.000000
0.000000	103332.000000
0.000000	103332.000000
0.000000	103332.000000
0.000000	103332.000000
0.000000	103333.000000
0.000000	103333.000000
0.000000	103333.000000
0.000000	103333.000000
0.000000	103333.000000
0.000000	103333.000000
0.000000	103333.000000
0.000000	103333.000000
0.000000	103333.000000
0.000000	103333.000000
0.000000	103333.000000
0.000000	103333.000000
0.000000	103333.000000
0.000000	103333.000000
0.000000	103333.000000
0.000000	103333.000000
0.000000	103333.000000
0.000000	103334.000000
0.000000	103334.000000
0.000000	103334.000000
0.000000	103334.000000
0.000000	103334.000000
0.000000	103334.000000
0.000000	103334.000000
0.000000	103334.000000
0.000000	103334.000000
0.000000	103334.000000
0.000000	103334.000000
0.000000	103334.000000
0.000000	103334.000000
0.000000	103334.000000
0.000000	103334.000000
0.000000	103334.000000
0.000000	103334.000000
0.000000	103335.000000
0.000000	103335.000000
0.000000	103335.000000
0.000000	103335.000000
0.000000	103335.000000
0.000000	103335.000000
0.000000	103335.000000
0.000000	103335.000000
0.000000	103335.000000
0.000000	103335.000000
0.000000	103335.000000
0.000000	103335.000000
0.000000	103335.000000
0.000000	103335.000000
0.000000	103335.000000
0.000000	103335.000000
0.000000	103335.000000
0.000000	103336.000000
0.000000	103336.000000
0.000000	103336.000000
0.000000	103336.000000
0.000000	103336.000000
0.000000	103336.000000
0.000000	103336.000000
0.000000	103336.000000
0.000000	103336.000000
0.000000	103336.000000
0.000000	103336.000000
0.000000	103336.000000
0.000000	103336.000000
0.000000	103336.000000
0.000000	103336.000000
0.000000	103336.000000
0.000000	103336.000000
0.000000	103337.000000
0.000000	103337.000000
0.000000	103337.000000
0.000000	103337.000000
0.000000	103337.000000
0.000000	103337.000000
0.000000	103337.000000
0.000000	103337.000000
0.000000	103337.000000
0.000000	103337.000000
0.000000	103337.000000
0.000000	103337.000000
0.000000	103337.000000
0.000000	103337.000000
0.000000	103337.000000
0.000000	103337.000000
0.000000	103337.000000
0.000000	103338.000000
0.000000	103338.000000
0.000000	103338.000000
0.000000	103338.000000
0.000000	103338.000000
0.000000	103338.000000
0.000000	103338.000000
0.000000	103338.000000
0.000000	103338.000000
0.000000	103338.000000
0.000000	103338.000000
0.000000	103338.000000
0.000000	103338.000000
0.000000	103338.000000
0.000000	103338.000000
0.000000	103338.000000
0.000000	103338.000000
0.000000	103339.000000
0.000000	103339.000000
0.000000	103339.000000
0.000000	103339.000000
0.000000	103339.000000
0.000000	103339.000000
0.000000	103339.000000
0.000000	103339.000000
0.000000	103339.000000
0.000000	103339.000000
0.000000	103339.000000
0.000000	103339.000000
0.000000	103339.000000
0.000000	103339.000000
0.000000	103339.000000
0.000000	103339.000000
0.000000	103339.000000
0.000000	103340.000000
0.000000	103340.000000
0.000000	103340.000000
0.000000	103340.000000
0.000000	103340.000000
0.000000	103340.000000
0.000000	103340.000000
0.000000	103340.000000
0.000000	103340.000000
0.000000	103340.000000
0.000000	103340.000000
0.000000	103340.000000
0.000000	103340.000000
0.000000	103340.000000
0.000000	103340.000000
0.000000	103340.000000
0.000000	103340.000000
0.000000	103341.000000
0.000000	103341.000000
0.000000	103341.000000
0.000000	103341.000000
0.000000	103341.000000
0.000000	103341.000000
0.000000	103341.000000
0.000000	103341.000000
0.000000	103341.000000
0.000000	103341.000000
0.000000	103341.000000
0.000000	103341.000000
0.000000	103341.000000
0.000000	103341.000000
0.000000	103341.000000
0.000000	103341.000000
0.000000	103341.000000
0.000000	103341.000000
0.000000	103342.000000
0.000000	103342.000000
0.000000	103342.000000
0.000000	103342.000000
0.000000	103342.000000
0.000000	103342.000000
0.000000	103342.000000
0.000000	103342.000000
0.000000	103342.000000
0.000000	103342.000000
0.000000	103342.000000
0.000000	103342.000000
0.000000	103342.000000
0.000000	103342.000000
0.000000	103342.000000
0.000000	103342.000000
0.000000	103342.000000
0.000000	103343.000000
0.000000	103343.000000
0.000000	103343.000000
0.000000	103343.000000
0.000000	103343.000000
0.000000	103343.000000
0.000000	103343.000000
