0.000000	102311.000000
0.000000	102311.000000
0.000000	102311.000000
0.000000	102311.000000
0.000000	102311.000000
0.000000	102311.000000
0.000000	102311.000000
0.000000	102311.000000
0.000000	102311.000000
0.000000	102312.000000
0.000000	102312.000000
0.000000	102312.000000
0.000000	102312.000000
0.000000	102312.000000
0.000000	102312.000000
0.000000	102312.000000
0.000000	102312.000000
0.000000	102312.000000
0.000000	102312.000000
0.000000	102312.000000
0.000000	102312.000000
0.000000	102312.000000
0.000000	102312.000000
0.000000	102312.000000
0.000000	102312.000000
0.000000	102312.000000
0.000000	102313.000000
0.000000	102313.000000
0.000000	102313.000000
0.000000	102313.000000
0.000000	102313.000000
0.000000	102313.000000
0.000000	102313.000000
0.000000	102313.000000
0.000000	102313.000000
0.000000	102313.000000
0.000000	102313.000000
0.000000	102313.000000
0.000000	102313.000000
0.000000	102313.000000
0.000000	102313.000000
0.000000	102313.000000
0.000000	102313.000000
0.000000	102314.000000
0.000000	102314.000000
0.000000	102314.000000
0.000000	102314.000000
0.000000	102314.000000
0.000000	102314.000000
0.000000	102314.000000
0.000000	102314.000000
0.000000	102314.000000
0.000000	102314.000000
0.000000	102314.000000
0.000000	102314.000000
0.000000	102314.000000
0.000000	102314.000000
0.000000	102314.000000
0.000000	102314.000000
0.000000	102314.000000
0.000000	102315.000000
0.000000	102315.000000
0.000000	102315.000000
0.000000	102315.000000
0.000000	102315.000000
0.000000	102315.000000
0.000000	102315.000000
0.000000	102315.000000
0.000000	102315.000000
0.000000	102315.000000
0.000000	102315.000000
0.000000	102315.000000
0.000000	102315.000000
0.000000	102315.000000
0.000000	102315.000000
0.000000	102315.000000
0.000000	102315.000000
0.000000	102316.000000
0.000000	102316.000000
0.000000	102316.000000
0.000000	102316.000000
0.000000	102316.000000
0.000000	102316.000000
0.000000	102316.000000
0.000000	102316.000000
0.000000	102316.000000
0.000000	102316.000000
0.000000	102316.000000
0.000000	102316.000000
0.000000	102316.000000
0.000000	102316.000000
0.000000	102316.000000
0.000000	102316.000000
0.000000	102316.000000
0.000000	102317.000000
0.000000	102317.000000
0.000000	102317.000000
0.000000	102317.000000
0.000000	102317.000000
0.000000	102317.000000
0.000000	102317.000000
0.000000	102317.000000
0.000000	102317.000000
0.000000	102317.000000
0.000000	102317.000000
0.000000	102317.000000
0.000000	102317.000000
0.000000	102317.000000
0.000000	102317.000000
0.000000	102317.000000
0.000000	102317.000000
0.000000	102317.000000
0.000000	102318.000000
0.000000	102318.000000
0.000000	102318.000000
0.000000	102318.000000
0.000000	102318.000000
0.000000	102318.000000
0.000000	102318.000000
0.000000	102318.000000
0.000000	102318.000000
0.000000	102318.000000
0.000000	102318.000000
0.000000	102318.000000
0.000000	102318.000000
0.000000	102318.000000
0.000000	102318.000000
0.000000	102318.000000
0.000000	102318.000000
0.000000	102319.000000
0.000000	102319.000000
0.000000	102319.000000
0.000000	102319.000000
0.000000	102319.000000
0.000000	102319.000000
0.000000	102319.000000
0.000000	102319.000000
0.000000	102319.000000
0.000000	102319.000000
0.000000	102319.000000
0.000000	102319.000000
0.000000	102319.000000
0.000000	102319.000000
0.000000	102319.000000
0.000000	102319.000000
0.000000	102319.000000
0.000000	102320.000000
0.000000	102320.000000
0.000000	102320.000000
0.000000	102320.000000
0.000000	102320.000000
0.000000	102320.000000
0.000000	102320.000000
0.000000	102320.000000
0.000000	102320.000000
0.000000	102320.000000
0.000000	102320.000000
0.000000	102320.000000
0.000000	102320.000000
0.000000	102320.000000
0.000000	102320.000000
0.000000	102320.000000
0.000000	102320.000000
0.000000	102321.000000
0.000000	102321.000000
0.000000	102321.000000
0.000000	102321.000000
0.000000	102321.000000
0.000000	102321.000000
0.000000	102321.000000
0.000000	102321.000000
0.000000	102321.000000
0.000000	102321.000000
0.000000	102321.000000
0.000000	102321.000000
0.000000	102321.000000
0.000000	102321.000000
0.000000	102321.000000
0.000000	102321.000000
0.000000	102321.000000
0.000000	102322.000000
0.000000	102322.000000
0.000000	102322.000000
0.000000	102322.000000
0.000000	102322.000000
0.000000	102322.000000
0.000000	102322.000000
0.000000	102322.000000
0.000000	102322.000000
0.000000	102322.000000
0.000000	102322.000000
0.000000	102322.000000
0.000000	102322.000000
0.000000	102322.000000
0.000000	102322.000000
0.000000	102322.000000
0.000000	102322.000000
0.000000	102323.000000
0.000000	102323.000000
0.000000	102323.000000
0.000000	102323.000000
0.000000	102323.000000
0.000000	102323.000000
0.000000	102323.000000
0.000000	102323.000000
0.000000	102323.000000
0.000000	102323.000000
0.000000	102323.000000
0.000000	102323.000000
0.000000	102323.000000
0.000000	102323.000000
0.000000	102323.000000
0.000000	102323.000000
0.000000	102323.000000
0.000000	102324.000000
0.000000	102324.000000
0.000000	102324.000000
0.000000	102324.000000
0.000000	102324.000000
0.000000	102324.000000
0.000000	102324.000000
0.000000	102324.000000
0.000000	102324.000000
0.000000	102324.000000
0.000000	102324.000000
0.000000	102324.000000
0.000000	102324.000000
0.000000	102324.000000
0.000000	102324.000000
0.000000	102324.000000
0.000000	102324.000000
0.000000	102325.000000
0.000000	102325.000000
0.000000	102325.000000
0.000000	102325.000000
0.000000	102325.000000
0.000000	102325.000000
0.000000	102325.000000
0.000000	102325.000000
0.000000	102325.000000
0.000000	102325.000000
0.000000	102325.000000
0.000000	102325.000000
0.000000	102325.000000
0.000000	102325.000000
0.000000	102325.000000
0.000000	102325.000000
0.000000	102325.000000
0.000000	102326.000000
0.000000	102326.000000
0.000000	102326.000000
0.000000	102326.000000
0.000000	102326.000000
0.000000	102326.000000
0.000000	102326.000000
0.000000	102326.000000
0.000000	102326.000000
0.000000	102326.000000
0.000000	102326.000000
0.000000	102326.000000
0.000000	102326.000000
0.000000	102326.000000
0.000000	102326.000000
0.000000	102326.000000
0.000000	102326.000000
0.000000	102327.000000
0.000000	102327.000000
0.000000	102327.000000
0.000000	102327.000000
0.000000	102327.000000
0.000000	102327.000000
0.000000	102327.000000
0.000000	102327.000000
0.000000	102327.000000
0.000000	102327.000000
0.000000	102327.000000
0.000000	102327.000000
0.000000	102327.000000
0.000000	102327.000000
0.000000	102327.000000
0.000000	102327.000000
0.000000	102327.000000
0.000000	102328.000000
0.000000	102328.000000
0.000000	102328.000000
0.000000	102328.000000
0.000000	102328.000000
0.000000	102328.000000
0.000000	102328.000000
0.000000	102328.000000
0.000000	102328.000000
0.000000	102328.000000
0.000000	102328.000000
0.000000	102328.000000
0.000000	102328.000000
0.000000	102328.000000
0.000000	102328.000000
0.000000	102328.000000
0.000000	102328.000000
0.000000	102329.000000
0.000000	102329.000000
0.000000	102329.000000
0.000000	102329.000000
0.000000	102329.000000
0.000000	102329.000000
0.000000	102329.000000
0.000000	102329.000000
0.000000	102329.000000
0.000000	102329.000000
0.000000	102329.000000
0.000000	102329.000000
0.000000	102329.000000
0.000000	102329.000000
0.000000	102329.000000
0.000000	102329.000000
0.000000	102329.000000
0.000000	102330.000000
0.000000	102330.000000
0.000000	102330.000000
0.000000	102330.000000
0.000000	102330.000000
0.000000	102330.000000
0.000000	102330.000000
0.000000	102330.000000
0.000000	102330.000000
0.000000	102330.000000
0.000000	102330.000000
0.000000	102330.000000
0.000000	102330.000000
0.000000	102330.000000
0.000000	102330.000000
0.000000	102330.000000
0.000000	102330.000000
0.000000	102331.000000
0.000000	102331.000000
0.000000	102331.000000
0.000000	102331.000000
0.000000	102331.000000
0.000000	102331.000000
0.000000	102331.000000
0.000000	102331.000000
0.000000	102331.000000
0.000000	102331.000000
0.000000	102331.000000
0.000000	102331.000000
0.000000	102331.000000
0.000000	102331.000000
0.000000	102331.000000
0.000000	102331.000000
0.000000	102331.000000
0.000000	102332.000000
0.000000	102332.000000
0.000000	102332.000000
0.000000	102332.000000
0.000000	102332.000000
0.000000	102332.000000
0.000000	102332.000000
0.000000	102332.000000
0.000000	102332.000000
0.000000	102332.000000
0.000000	102332.000000
0.000000	102332.000000
0.000000	102332.000000
0.000000	102332.000000
0.000000	102332.000000
0.000000	102332.000000
0.000000	102332.000000
0.000000	102332.000000
0.000000	102333.000000
0.000000	102333.000000
0.000000	102333.000000
0.000000	102333.000000
0.000000	102333.000000
0.000000	102333.000000
0.000000	102333.000000
0.000000	102333.000000
0.000000	102333.000000
0.000000	102333.000000
0.000000	102333.000000
0.000000	102333.000000
0.000000	102333.000000
0.000000	102333.000000
0.000000	102333.000000
0.000000	102333.000000
0.000000	102333.000000
0.000000	102334.000000
0.000000	102334.000000
0.000000	102334.000000
0.000000	102334.000000
0.000000	102334.000000
0.000000	102334.000000
0.000000	102334.000000
0.000000	102334.000000
0.000000	102334.000000
0.000000	102334.000000
0.000000	102334.000000
0.000000	102334.000000
0.000000	102334.000000
0.000000	102334.000000
0.000000	102334.000000
0.000000	102334.000000
0.000000	102334.000000
0.000000	102335.000000
0.000000	102335.000000
0.000000	102335.000000
0.000000	102335.000000
0.000000	102335.000000
0.000000	102335.000000
0.000000	102335.000000
0.000000	102335.000000
0.000000	102335.000000
0.000000	102335.000000
0.000000	102335.000000
0.000000	102335.000000
0.000000	102335.000000
0.000000	102335.000000
0.000000	102335.000000
0.000000	102335.000000
0.000000	102335.000000
0.000000	102336.000000
0.000000	102336.000000
0.000000	102336.000000
0.000000	102336.000000
0.000000	102336.000000
0.000000	102336.000000
0.000000	102336.000000
0.000000	102336.000000
0.000000	102336.000000
0.000000	102336.000000
0.000000	102336.000000
0.000000	102336.000000
0.000000	102336.000000
0.000000	102336.000000
0.000000	102336.000000
0.000000	102336.000000
0.000000	102336.000000
0.000000	102337.000000
0.000000	102337.000000
0.000000	102337.000000
0.000000	102337.000000
0.000000	102337.000000
0.000000	102337.000000
0.000000	102337.000000
0.000000	102337.000000
0.000000	102337.000000
0.000000	102337.000000
0.000000	102337.000000
0.000000	102337.000000
0.000000	102337.000000
0.000000	102337.000000
0.000000	102337.000000
0.000000	102337.000000
0.000000	102337.000000
0.000000	102338.000000
0.000000	102338.000000
0.000000	102338.000000
0.000000	102338.000000
0.000000	102338.000000
0.000000	102338.000000
0.000000	102338.000000
0.000000	102338.000000
0.000000	102338.000000
0.000000	102338.000000
0.000000	102338.000000
0.000000	102338.000000
0.000000	102338.000000
0.000000	102338.000000
0.000000	102338.000000
0.000000	102338.000000
0.000000	102338.000000
0.000000	102339.000000
0.000000	102339.000000
0.000000	102339.000000
0.000000	102339.000000
0.000000	102339.000000
0.000000	102339.000000
0.000000	102339.000000
0.000000	102339.000000
0.000000	102339.000000
0.000000	102339.000000
0.000000	102339.000000
0.000000	102339.000000
0.000000	102339.000000
0.000000	102339.000000
0.000000	102339.000000
0.000000	102339.000000
0.000000	102339.000000
0.000000	102340.000000
0.000000	102340.000000
0.000000	102340.000000
0.000000	102340.000000
0.000000	102340.000000
0.000000	102340.000000
0.000000	102340.000000
0.000000	102340.000000
0.000000	102340.000000
0.000000	102340.000000
0.000000	102340.000000
0.000000	102340.000000
0.000000	102340.000000
0.000000	102340.000000
0.000000	102340.000000
0.000000	102340.000000
0.000000	102340.000000
0.000000	102341.000000
0.000000	102341.000000
0.000000	102341.000000
0.000000	102341.000000
0.000000	102341.000000
0.000000	102341.000000
0.000000	102341.000000
0.000000	102341.000000
0.000000	102341.000000
0.000000	102341.000000
0.000000	102341.000000
0.000000	102341.000000
0.000000	102341.000000
0.000000	102341.000000
0.000000	102341.000000
0.000000	102341.000000
0.000000	102341.000000
0.000000	102342.000000
0.000000	102342.000000
0.000000	102342.000000
0.000000	102342.000000
0.000000	102342.000000
0.000000	102342.000000
0.000000	102342.000000
0.000000	102342.000000
0.000000	102342.000000
0.000000	102342.000000
0.000000	102342.000000
0.000000	102342.000000
0.000000	102342.000000
0.000000	102342.000000
0.000000	102342.000000
0.000000	102342.000000
0.000000	102342.000000
0.000000	102343.000000
0.000000	102343.000000
0.000000	102343.000000
0.000000	102343.000000
0.000000	102343.000000
0.000000	102343.000000
0.000000	102343.000000
0.000000	102343.000000
0.000000	102343.000000
0.000000	102343.000000
0.000000	102343.000000
0.000000	102343.000000
0.000000	102343.000000
0.000000	102343.000000
0.000000	102343.000000
0.000000	102343.000000
0.000000	102343.000000
0.000000	102344.000000
0.000000	102344.000000
0.000000	102344.000000
0.000000	102344.000000
0.000000	102344.000000
0.000000	102344.000000
0.000000	102344.000000
0.000000	102344.000000
0.000000	102344.000000
0.000000	102344.000000
0.000000	102344.000000
0.000000	102344.000000
0.000000	102344.000000
0.000000	102344.000000
0.000000	102344.000000
0.000000	102344.000000
0.000000	102344.000000
0.000000	102345.000000
0.000000	102345.000000
0.000000	102345.000000
0.000000	102345.000000
0.000000	102345.000000
0.000000	102345.000000
0.000000	102345.000000
0.000000	102345.000000
0.000000	102345.000000
0.000000	102345.000000
0.000000	102345.000000
0.000000	102345.000000
0.000000	102345.000000
0.000000	102345.000000
0.000000	102345.000000
0.000000	102345.000000
0.000000	102345.000000
0.000000	102346.000000
0.000000	102346.000000
0.000000	102346.000000
0.000000	102346.000000
0.000000	102346.000000
0.000000	102346.000000
0.000000	102346.000000
0.000000	102346.000000
0.000000	102346.000000
0.000000	102346.000000
0.000000	102346.000000
0.000000	102346.000000
0.000000	102346.000000
0.000000	102346.000000
0.000000	102346.000000
0.000000	102346.000000
0.000000	102346.000000
0.000000	102347.000000
0.000000	102347.000000
0.000000	102347.000000
0.000000	102347.000000
0.000000	102347.000000
0.000000	102347.000000
0.000000	102347.000000
0.000000	102347.000000
0.000000	102347.000000
0.000000	102347.000000
0.000000	102347.000000
0.000000	102347.000000
0.000000	102347.000000
0.000000	102347.000000
0.000000	102347.000000
0.000000	102347.000000
0.000000	102347.000000
0.000000	102347.000000
0.000000	102348.000000
0.000000	102348.000000
0.000000	102348.000000
0.000000	102348.000000
0.000000	102348.000000
0.000000	102348.000000
0.000000	102348.000000
0.000000	102348.000000
0.000000	102348.000000
0.000000	102348.000000
0.000000	102348.000000
0.000000	102348.000000
0.000000	102348.000000
0.000000	102348.000000
0.000000	102348.000000
0.000000	102348.000000
0.000000	102348.000000
0.000000	102349.000000
0.000000	102349.000000
0.000000	102349.000000
0.000000	102349.000000
0.000000	102349.000000
0.000000	102349.000000
0.000000	102349.000000
0.000000	102349.000000
0.000000	102349.000000
0.000000	102349.000000
0.000000	102349.000000
0.000000	102349.000000
0.000000	102349.000000
0.000000	102349.000000
0.000000	102349.000000
0.000000	102349.000000
0.000000	102349.000000
0.000000	102350.000000
0.000000	102350.000000
0.000000	102350.000000
0.000000	102350.000000
0.000000	102350.000000
0.000000	102350.000000
0.000000	102350.000000
0.000000	102350.000000
0.000000	102350.000000
0.000000	102350.000000
0.000000	102350.000000
0.000000	102350.000000
0.000000	102350.000000
0.000000	102350.000000
0.000000	102350.000000
0.000000	102350.000000
0.000000	102350.000000
0.000000	102351.000000
0.000000	102351.000000
0.000000	102351.000000
0.000000	102351.000000
0.000000	102351.000000
0.000000	102351.000000
0.000000	102351.000000
0.000000	102351.000000
0.000000	102351.000000
0.000000	102351.000000
0.000000	102351.000000
0.000000	102351.000000
0.000000	102351.000000
0.000000	102351.000000
0.000000	102351.000000
0.000000	102351.000000
0.000000	102351.000000
0.000000	102352.000000
0.000000	102352.000000
0.000000	102352.000000
0.000000	102352.000000
0.000000	102352.000000
0.000000	102352.000000
0.000000	102352.000000
0.000000	102352.000000
0.000000	102352.000000
0.000000	102352.000000
0.000000	102352.000000
0.000000	102352.000000
0.000000	102352.000000
0.000000	102352.000000
0.000000	102352.000000
0.000000	102352.000000
0.000000	102352.000000
0.000000	102353.000000
0.000000	102353.000000
0.000000	102353.000000
0.000000	102353.000000
0.000000	102353.000000
0.000000	102353.000000
0.000000	102353.000000
0.000000	102353.000000
0.000000	102353.000000
0.000000	102353.000000
0.000000	102353.000000
0.000000	102353.000000
0.000000	102353.000000
0.000000	102353.000000
0.000000	102353.000000
0.000000	102353.000000
0.000000	102353.000000
0.000000	102354.000000
0.000000	102354.000000
0.000000	102354.000000
0.000000	102354.000000
0.000000	102354.000000
0.000000	102354.000000
0.000000	102354.000000
0.000000	102354.000000
0.000000	102354.000000
0.000000	102354.000000
0.000000	102354.000000
0.000000	102354.000000
0.000000	102354.000000
0.000000	102354.000000
0.000000	102354.000000
0.000000	102354.000000
0.000000	102354.000000
0.000000	102355.000000
0.000000	102355.000000
0.000000	102355.000000
0.000000	102355.000000
0.000000	102355.000000
0.000000	102355.000000
0.000000	102355.000000
0.000000	102355.000000
0.000000	102355.000000
0.000000	102355.000000
0.000000	102355.000000
0.000000	102355.000000
0.000000	102355.000000
0.000000	102355.000000
0.000000	102355.000000
0.000000	102355.000000
0.000000	102355.000000
0.000000	102356.000000
0.000000	102356.000000
0.000000	102356.000000
0.000000	102356.000000
0.000000	102356.000000
0.000000	102356.000000
0.000000	102356.000000
0.000000	102356.000000
0.000000	102356.000000
0.000000	102356.000000
0.000000	102356.000000
0.000000	102356.000000
0.000000	102356.000000
0.000000	102356.000000
0.000000	102356.000000
0.000000	102356.000000
0.000000	102356.000000
0.000000	102357.000000
0.000000	102357.000000
0.000000	102357.000000
0.000000	102357.000000
0.000000	102357.000000
0.000000	102357.000000
0.000000	102357.000000
0.000000	102357.000000
0.000000	102357.000000
0.000000	102357.000000
0.000000	102357.000000
0.000000	102357.000000
0.000000	102357.000000
0.000000	102357.000000
0.000000	102357.000000
0.000000	102357.000000
0.000000	102357.000000
0.000000	102358.000000
0.000000	102358.000000
0.000000	102358.000000
0.000000	102358.000000
0.000000	102358.000000
0.000000	102358.000000
0.000000	102358.000000
0.000000	102358.000000
0.000000	102358.000000
0.000000	102358.000000
0.000000	102358.000000
0.000000	102358.000000
0.000000	102358.000000
0.000000	102358.000000
0.000000	102358.000000
0.000000	102358.000000
0.000000	102358.000000
0.000000	102359.000000
0.000000	102359.000000
0.000000	102359.000000
0.000000	102359.000000
0.000000	102359.000000
0.000000	102359.000000
0.000000	102359.000000
0.000000	102359.000000
0.000000	102359.000000
0.000000	102359.000000
0.000000	102359.000000
0.000000	102359.000000
0.000000	102359.000000
0.000000	102359.000000
0.000000	102359.000000
0.000000	102359.000000
0.000000	102359.000000
0.000000	102400.000000
0.000000	102400.000000
0.000000	102400.000000
0.000000	102400.000000
0.000000	102400.000000
0.000000	102400.000000
0.000000	102400.000000
0.000000	102400.000000
0.000000	102400.000000
0.000000	102400.000000
0.000000	102400.000000
0.000000	102400.000000
0.000000	102400.000000
0.000000	102400.000000
0.000000	102400.000000
0.000000	102400.000000
0.000000	102400.000000
0.000000	102401.000000
0.000000	102401.000000
0.000000	102401.000000
0.000000	102401.000000
0.000000	102401.000000
0.000000	102401.000000
0.000000	102401.000000
0.000000	102401.000000
0.000000	102401.000000
0.000000	102401.000000
0.000000	102401.000000
0.000000	102401.000000
0.000000	102401.000000
0.000000	102401.000000
0.000000	102401.000000
0.000000	102401.000000
0.000000	102401.000000
0.000000	102402.000000
0.000000	102402.000000
0.000000	102402.000000
0.000000	102402.000000
0.000000	102402.000000
0.000000	102402.000000
0.000000	102402.000000
0.000000	102402.000000
0.000000	102402.000000
0.000000	102402.000000
0.000000	102402.000000
0.000000	102402.000000
0.000000	102402.000000
0.000000	102402.000000
0.000000	102402.000000
0.000000	102402.000000
0.000000	102403.000000
0.000000	102403.000000
0.000000	102403.000000
0.000000	102403.000000
0.000000	102403.000000
0.000000	102403.000000
0.000000	102403.000000
0.000000	102403.000000
0.000000	102403.000000
0.000000	102403.000000
0.000000	102403.000000
0.000000	102403.000000
0.000000	102403.000000
0.000000	102403.000000
0.000000	102403.000000
0.000000	102403.000000
0.000000	102403.000000
0.000000	102403.000000
0.000000	102403.000000
0.000000	102404.000000
0.000000	102404.000000
0.000000	102404.000000
0.000000	102404.000000
0.000000	102404.000000
0.000000	102404.000000
0.000000	102404.000000
0.000000	102404.000000
0.000000	102404.000000
0.000000	102404.000000
0.000000	102404.000000
0.000000	102404.000000
0.000000	102404.000000
0.000000	102404.000000
0.000000	102404.000000
0.000000	102404.000000
0.000000	102404.000000
0.000000	102405.000000
0.000000	102405.000000
0.000000	102405.000000
0.000000	102405.000000
0.000000	102405.000000
0.000000	102405.000000
0.000000	102405.000000
0.000000	102405.000000
0.000000	102405.000000
0.000000	102405.000000
0.000000	102405.000000
0.000000	102405.000000
0.000000	102405.000000
0.000000	102405.000000
0.000000	102405.000000
0.000000	102405.000000
0.000000	102405.000000
0.000000	102406.000000
0.000000	102406.000000
0.000000	102406.000000
0.000000	102406.000000
0.000000	102406.000000
0.000000	102406.000000
0.000000	102406.000000
0.000000	102406.000000
0.000000	102406.000000
0.000000	102406.000000
0.000000	102406.000000
0.000000	102406.000000
0.000000	102406.000000
0.000000	102406.000000
0.000000	102406.000000
0.000000	102406.000000
0.000000	102406.000000
0.000000	102407.000000
0.000000	102407.000000
0.000000	102407.000000
0.000000	102407.000000
0.000000	102407.000000
0.000000	102407.000000
0.000000	102407.000000
0.000000	102407.000000
0.000000	102407.000000
0.000000	102407.000000
0.000000	102407.000000
0.000000	102407.000000
0.000000	102407.000000
0.000000	102407.000000
0.000000	102407.000000
0.000000	102407.000000
0.000000	102407.000000
0.000000	102408.000000
0.000000	102408.000000
0.000000	102408.000000
0.000000	102408.000000
0.000000	102408.000000
0.000000	102408.000000
0.000000	102408.000000
0.000000	102408.000000
0.000000	102408.000000
0.000000	102408.000000
0.000000	102408.000000
0.000000	102408.000000
0.000000	102408.000000
0.000000	102408.000000
0.000000	102408.000000
0.000000	102408.000000
0.000000	102408.000000
0.000000	102409.000000
0.000000	102409.000000
0.000000	102409.000000
0.000000	102409.000000
0.000000	102409.000000
0.000000	102409.000000
0.000000	102409.000000
0.000000	102409.000000
0.000000	102409.000000
0.000000	102409.000000
0.000000	102409.000000
0.000000	102409.000000
0.000000	102409.000000
0.000000	102409.000000
0.000000	102409.000000
0.000000	102409.000000
0.000000	102409.000000
0.000000	102410.000000
0.000000	102410.000000
0.000000	102410.000000
0.000000	102410.000000
0.000000	102410.000000
0.000000	102410.000000
0.000000	102410.000000
0.000000	102410.000000
0.000000	102410.000000
0.000000	102410.000000
0.000000	102410.000000
0.000000	102410.000000
0.000000	102410.000000
0.000000	102410.000000
0.000000	102410.000000
0.000000	102410.000000
0.000000	102410.000000
0.000000	102411.000000
0.000000	102411.000000
0.000000	102411.000000
0.000000	102411.000000
0.000000	102411.000000
0.000000	102411.000000
0.000000	102411.000000
0.000000	102411.000000
0.000000	102411.000000
0.000000	102411.000000
0.000000	102411.000000
0.000000	102411.000000
0.000000	102411.000000
0.000000	102411.000000
0.000000	102411.000000
0.000000	102411.000000
0.000000	102411.000000
0.000000	102412.000000
0.000000	102412.000000
0.000000	102412.000000
0.000000	102412.000000
0.000000	102412.000000
0.000000	102412.000000
0.000000	102412.000000
0.000000	102412.000000
0.000000	102412.000000
0.000000	102412.000000
0.000000	102412.000000
0.000000	102412.000000
0.000000	102412.000000
0.000000	102412.000000
0.000000	102412.000000
0.000000	102412.000000
0.000000	102412.000000
0.000000	102413.000000
0.000000	102413.000000
0.000000	102413.000000
0.000000	102413.000000
0.000000	102413.000000
0.000000	102413.000000
0.000000	102413.000000
0.000000	102413.000000
0.000000	102413.000000
0.000000	102413.000000
0.000000	102413.000000
0.000000	102413.000000
0.000000	102413.000000
0.000000	102413.000000
0.000000	102413.000000
0.000000	102413.000000
0.000000	102413.000000
0.000000	102414.000000
0.000000	102414.000000
0.000000	102414.000000
0.000000	102414.000000
0.000000	102414.000000
0.000000	102414.000000
0.000000	102414.000000
0.000000	102414.000000
0.000000	102414.000000
0.000000	102414.000000
0.000000	102414.000000
0.000000	102414.000000
0.000000	102414.000000
0.000000	102414.000000
0.000000	102414.000000
0.000000	102414.000000
0.000000	102414.000000
0.000000	102415.000000
0.000000	102415.000000
0.000000	102415.000000
0.000000	102415.000000
0.000000	102415.000000
0.000000	102415.000000
0.000000	102415.000000
0.000000	102415.000000
0.000000	102415.000000
0.000000	102415.000000
0.000000	102415.000000
0.000000	102415.000000
0.000000	102415.000000
0.000000	102415.000000
0.000000	102415.000000
0.000000	102415.000000
0.000000	102415.000000
0.000000	102416.000000
0.000000	102416.000000
0.000000	102416.000000
0.000000	102416.000000
0.000000	102416.000000
0.000000	102416.000000
0.000000	102416.000000
0.000000	102416.000000
0.000000	102416.000000
0.000000	102416.000000
0.000000	102416.000000
0.000000	102416.000000
0.000000	102416.000000
0.000000	102416.000000
0.000000	102416.000000
0.000000	102416.000000
0.000000	102416.000000
0.000000	102417.000000
0.000000	102417.000000
0.000000	102417.000000
0.000000	102417.000000
0.000000	102417.000000
0.000000	102417.000000
0.000000	102417.000000
0.000000	102417.000000
0.000000	102417.000000
0.000000	102417.000000
0.000000	102417.000000
0.000000	102417.000000
0.000000	102417.000000
0.000000	102417.000000
0.000000	102417.000000
0.000000	102417.000000
0.000000	102417.000000
0.000000	102418.000000
0.000000	102418.000000
0.000000	102418.000000
0.000000	102418.000000
0.000000	102418.000000
0.000000	102418.000000
0.000000	102418.000000
0.000000	102418.000000
0.000000	102418.000000
0.000000	102418.000000
0.000000	102418.000000
0.000000	102418.000000
0.000000	102418.000000
0.000000	102418.000000
0.000000	102418.000000
0.000000	102418.000000
0.000000	102418.000000
0.000000	102418.000000
0.000000	102419.000000
0.000000	102419.000000
0.000000	102419.000000
0.000000	102419.000000
0.000000	102419.000000
0.000000	102419.000000
0.000000	102419.000000
0.000000	102419.000000
0.000000	102419.000000
0.000000	102419.000000
0.000000	102419.000000
0.000000	102419.000000
0.000000	102419.000000
0.000000	102419.000000
0.000000	102419.000000
0.000000	102419.000000
0.000000	102419.000000
0.000000	102420.000000
0.000000	102420.000000
0.000000	102420.000000
0.000000	102420.000000
0.000000	102420.000000
0.000000	102420.000000
0.000000	102420.000000
0.000000	102420.000000
0.000000	102420.000000
0.000000	102420.000000
0.000000	102420.000000
0.000000	102420.000000
0.000000	102420.000000
0.000000	102420.000000
0.000000	102420.000000
0.000000	102420.000000
0.000000	102420.000000
0.000000	102421.000000
0.000000	102421.000000
0.000000	102421.000000
0.000000	102421.000000
0.000000	102421.000000
0.000000	102421.000000
0.000000	102421.000000
0.000000	102421.000000
0.000000	102421.000000
0.000000	102421.000000
0.000000	102421.000000
0.000000	102421.000000
0.000000	102421.000000
0.000000	102421.000000
0.000000	102421.000000
0.000000	102421.000000
0.000000	102421.000000
0.000000	102422.000000
0.000000	102422.000000
0.000000	102422.000000
0.000000	102422.000000
0.000000	102422.000000
0.000000	102422.000000
0.000000	102422.000000
0.000000	102422.000000
0.000000	102422.000000
0.000000	102422.000000
0.000000	102422.000000
0.000000	102422.000000
0.000000	102422.000000
0.000000	102422.000000
0.000000	102422.000000
0.000000	102422.000000
0.000000	102422.000000
0.000000	102423.000000
0.000000	102423.000000
0.000000	102423.000000
0.000000	102423.000000
0.000000	102423.000000
0.000000	102423.000000
0.000000	102423.000000
0.000000	102423.000000
0.000000	102423.000000
0.000000	102423.000000
0.000000	102423.000000
0.000000	102423.000000
0.000000	102423.000000
0.000000	102423.000000
0.000000	102423.000000
0.000000	102423.000000
0.000000	102423.000000
0.000000	102424.000000
0.000000	102424.000000
0.000000	102424.000000
0.000000	102424.000000
0.000000	102424.000000
0.000000	102424.000000
0.000000	102424.000000
0.000000	102424.000000
0.000000	102424.000000
0.000000	102424.000000
0.000000	102424.000000
0.000000	102424.000000
0.000000	102424.000000
0.000000	102424.000000
0.000000	102424.000000
0.000000	102424.000000
0.000000	102425.000000
0.000000	102425.000000
0.000000	102425.000000
0.000000	102425.000000
0.000000	102425.000000
0.000000	102425.000000
0.000000	102425.000000
0.000000	102425.000000
0.000000	102425.000000
0.000000	102425.000000
0.000000	102425.000000
0.000000	102425.000000
0.000000	102425.000000
0.000000	102425.000000
0.000000	102425.000000
0.000000	102425.000000
0.000000	102425.000000
0.000000	102425.000000
0.000000	102426.000000
0.000000	102426.000000
0.000000	102426.000000
0.000000	102426.000000
0.000000	102426.000000
0.000000	102426.000000
0.000000	102426.000000
0.000000	102426.000000
0.000000	102426.000000
0.000000	102426.000000
0.000000	102426.000000
0.000000	102426.000000
0.000000	102426.000000
0.000000	102426.000000
0.000000	102426.000000
0.000000	102426.000000
0.000000	102427.000000
0.000000	102427.000000
0.000000	102427.000000
0.000000	102427.000000
0.000000	102427.000000
0.000000	102427.000000
0.000000	102427.000000
0.000000	102427.000000
0.000000	102427.000000
0.000000	102427.000000
0.000000	102427.000000
0.000000	102427.000000
0.000000	102427.000000
0.000000	102427.000000
0.000000	102427.000000
0.000000	102427.000000
0.000000	102427.000000
0.000000	102427.000000
0.000000	102428.000000
0.000000	102428.000000
0.000000	102428.000000
0.000000	102428.000000
0.000000	102428.000000
0.000000	102428.000000
0.000000	102428.000000
0.000000	102428.000000
0.000000	102428.000000
0.000000	102428.000000
0.000000	102428.000000
0.000000	102428.000000
0.000000	102428.000000
0.000000	102428.000000
0.000000	102428.000000
0.000000	102428.000000
0.000000	102428.000000
0.000000	102429.000000
0.000000	102429.000000
0.000000	102429.000000
0.000000	102429.000000
0.000000	102429.000000
0.000000	102429.000000
0.000000	102429.000000
0.000000	102429.000000
0.000000	102429.000000
0.000000	102429.000000
0.000000	102429.000000
0.000000	102429.000000
0.000000	102429.000000
0.000000	102429.000000
0.000000	102429.000000
0.000000	102429.000000
0.000000	102430.000000
0.000000	102430.000000
0.000000	102430.000000
0.000000	102430.000000
0.000000	102430.000000
0.000000	102430.000000
0.000000	102430.000000
0.000000	102430.000000
0.000000	102430.000000
0.000000	102430.000000
0.000000	102430.000000
0.000000	102430.000000
0.000000	102430.000000
0.000000	102430.000000
0.000000	102430.000000
0.000000	102430.000000
0.000000	102430.000000
0.000000	102430.000000
0.000000	102431.000000
0.000000	102431.000000
0.000000	102431.000000
0.000000	102431.000000
0.000000	102431.000000
0.000000	102431.000000
0.000000	102431.000000
0.000000	102431.000000
0.000000	102431.000000
0.000000	102431.000000
0.000000	102431.000000
0.000000	102431.000000
0.000000	102431.000000
0.000000	102431.000000
0.000000	102431.000000
0.000000	102431.000000
0.000000	102431.000000
0.000000	102432.000000
0.000000	102432.000000
0.000000	102432.000000
0.000000	102432.000000
0.000000	102432.000000
0.000000	102432.000000
0.000000	102432.000000
0.000000	102432.000000
0.000000	102432.000000
0.000000	102432.000000
0.000000	102432.000000
0.000000	102432.000000
0.000000	102432.000000
0.000000	102432.000000
0.000000	102432.000000
0.000000	102432.000000
0.000000	102433.000000
0.000000	102433.000000
0.000000	102433.000000
0.000000	102433.000000
0.000000	102433.000000
0.000000	102433.000000
0.000000	102433.000000
0.000000	102433.000000
0.000000	102433.000000
0.000000	102433.000000
0.000000	102433.000000
0.000000	102433.000000
0.000000	102433.000000
0.000000	102433.000000
0.000000	102433.000000
0.000000	102433.000000
0.000000	102433.000000
0.000000	102434.000000
0.000000	102434.000000
0.000000	102434.000000
0.000000	102434.000000
0.000000	102434.000000
0.000000	102434.000000
0.000000	102434.000000
0.000000	102434.000000
0.000000	102434.000000
0.000000	102434.000000
0.000000	102434.000000
0.000000	102434.000000
0.000000	102434.000000
0.000000	102434.000000
0.000000	102434.000000
0.000000	102434.000000
0.000000	102434.000000
0.000000	102434.000000
0.000000	102434.000000
0.000000	102435.000000
0.000000	102435.000000
0.000000	102435.000000
0.000000	102435.000000
0.000000	102435.000000
0.000000	102435.000000
0.000000	102435.000000
0.000000	102435.000000
0.000000	102435.000000
0.000000	102435.000000
0.000000	102435.000000
0.000000	102435.000000
0.000000	102435.000000
0.000000	102435.000000
0.000000	102435.000000
0.000000	102435.000000
0.000000	102435.000000
0.000000	102436.000000
0.000000	102436.000000
0.000000	102436.000000
0.000000	102436.000000
0.000000	102436.000000
0.000000	102436.000000
0.000000	102436.000000
0.000000	102436.000000
0.000000	102436.000000
0.000000	102436.000000
0.000000	102436.000000
0.000000	102436.000000
0.000000	102436.000000
0.000000	102436.000000
0.000000	102436.000000
0.000000	102436.000000
0.000000	102436.000000
0.000000	102437.000000
0.000000	102437.000000
0.000000	102437.000000
0.000000	102437.000000
0.000000	102437.000000
0.000000	102437.000000
0.000000	102437.000000
0.000000	102437.000000
0.000000	102437.000000
0.000000	102437.000000
0.000000	102437.000000
0.000000	102437.000000
0.000000	102437.000000
0.000000	102437.000000
0.000000	102437.000000
0.000000	102437.000000
0.000000	102437.000000
0.000000	102438.000000
0.000000	102438.000000
0.000000	102438.000000
0.000000	102438.000000
0.000000	102438.000000
0.000000	102438.000000
0.000000	102438.000000
0.000000	102438.000000
0.000000	102438.000000
0.000000	102438.000000
0.000000	102438.000000
0.000000	102438.000000
0.000000	102438.000000
0.000000	102438.000000
0.000000	102438.000000
0.000000	102438.000000
0.000000	102438.000000
0.000000	102439.000000
0.000000	102439.000000
0.000000	102439.000000
0.000000	102439.000000
0.000000	102439.000000
0.000000	102439.000000
0.000000	102439.000000
0.000000	102439.000000
0.000000	102439.000000
0.000000	102439.000000
0.000000	102439.000000
0.000000	102439.000000
0.000000	102439.000000
0.000000	102439.000000
0.000000	102439.000000
0.000000	102439.000000
0.000000	102439.000000
0.000000	102440.000000
0.000000	102440.000000
0.000000	102440.000000
0.000000	102440.000000
0.000000	102440.000000
0.000000	102440.000000
0.000000	102440.000000
0.000000	102440.000000
0.000000	102440.000000
0.000000	102440.000000
0.000000	102440.000000
0.000000	102440.000000
0.000000	102440.000000
0.000000	102440.000000
0.000000	102440.000000
0.000000	102440.000000
0.000000	102440.000000
0.000000	102441.000000
0.000000	102441.000000
0.000000	102441.000000
0.000000	102441.000000
0.000000	102441.000000
0.000000	102441.000000
0.000000	102441.000000
0.000000	102441.000000
0.000000	102441.000000
0.000000	102441.000000
0.000000	102441.000000
0.000000	102441.000000
0.000000	102441.000000
0.000000	102441.000000
0.000000	102441.000000
0.000000	102441.000000
0.000000	102441.000000
0.000000	102442.000000
0.000000	102442.000000
0.000000	102442.000000
0.000000	102442.000000
0.000000	102442.000000
0.000000	102442.000000
0.000000	102442.000000
0.000000	102442.000000
0.000000	102442.000000
0.000000	102442.000000
0.000000	102442.000000
0.000000	102442.000000
0.000000	102442.000000
0.000000	102442.000000
0.000000	102442.000000
0.000000	102442.000000
0.000000	102442.000000
0.000000	102443.000000
0.000000	102443.000000
0.000000	102443.000000
0.000000	102443.000000
0.000000	102443.000000
0.000000	102443.000000
0.000000	102443.000000
0.000000	102443.000000
0.000000	102443.000000
0.000000	102443.000000
0.000000	102443.000000
0.000000	102443.000000
0.000000	102443.000000
0.000000	102443.000000
0.000000	102443.000000
0.000000	102443.000000
0.000000	102443.000000
0.000000	102444.000000
0.000000	102444.000000
0.000000	102444.000000
0.000000	102444.000000
0.000000	102444.000000
0.000000	102444.000000
0.000000	102444.000000
0.000000	102444.000000
0.000000	102444.000000
0.000000	102444.000000
0.000000	102444.000000
0.000000	102444.000000
0.000000	102444.000000
0.000000	102444.000000
0.000000	102444.000000
0.000000	102444.000000
0.000000	102444.000000
0.000000	102445.000000
0.000000	102445.000000
0.000000	102445.000000
0.000000	102445.000000
0.000000	102445.000000
0.000000	102445.000000
0.000000	102445.000000
0.000000	102445.000000
0.000000	102445.000000
0.000000	102445.000000
0.000000	102445.000000
0.000000	102445.000000
0.000000	102445.000000
0.000000	102445.000000
0.000000	102445.000000
0.000000	102445.000000
0.000000	102445.000000
0.000000	102446.000000
0.000000	102446.000000
0.000000	102446.000000
0.000000	102446.000000
0.000000	102446.000000
0.000000	102446.000000
0.000000	102446.000000
0.000000	102446.000000
0.000000	102446.000000
0.000000	102446.000000
0.000000	102446.000000
0.000000	102446.000000
0.000000	102446.000000
0.000000	102446.000000
0.000000	102446.000000
0.000000	102446.000000
0.000000	102446.000000
0.000000	102447.000000
0.000000	102447.000000
0.000000	102447.000000
0.000000	102447.000000
0.000000	102447.000000
0.000000	102447.000000
0.000000	102447.000000
0.000000	102447.000000
0.000000	102447.000000
0.000000	102447.000000
0.000000	102447.000000
0.000000	102447.000000
0.000000	102447.000000
0.000000	102447.000000
0.000000	102447.000000
0.000000	102447.000000
0.000000	102447.000000
0.000000	102447.000000
0.000000	102448.000000
0.000000	102448.000000
0.000000	102448.000000
0.000000	102448.000000
0.000000	102448.000000
0.000000	102448.000000
0.000000	102448.000000
0.000000	102448.000000
0.000000	102448.000000
0.000000	102448.000000
0.000000	102448.000000
0.000000	102448.000000
0.000000	102448.000000
0.000000	102448.000000
0.000000	102448.000000
0.000000	102448.000000
0.000000	102448.000000
0.000000	102449.000000
0.000000	102449.000000
0.000000	102449.000000
0.000000	102449.000000
0.000000	102449.000000
0.000000	102449.000000
0.000000	102449.000000
0.000000	102449.000000
0.000000	102449.000000
0.000000	102449.000000
0.000000	102449.000000
0.000000	102449.000000
0.000000	102449.000000
0.000000	102449.000000
0.000000	102449.000000
0.000000	102449.000000
0.000000	102449.000000
0.000000	102450.000000
0.000000	102450.000000
0.000000	102450.000000
0.000000	102450.000000
0.000000	102450.000000
0.000000	102450.000000
0.000000	102450.000000
0.000000	102450.000000
0.000000	102450.000000
0.000000	102450.000000
0.000000	102450.000000
0.000000	102450.000000
0.000000	102450.000000
0.000000	102450.000000
0.000000	102450.000000
0.000000	102450.000000
0.000000	102450.000000
0.000000	102451.000000
0.000000	102451.000000
0.000000	102451.000000
0.000000	102451.000000
0.000000	102451.000000
0.000000	102451.000000
0.000000	102451.000000
0.000000	102451.000000
0.000000	102451.000000
0.000000	102451.000000
0.000000	102451.000000
0.000000	102451.000000
0.000000	102451.000000
0.000000	102451.000000
0.000000	102451.000000
0.000000	102451.000000
0.000000	102451.000000
0.000000	102452.000000
0.000000	102452.000000
0.000000	102452.000000
0.000000	102452.000000
0.000000	102452.000000
0.000000	102452.000000
0.000000	102452.000000
0.000000	102452.000000
0.000000	102452.000000
0.000000	102452.000000
0.000000	102452.000000
0.000000	102452.000000
0.000000	102452.000000
0.000000	102452.000000
0.000000	102452.000000
0.000000	102452.000000
0.000000	102452.000000
0.000000	102453.000000
0.000000	102453.000000
0.000000	102453.000000
0.000000	102453.000000
0.000000	102453.000000
0.000000	102453.000000
0.000000	102453.000000
0.000000	102453.000000
0.000000	102453.000000
0.000000	102453.000000
0.000000	102453.000000
0.000000	102453.000000
0.000000	102453.000000
0.000000	102453.000000
0.000000	102453.000000
0.000000	102453.000000
0.000000	102453.000000
0.000000	102454.000000
0.000000	102454.000000
0.000000	102454.000000
0.000000	102454.000000
0.000000	102454.000000
0.000000	102454.000000
0.000000	102454.000000
0.000000	102454.000000
0.000000	102454.000000
0.000000	102454.000000
0.000000	102454.000000
0.000000	102454.000000
0.000000	102454.000000
0.000000	102454.000000
0.000000	102454.000000
0.000000	102454.000000
0.000000	102454.000000
0.000000	102455.000000
0.000000	102455.000000
0.000000	102455.000000
0.000000	102455.000000
0.000000	102455.000000
0.000000	102455.000000
0.000000	102455.000000
0.000000	102455.000000
0.000000	102455.000000
0.000000	102455.000000
0.000000	102455.000000
0.000000	102455.000000
0.000000	102455.000000
0.000000	102455.000000
0.000000	102455.000000
0.000000	102455.000000
0.000000	102455.000000
0.000000	102456.000000
0.000000	102456.000000
0.000000	102456.000000
0.000000	102456.000000
0.000000	102456.000000
0.000000	102456.000000
0.000000	102456.000000
0.000000	102456.000000
0.000000	102456.000000
0.000000	102456.000000
0.000000	102456.000000
0.000000	102456.000000
0.000000	102456.000000
0.000000	102456.000000
0.000000	102456.000000
0.000000	102456.000000
0.000000	102456.000000
0.000000	102457.000000
0.000000	102457.000000
0.000000	102457.000000
0.000000	102457.000000
0.000000	102457.000000
0.000000	102457.000000
0.000000	102457.000000
0.000000	102457.000000
0.000000	102457.000000
0.000000	102457.000000
0.000000	102457.000000
0.000000	102457.000000
0.000000	102457.000000
0.000000	102457.000000
0.000000	102457.000000
0.000000	102457.000000
0.000000	102457.000000
0.000000	102458.000000
0.000000	102458.000000
0.000000	102458.000000
0.000000	102458.000000
0.000000	102458.000000
0.000000	102458.000000
0.000000	102458.000000
0.000000	102458.000000
0.000000	102458.000000
0.000000	102458.000000
0.000000	102458.000000
0.000000	102458.000000
0.000000	102458.000000
0.000000	102458.000000
0.000000	102458.000000
0.000000	102458.000000
0.000000	102458.000000
0.000000	102459.000000
0.000000	102459.000000
0.000000	102459.000000
0.000000	102459.000000
0.000000	102459.000000
0.000000	102459.000000
0.000000	102459.000000
0.000000	102459.000000
0.000000	102459.000000
0.000000	102459.000000
0.000000	102459.000000
0.000000	102459.000000
0.000000	102459.000000
0.000000	102459.000000
0.000000	102459.000000
0.000000	102459.000000
0.000000	102459.000000
0.000000	102500.000000
0.000000	102500.000000
0.000000	102500.000000
0.000000	102500.000000
0.000000	102500.000000
0.000000	102500.000000
0.000000	102500.000000
0.000000	102500.000000
0.000000	102500.000000
0.000000	102500.000000
0.000000	102500.000000
0.000000	102500.000000
0.000000	102500.000000
0.000000	102500.000000
0.000000	102500.000000
0.000000	102500.000000
0.000000	102500.000000
0.000000	102501.000000
0.000000	102501.000000
0.000000	102501.000000
0.000000	102501.000000
0.000000	102501.000000
0.000000	102501.000000
0.000000	102501.000000
0.000000	102501.000000
0.000000	102501.000000
0.000000	102501.000000
0.000000	102501.000000
0.000000	102501.000000
0.000000	102501.000000
0.000000	102501.000000
0.000000	102501.000000
0.000000	102501.000000
0.000000	102501.000000
0.000000	102502.000000
0.000000	102502.000000
0.000000	102502.000000
0.000000	102502.000000
0.000000	102502.000000
0.000000	102502.000000
0.000000	102502.000000
0.000000	102502.000000
0.000000	102502.000000
0.000000	102502.000000
0.000000	102502.000000
0.000000	102502.000000
0.000000	102502.000000
0.000000	102502.000000
0.000000	102502.000000
0.000000	102502.000000
0.000000	102502.000000
0.000000	102503.000000
0.000000	102503.000000
0.000000	102503.000000
0.000000	102503.000000
0.000000	102503.000000
0.000000	102503.000000
0.000000	102503.000000
0.000000	102503.000000
0.000000	102503.000000
0.000000	102503.000000
0.000000	102503.000000
0.000000	102503.000000
0.000000	102503.000000
0.000000	102503.000000
0.000000	102503.000000
0.000000	102503.000000
0.000000	102503.000000
0.000000	102503.000000
0.000000	102504.000000
0.000000	102504.000000
0.000000	102504.000000
0.000000	102504.000000
0.000000	102504.000000
0.000000	102504.000000
0.000000	102504.000000
0.000000	102504.000000
0.000000	102504.000000
0.000000	102504.000000
0.000000	102504.000000
0.000000	102504.000000
0.000000	102504.000000
0.000000	102504.000000
0.000000	102504.000000
0.000000	102504.000000
0.000000	102504.000000
0.000000	102505.000000
0.000000	102505.000000
0.000000	102505.000000
0.000000	102505.000000
0.000000	102505.000000
0.000000	102505.000000
0.000000	102505.000000
0.000000	102505.000000
0.000000	102505.000000
0.000000	102505.000000
0.000000	102505.000000
0.000000	102505.000000
0.000000	102505.000000
0.000000	102505.000000
0.000000	102505.000000
0.000000	102505.000000
0.000000	102505.000000
0.000000	102506.000000
0.000000	102506.000000
0.000000	102506.000000
0.000000	102506.000000
0.000000	102506.000000
0.000000	102506.000000
0.000000	102506.000000
0.000000	102506.000000
0.000000	102506.000000
0.000000	102506.000000
0.000000	102506.000000
0.000000	102506.000000
0.000000	102506.000000
0.000000	102506.000000
0.000000	102506.000000
0.000000	102506.000000
0.000000	102506.000000
0.000000	102507.000000
0.000000	102507.000000
0.000000	102507.000000
0.000000	102507.000000
0.000000	102507.000000
0.000000	102507.000000
0.000000	102507.000000
0.000000	102507.000000
0.000000	102507.000000
0.000000	102507.000000
0.000000	102507.000000
0.000000	102507.000000
0.000000	102507.000000
0.000000	102507.000000
0.000000	102507.000000
0.000000	102507.000000
0.000000	102507.000000
0.000000	102508.000000
0.000000	102508.000000
0.000000	102508.000000
0.000000	102508.000000
0.000000	102508.000000
0.000000	102508.000000
0.000000	102508.000000
0.000000	102508.000000
0.000000	102508.000000
0.000000	102508.000000
0.000000	102508.000000
0.000000	102508.000000
0.000000	102508.000000
0.000000	102508.000000
0.000000	102508.000000
0.000000	102508.000000
0.000000	102508.000000
0.000000	102509.000000
0.000000	102509.000000
0.000000	102509.000000
0.000000	102509.000000
0.000000	102509.000000
0.000000	102509.000000
0.000000	102509.000000
0.000000	102509.000000
0.000000	102509.000000
0.000000	102509.000000
0.000000	102509.000000
0.000000	102509.000000
0.000000	102509.000000
0.000000	102509.000000
0.000000	102509.000000
0.000000	102509.000000
0.000000	102509.000000
0.000000	102510.000000
0.000000	102510.000000
0.000000	102510.000000
0.000000	102510.000000
0.000000	102510.000000
0.000000	102510.000000
0.000000	102510.000000
0.000000	102510.000000
0.000000	102510.000000
0.000000	102510.000000
0.000000	102510.000000
0.000000	102510.000000
0.000000	102510.000000
0.000000	102510.000000
0.000000	102510.000000
0.000000	102510.000000
0.000000	102510.000000
0.000000	102511.000000
0.000000	102511.000000
0.000000	102511.000000
0.000000	102511.000000
0.000000	102511.000000
0.000000	102511.000000
0.000000	102511.000000
0.000000	102511.000000
0.000000	102511.000000
0.000000	102511.000000
0.000000	102511.000000
0.000000	102511.000000
0.000000	102511.000000
0.000000	102511.000000
0.000000	102511.000000
0.000000	102511.000000
0.000000	102512.000000
0.000000	102512.000000
0.000000	102512.000000
0.000000	102512.000000
0.000000	102512.000000
0.000000	102512.000000
0.000000	102512.000000
0.000000	102512.000000
0.000000	102512.000000
0.000000	102512.000000
0.000000	102512.000000
0.000000	102512.000000
0.000000	102512.000000
0.000000	102512.000000
0.000000	102512.000000
0.000000	102512.000000
0.000000	102512.000000
0.000000	102512.000000
0.000000	102513.000000
0.000000	102513.000000
0.000000	102513.000000
0.000000	102513.000000
0.000000	102513.000000
0.000000	102513.000000
0.000000	102513.000000
0.000000	102513.000000
0.000000	102513.000000
0.000000	102513.000000
0.000000	102513.000000
0.000000	102513.000000
0.000000	102513.000000
0.000000	102513.000000
0.000000	102513.000000
0.000000	102513.000000
0.000000	102513.000000
0.000000	102514.000000
0.000000	102514.000000
0.000000	102514.000000
0.000000	102514.000000
0.000000	102514.000000
0.000000	102514.000000
0.000000	102514.000000
0.000000	102514.000000
0.000000	102514.000000
0.000000	102514.000000
0.000000	102514.000000
0.000000	102514.000000
0.000000	102514.000000
0.000000	102514.000000
0.000000	102514.000000
0.000000	102514.000000
0.000000	102514.000000
0.000000	102515.000000
0.000000	102515.000000
0.000000	102515.000000
0.000000	102515.000000
0.000000	102515.000000
0.000000	102515.000000
0.000000	102515.000000
0.000000	102515.000000
0.000000	102515.000000
0.000000	102515.000000
0.000000	102515.000000
0.000000	102515.000000
0.000000	102515.000000
0.000000	102515.000000
0.000000	102515.000000
0.000000	102515.000000
0.000000	102516.000000
0.000000	102516.000000
0.000000	102516.000000
0.000000	102516.000000
0.000000	102516.000000
0.000000	102516.000000
0.000000	102516.000000
0.000000	102516.000000
0.000000	102516.000000
0.000000	102516.000000
0.000000	102516.000000
0.000000	102516.000000
0.000000	102516.000000
0.000000	102516.000000
0.000000	102516.000000
0.000000	102516.000000
0.000000	102516.000000
0.000000	102516.000000
0.000000	102517.000000
0.000000	102517.000000
0.000000	102517.000000
0.000000	102517.000000
0.000000	102517.000000
0.000000	102517.000000
0.000000	102517.000000
0.000000	102517.000000
0.000000	102517.000000
0.000000	102517.000000
0.000000	102517.000000
0.000000	102517.000000
0.000000	102517.000000
0.000000	102517.000000
0.000000	102517.000000
0.000000	102517.000000
0.000000	102517.000000
0.000000	102518.000000
0.000000	102518.000000
0.000000	102518.000000
0.000000	102518.000000
0.000000	102518.000000
0.000000	102518.000000
0.000000	102518.000000
0.000000	102518.000000
0.000000	102518.000000
0.000000	102518.000000
0.000000	102518.000000
0.000000	102518.000000
0.000000	102518.000000
0.000000	102518.000000
0.000000	102518.000000
0.000000	102518.000000
0.000000	102518.000000
0.000000	102518.000000
0.000000	102519.000000
0.000000	102519.000000
0.000000	102519.000000
0.000000	102519.000000
0.000000	102519.000000
0.000000	102519.000000
0.000000	102519.000000
0.000000	102519.000000
0.000000	102519.000000
0.000000	102519.000000
0.000000	102519.000000
0.000000	102519.000000
0.000000	102519.000000
0.000000	102519.000000
0.000000	102519.000000
0.000000	102519.000000
0.000000	102519.000000
0.000000	102520.000000
0.000000	102520.000000
0.000000	102520.000000
0.000000	102520.000000
0.000000	102520.000000
0.000000	102520.000000
0.000000	102520.000000
0.000000	102520.000000
0.000000	102520.000000
0.000000	102520.000000
0.000000	102520.000000
0.000000	102520.000000
0.000000	102520.000000
0.000000	102520.000000
0.000000	102520.000000
0.000000	102520.000000
0.000000	102520.000000
0.000000	102521.000000
0.000000	102521.000000
0.000000	102521.000000
0.000000	102521.000000
0.000000	102521.000000
0.000000	102521.000000
0.000000	102521.000000
0.000000	102521.000000
0.000000	102521.000000
0.000000	102521.000000
0.000000	102521.000000
0.000000	102521.000000
0.000000	102521.000000
0.000000	102521.000000
0.000000	102521.000000
0.000000	102521.000000
0.000000	102521.000000
0.000000	102522.000000
0.000000	102522.000000
0.000000	102522.000000
0.000000	102522.000000
0.000000	102522.000000
0.000000	102522.000000
0.000000	102522.000000
0.000000	102522.000000
0.000000	102522.000000
0.000000	102522.000000
0.000000	102522.000000
0.000000	102522.000000
0.000000	102522.000000
0.000000	102522.000000
0.000000	102522.000000
0.000000	102522.000000
0.000000	102522.000000
0.000000	102523.000000
0.000000	102523.000000
0.000000	102523.000000
0.000000	102523.000000
0.000000	102523.000000
0.000000	102523.000000
0.000000	102523.000000
0.000000	102523.000000
0.000000	102523.000000
0.000000	102523.000000
0.000000	102523.000000
0.000000	102523.000000
0.000000	102523.000000
0.000000	102523.000000
0.000000	102523.000000
0.000000	102523.000000
0.000000	102523.000000
0.000000	102524.000000
0.000000	102524.000000
0.000000	102524.000000
0.000000	102524.000000
0.000000	102524.000000
0.000000	102524.000000
0.000000	102524.000000
0.000000	102524.000000
0.000000	102524.000000
0.000000	102524.000000
0.000000	102524.000000
0.000000	102524.000000
0.000000	102524.000000
0.000000	102524.000000
0.000000	102524.000000
0.000000	102524.000000
0.000000	102524.000000
0.000000	102525.000000
0.000000	102525.000000
0.000000	102525.000000
0.000000	102525.000000
0.000000	102525.000000
0.000000	102525.000000
0.000000	102525.000000
0.000000	102525.000000
0.000000	102525.000000
0.000000	102525.000000
0.000000	102525.000000
0.000000	102525.000000
0.000000	102525.000000
0.000000	102525.000000
0.000000	102525.000000
0.000000	102525.000000
0.000000	102525.000000
0.000000	102526.000000
0.000000	102526.000000
0.000000	102526.000000
0.000000	102526.000000
0.000000	102526.000000
0.000000	102526.000000
0.000000	102526.000000
0.000000	102526.000000
0.000000	102526.000000
0.000000	102526.000000
0.000000	102526.000000
0.000000	102526.000000
0.000000	102526.000000
0.000000	102526.000000
0.000000	102526.000000
0.000000	102526.000000
0.000000	102526.000000
0.000000	102527.000000
0.000000	102527.000000
0.000000	102527.000000
0.000000	102527.000000
0.000000	102527.000000
0.000000	102527.000000
0.000000	102527.000000
0.000000	102527.000000
0.000000	102527.000000
0.000000	102527.000000
0.000000	102527.000000
0.000000	102527.000000
0.000000	102527.000000
0.000000	102527.000000
0.000000	102527.000000
0.000000	102527.000000
0.000000	102527.000000
0.000000	102528.000000
0.000000	102528.000000
0.000000	102528.000000
0.000000	102528.000000
0.000000	102528.000000
0.000000	102528.000000
0.000000	102528.000000
0.000000	102528.000000
0.000000	102528.000000
0.000000	102528.000000
0.000000	102528.000000
0.000000	102528.000000
0.000000	102528.000000
0.000000	102528.000000
0.000000	102528.000000
0.000000	102528.000000
0.000000	102528.000000
0.000000	102529.000000
0.000000	102529.000000
0.000000	102529.000000
0.000000	102529.000000
0.000000	102529.000000
0.000000	102529.000000
0.000000	102529.000000
0.000000	102529.000000
0.000000	102529.000000
0.000000	102529.000000
0.000000	102529.000000
0.000000	102529.000000
0.000000	102529.000000
0.000000	102529.000000
0.000000	102529.000000
0.000000	102529.000000
0.000000	102529.000000
0.000000	102530.000000
0.000000	102530.000000
0.000000	102530.000000
0.000000	102530.000000
0.000000	102530.000000
0.000000	102530.000000
0.000000	102530.000000
0.000000	102530.000000
0.000000	102530.000000
0.000000	102530.000000
0.000000	102530.000000
0.000000	102530.000000
0.000000	102530.000000
0.000000	102530.000000
0.000000	102530.000000
0.000000	102530.000000
0.000000	102530.000000
0.000000	102531.000000
0.000000	102531.000000
0.000000	102531.000000
0.000000	102531.000000
0.000000	102531.000000
0.000000	102531.000000
0.000000	102531.000000
0.000000	102531.000000
0.000000	102531.000000
0.000000	102531.000000
0.000000	102531.000000
0.000000	102531.000000
0.000000	102531.000000
0.000000	102531.000000
0.000000	102531.000000
0.000000	102531.000000
0.000000	102531.000000
0.000000	102532.000000
0.000000	102532.000000
0.000000	102532.000000
0.000000	102532.000000
0.000000	102532.000000
0.000000	102532.000000
0.000000	102532.000000
0.000000	102532.000000
0.000000	102532.000000
0.000000	102532.000000
0.000000	102532.000000
0.000000	102532.000000
0.000000	102532.000000
0.000000	102532.000000
0.000000	102533.000000
0.000000	102533.000000
0.000000	102533.000000
0.000000	102533.000000
0.000000	102533.000000
0.000000	102533.000000
0.000000	102533.000000
0.000000	102533.000000
0.000000	102533.000000
0.000000	102533.000000
0.000000	102533.000000
0.000000	102533.000000
0.000000	102533.000000
0.000000	102533.000000
0.000000	102533.000000
0.000000	102533.000000
0.000000	102533.000000
0.000000	102533.000000
0.000000	102533.000000
0.000000	102534.000000
0.000000	102534.000000
0.000000	102534.000000
0.000000	102534.000000
0.000000	102534.000000
0.000000	102534.000000
0.000000	102534.000000
0.000000	102534.000000
0.000000	102534.000000
0.000000	102534.000000
0.000000	102534.000000
0.000000	102534.000000
0.000000	102534.000000
0.000000	102534.000000
0.000000	102534.000000
0.000000	102534.000000
0.000000	102534.000000
0.000000	102534.000000
0.000000	102534.000000
0.000000	102535.000000
0.000000	102535.000000
0.000000	102535.000000
0.000000	102535.000000
0.000000	102535.000000
0.000000	102535.000000
0.000000	102535.000000
0.000000	102535.000000
0.000000	102535.000000
0.000000	102535.000000
0.000000	102535.000000
0.000000	102535.000000
0.000000	102535.000000
0.000000	102535.000000
0.000000	102535.000000
0.000000	102535.000000
0.000000	102535.000000
0.000000	102536.000000
0.000000	102536.000000
0.000000	102536.000000
0.000000	102536.000000
0.000000	102536.000000
0.000000	102536.000000
0.000000	102536.000000
0.000000	102536.000000
0.000000	102536.000000
0.000000	102536.000000
0.000000	102536.000000
0.000000	102536.000000
0.000000	102536.000000
0.000000	102536.000000
0.000000	102536.000000
0.000000	102536.000000
0.000000	102536.000000
0.000000	102537.000000
0.000000	102537.000000
0.000000	102537.000000
0.000000	102537.000000
0.000000	102537.000000
0.000000	102537.000000
0.000000	102537.000000
0.000000	102537.000000
0.000000	102537.000000
0.000000	102537.000000
0.000000	102537.000000
0.000000	102537.000000
0.000000	102537.000000
0.000000	102537.000000
0.000000	102537.000000
0.000000	102537.000000
0.000000	102538.000000
0.000000	102538.000000
0.000000	102538.000000
0.000000	102538.000000
0.000000	102538.000000
0.000000	102538.000000
0.000000	102538.000000
0.000000	102538.000000
0.000000	102538.000000
0.000000	102538.000000
0.000000	102538.000000
0.000000	102538.000000
0.000000	102538.000000
0.000000	102538.000000
0.000000	102538.000000
0.000000	102538.000000
0.000000	102538.000000
0.000000	102538.000000
0.000000	102539.000000
0.000000	102539.000000
0.000000	102539.000000
0.000000	102539.000000
0.000000	102539.000000
0.000000	102539.000000
0.000000	102539.000000
0.000000	102539.000000
0.000000	102539.000000
0.000000	102539.000000
0.000000	102539.000000
0.000000	102539.000000
0.000000	102539.000000
0.000000	102539.000000
0.000000	102539.000000
0.000000	102539.000000
0.000000	102539.000000
0.000000	102540.000000
0.000000	102540.000000
0.000000	102540.000000
0.000000	102540.000000
0.000000	102540.000000
0.000000	102540.000000
0.000000	102540.000000
0.000000	102540.000000
0.000000	102540.000000
0.000000	102540.000000
0.000000	102540.000000
0.000000	102540.000000
0.000000	102540.000000
0.000000	102540.000000
0.000000	102540.000000
0.000000	102540.000000
0.000000	102540.000000
0.000000	102541.000000
0.000000	102541.000000
0.000000	102541.000000
0.000000	102541.000000
0.000000	102541.000000
0.000000	102541.000000
0.000000	102541.000000
0.000000	102541.000000
0.000000	102541.000000
0.000000	102541.000000
0.000000	102541.000000
0.000000	102541.000000
0.000000	102541.000000
0.000000	102541.000000
0.000000	102541.000000
0.000000	102541.000000
0.000000	102541.000000
0.000000	102542.000000
0.000000	102542.000000
0.000000	102542.000000
0.000000	102542.000000
0.000000	102542.000000
0.000000	102542.000000
0.000000	102542.000000
0.000000	102542.000000
0.000000	102542.000000
0.000000	102542.000000
0.000000	102542.000000
0.000000	102542.000000
0.000000	102542.000000
0.000000	102542.000000
0.000000	102542.000000
0.000000	102542.000000
0.000000	102543.000000
0.000000	102543.000000
0.000000	102543.000000
0.000000	102543.000000
0.000000	102543.000000
0.000000	102543.000000
0.000000	102543.000000
0.000000	102543.000000
0.000000	102543.000000
0.000000	102543.000000
0.000000	102543.000000
0.000000	102543.000000
0.000000	102543.000000
0.000000	102543.000000
0.000000	102543.000000
0.000000	102543.000000
0.000000	102543.000000
0.000000	102543.000000
0.000000	102544.000000
0.000000	102544.000000
0.000000	102544.000000
0.000000	102544.000000
0.000000	102544.000000
0.000000	102544.000000
0.000000	102544.000000
0.000000	102544.000000
0.000000	102544.000000
0.000000	102544.000000
0.000000	102544.000000
0.000000	102544.000000
0.000000	102544.000000
0.000000	102544.000000
0.000000	102544.000000
0.000000	102544.000000
0.000000	102545.000000
0.000000	102545.000000
0.000000	102545.000000
0.000000	102545.000000
0.000000	102545.000000
0.000000	102545.000000
0.000000	102545.000000
0.000000	102545.000000
0.000000	102545.000000
0.000000	102545.000000
0.000000	102545.000000
0.000000	102545.000000
0.000000	102545.000000
0.000000	102545.000000
0.000000	102545.000000
0.000000	102545.000000
0.000000	102545.000000
0.000000	102545.000000
0.000000	102546.000000
0.000000	102546.000000
0.000000	102546.000000
0.000000	102546.000000
0.000000	102546.000000
0.000000	102546.000000
0.000000	102546.000000
0.000000	102546.000000
0.000000	102546.000000
0.000000	102546.000000
0.000000	102546.000000
0.000000	102546.000000
0.000000	102546.000000
0.000000	102546.000000
0.000000	102546.000000
0.000000	102546.000000
0.000000	102547.000000
0.000000	102547.000000
0.000000	102547.000000
0.000000	102547.000000
0.000000	102547.000000
0.000000	102547.000000
0.000000	102547.000000
0.000000	102547.000000
0.000000	102547.000000
0.000000	102547.000000
0.000000	102547.000000
0.000000	102547.000000
0.000000	102547.000000
0.000000	102547.000000
0.000000	102547.000000
0.000000	102547.000000
0.000000	102547.000000
0.000000	102547.000000
0.000000	102548.000000
0.000000	102548.000000
0.000000	102548.000000
0.000000	102548.000000
0.000000	102548.000000
0.000000	102548.000000
0.000000	102548.000000
0.000000	102548.000000
0.000000	102548.000000
0.000000	102548.000000
0.000000	102548.000000
0.000000	102548.000000
0.000000	102548.000000
0.000000	102548.000000
0.000000	102548.000000
0.000000	102548.000000
0.000000	102548.000000
0.000000	102548.000000
0.000000	102549.000000
0.000000	102549.000000
0.000000	102549.000000
0.000000	102549.000000
0.000000	102549.000000
0.000000	102549.000000
0.000000	102549.000000
0.000000	102549.000000
0.000000	102549.000000
0.000000	102549.000000
0.000000	102549.000000
0.000000	102549.000000
0.000000	102549.000000
0.000000	102549.000000
0.000000	102549.000000
0.000000	102549.000000
0.000000	102549.000000
0.000000	102550.000000
0.000000	102550.000000
0.000000	102550.000000
0.000000	102550.000000
0.000000	102550.000000
0.000000	102550.000000
0.000000	102550.000000
0.000000	102550.000000
0.000000	102550.000000
0.000000	102550.000000
0.000000	102550.000000
0.000000	102550.000000
0.000000	102550.000000
0.000000	102550.000000
0.000000	102550.000000
0.000000	102550.000000
0.000000	102550.000000
0.000000	102551.000000
0.000000	102551.000000
0.000000	102551.000000
0.000000	102551.000000
0.000000	102551.000000
0.000000	102551.000000
0.000000	102551.000000
0.000000	102551.000000
0.000000	102551.000000
0.000000	102551.000000
0.000000	102551.000000
0.000000	102551.000000
0.000000	102551.000000
0.000000	102551.000000
0.000000	102551.000000
0.000000	102551.000000
0.000000	102551.000000
0.000000	102552.000000
0.000000	102552.000000
0.000000	102552.000000
0.000000	102552.000000
0.000000	102552.000000
0.000000	102552.000000
0.000000	102552.000000
0.000000	102552.000000
0.000000	102552.000000
0.000000	102552.000000
0.000000	102552.000000
0.000000	102552.000000
0.000000	102552.000000
0.000000	102552.000000
0.000000	102552.000000
0.000000	102552.000000
0.000000	102552.000000
0.000000	102553.000000
0.000000	102553.000000
0.000000	102553.000000
0.000000	102553.000000
0.000000	102553.000000
0.000000	102553.000000
0.000000	102553.000000
0.000000	102553.000000
0.000000	102553.000000
0.000000	102553.000000
0.000000	102553.000000
0.000000	102553.000000
0.000000	102553.000000
0.000000	102553.000000
0.000000	102553.000000
0.000000	102553.000000
0.000000	102553.000000
0.000000	102554.000000
0.000000	102554.000000
0.000000	102554.000000
0.000000	102554.000000
0.000000	102554.000000
0.000000	102554.000000
0.000000	102554.000000
0.000000	102554.000000
0.000000	102554.000000
0.000000	102554.000000
0.000000	102554.000000
0.000000	102554.000000
0.000000	102554.000000
0.000000	102554.000000
0.000000	102554.000000
0.000000	102554.000000
0.000000	102554.000000
0.000000	102555.000000
0.000000	102555.000000
0.000000	102555.000000
0.000000	102555.000000
0.000000	102555.000000
0.000000	102555.000000
0.000000	102555.000000
0.000000	102555.000000
0.000000	102555.000000
0.000000	102555.000000
0.000000	102555.000000
0.000000	102555.000000
0.000000	102555.000000
0.000000	102555.000000
0.000000	102555.000000
0.000000	102555.000000
0.000000	102555.000000
0.000000	102556.000000
0.000000	102556.000000
0.000000	102556.000000
0.000000	102556.000000
0.000000	102556.000000
0.000000	102556.000000
0.000000	102556.000000
0.000000	102556.000000
0.000000	102556.000000
0.000000	102556.000000
0.000000	102556.000000
0.000000	102556.000000
0.000000	102556.000000
0.000000	102556.000000
0.000000	102556.000000
0.000000	102556.000000
0.000000	102556.000000
0.000000	102557.000000
0.000000	102557.000000
0.000000	102557.000000
0.000000	102557.000000
0.000000	102557.000000
0.000000	102557.000000
0.000000	102557.000000
0.000000	102557.000000
0.000000	102557.000000
0.000000	102557.000000
0.000000	102557.000000
0.000000	102557.000000
0.000000	102557.000000
0.000000	102557.000000
0.000000	102557.000000
0.000000	102557.000000
0.000000	102557.000000
0.000000	102558.000000
0.000000	102558.000000
0.000000	102558.000000
0.000000	102558.000000
0.000000	102558.000000
0.000000	102558.000000
0.000000	102558.000000
0.000000	102558.000000
0.000000	102558.000000
0.000000	102558.000000
0.000000	102558.000000
0.000000	102558.000000
0.000000	102558.000000
0.000000	102558.000000
0.000000	102558.000000
0.000000	102558.000000
0.000000	102558.000000
0.000000	102559.000000
0.000000	102559.000000
0.000000	102559.000000
0.000000	102559.000000
0.000000	102559.000000
0.000000	102559.000000
0.000000	102559.000000
0.000000	102559.000000
0.000000	102559.000000
0.000000	102559.000000
0.000000	102559.000000
0.000000	102559.000000
0.000000	102559.000000
0.000000	102559.000000
0.000000	102559.000000
0.000000	102559.000000
0.000000	102559.000000
0.000000	102600.000000
0.000000	102600.000000
0.000000	102600.000000
0.000000	102600.000000
0.000000	102600.000000
0.000000	102600.000000
0.000000	102600.000000
0.000000	102600.000000
0.000000	102600.000000
0.000000	102600.000000
0.000000	102600.000000
0.000000	102600.000000
0.000000	102600.000000
0.000000	102600.000000
0.000000	102600.000000
0.000000	102600.000000
0.000000	102600.000000
0.000000	102601.000000
0.000000	102601.000000
0.000000	102601.000000
0.000000	102601.000000
0.000000	102601.000000
0.000000	102601.000000
0.000000	102601.000000
0.000000	102601.000000
0.000000	102601.000000
0.000000	102601.000000
0.000000	102601.000000
0.000000	102601.000000
0.000000	102601.000000
0.000000	102601.000000
0.000000	102601.000000
0.000000	102601.000000
0.000000	102601.000000
0.000000	102602.000000
0.000000	102602.000000
0.000000	102602.000000
0.000000	102602.000000
0.000000	102602.000000
0.000000	102602.000000
0.000000	102602.000000
0.000000	102602.000000
0.000000	102602.000000
0.000000	102602.000000
0.000000	102602.000000
0.000000	102602.000000
0.000000	102602.000000
0.000000	102602.000000
0.000000	102602.000000
0.000000	102602.000000
0.000000	102602.000000
0.000000	102602.000000
0.000000	102603.000000
0.000000	102603.000000
0.000000	102603.000000
0.000000	102603.000000
0.000000	102603.000000
0.000000	102603.000000
0.000000	102603.000000
0.000000	102603.000000
0.000000	102603.000000
0.000000	102603.000000
0.000000	102603.000000
0.000000	102603.000000
0.000000	102603.000000
0.000000	102603.000000
0.000000	102604.000000
0.000000	102604.000000
0.000000	102604.000000
0.000000	102604.000000
0.000000	102604.000000
0.000000	102604.000000
0.000000	102604.000000
0.000000	102604.000000
0.000000	102604.000000
0.000000	102604.000000
0.000000	102604.000000
0.000000	102604.000000
0.000000	102604.000000
0.000000	102604.000000
0.000000	102604.000000
0.000000	102604.000000
0.000000	102604.000000
0.000000	102604.000000
0.000000	102604.000000
0.000000	102604.000000
0.000000	102605.000000
0.000000	102605.000000
0.000000	102605.000000
0.000000	102605.000000
0.000000	102605.000000
0.000000	102605.000000
0.000000	102605.000000
0.000000	102605.000000
0.000000	102605.000000
0.000000	102605.000000
0.000000	102605.000000
0.000000	102605.000000
0.000000	102605.000000
0.000000	102605.000000
0.000000	102605.000000
0.000000	102605.000000
0.000000	102605.000000
0.000000	102606.000000
0.000000	102606.000000
0.000000	102606.000000
0.000000	102606.000000
0.000000	102606.000000
0.000000	102606.000000
0.000000	102606.000000
0.000000	102606.000000
0.000000	102606.000000
0.000000	102606.000000
0.000000	102606.000000
0.000000	102606.000000
0.000000	102606.000000
0.000000	102606.000000
0.000000	102606.000000
0.000000	102606.000000
0.000000	102606.000000
0.000000	102607.000000
0.000000	102607.000000
0.000000	102607.000000
0.000000	102607.000000
0.000000	102607.000000
0.000000	102607.000000
0.000000	102607.000000
0.000000	102607.000000
0.000000	102607.000000
0.000000	102607.000000
0.000000	102607.000000
0.000000	102607.000000
0.000000	102607.000000
0.000000	102607.000000
0.000000	102607.000000
0.000000	102607.000000
0.000000	102607.000000
0.000000	102608.000000
0.000000	102608.000000
0.000000	102608.000000
0.000000	102608.000000
0.000000	102608.000000
0.000000	102608.000000
0.000000	102608.000000
0.000000	102608.000000
0.000000	102608.000000
0.000000	102608.000000
0.000000	102608.000000
0.000000	102608.000000
0.000000	102608.000000
0.000000	102608.000000
0.000000	102608.000000
0.000000	102608.000000
0.000000	102608.000000
0.000000	102609.000000
0.000000	102609.000000
0.000000	102609.000000
0.000000	102609.000000
0.000000	102609.000000
0.000000	102609.000000
0.000000	102609.000000
0.000000	102609.000000
0.000000	102609.000000
0.000000	102609.000000
0.000000	102609.000000
0.000000	102609.000000
0.000000	102609.000000
0.000000	102609.000000
0.000000	102609.000000
0.000000	102609.000000
0.000000	102609.000000
0.000000	102610.000000
0.000000	102610.000000
0.000000	102610.000000
0.000000	102610.000000
0.000000	102610.000000
0.000000	102610.000000
0.000000	102610.000000
0.000000	102610.000000
0.000000	102610.000000
0.000000	102610.000000
0.000000	102610.000000
0.000000	102610.000000
0.000000	102610.000000
0.000000	102610.000000
0.000000	102610.000000
0.000000	102610.000000
0.000000	102610.000000
0.000000	102611.000000
0.000000	102611.000000
0.000000	102611.000000
0.000000	102611.000000
0.000000	102611.000000
0.000000	102611.000000
0.000000	102611.000000
0.000000	102611.000000
