0.000000	63706.000000
0.000000	63706.000000
0.000000	63706.000000
0.000000	63706.000000
0.000000	63706.000000
0.000000	63707.000000
0.000000	63707.000000
0.000000	63707.000000
0.000000	63707.000000
0.000000	63707.000000
0.000000	63707.000000
0.000000	63707.000000
0.000000	63707.000000
0.000000	63707.000000
0.000000	63707.000000
0.000000	63707.000000
0.000000	63707.000000
0.000000	63707.000000
0.000000	63707.000000
0.000000	63707.000000
0.000000	63707.000000
0.000000	63707.000000
0.000000	63708.000000
0.000000	63708.000000
0.000000	63708.000000
0.000000	63708.000000
0.000000	63708.000000
0.000000	63708.000000
0.000000	63708.000000
0.000000	63708.000000
0.000000	63708.000000
0.000000	63708.000000
0.000000	63708.000000
0.000000	63708.000000
0.000000	63708.000000
0.000000	63708.000000
0.000000	63708.000000
0.000000	63708.000000
0.000000	63708.000000
0.000000	63708.000000
0.000000	63709.000000
0.000000	63709.000000
0.000000	63709.000000
0.000000	63709.000000
0.000000	63709.000000
0.000000	63709.000000
0.000000	63709.000000
0.000000	63709.000000
0.000000	63709.000000
0.000000	63709.000000
0.000000	63709.000000
0.000000	63709.000000
0.000000	63709.000000
0.000000	63709.000000
0.000000	63709.000000
0.000000	63709.000000
0.000000	63709.000000
0.000000	63710.000000
0.000000	63710.000000
0.000000	63710.000000
0.000000	63710.000000
0.000000	63710.000000
0.000000	63710.000000
0.000000	63710.000000
0.000000	63710.000000
0.000000	63710.000000
0.000000	63710.000000
0.000000	63710.000000
0.000000	63710.000000
0.000000	63710.000000
0.000000	63710.000000
0.000000	63710.000000
0.000000	63710.000000
0.000000	63710.000000
0.000000	63711.000000
0.000000	63711.000000
0.000000	63711.000000
0.000000	63711.000000
0.000000	63711.000000
0.000000	63711.000000
0.000000	63711.000000
0.000000	63711.000000
0.000000	63711.000000
0.000000	63711.000000
0.000000	63711.000000
0.000000	63711.000000
0.000000	63711.000000
0.000000	63711.000000
0.000000	63711.000000
0.000000	63711.000000
0.000000	63711.000000
0.000000	63712.000000
0.000000	63712.000000
0.000000	63712.000000
0.000000	63712.000000
0.000000	63712.000000
0.000000	63712.000000
0.000000	63712.000000
0.000000	63712.000000
0.000000	63712.000000
0.000000	63712.000000
0.000000	63712.000000
0.000000	63712.000000
0.000000	63712.000000
0.000000	63712.000000
0.000000	63712.000000
0.000000	63712.000000
0.000000	63712.000000
0.000000	63713.000000
0.000000	63713.000000
0.000000	63713.000000
0.000000	63713.000000
0.000000	63713.000000
0.000000	63713.000000
0.000000	63713.000000
0.000000	63713.000000
0.000000	63713.000000
0.000000	63713.000000
0.000000	63713.000000
0.000000	63713.000000
0.000000	63713.000000
0.000000	63713.000000
0.000000	63713.000000
0.000000	63713.000000
0.000000	63713.000000
0.000000	63714.000000
0.000000	63714.000000
0.000000	63714.000000
0.000000	63714.000000
0.000000	63714.000000
0.000000	63714.000000
0.000000	63714.000000
0.000000	63714.000000
0.000000	63714.000000
0.000000	63714.000000
0.000000	63714.000000
0.000000	63714.000000
0.000000	63714.000000
0.000000	63714.000000
0.000000	63714.000000
0.000000	63714.000000
0.000000	63714.000000
0.000000	63715.000000
0.000000	63715.000000
0.000000	63715.000000
0.000000	63715.000000
0.000000	63715.000000
0.000000	63715.000000
0.000000	63715.000000
0.000000	63715.000000
0.000000	63715.000000
0.000000	63715.000000
0.000000	63715.000000
0.000000	63715.000000
0.000000	63715.000000
0.000000	63715.000000
0.000000	63715.000000
0.000000	63715.000000
0.000000	63715.000000
0.000000	63716.000000
0.000000	63716.000000
0.000000	63716.000000
0.000000	63716.000000
0.000000	63716.000000
0.000000	63716.000000
0.000000	63716.000000
0.000000	63716.000000
0.000000	63716.000000
0.000000	63716.000000
0.000000	63716.000000
0.000000	63716.000000
0.000000	63716.000000
0.000000	63716.000000
0.000000	63716.000000
0.000000	63716.000000
0.000000	63716.000000
0.000000	63717.000000
0.000000	63717.000000
0.000000	63717.000000
0.000000	63717.000000
0.000000	63717.000000
0.000000	63717.000000
0.000000	63717.000000
0.000000	63717.000000
0.000000	63717.000000
0.000000	63717.000000
0.000000	63717.000000
0.000000	63717.000000
0.000000	63717.000000
0.000000	63717.000000
0.000000	63717.000000
0.000000	63717.000000
0.000000	63717.000000
0.000000	63718.000000
0.000000	63718.000000
0.000000	63718.000000
0.000000	63718.000000
0.000000	63718.000000
0.000000	63718.000000
0.000000	63718.000000
0.000000	63718.000000
0.000000	63718.000000
0.000000	63718.000000
0.000000	63718.000000
0.000000	63718.000000
0.000000	63718.000000
0.000000	63718.000000
0.000000	63718.000000
0.000000	63718.000000
0.000000	63718.000000
0.000000	63719.000000
0.000000	63719.000000
0.000000	63719.000000
0.000000	63719.000000
0.000000	63719.000000
0.000000	63719.000000
0.000000	63719.000000
0.000000	63719.000000
0.000000	63719.000000
0.000000	63719.000000
0.000000	63719.000000
0.000000	63719.000000
0.000000	63719.000000
0.000000	63719.000000
0.000000	63719.000000
0.000000	63719.000000
0.000000	63719.000000
0.000000	63720.000000
0.000000	63720.000000
0.000000	63720.000000
0.000000	63720.000000
0.000000	63720.000000
0.000000	63720.000000
0.000000	63720.000000
0.000000	63720.000000
0.000000	63720.000000
0.000000	63720.000000
0.000000	63720.000000
0.000000	63720.000000
0.000000	63720.000000
0.000000	63720.000000
0.000000	63720.000000
0.000000	63720.000000
0.000000	63720.000000
0.000000	63721.000000
0.000000	63721.000000
0.000000	63721.000000
0.000000	63721.000000
0.000000	63721.000000
0.000000	63721.000000
0.000000	63721.000000
0.000000	63721.000000
0.000000	63721.000000
0.000000	63721.000000
0.000000	63721.000000
0.000000	63721.000000
0.000000	63721.000000
0.000000	63721.000000
0.000000	63721.000000
0.000000	63721.000000
0.000000	63721.000000
0.000000	63722.000000
0.000000	63722.000000
0.000000	63722.000000
0.000000	63722.000000
0.000000	63722.000000
0.000000	63722.000000
0.000000	63722.000000
0.000000	63722.000000
0.000000	63722.000000
0.000000	63722.000000
0.000000	63722.000000
0.000000	63722.000000
0.000000	63722.000000
0.000000	63722.000000
0.000000	63722.000000
0.000000	63722.000000
0.000000	63722.000000
0.000000	63723.000000
0.000000	63723.000000
0.000000	63723.000000
0.000000	63723.000000
0.000000	63723.000000
0.000000	63723.000000
0.000000	63723.000000
0.000000	63723.000000
0.000000	63723.000000
0.000000	63723.000000
0.000000	63723.000000
0.000000	63723.000000
0.000000	63723.000000
0.000000	63723.000000
0.000000	63723.000000
0.000000	63723.000000
0.000000	63723.000000
0.000000	63723.000000
0.000000	63724.000000
0.000000	63724.000000
0.000000	63724.000000
0.000000	63724.000000
0.000000	63724.000000
0.000000	63724.000000
0.000000	63724.000000
0.000000	63724.000000
0.000000	63724.000000
0.000000	63724.000000
0.000000	63724.000000
0.000000	63724.000000
0.000000	63724.000000
0.000000	63724.000000
0.000000	63724.000000
0.000000	63724.000000
0.000000	63724.000000
0.000000	63725.000000
0.000000	63725.000000
0.000000	63725.000000
0.000000	63725.000000
0.000000	63725.000000
0.000000	63725.000000
0.000000	63725.000000
0.000000	63725.000000
0.000000	63725.000000
0.000000	63725.000000
0.000000	63725.000000
0.000000	63725.000000
0.000000	63725.000000
0.000000	63725.000000
0.000000	63725.000000
0.000000	63725.000000
0.000000	63725.000000
0.000000	63726.000000
0.000000	63726.000000
0.000000	63726.000000
0.000000	63726.000000
0.000000	63726.000000
0.000000	63726.000000
0.000000	63726.000000
0.000000	63726.000000
0.000000	63726.000000
0.000000	63726.000000
0.000000	63726.000000
0.000000	63726.000000
0.000000	63726.000000
0.000000	63726.000000
0.000000	63726.000000
0.000000	63726.000000
0.000000	63726.000000
0.000000	63727.000000
0.000000	63727.000000
0.000000	63727.000000
0.000000	63727.000000
0.000000	63727.000000
0.000000	63727.000000
0.000000	63727.000000
0.000000	63727.000000
0.000000	63727.000000
0.000000	63727.000000
0.000000	63727.000000
0.000000	63727.000000
0.000000	63727.000000
0.000000	63727.000000
0.000000	63727.000000
0.000000	63727.000000
0.000000	63727.000000
0.000000	63728.000000
0.000000	63728.000000
0.000000	63728.000000
0.000000	63728.000000
0.000000	63728.000000
0.000000	63728.000000
0.000000	63728.000000
0.000000	63728.000000
0.000000	63728.000000
0.000000	63728.000000
0.000000	63728.000000
0.000000	63728.000000
0.000000	63728.000000
0.000000	63728.000000
0.000000	63728.000000
0.000000	63728.000000
0.000000	63728.000000
0.000000	63729.000000
0.000000	63729.000000
0.000000	63729.000000
0.000000	63729.000000
0.000000	63729.000000
0.000000	63729.000000
0.000000	63729.000000
0.000000	63729.000000
0.000000	63729.000000
0.000000	63729.000000
0.000000	63729.000000
0.000000	63729.000000
0.000000	63729.000000
0.000000	63729.000000
0.000000	63729.000000
0.000000	63729.000000
0.000000	63729.000000
0.000000	63730.000000
0.000000	63730.000000
0.000000	63730.000000
0.000000	63730.000000
0.000000	63730.000000
0.000000	63730.000000
0.000000	63730.000000
0.000000	63730.000000
0.000000	63730.000000
0.000000	63730.000000
0.000000	63730.000000
0.000000	63730.000000
0.000000	63730.000000
0.000000	63730.000000
0.000000	63730.000000
0.000000	63730.000000
0.000000	63730.000000
0.000000	63731.000000
0.000000	63731.000000
0.000000	63731.000000
0.000000	63731.000000
0.000000	63731.000000
0.000000	63731.000000
0.000000	63731.000000
0.000000	63731.000000
0.000000	63731.000000
0.000000	63731.000000
0.000000	63731.000000
0.000000	63731.000000
0.000000	63731.000000
0.000000	63731.000000
0.000000	63731.000000
0.000000	63731.000000
0.000000	63731.000000
0.000000	63732.000000
0.000000	63732.000000
0.000000	63732.000000
0.000000	63732.000000
0.000000	63732.000000
0.000000	63732.000000
0.000000	63732.000000
0.000000	63732.000000
0.000000	63732.000000
0.000000	63732.000000
0.000000	63732.000000
0.000000	63732.000000
0.000000	63732.000000
0.000000	63732.000000
0.000000	63732.000000
0.000000	63732.000000
0.000000	63732.000000
0.000000	63733.000000
0.000000	63733.000000
0.000000	63733.000000
0.000000	63733.000000
0.000000	63733.000000
0.000000	63733.000000
0.000000	63733.000000
0.000000	63733.000000
0.000000	63733.000000
0.000000	63733.000000
0.000000	63733.000000
0.000000	63733.000000
0.000000	63733.000000
0.000000	63733.000000
0.000000	63733.000000
0.000000	63733.000000
0.000000	63733.000000
0.000000	63734.000000
0.000000	63734.000000
0.000000	63734.000000
0.000000	63734.000000
0.000000	63734.000000
0.000000	63734.000000
0.000000	63734.000000
0.000000	63734.000000
0.000000	63734.000000
0.000000	63734.000000
0.000000	63734.000000
0.000000	63734.000000
0.000000	63734.000000
0.000000	63734.000000
0.000000	63734.000000
0.000000	63734.000000
0.000000	63734.000000
0.000000	63735.000000
0.000000	63735.000000
0.000000	63735.000000
0.000000	63735.000000
0.000000	63735.000000
0.000000	63735.000000
0.000000	63735.000000
0.000000	63735.000000
0.000000	63735.000000
0.000000	63735.000000
0.000000	63735.000000
0.000000	63735.000000
0.000000	63735.000000
0.000000	63735.000000
0.000000	63735.000000
0.000000	63735.000000
0.000000	63735.000000
0.000000	63736.000000
0.000000	63736.000000
0.000000	63736.000000
0.000000	63736.000000
0.000000	63736.000000
0.000000	63736.000000
0.000000	63736.000000
0.000000	63736.000000
0.000000	63736.000000
0.000000	63736.000000
0.000000	63736.000000
0.000000	63736.000000
0.000000	63736.000000
0.000000	63736.000000
0.000000	63736.000000
0.000000	63736.000000
0.000000	63736.000000
0.000000	63737.000000
0.000000	63737.000000
0.000000	63737.000000
0.000000	63737.000000
0.000000	63737.000000
0.000000	63737.000000
0.000000	63737.000000
0.000000	63737.000000
0.000000	63737.000000
0.000000	63737.000000
0.000000	63737.000000
0.000000	63737.000000
0.000000	63737.000000
0.000000	63737.000000
0.000000	63737.000000
0.000000	63737.000000
0.000000	63737.000000
0.000000	63738.000000
0.000000	63738.000000
0.000000	63738.000000
0.000000	63738.000000
0.000000	63738.000000
0.000000	63738.000000
0.000000	63738.000000
0.000000	63738.000000
0.000000	63738.000000
0.000000	63738.000000
0.000000	63738.000000
0.000000	63738.000000
0.000000	63738.000000
0.000000	63738.000000
0.000000	63738.000000
0.000000	63738.000000
0.000000	63738.000000
0.000000	63738.000000
0.000000	63739.000000
0.000000	63739.000000
0.000000	63739.000000
0.000000	63739.000000
0.000000	63739.000000
0.000000	63739.000000
0.000000	63739.000000
0.000000	63739.000000
0.000000	63739.000000
0.000000	63739.000000
0.000000	63739.000000
0.000000	63739.000000
0.000000	63739.000000
0.000000	63739.000000
0.000000	63739.000000
0.000000	63739.000000
0.000000	63739.000000
0.000000	63740.000000
0.000000	63740.000000
0.000000	63740.000000
0.000000	63740.000000
0.000000	63740.000000
0.000000	63740.000000
0.000000	63740.000000
0.000000	63740.000000
0.000000	63740.000000
0.000000	63740.000000
0.000000	63740.000000
0.000000	63740.000000
0.000000	63740.000000
0.000000	63740.000000
0.000000	63740.000000
0.000000	63740.000000
0.000000	63740.000000
0.000000	63741.000000
0.000000	63741.000000
0.000000	63741.000000
0.000000	63741.000000
0.000000	63741.000000
0.000000	63741.000000
0.000000	63741.000000
0.000000	63741.000000
0.000000	63741.000000
0.000000	63741.000000
0.000000	63741.000000
0.000000	63741.000000
0.000000	63741.000000
0.000000	63741.000000
0.000000	63741.000000
0.000000	63741.000000
0.000000	63741.000000
0.000000	63742.000000
0.000000	63742.000000
0.000000	63742.000000
0.000000	63742.000000
0.000000	63742.000000
0.000000	63742.000000
0.000000	63742.000000
0.000000	63742.000000
0.000000	63742.000000
0.000000	63742.000000
0.000000	63742.000000
0.000000	63742.000000
0.000000	63742.000000
0.000000	63742.000000
0.000000	63742.000000
0.000000	63742.000000
0.000000	63742.000000
0.000000	63743.000000
0.000000	63743.000000
0.000000	63743.000000
0.000000	63743.000000
0.000000	63743.000000
0.000000	63743.000000
0.000000	63743.000000
0.000000	63743.000000
0.000000	63743.000000
0.000000	63743.000000
0.000000	63743.000000
0.000000	63743.000000
0.000000	63743.000000
0.000000	63743.000000
0.000000	63743.000000
0.000000	63743.000000
0.000000	63743.000000
0.000000	63744.000000
0.000000	63744.000000
0.000000	63744.000000
0.000000	63744.000000
0.000000	63744.000000
0.000000	63744.000000
0.000000	63744.000000
0.000000	63744.000000
0.000000	63744.000000
0.000000	63744.000000
0.000000	63744.000000
0.000000	63744.000000
0.000000	63744.000000
0.000000	63744.000000
0.000000	63744.000000
0.000000	63744.000000
0.000000	63744.000000
0.000000	63745.000000
0.000000	63745.000000
0.000000	63745.000000
0.000000	63745.000000
0.000000	63745.000000
0.000000	63745.000000
0.000000	63745.000000
0.000000	63745.000000
0.000000	63745.000000
0.000000	63745.000000
0.000000	63745.000000
0.000000	63745.000000
0.000000	63745.000000
0.000000	63745.000000
0.000000	63745.000000
0.000000	63745.000000
0.000000	63745.000000
0.000000	63746.000000
0.000000	63746.000000
0.000000	63746.000000
0.000000	63746.000000
0.000000	63746.000000
0.000000	63746.000000
0.000000	63746.000000
0.000000	63746.000000
0.000000	63746.000000
0.000000	63746.000000
0.000000	63746.000000
0.000000	63746.000000
0.000000	63746.000000
0.000000	63746.000000
0.000000	63746.000000
0.000000	63746.000000
0.000000	63746.000000
0.000000	63747.000000
0.000000	63747.000000
0.000000	63747.000000
0.000000	63747.000000
0.000000	63747.000000
0.000000	63747.000000
0.000000	63747.000000
0.000000	63747.000000
0.000000	63747.000000
0.000000	63747.000000
0.000000	63747.000000
0.000000	63747.000000
0.000000	63747.000000
0.000000	63747.000000
0.000000	63747.000000
0.000000	63747.000000
0.000000	63747.000000
0.000000	63748.000000
0.000000	63748.000000
0.000000	63748.000000
0.000000	63748.000000
0.000000	63748.000000
0.000000	63748.000000
0.000000	63748.000000
0.000000	63748.000000
0.000000	63748.000000
0.000000	63748.000000
0.000000	63748.000000
0.000000	63748.000000
0.000000	63748.000000
0.000000	63748.000000
0.000000	63748.000000
0.000000	63748.000000
0.000000	63748.000000
0.000000	63749.000000
0.000000	63749.000000
0.000000	63749.000000
0.000000	63749.000000
0.000000	63749.000000
0.000000	63749.000000
0.000000	63749.000000
0.000000	63749.000000
0.000000	63749.000000
0.000000	63749.000000
0.000000	63749.000000
0.000000	63749.000000
0.000000	63749.000000
0.000000	63749.000000
0.000000	63749.000000
0.000000	63749.000000
0.000000	63749.000000
0.000000	63750.000000
0.000000	63750.000000
0.000000	63750.000000
0.000000	63750.000000
0.000000	63750.000000
0.000000	63750.000000
0.000000	63750.000000
0.000000	63750.000000
0.000000	63750.000000
0.000000	63750.000000
0.000000	63750.000000
0.000000	63750.000000
0.000000	63750.000000
0.000000	63750.000000
0.000000	63750.000000
0.000000	63750.000000
0.000000	63750.000000
0.000000	63751.000000
0.000000	63751.000000
0.000000	63751.000000
0.000000	63751.000000
0.000000	63751.000000
0.000000	63751.000000
0.000000	63751.000000
0.000000	63751.000000
0.000000	63751.000000
0.000000	63751.000000
0.000000	63751.000000
0.000000	63751.000000
0.000000	63751.000000
0.000000	63751.000000
0.000000	63751.000000
0.000000	63751.000000
0.000000	63751.000000
0.000000	63752.000000
0.000000	63752.000000
0.000000	63752.000000
0.000000	63752.000000
0.000000	63752.000000
0.000000	63752.000000
0.000000	63752.000000
0.000000	63752.000000
0.000000	63752.000000
0.000000	63752.000000
0.000000	63752.000000
0.000000	63752.000000
0.000000	63752.000000
0.000000	63752.000000
0.000000	63752.000000
0.000000	63752.000000
0.000000	63752.000000
0.000000	63753.000000
0.000000	63753.000000
0.000000	63753.000000
0.000000	63753.000000
0.000000	63753.000000
0.000000	63753.000000
0.000000	63753.000000
0.000000	63753.000000
0.000000	63753.000000
0.000000	63753.000000
0.000000	63753.000000
0.000000	63753.000000
0.000000	63753.000000
0.000000	63753.000000
0.000000	63753.000000
0.000000	63753.000000
0.000000	63753.000000
0.000000	63753.000000
0.000000	63754.000000
0.000000	63754.000000
0.000000	63754.000000
0.000000	63754.000000
0.000000	63754.000000
0.000000	63754.000000
0.000000	63754.000000
0.000000	63754.000000
0.000000	63754.000000
0.000000	63754.000000
0.000000	63754.000000
0.000000	63754.000000
0.000000	63754.000000
0.000000	63754.000000
0.000000	63754.000000
0.000000	63754.000000
0.000000	63754.000000
0.000000	63755.000000
0.000000	63755.000000
0.000000	63755.000000
0.000000	63755.000000
0.000000	63755.000000
0.000000	63755.000000
0.000000	63755.000000
0.000000	63755.000000
0.000000	63755.000000
0.000000	63755.000000
0.000000	63755.000000
0.000000	63755.000000
0.000000	63755.000000
0.000000	63755.000000
0.000000	63755.000000
0.000000	63755.000000
0.000000	63755.000000
0.000000	63756.000000
0.000000	63756.000000
0.000000	63756.000000
0.000000	63756.000000
0.000000	63756.000000
0.000000	63756.000000
0.000000	63756.000000
0.000000	63756.000000
0.000000	63756.000000
0.000000	63756.000000
0.000000	63756.000000
0.000000	63756.000000
0.000000	63756.000000
0.000000	63756.000000
0.000000	63756.000000
0.000000	63756.000000
0.000000	63757.000000
0.000000	63757.000000
0.000000	63757.000000
0.000000	63757.000000
0.000000	63757.000000
0.000000	63757.000000
0.000000	63757.000000
0.000000	63757.000000
0.000000	63757.000000
0.000000	63757.000000
0.000000	63757.000000
0.000000	63757.000000
0.000000	63757.000000
0.000000	63757.000000
0.000000	63757.000000
0.000000	63757.000000
0.000000	63757.000000
0.000000	63757.000000
0.000000	63758.000000
0.000000	63758.000000
0.000000	63758.000000
0.000000	63758.000000
0.000000	63758.000000
0.000000	63758.000000
0.000000	63758.000000
0.000000	63758.000000
0.000000	63758.000000
0.000000	63758.000000
0.000000	63758.000000
0.000000	63758.000000
0.000000	63758.000000
0.000000	63758.000000
0.000000	63758.000000
0.000000	63758.000000
0.000000	63758.000000
0.000000	63759.000000
0.000000	63759.000000
0.000000	63759.000000
0.000000	63759.000000
0.000000	63759.000000
0.000000	63759.000000
0.000000	63759.000000
0.000000	63759.000000
0.000000	63759.000000
0.000000	63759.000000
0.000000	63759.000000
0.000000	63759.000000
0.000000	63759.000000
0.000000	63759.000000
0.000000	63759.000000
0.000000	63759.000000
0.000000	63759.000000
0.000000	63800.000000
0.000000	63800.000000
0.000000	63800.000000
0.000000	63800.000000
0.000000	63800.000000
0.000000	63800.000000
0.000000	63800.000000
0.000000	63800.000000
0.000000	63800.000000
0.000000	63800.000000
0.000000	63800.000000
0.000000	63800.000000
0.000000	63800.000000
0.000000	63800.000000
0.000000	63800.000000
0.000000	63800.000000
0.000000	63800.000000
0.000000	63801.000000
0.000000	63801.000000
0.000000	63801.000000
0.000000	63801.000000
0.000000	63801.000000
0.000000	63801.000000
0.000000	63801.000000
0.000000	63801.000000
0.000000	63801.000000
0.000000	63801.000000
0.000000	63801.000000
0.000000	63801.000000
0.000000	63801.000000
0.000000	63801.000000
0.000000	63801.000000
0.000000	63801.000000
0.000000	63801.000000
0.000000	63802.000000
0.000000	63802.000000
0.000000	63802.000000
0.000000	63802.000000
0.000000	63802.000000
0.000000	63802.000000
0.000000	63802.000000
0.000000	63802.000000
0.000000	63802.000000
0.000000	63802.000000
0.000000	63802.000000
0.000000	63802.000000
0.000000	63802.000000
0.000000	63802.000000
0.000000	63802.000000
0.000000	63802.000000
0.000000	63802.000000
0.000000	63803.000000
0.000000	63803.000000
0.000000	63803.000000
0.000000	63803.000000
0.000000	63803.000000
0.000000	63803.000000
0.000000	63803.000000
0.000000	63803.000000
0.000000	63803.000000
0.000000	63803.000000
0.000000	63803.000000
0.000000	63803.000000
0.000000	63803.000000
0.000000	63803.000000
0.000000	63803.000000
0.000000	63803.000000
0.000000	63803.000000
0.000000	63804.000000
0.000000	63804.000000
0.000000	63804.000000
0.000000	63804.000000
0.000000	63804.000000
0.000000	63804.000000
0.000000	63804.000000
0.000000	63804.000000
0.000000	63804.000000
0.000000	63804.000000
0.000000	63804.000000
0.000000	63804.000000
0.000000	63804.000000
0.000000	63804.000000
0.000000	63804.000000
0.000000	63804.000000
0.000000	63804.000000
0.000000	63805.000000
0.000000	63805.000000
0.000000	63805.000000
0.000000	63805.000000
0.000000	63805.000000
0.000000	63805.000000
0.000000	63805.000000
0.000000	63805.000000
0.000000	63805.000000
0.000000	63805.000000
0.000000	63805.000000
0.000000	63805.000000
0.000000	63805.000000
0.000000	63805.000000
0.000000	63805.000000
0.000000	63805.000000
0.000000	63805.000000
0.000000	63806.000000
0.000000	63806.000000
0.000000	63806.000000
0.000000	63806.000000
0.000000	63806.000000
0.000000	63806.000000
0.000000	63806.000000
0.000000	63806.000000
0.000000	63806.000000
0.000000	63806.000000
0.000000	63806.000000
0.000000	63806.000000
0.000000	63806.000000
0.000000	63806.000000
0.000000	63806.000000
0.000000	63806.000000
0.000000	63806.000000
0.000000	63807.000000
0.000000	63807.000000
0.000000	63807.000000
0.000000	63807.000000
0.000000	63807.000000
0.000000	63807.000000
0.000000	63807.000000
0.000000	63807.000000
0.000000	63807.000000
0.000000	63807.000000
0.000000	63807.000000
0.000000	63807.000000
0.000000	63807.000000
0.000000	63807.000000
0.000000	63807.000000
0.000000	63807.000000
0.000000	63807.000000
0.000000	63808.000000
0.000000	63808.000000
0.000000	63808.000000
0.000000	63808.000000
0.000000	63808.000000
0.000000	63808.000000
0.000000	63808.000000
0.000000	63808.000000
0.000000	63808.000000
0.000000	63808.000000
0.000000	63808.000000
0.000000	63808.000000
0.000000	63808.000000
0.000000	63808.000000
0.000000	63808.000000
0.000000	63808.000000
0.000000	63808.000000
0.000000	63809.000000
0.000000	63809.000000
0.000000	63809.000000
0.000000	63809.000000
0.000000	63809.000000
0.000000	63809.000000
0.000000	63809.000000
0.000000	63809.000000
0.000000	63809.000000
0.000000	63809.000000
0.000000	63809.000000
0.000000	63809.000000
0.000000	63809.000000
0.000000	63809.000000
0.000000	63809.000000
0.000000	63809.000000
0.000000	63809.000000
0.000000	63809.000000
0.000000	63810.000000
0.000000	63810.000000
0.000000	63810.000000
0.000000	63810.000000
0.000000	63810.000000
0.000000	63810.000000
0.000000	63810.000000
0.000000	63810.000000
0.000000	63810.000000
0.000000	63810.000000
0.000000	63810.000000
0.000000	63810.000000
0.000000	63810.000000
0.000000	63810.000000
0.000000	63810.000000
0.000000	63810.000000
0.000000	63810.000000
0.000000	63811.000000
0.000000	63811.000000
0.000000	63811.000000
0.000000	63811.000000
0.000000	63811.000000
0.000000	63811.000000
0.000000	63811.000000
0.000000	63811.000000
0.000000	63811.000000
0.000000	63811.000000
0.000000	63811.000000
0.000000	63811.000000
0.000000	63811.000000
0.000000	63811.000000
0.000000	63811.000000
0.000000	63811.000000
0.000000	63811.000000
0.000000	63812.000000
0.000000	63812.000000
0.000000	63812.000000
0.000000	63812.000000
0.000000	63812.000000
0.000000	63812.000000
0.000000	63812.000000
0.000000	63812.000000
0.000000	63812.000000
0.000000	63812.000000
0.000000	63812.000000
0.000000	63812.000000
0.000000	63812.000000
0.000000	63812.000000
0.000000	63812.000000
0.000000	63812.000000
0.000000	63812.000000
0.000000	63813.000000
0.000000	63813.000000
0.000000	63813.000000
0.000000	63813.000000
0.000000	63813.000000
0.000000	63813.000000
0.000000	63813.000000
0.000000	63813.000000
0.000000	63813.000000
0.000000	63813.000000
0.000000	63813.000000
0.000000	63813.000000
0.000000	63813.000000
0.000000	63813.000000
0.000000	63813.000000
0.000000	63813.000000
0.000000	63813.000000
0.000000	63814.000000
0.000000	63814.000000
0.000000	63814.000000
0.000000	63814.000000
0.000000	63814.000000
0.000000	63814.000000
0.000000	63814.000000
0.000000	63814.000000
0.000000	63814.000000
0.000000	63814.000000
0.000000	63814.000000
0.000000	63814.000000
0.000000	63814.000000
0.000000	63814.000000
0.000000	63814.000000
0.000000	63814.000000
0.000000	63814.000000
0.000000	63815.000000
0.000000	63815.000000
0.000000	63815.000000
0.000000	63815.000000
0.000000	63815.000000
0.000000	63815.000000
0.000000	63815.000000
0.000000	63815.000000
0.000000	63815.000000
0.000000	63815.000000
0.000000	63815.000000
0.000000	63815.000000
0.000000	63815.000000
0.000000	63815.000000
0.000000	63815.000000
0.000000	63815.000000
0.000000	63815.000000
0.000000	63816.000000
0.000000	63816.000000
0.000000	63816.000000
0.000000	63816.000000
0.000000	63816.000000
0.000000	63816.000000
0.000000	63816.000000
0.000000	63816.000000
0.000000	63816.000000
0.000000	63816.000000
0.000000	63816.000000
0.000000	63816.000000
0.000000	63816.000000
0.000000	63816.000000
0.000000	63816.000000
0.000000	63816.000000
0.000000	63816.000000
0.000000	63817.000000
0.000000	63817.000000
0.000000	63817.000000
0.000000	63817.000000
0.000000	63817.000000
0.000000	63817.000000
0.000000	63817.000000
0.000000	63817.000000
0.000000	63817.000000
0.000000	63817.000000
0.000000	63817.000000
0.000000	63817.000000
0.000000	63817.000000
0.000000	63817.000000
0.000000	63817.000000
0.000000	63817.000000
0.000000	63817.000000
0.000000	63818.000000
0.000000	63818.000000
0.000000	63818.000000
0.000000	63818.000000
0.000000	63818.000000
0.000000	63818.000000
0.000000	63818.000000
0.000000	63818.000000
0.000000	63818.000000
0.000000	63818.000000
0.000000	63818.000000
0.000000	63818.000000
0.000000	63818.000000
0.000000	63818.000000
0.000000	63818.000000
0.000000	63818.000000
0.000000	63818.000000
0.000000	63819.000000
0.000000	63819.000000
0.000000	63819.000000
0.000000	63819.000000
0.000000	63819.000000
0.000000	63819.000000
0.000000	63819.000000
0.000000	63819.000000
0.000000	63819.000000
0.000000	63819.000000
0.000000	63819.000000
0.000000	63819.000000
0.000000	63819.000000
0.000000	63819.000000
0.000000	63819.000000
0.000000	63819.000000
0.000000	63819.000000
0.000000	63820.000000
0.000000	63820.000000
0.000000	63820.000000
0.000000	63820.000000
0.000000	63820.000000
0.000000	63820.000000
0.000000	63820.000000
0.000000	63820.000000
0.000000	63820.000000
0.000000	63820.000000
0.000000	63820.000000
0.000000	63820.000000
0.000000	63820.000000
0.000000	63820.000000
0.000000	63820.000000
0.000000	63820.000000
0.000000	63820.000000
0.000000	63821.000000
0.000000	63821.000000
0.000000	63821.000000
0.000000	63821.000000
0.000000	63821.000000
0.000000	63821.000000
0.000000	63821.000000
0.000000	63821.000000
0.000000	63821.000000
0.000000	63821.000000
0.000000	63821.000000
0.000000	63821.000000
0.000000	63821.000000
0.000000	63821.000000
0.000000	63821.000000
0.000000	63821.000000
0.000000	63821.000000
0.000000	63822.000000
0.000000	63822.000000
0.000000	63822.000000
0.000000	63822.000000
0.000000	63822.000000
0.000000	63822.000000
0.000000	63822.000000
0.000000	63822.000000
0.000000	63822.000000
0.000000	63822.000000
0.000000	63822.000000
0.000000	63822.000000
0.000000	63822.000000
0.000000	63822.000000
0.000000	63822.000000
0.000000	63822.000000
0.000000	63822.000000
0.000000	63823.000000
0.000000	63823.000000
0.000000	63823.000000
0.000000	63823.000000
0.000000	63823.000000
0.000000	63823.000000
0.000000	63823.000000
0.000000	63823.000000
0.000000	63823.000000
0.000000	63823.000000
0.000000	63823.000000
0.000000	63823.000000
0.000000	63823.000000
0.000000	63823.000000
0.000000	63823.000000
0.000000	63823.000000
0.000000	63823.000000
0.000000	63823.000000
0.000000	63824.000000
0.000000	63824.000000
0.000000	63824.000000
0.000000	63824.000000
0.000000	63824.000000
0.000000	63824.000000
0.000000	63824.000000
0.000000	63824.000000
0.000000	63824.000000
0.000000	63824.000000
0.000000	63824.000000
0.000000	63824.000000
0.000000	63824.000000
0.000000	63824.000000
0.000000	63824.000000
0.000000	63824.000000
0.000000	63824.000000
0.000000	63825.000000
0.000000	63825.000000
0.000000	63825.000000
0.000000	63825.000000
0.000000	63825.000000
0.000000	63825.000000
0.000000	63825.000000
0.000000	63825.000000
0.000000	63825.000000
0.000000	63825.000000
0.000000	63825.000000
0.000000	63825.000000
0.000000	63825.000000
0.000000	63825.000000
0.000000	63825.000000
0.000000	63825.000000
0.000000	63825.000000
0.000000	63826.000000
0.000000	63826.000000
0.000000	63826.000000
0.000000	63826.000000
0.000000	63826.000000
0.000000	63826.000000
0.000000	63826.000000
0.000000	63826.000000
0.000000	63826.000000
0.000000	63826.000000
0.000000	63826.000000
0.000000	63826.000000
0.000000	63826.000000
0.000000	63826.000000
0.000000	63826.000000
0.000000	63826.000000
0.000000	63826.000000
0.000000	63827.000000
0.000000	63827.000000
0.000000	63827.000000
0.000000	63827.000000
0.000000	63827.000000
0.000000	63827.000000
0.000000	63827.000000
0.000000	63827.000000
0.000000	63827.000000
0.000000	63827.000000
0.000000	63827.000000
0.000000	63827.000000
0.000000	63827.000000
0.000000	63827.000000
0.000000	63827.000000
0.000000	63827.000000
0.000000	63827.000000
0.000000	63828.000000
0.000000	63828.000000
0.000000	63828.000000
0.000000	63828.000000
0.000000	63828.000000
0.000000	63828.000000
0.000000	63828.000000
0.000000	63828.000000
0.000000	63828.000000
0.000000	63828.000000
0.000000	63828.000000
0.000000	63828.000000
0.000000	63828.000000
0.000000	63828.000000
0.000000	63828.000000
0.000000	63828.000000
0.000000	63828.000000
0.000000	63829.000000
0.000000	63829.000000
0.000000	63829.000000
0.000000	63829.000000
0.000000	63829.000000
0.000000	63829.000000
0.000000	63829.000000
0.000000	63829.000000
0.000000	63829.000000
0.000000	63829.000000
0.000000	63829.000000
0.000000	63829.000000
0.000000	63829.000000
0.000000	63829.000000
0.000000	63829.000000
0.000000	63829.000000
0.000000	63829.000000
0.000000	63830.000000
0.000000	63830.000000
0.000000	63830.000000
0.000000	63830.000000
0.000000	63830.000000
0.000000	63830.000000
0.000000	63830.000000
0.000000	63830.000000
0.000000	63830.000000
0.000000	63830.000000
0.000000	63830.000000
0.000000	63830.000000
0.000000	63830.000000
0.000000	63830.000000
0.000000	63830.000000
0.000000	63830.000000
0.000000	63830.000000
0.000000	63831.000000
0.000000	63831.000000
0.000000	63831.000000
0.000000	63831.000000
0.000000	63831.000000
0.000000	63831.000000
0.000000	63831.000000
0.000000	63831.000000
0.000000	63831.000000
0.000000	63831.000000
0.000000	63831.000000
0.000000	63831.000000
0.000000	63831.000000
0.000000	63831.000000
0.000000	63831.000000
0.000000	63831.000000
0.000000	63831.000000
0.000000	63832.000000
0.000000	63832.000000
0.000000	63832.000000
0.000000	63832.000000
0.000000	63832.000000
0.000000	63832.000000
0.000000	63832.000000
0.000000	63832.000000
0.000000	63832.000000
0.000000	63832.000000
0.000000	63832.000000
0.000000	63832.000000
0.000000	63832.000000
0.000000	63832.000000
0.000000	63832.000000
0.000000	63832.000000
0.000000	63832.000000
0.000000	63833.000000
0.000000	63833.000000
0.000000	63833.000000
0.000000	63833.000000
0.000000	63833.000000
0.000000	63833.000000
0.000000	63833.000000
0.000000	63833.000000
0.000000	63833.000000
0.000000	63833.000000
0.000000	63833.000000
0.000000	63833.000000
0.000000	63833.000000
0.000000	63833.000000
0.000000	63833.000000
0.000000	63833.000000
0.000000	63833.000000
0.000000	63834.000000
0.000000	63834.000000
0.000000	63834.000000
0.000000	63834.000000
0.000000	63834.000000
0.000000	63834.000000
0.000000	63834.000000
0.000000	63834.000000
0.000000	63834.000000
0.000000	63834.000000
0.000000	63834.000000
0.000000	63834.000000
0.000000	63834.000000
0.000000	63834.000000
0.000000	63834.000000
0.000000	63834.000000
0.000000	63834.000000
0.000000	63835.000000
0.000000	63835.000000
0.000000	63835.000000
0.000000	63835.000000
0.000000	63835.000000
0.000000	63835.000000
0.000000	63835.000000
0.000000	63835.000000
0.000000	63835.000000
0.000000	63835.000000
0.000000	63835.000000
0.000000	63835.000000
0.000000	63835.000000
0.000000	63835.000000
0.000000	63835.000000
0.000000	63835.000000
0.000000	63835.000000
0.000000	63836.000000
0.000000	63836.000000
0.000000	63836.000000
0.000000	63836.000000
0.000000	63836.000000
0.000000	63836.000000
0.000000	63836.000000
0.000000	63836.000000
0.000000	63836.000000
0.000000	63836.000000
0.000000	63836.000000
0.000000	63836.000000
0.000000	63836.000000
0.000000	63836.000000
0.000000	63836.000000
0.000000	63836.000000
0.000000	63836.000000
0.000000	63837.000000
0.000000	63837.000000
0.000000	63837.000000
0.000000	63837.000000
0.000000	63837.000000
0.000000	63837.000000
0.000000	63837.000000
0.000000	63837.000000
0.000000	63837.000000
0.000000	63837.000000
0.000000	63837.000000
0.000000	63837.000000
0.000000	63837.000000
0.000000	63837.000000
0.000000	63837.000000
0.000000	63837.000000
0.000000	63837.000000
0.000000	63838.000000
0.000000	63838.000000
0.000000	63838.000000
0.000000	63838.000000
0.000000	63838.000000
0.000000	63838.000000
0.000000	63838.000000
0.000000	63838.000000
0.000000	63838.000000
0.000000	63838.000000
0.000000	63838.000000
0.000000	63838.000000
0.000000	63838.000000
0.000000	63838.000000
0.000000	63838.000000
0.000000	63838.000000
0.000000	63838.000000
0.000000	63838.000000
0.000000	63839.000000
0.000000	63839.000000
0.000000	63839.000000
0.000000	63839.000000
0.000000	63839.000000
0.000000	63839.000000
0.000000	63839.000000
0.000000	63839.000000
0.000000	63839.000000
0.000000	63839.000000
0.000000	63839.000000
0.000000	63839.000000
0.000000	63839.000000
0.000000	63839.000000
0.000000	63839.000000
0.000000	63839.000000
0.000000	63839.000000
0.000000	63840.000000
0.000000	63840.000000
0.000000	63840.000000
0.000000	63840.000000
0.000000	63840.000000
0.000000	63840.000000
0.000000	63840.000000
0.000000	63840.000000
0.000000	63840.000000
0.000000	63840.000000
0.000000	63840.000000
0.000000	63840.000000
0.000000	63840.000000
0.000000	63840.000000
0.000000	63840.000000
0.000000	63840.000000
0.000000	63840.000000
0.000000	63841.000000
0.000000	63841.000000
0.000000	63841.000000
0.000000	63841.000000
0.000000	63841.000000
0.000000	63841.000000
0.000000	63841.000000
0.000000	63841.000000
0.000000	63841.000000
0.000000	63841.000000
0.000000	63841.000000
0.000000	63841.000000
0.000000	63841.000000
0.000000	63841.000000
0.000000	63841.000000
0.000000	63841.000000
0.000000	63841.000000
0.000000	63842.000000
0.000000	63842.000000
0.000000	63842.000000
0.000000	63842.000000
0.000000	63842.000000
0.000000	63842.000000
0.000000	63842.000000
0.000000	63842.000000
0.000000	63842.000000
0.000000	63842.000000
0.000000	63842.000000
0.000000	63842.000000
0.000000	63842.000000
0.000000	63842.000000
0.000000	63842.000000
0.000000	63842.000000
0.000000	63842.000000
0.000000	63843.000000
0.000000	63843.000000
0.000000	63843.000000
0.000000	63843.000000
0.000000	63843.000000
0.000000	63843.000000
0.000000	63843.000000
0.000000	63843.000000
0.000000	63843.000000
0.000000	63843.000000
0.000000	63843.000000
0.000000	63843.000000
0.000000	63843.000000
0.000000	63843.000000
0.000000	63843.000000
0.000000	63843.000000
0.000000	63843.000000
0.000000	63844.000000
0.000000	63844.000000
0.000000	63844.000000
0.000000	63844.000000
0.000000	63844.000000
0.000000	63844.000000
0.000000	63844.000000
0.000000	63844.000000
0.000000	63844.000000
0.000000	63844.000000
0.000000	63844.000000
0.000000	63844.000000
0.000000	63844.000000
0.000000	63844.000000
0.000000	63844.000000
0.000000	63844.000000
0.000000	63844.000000
0.000000	63845.000000
0.000000	63845.000000
0.000000	63845.000000
0.000000	63845.000000
0.000000	63845.000000
0.000000	63845.000000
0.000000	63845.000000
0.000000	63845.000000
0.000000	63845.000000
0.000000	63845.000000
0.000000	63845.000000
0.000000	63845.000000
0.000000	63845.000000
0.000000	63845.000000
0.000000	63845.000000
0.000000	63845.000000
0.000000	63845.000000
0.000000	63846.000000
0.000000	63846.000000
0.000000	63846.000000
0.000000	63846.000000
0.000000	63846.000000
0.000000	63846.000000
0.000000	63846.000000
0.000000	63846.000000
0.000000	63846.000000
0.000000	63846.000000
0.000000	63846.000000
0.000000	63846.000000
0.000000	63846.000000
0.000000	63846.000000
0.000000	63846.000000
0.000000	63846.000000
0.000000	63846.000000
0.000000	63847.000000
0.000000	63847.000000
0.000000	63847.000000
0.000000	63847.000000
0.000000	63847.000000
0.000000	63847.000000
0.000000	63847.000000
0.000000	63847.000000
0.000000	63847.000000
0.000000	63847.000000
0.000000	63847.000000
0.000000	63847.000000
0.000000	63847.000000
0.000000	63847.000000
0.000000	63847.000000
0.000000	63847.000000
0.000000	63847.000000
0.000000	63848.000000
0.000000	63848.000000
0.000000	63848.000000
0.000000	63848.000000
0.000000	63848.000000
0.000000	63848.000000
0.000000	63848.000000
0.000000	63848.000000
0.000000	63848.000000
0.000000	63848.000000
0.000000	63848.000000
0.000000	63848.000000
0.000000	63848.000000
0.000000	63848.000000
0.000000	63848.000000
0.000000	63848.000000
0.000000	63848.000000
0.000000	63849.000000
0.000000	63849.000000
0.000000	63849.000000
0.000000	63849.000000
0.000000	63849.000000
0.000000	63849.000000
0.000000	63849.000000
0.000000	63849.000000
0.000000	63849.000000
0.000000	63849.000000
0.000000	63849.000000
0.000000	63849.000000
0.000000	63849.000000
0.000000	63849.000000
0.000000	63849.000000
0.000000	63849.000000
0.000000	63849.000000
0.000000	63850.000000
0.000000	63850.000000
0.000000	63850.000000
0.000000	63850.000000
0.000000	63850.000000
0.000000	63850.000000
0.000000	63850.000000
0.000000	63850.000000
0.000000	63850.000000
0.000000	63850.000000
0.000000	63850.000000
0.000000	63850.000000
0.000000	63850.000000
0.000000	63850.000000
0.000000	63850.000000
0.000000	63850.000000
0.000000	63850.000000
0.000000	63851.000000
0.000000	63851.000000
0.000000	63851.000000
0.000000	63851.000000
0.000000	63851.000000
0.000000	63851.000000
0.000000	63851.000000
0.000000	63851.000000
0.000000	63851.000000
0.000000	63851.000000
0.000000	63851.000000
0.000000	63851.000000
0.000000	63851.000000
0.000000	63851.000000
0.000000	63851.000000
0.000000	63851.000000
0.000000	63851.000000
0.000000	63852.000000
0.000000	63852.000000
0.000000	63852.000000
0.000000	63852.000000
0.000000	63852.000000
0.000000	63852.000000
0.000000	63852.000000
0.000000	63852.000000
0.000000	63852.000000
0.000000	63852.000000
0.000000	63852.000000
0.000000	63852.000000
0.000000	63852.000000
0.000000	63852.000000
0.000000	63852.000000
0.000000	63852.000000
0.000000	63852.000000
0.000000	63853.000000
0.000000	63853.000000
0.000000	63853.000000
0.000000	63853.000000
0.000000	63853.000000
0.000000	63853.000000
0.000000	63853.000000
0.000000	63853.000000
0.000000	63853.000000
0.000000	63853.000000
0.000000	63853.000000
0.000000	63853.000000
0.000000	63853.000000
0.000000	63853.000000
0.000000	63853.000000
0.000000	63853.000000
0.000000	63853.000000
0.000000	63853.000000
0.000000	63854.000000
0.000000	63854.000000
0.000000	63854.000000
0.000000	63854.000000
0.000000	63854.000000
0.000000	63854.000000
0.000000	63854.000000
0.000000	63854.000000
0.000000	63854.000000
0.000000	63854.000000
0.000000	63854.000000
0.000000	63854.000000
0.000000	63854.000000
0.000000	63854.000000
0.000000	63854.000000
0.000000	63854.000000
0.000000	63854.000000
0.000000	63855.000000
0.000000	63855.000000
0.000000	63855.000000
0.000000	63855.000000
0.000000	63855.000000
0.000000	63855.000000
0.000000	63855.000000
0.000000	63855.000000
0.000000	63855.000000
0.000000	63855.000000
0.000000	63855.000000
0.000000	63855.000000
0.000000	63855.000000
0.000000	63855.000000
0.000000	63855.000000
0.000000	63855.000000
0.000000	63855.000000
0.000000	63856.000000
0.000000	63856.000000
0.000000	63856.000000
0.000000	63856.000000
0.000000	63856.000000
0.000000	63856.000000
0.000000	63856.000000
0.000000	63856.000000
0.000000	63856.000000
0.000000	63856.000000
0.000000	63856.000000
0.000000	63856.000000
0.000000	63856.000000
0.000000	63856.000000
0.000000	63856.000000
0.000000	63856.000000
0.000000	63856.000000
0.000000	63857.000000
0.000000	63857.000000
0.000000	63857.000000
0.000000	63857.000000
0.000000	63857.000000
0.000000	63857.000000
0.000000	63857.000000
0.000000	63857.000000
0.000000	63857.000000
0.000000	63857.000000
0.000000	63857.000000
0.000000	63857.000000
0.000000	63857.000000
0.000000	63857.000000
0.000000	63857.000000
0.000000	63857.000000
0.000000	63857.000000
0.000000	63858.000000
0.000000	63858.000000
0.000000	63858.000000
0.000000	63858.000000
0.000000	63858.000000
0.000000	63858.000000
0.000000	63858.000000
0.000000	63858.000000
0.000000	63858.000000
0.000000	63858.000000
0.000000	63858.000000
0.000000	63858.000000
0.000000	63858.000000
0.000000	63858.000000
0.000000	63858.000000
0.000000	63858.000000
0.000000	63858.000000
0.000000	63859.000000
0.000000	63859.000000
0.000000	63859.000000
0.000000	63859.000000
0.000000	63859.000000
0.000000	63859.000000
0.000000	63859.000000
0.000000	63859.000000
0.000000	63859.000000
0.000000	63859.000000
0.000000	63859.000000
0.000000	63859.000000
0.000000	63859.000000
0.000000	63859.000000
0.000000	63859.000000
0.000000	63859.000000
0.000000	63859.000000
0.000000	63900.000000
0.000000	63900.000000
0.000000	63900.000000
0.000000	63900.000000
0.000000	63900.000000
0.000000	63900.000000
0.000000	63900.000000
0.000000	63900.000000
0.000000	63900.000000
0.000000	63900.000000
0.000000	63900.000000
0.000000	63900.000000
0.000000	63900.000000
0.000000	63900.000000
0.000000	63900.000000
0.000000	63900.000000
0.000000	63900.000000
0.000000	63901.000000
0.000000	63901.000000
0.000000	63901.000000
0.000000	63901.000000
0.000000	63901.000000
0.000000	63901.000000
0.000000	63901.000000
0.000000	63901.000000
0.000000	63901.000000
0.000000	63901.000000
0.000000	63901.000000
0.000000	63901.000000
0.000000	63901.000000
0.000000	63901.000000
0.000000	63901.000000
0.000000	63901.000000
0.000000	63901.000000
0.000000	63902.000000
0.000000	63902.000000
0.000000	63902.000000
0.000000	63902.000000
0.000000	63902.000000
0.000000	63902.000000
0.000000	63902.000000
0.000000	63902.000000
0.000000	63902.000000
0.000000	63902.000000
0.000000	63902.000000
0.000000	63902.000000
0.000000	63902.000000
0.000000	63902.000000
0.000000	63902.000000
0.000000	63902.000000
0.000000	63902.000000
0.000000	63903.000000
0.000000	63903.000000
0.000000	63903.000000
0.000000	63903.000000
0.000000	63903.000000
0.000000	63903.000000
0.000000	63903.000000
0.000000	63903.000000
0.000000	63903.000000
0.000000	63903.000000
0.000000	63903.000000
0.000000	63903.000000
0.000000	63903.000000
0.000000	63903.000000
0.000000	63903.000000
0.000000	63903.000000
0.000000	63903.000000
0.000000	63904.000000
0.000000	63904.000000
0.000000	63904.000000
0.000000	63904.000000
0.000000	63904.000000
0.000000	63904.000000
0.000000	63904.000000
0.000000	63904.000000
0.000000	63904.000000
0.000000	63904.000000
0.000000	63904.000000
0.000000	63904.000000
0.000000	63904.000000
0.000000	63904.000000
0.000000	63904.000000
0.000000	63904.000000
0.000000	63904.000000
0.000000	63905.000000
0.000000	63905.000000
0.000000	63905.000000
0.000000	63905.000000
0.000000	63905.000000
0.000000	63905.000000
0.000000	63905.000000
0.000000	63905.000000
0.000000	63905.000000
0.000000	63905.000000
0.000000	63905.000000
0.000000	63905.000000
0.000000	63905.000000
0.000000	63905.000000
0.000000	63905.000000
0.000000	63905.000000
0.000000	63905.000000
0.000000	63906.000000
0.000000	63906.000000
0.000000	63906.000000
0.000000	63906.000000
0.000000	63906.000000
0.000000	63906.000000
0.000000	63906.000000
0.000000	63906.000000
0.000000	63906.000000
0.000000	63906.000000
0.000000	63906.000000
0.000000	63906.000000
0.000000	63906.000000
0.000000	63906.000000
0.000000	63906.000000
0.000000	63906.000000
0.000000	63906.000000
0.000000	63907.000000
0.000000	63907.000000
0.000000	63907.000000
0.000000	63907.000000
0.000000	63907.000000
0.000000	63907.000000
0.000000	63907.000000
0.000000	63907.000000
0.000000	63907.000000
0.000000	63907.000000
0.000000	63907.000000
0.000000	63907.000000
0.000000	63907.000000
0.000000	63907.000000
0.000000	63907.000000
0.000000	63907.000000
0.000000	63907.000000
0.000000	63908.000000
0.000000	63908.000000
0.000000	63908.000000
0.000000	63908.000000
0.000000	63908.000000
0.000000	63908.000000
0.000000	63908.000000
0.000000	63908.000000
0.000000	63908.000000
0.000000	63908.000000
0.000000	63908.000000
0.000000	63908.000000
0.000000	63908.000000
0.000000	63908.000000
0.000000	63908.000000
0.000000	63908.000000
0.000000	63908.000000
0.000000	63908.000000
0.000000	63909.000000
0.000000	63909.000000
0.000000	63909.000000
0.000000	63909.000000
0.000000	63909.000000
0.000000	63909.000000
0.000000	63909.000000
0.000000	63909.000000
0.000000	63909.000000
0.000000	63909.000000
0.000000	63909.000000
0.000000	63909.000000
0.000000	63909.000000
0.000000	63909.000000
0.000000	63909.000000
0.000000	63909.000000
0.000000	63909.000000
0.000000	63910.000000
0.000000	63910.000000
0.000000	63910.000000
0.000000	63910.000000
0.000000	63910.000000
0.000000	63910.000000
0.000000	63910.000000
0.000000	63910.000000
0.000000	63910.000000
0.000000	63910.000000
0.000000	63910.000000
0.000000	63910.000000
0.000000	63910.000000
0.000000	63910.000000
0.000000	63910.000000
0.000000	63910.000000
0.000000	63910.000000
0.000000	63911.000000
0.000000	63911.000000
0.000000	63911.000000
0.000000	63911.000000
0.000000	63911.000000
0.000000	63911.000000
0.000000	63911.000000
0.000000	63911.000000
0.000000	63911.000000
0.000000	63911.000000
0.000000	63911.000000
0.000000	63911.000000
0.000000	63911.000000
0.000000	63911.000000
0.000000	63911.000000
0.000000	63911.000000
0.000000	63911.000000
0.000000	63912.000000
0.000000	63912.000000
0.000000	63912.000000
0.000000	63912.000000
0.000000	63912.000000
0.000000	63912.000000
0.000000	63912.000000
0.000000	63912.000000
0.000000	63912.000000
0.000000	63912.000000
0.000000	63912.000000
0.000000	63912.000000
0.000000	63912.000000
0.000000	63912.000000
0.000000	63912.000000
0.000000	63912.000000
0.000000	63912.000000
0.000000	63913.000000
0.000000	63913.000000
0.000000	63913.000000
0.000000	63913.000000
0.000000	63913.000000
0.000000	63913.000000
0.000000	63913.000000
0.000000	63913.000000
0.000000	63913.000000
0.000000	63913.000000
0.000000	63913.000000
0.000000	63913.000000
0.000000	63913.000000
0.000000	63913.000000
0.000000	63913.000000
0.000000	63913.000000
0.000000	63913.000000
0.000000	63914.000000
0.000000	63914.000000
0.000000	63914.000000
0.000000	63914.000000
0.000000	63914.000000
0.000000	63914.000000
0.000000	63914.000000
0.000000	63914.000000
0.000000	63914.000000
0.000000	63914.000000
0.000000	63914.000000
0.000000	63914.000000
0.000000	63914.000000
0.000000	63914.000000
0.000000	63914.000000
0.000000	63914.000000
0.000000	63914.000000
0.000000	63915.000000
0.000000	63915.000000
0.000000	63915.000000
0.000000	63915.000000
0.000000	63915.000000
0.000000	63915.000000
0.000000	63915.000000
0.000000	63915.000000
0.000000	63915.000000
0.000000	63915.000000
0.000000	63915.000000
0.000000	63915.000000
0.000000	63915.000000
0.000000	63915.000000
0.000000	63915.000000
0.000000	63915.000000
0.000000	63915.000000
0.000000	63916.000000
0.000000	63916.000000
0.000000	63916.000000
0.000000	63916.000000
0.000000	63916.000000
0.000000	63916.000000
0.000000	63916.000000
0.000000	63916.000000
0.000000	63916.000000
0.000000	63916.000000
0.000000	63916.000000
0.000000	63916.000000
0.000000	63916.000000
0.000000	63916.000000
0.000000	63916.000000
0.000000	63916.000000
0.000000	63916.000000
0.000000	63917.000000
0.000000	63917.000000
0.000000	63917.000000
0.000000	63917.000000
0.000000	63917.000000
0.000000	63917.000000
0.000000	63917.000000
0.000000	63917.000000
0.000000	63917.000000
0.000000	63917.000000
0.000000	63917.000000
0.000000	63917.000000
0.000000	63917.000000
0.000000	63917.000000
0.000000	63917.000000
0.000000	63917.000000
0.000000	63917.000000
0.000000	63918.000000
0.000000	63918.000000
0.000000	63918.000000
0.000000	63918.000000
0.000000	63918.000000
0.000000	63918.000000
0.000000	63918.000000
0.000000	63918.000000
0.000000	63918.000000
0.000000	63918.000000
0.000000	63918.000000
0.000000	63918.000000
0.000000	63918.000000
0.000000	63918.000000
0.000000	63918.000000
0.000000	63918.000000
0.000000	63918.000000
0.000000	63919.000000
0.000000	63919.000000
0.000000	63919.000000
0.000000	63919.000000
0.000000	63919.000000
0.000000	63919.000000
0.000000	63919.000000
0.000000	63919.000000
0.000000	63919.000000
0.000000	63919.000000
0.000000	63919.000000
0.000000	63919.000000
0.000000	63919.000000
0.000000	63919.000000
0.000000	63919.000000
0.000000	63919.000000
0.000000	63919.000000
0.000000	63920.000000
0.000000	63920.000000
0.000000	63920.000000
0.000000	63920.000000
0.000000	63920.000000
0.000000	63920.000000
0.000000	63920.000000
0.000000	63920.000000
0.000000	63920.000000
0.000000	63920.000000
0.000000	63920.000000
0.000000	63920.000000
0.000000	63920.000000
0.000000	63920.000000
0.000000	63920.000000
0.000000	63920.000000
0.000000	63920.000000
0.000000	63921.000000
0.000000	63921.000000
0.000000	63921.000000
0.000000	63921.000000
0.000000	63921.000000
0.000000	63921.000000
0.000000	63921.000000
0.000000	63921.000000
0.000000	63921.000000
0.000000	63921.000000
0.000000	63921.000000
0.000000	63921.000000
0.000000	63921.000000
0.000000	63921.000000
0.000000	63921.000000
0.000000	63921.000000
0.000000	63921.000000
0.000000	63922.000000
0.000000	63922.000000
0.000000	63922.000000
0.000000	63922.000000
0.000000	63922.000000
0.000000	63922.000000
0.000000	63922.000000
0.000000	63922.000000
0.000000	63922.000000
0.000000	63922.000000
0.000000	63922.000000
0.000000	63922.000000
0.000000	63922.000000
0.000000	63922.000000
0.000000	63922.000000
0.000000	63922.000000
0.000000	63922.000000
0.000000	63923.000000
0.000000	63923.000000
0.000000	63923.000000
0.000000	63923.000000
0.000000	63923.000000
0.000000	63923.000000
0.000000	63923.000000
0.000000	63923.000000
0.000000	63923.000000
0.000000	63923.000000
0.000000	63923.000000
0.000000	63923.000000
0.000000	63923.000000
0.000000	63923.000000
0.000000	63923.000000
0.000000	63923.000000
0.000000	63923.000000
0.000000	63924.000000
0.000000	63924.000000
0.000000	63924.000000
0.000000	63924.000000
0.000000	63924.000000
0.000000	63924.000000
0.000000	63924.000000
0.000000	63924.000000
0.000000	63924.000000
0.000000	63924.000000
0.000000	63924.000000
0.000000	63924.000000
0.000000	63924.000000
0.000000	63924.000000
0.000000	63924.000000
0.000000	63924.000000
0.000000	63924.000000
0.000000	63924.000000
0.000000	63925.000000
0.000000	63925.000000
0.000000	63925.000000
0.000000	63925.000000
0.000000	63925.000000
0.000000	63925.000000
0.000000	63925.000000
0.000000	63925.000000
0.000000	63925.000000
0.000000	63925.000000
0.000000	63925.000000
0.000000	63925.000000
0.000000	63925.000000
0.000000	63925.000000
0.000000	63925.000000
0.000000	63925.000000
0.000000	63925.000000
0.000000	63926.000000
0.000000	63926.000000
0.000000	63926.000000
0.000000	63926.000000
0.000000	63926.000000
0.000000	63926.000000
0.000000	63926.000000
0.000000	63926.000000
0.000000	63926.000000
0.000000	63926.000000
0.000000	63926.000000
0.000000	63926.000000
0.000000	63926.000000
0.000000	63926.000000
0.000000	63926.000000
0.000000	63926.000000
0.000000	63926.000000
0.000000	63927.000000
0.000000	63927.000000
0.000000	63927.000000
0.000000	63927.000000
0.000000	63927.000000
0.000000	63927.000000
0.000000	63927.000000
0.000000	63927.000000
0.000000	63927.000000
0.000000	63927.000000
0.000000	63927.000000
0.000000	63927.000000
0.000000	63927.000000
0.000000	63927.000000
0.000000	63927.000000
0.000000	63927.000000
0.000000	63927.000000
0.000000	63928.000000
0.000000	63928.000000
0.000000	63928.000000
0.000000	63928.000000
0.000000	63928.000000
0.000000	63928.000000
0.000000	63928.000000
0.000000	63928.000000
0.000000	63928.000000
0.000000	63928.000000
0.000000	63928.000000
0.000000	63928.000000
0.000000	63928.000000
0.000000	63928.000000
0.000000	63928.000000
0.000000	63928.000000
0.000000	63928.000000
0.000000	63929.000000
0.000000	63929.000000
0.000000	63929.000000
0.000000	63929.000000
0.000000	63929.000000
0.000000	63929.000000
0.000000	63929.000000
0.000000	63929.000000
0.000000	63929.000000
0.000000	63929.000000
0.000000	63929.000000
0.000000	63929.000000
0.000000	63929.000000
0.000000	63929.000000
0.000000	63929.000000
0.000000	63929.000000
0.000000	63929.000000
0.000000	63930.000000
0.000000	63930.000000
0.000000	63930.000000
0.000000	63930.000000
0.000000	63930.000000
0.000000	63930.000000
0.000000	63930.000000
0.000000	63930.000000
0.000000	63930.000000
0.000000	63930.000000
0.000000	63930.000000
0.000000	63930.000000
0.000000	63930.000000
0.000000	63930.000000
0.000000	63930.000000
0.000000	63930.000000
0.000000	63930.000000
0.000000	63931.000000
0.000000	63931.000000
0.000000	63931.000000
0.000000	63931.000000
0.000000	63931.000000
0.000000	63931.000000
0.000000	63931.000000
0.000000	63931.000000
0.000000	63931.000000
0.000000	63931.000000
0.000000	63931.000000
0.000000	63931.000000
0.000000	63931.000000
0.000000	63931.000000
0.000000	63931.000000
0.000000	63931.000000
0.000000	63931.000000
0.000000	63932.000000
0.000000	63932.000000
0.000000	63932.000000
0.000000	63932.000000
0.000000	63932.000000
0.000000	63932.000000
0.000000	63932.000000
0.000000	63932.000000
0.000000	63932.000000
0.000000	63932.000000
0.000000	63932.000000
0.000000	63932.000000
0.000000	63932.000000
0.000000	63932.000000
0.000000	63932.000000
0.000000	63932.000000
0.000000	63932.000000
0.000000	63933.000000
0.000000	63933.000000
0.000000	63933.000000
0.000000	63933.000000
0.000000	63933.000000
0.000000	63933.000000
0.000000	63933.000000
0.000000	63933.000000
0.000000	63933.000000
0.000000	63933.000000
0.000000	63933.000000
0.000000	63933.000000
0.000000	63933.000000
0.000000	63933.000000
0.000000	63933.000000
0.000000	63933.000000
0.000000	63933.000000
0.000000	63934.000000
0.000000	63934.000000
0.000000	63934.000000
0.000000	63934.000000
0.000000	63934.000000
0.000000	63934.000000
0.000000	63934.000000
0.000000	63934.000000
0.000000	63934.000000
0.000000	63934.000000
0.000000	63934.000000
0.000000	63934.000000
0.000000	63934.000000
0.000000	63934.000000
0.000000	63934.000000
0.000000	63934.000000
0.000000	63934.000000
0.000000	63935.000000
0.000000	63935.000000
0.000000	63935.000000
0.000000	63935.000000
0.000000	63935.000000
0.000000	63935.000000
0.000000	63935.000000
0.000000	63935.000000
0.000000	63935.000000
0.000000	63935.000000
0.000000	63935.000000
0.000000	63935.000000
0.000000	63935.000000
0.000000	63935.000000
0.000000	63935.000000
0.000000	63935.000000
0.000000	63935.000000
0.000000	63936.000000
0.000000	63936.000000
0.000000	63936.000000
0.000000	63936.000000
0.000000	63936.000000
0.000000	63936.000000
0.000000	63936.000000
0.000000	63936.000000
0.000000	63936.000000
0.000000	63936.000000
0.000000	63936.000000
0.000000	63936.000000
0.000000	63936.000000
0.000000	63936.000000
0.000000	63936.000000
0.000000	63936.000000
0.000000	63936.000000
0.000000	63937.000000
0.000000	63937.000000
0.000000	63937.000000
0.000000	63937.000000
0.000000	63937.000000
0.000000	63937.000000
0.000000	63937.000000
0.000000	63937.000000
0.000000	63937.000000
0.000000	63937.000000
0.000000	63937.000000
0.000000	63937.000000
0.000000	63937.000000
0.000000	63937.000000
0.000000	63937.000000
0.000000	63937.000000
0.000000	63937.000000
0.000000	63938.000000
0.000000	63938.000000
0.000000	63938.000000
0.000000	63938.000000
0.000000	63938.000000
0.000000	63938.000000
0.000000	63938.000000
0.000000	63938.000000
0.000000	63938.000000
0.000000	63938.000000
0.000000	63938.000000
0.000000	63938.000000
0.000000	63938.000000
0.000000	63938.000000
0.000000	63938.000000
0.000000	63938.000000
0.000000	63938.000000
0.000000	63938.000000
0.000000	63939.000000
0.000000	63939.000000
0.000000	63939.000000
0.000000	63939.000000
0.000000	63939.000000
0.000000	63939.000000
0.000000	63939.000000
0.000000	63939.000000
0.000000	63939.000000
0.000000	63939.000000
0.000000	63939.000000
0.000000	63939.000000
0.000000	63939.000000
0.000000	63939.000000
0.000000	63939.000000
0.000000	63939.000000
0.000000	63939.000000
0.000000	63940.000000
0.000000	63940.000000
0.000000	63940.000000
0.000000	63940.000000
0.000000	63940.000000
0.000000	63940.000000
0.000000	63940.000000
0.000000	63940.000000
0.000000	63940.000000
0.000000	63940.000000
0.000000	63940.000000
0.000000	63940.000000
0.000000	63940.000000
0.000000	63940.000000
0.000000	63940.000000
0.000000	63940.000000
0.000000	63940.000000
0.000000	63941.000000
0.000000	63941.000000
0.000000	63941.000000
0.000000	63941.000000
0.000000	63941.000000
0.000000	63941.000000
0.000000	63941.000000
0.000000	63941.000000
0.000000	63941.000000
0.000000	63941.000000
0.000000	63941.000000
0.000000	63941.000000
0.000000	63941.000000
0.000000	63941.000000
0.000000	63941.000000
0.000000	63941.000000
0.000000	63941.000000
0.000000	63942.000000
0.000000	63942.000000
0.000000	63942.000000
0.000000	63942.000000
0.000000	63942.000000
0.000000	63942.000000
0.000000	63942.000000
0.000000	63942.000000
0.000000	63942.000000
0.000000	63942.000000
0.000000	63942.000000
0.000000	63942.000000
0.000000	63942.000000
0.000000	63942.000000
0.000000	63942.000000
0.000000	63942.000000
0.000000	63942.000000
0.000000	63943.000000
0.000000	63943.000000
0.000000	63943.000000
0.000000	63943.000000
0.000000	63943.000000
0.000000	63943.000000
0.000000	63943.000000
0.000000	63943.000000
0.000000	63943.000000
0.000000	63943.000000
0.000000	63943.000000
0.000000	63943.000000
0.000000	63943.000000
0.000000	63943.000000
0.000000	63943.000000
0.000000	63943.000000
0.000000	63943.000000
0.000000	63944.000000
0.000000	63944.000000
0.000000	63944.000000
0.000000	63944.000000
0.000000	63944.000000
0.000000	63944.000000
0.000000	63944.000000
0.000000	63944.000000
0.000000	63944.000000
0.000000	63944.000000
0.000000	63944.000000
0.000000	63944.000000
0.000000	63944.000000
0.000000	63944.000000
0.000000	63944.000000
0.000000	63944.000000
0.000000	63944.000000
0.000000	63945.000000
0.000000	63945.000000
0.000000	63945.000000
0.000000	63945.000000
0.000000	63945.000000
0.000000	63945.000000
0.000000	63945.000000
0.000000	63945.000000
0.000000	63945.000000
0.000000	63945.000000
0.000000	63945.000000
0.000000	63945.000000
0.000000	63945.000000
0.000000	63945.000000
0.000000	63945.000000
0.000000	63945.000000
0.000000	63945.000000
0.000000	63946.000000
0.000000	63946.000000
0.000000	63946.000000
0.000000	63946.000000
0.000000	63946.000000
0.000000	63946.000000
0.000000	63946.000000
0.000000	63946.000000
0.000000	63946.000000
0.000000	63946.000000
0.000000	63946.000000
0.000000	63946.000000
0.000000	63946.000000
0.000000	63946.000000
0.000000	63946.000000
0.000000	63946.000000
0.000000	63946.000000
0.000000	63947.000000
0.000000	63947.000000
0.000000	63947.000000
0.000000	63947.000000
0.000000	63947.000000
0.000000	63947.000000
0.000000	63947.000000
0.000000	63947.000000
0.000000	63947.000000
0.000000	63947.000000
0.000000	63947.000000
0.000000	63947.000000
0.000000	63947.000000
0.000000	63947.000000
0.000000	63947.000000
0.000000	63947.000000
0.000000	63947.000000
0.000000	63948.000000
0.000000	63948.000000
0.000000	63948.000000
0.000000	63948.000000
0.000000	63948.000000
0.000000	63948.000000
0.000000	63948.000000
0.000000	63948.000000
0.000000	63948.000000
0.000000	63948.000000
0.000000	63948.000000
0.000000	63948.000000
0.000000	63948.000000
0.000000	63948.000000
0.000000	63948.000000
0.000000	63948.000000
0.000000	63948.000000
0.000000	63949.000000
0.000000	63949.000000
0.000000	63949.000000
0.000000	63949.000000
0.000000	63949.000000
0.000000	63949.000000
0.000000	63949.000000
0.000000	63949.000000
0.000000	63949.000000
0.000000	63949.000000
0.000000	63949.000000
0.000000	63949.000000
0.000000	63949.000000
0.000000	63949.000000
0.000000	63949.000000
0.000000	63949.000000
0.000000	63949.000000
0.000000	63950.000000
0.000000	63950.000000
0.000000	63950.000000
0.000000	63950.000000
0.000000	63950.000000
0.000000	63950.000000
0.000000	63950.000000
0.000000	63950.000000
0.000000	63950.000000
0.000000	63950.000000
0.000000	63950.000000
0.000000	63950.000000
0.000000	63950.000000
0.000000	63950.000000
0.000000	63950.000000
0.000000	63950.000000
0.000000	63950.000000
0.000000	63951.000000
0.000000	63951.000000
0.000000	63951.000000
0.000000	63951.000000
0.000000	63951.000000
0.000000	63951.000000
0.000000	63951.000000
0.000000	63951.000000
0.000000	63951.000000
0.000000	63951.000000
0.000000	63951.000000
0.000000	63951.000000
0.000000	63951.000000
0.000000	63951.000000
0.000000	63951.000000
0.000000	63951.000000
0.000000	63951.000000
0.000000	63952.000000
0.000000	63952.000000
0.000000	63952.000000
0.000000	63952.000000
0.000000	63952.000000
0.000000	63952.000000
0.000000	63952.000000
0.000000	63952.000000
0.000000	63952.000000
0.000000	63952.000000
0.000000	63952.000000
0.000000	63952.000000
0.000000	63952.000000
0.000000	63952.000000
0.000000	63952.000000
0.000000	63952.000000
0.000000	63952.000000
0.000000	63953.000000
0.000000	63953.000000
0.000000	63953.000000
0.000000	63953.000000
0.000000	63953.000000
0.000000	63953.000000
0.000000	63953.000000
0.000000	63953.000000
0.000000	63953.000000
0.000000	63953.000000
0.000000	63953.000000
0.000000	63953.000000
0.000000	63953.000000
0.000000	63953.000000
0.000000	63953.000000
0.000000	63953.000000
0.000000	63953.000000
0.000000	63953.000000
0.000000	63954.000000
0.000000	63954.000000
0.000000	63954.000000
0.000000	63954.000000
0.000000	63954.000000
0.000000	63954.000000
0.000000	63954.000000
0.000000	63954.000000
0.000000	63954.000000
0.000000	63954.000000
0.000000	63954.000000
0.000000	63954.000000
0.000000	63954.000000
0.000000	63954.000000
0.000000	63954.000000
0.000000	63954.000000
0.000000	63954.000000
0.000000	63955.000000
0.000000	63955.000000
0.000000	63955.000000
0.000000	63955.000000
0.000000	63955.000000
0.000000	63955.000000
0.000000	63955.000000
0.000000	63955.000000
0.000000	63955.000000
0.000000	63955.000000
0.000000	63955.000000
0.000000	63955.000000
0.000000	63955.000000
0.000000	63955.000000
0.000000	63955.000000
0.000000	63955.000000
0.000000	63955.000000
0.000000	63956.000000
0.000000	63956.000000
0.000000	63956.000000
0.000000	63956.000000
0.000000	63956.000000
0.000000	63956.000000
0.000000	63956.000000
0.000000	63956.000000
0.000000	63956.000000
0.000000	63956.000000
0.000000	63956.000000
0.000000	63956.000000
0.000000	63956.000000
0.000000	63956.000000
0.000000	63956.000000
0.000000	63956.000000
0.000000	63956.000000
0.000000	63957.000000
0.000000	63957.000000
0.000000	63957.000000
0.000000	63957.000000
0.000000	63957.000000
0.000000	63957.000000
0.000000	63957.000000
0.000000	63957.000000
0.000000	63957.000000
0.000000	63957.000000
0.000000	63957.000000
0.000000	63957.000000
0.000000	63957.000000
0.000000	63957.000000
0.000000	63957.000000
0.000000	63957.000000
0.000000	63957.000000
0.000000	63958.000000
0.000000	63958.000000
0.000000	63958.000000
0.000000	63958.000000
0.000000	63958.000000
0.000000	63958.000000
0.000000	63958.000000
0.000000	63958.000000
0.000000	63958.000000
0.000000	63958.000000
0.000000	63958.000000
0.000000	63958.000000
0.000000	63958.000000
0.000000	63958.000000
0.000000	63958.000000
0.000000	63958.000000
0.000000	63958.000000
0.000000	63959.000000
0.000000	63959.000000
0.000000	63959.000000
0.000000	63959.000000
0.000000	63959.000000
0.000000	63959.000000
0.000000	63959.000000
0.000000	63959.000000
0.000000	63959.000000
0.000000	63959.000000
0.000000	63959.000000
0.000000	63959.000000
0.000000	63959.000000
0.000000	63959.000000
0.000000	63959.000000
0.000000	63959.000000
0.000000	63959.000000
0.000000	64000.000000
0.000000	64000.000000
0.000000	64000.000000
0.000000	64000.000000
0.000000	64000.000000
0.000000	64000.000000
0.000000	64000.000000
0.000000	64000.000000
0.000000	64000.000000
0.000000	64000.000000
0.000000	64000.000000
0.000000	64000.000000
0.000000	64000.000000
0.000000	64000.000000
0.000000	64000.000000
0.000000	64000.000000
0.000000	64000.000000
0.000000	64001.000000
0.000000	64001.000000
0.000000	64001.000000
0.000000	64001.000000
0.000000	64001.000000
0.000000	64001.000000
0.000000	64001.000000
0.000000	64001.000000
0.000000	64001.000000
0.000000	64001.000000
0.000000	64001.000000
0.000000	64001.000000
0.000000	64001.000000
0.000000	64001.000000
0.000000	64001.000000
0.000000	64001.000000
0.000000	64001.000000
0.000000	64002.000000
0.000000	64002.000000
0.000000	64002.000000
0.000000	64002.000000
0.000000	64002.000000
0.000000	64002.000000
0.000000	64002.000000
0.000000	64002.000000
0.000000	64002.000000
0.000000	64002.000000
0.000000	64002.000000
0.000000	64002.000000
0.000000	64002.000000
0.000000	64002.000000
0.000000	64002.000000
0.000000	64002.000000
0.000000	64002.000000
0.000000	64003.000000
0.000000	64003.000000
0.000000	64003.000000
0.000000	64003.000000
0.000000	64003.000000
0.000000	64003.000000
0.000000	64003.000000
0.000000	64003.000000
0.000000	64003.000000
0.000000	64003.000000
0.000000	64003.000000
0.000000	64003.000000
0.000000	64003.000000
0.000000	64003.000000
0.000000	64003.000000
0.000000	64003.000000
0.000000	64003.000000
0.000000	64004.000000
0.000000	64004.000000
0.000000	64004.000000
0.000000	64004.000000
0.000000	64004.000000
0.000000	64004.000000
0.000000	64004.000000
0.000000	64004.000000
0.000000	64004.000000
0.000000	64004.000000
0.000000	64004.000000
0.000000	64004.000000
0.000000	64004.000000
0.000000	64004.000000
0.000000	64004.000000
0.000000	64004.000000
0.000000	64004.000000
0.000000	64005.000000
0.000000	64005.000000
0.000000	64005.000000
0.000000	64005.000000
0.000000	64005.000000
0.000000	64005.000000
0.000000	64005.000000
0.000000	64005.000000
0.000000	64005.000000
0.000000	64005.000000
0.000000	64005.000000
0.000000	64005.000000
0.000000	64005.000000
0.000000	64005.000000
0.000000	64005.000000
0.000000	64005.000000
0.000000	64005.000000
0.000000	64006.000000
0.000000	64006.000000
0.000000	64006.000000
0.000000	64006.000000
0.000000	64006.000000
0.000000	64006.000000
0.000000	64006.000000
0.000000	64006.000000
