0.000000	50533.000000
0.000000	50533.000000
0.000000	50533.000000
0.000000	50533.000000
0.000000	50533.000000
0.000000	50533.000000
0.000000	50533.000000
0.000000	50533.000000
0.000000	50533.000000
0.000000	50533.000000
0.000000	50534.000000
0.000000	50534.000000
0.000000	50534.000000
0.000000	50534.000000
0.000000	50534.000000
0.000000	50534.000000
0.000000	50534.000000
0.000000	50534.000000
0.000000	50534.000000
0.000000	50534.000000
0.000000	50534.000000
0.000000	50534.000000
0.000000	50534.000000
0.000000	50534.000000
0.000000	50534.000000
0.000000	50534.000000
0.000000	50534.000000
0.000000	50535.000000
0.000000	50535.000000
0.000000	50535.000000
0.000000	50535.000000
0.000000	50535.000000
0.000000	50535.000000
0.000000	50535.000000
0.000000	50535.000000
0.000000	50535.000000
0.000000	50535.000000
0.000000	50535.000000
0.000000	50535.000000
0.000000	50535.000000
0.000000	50535.000000
0.000000	50535.000000
0.000000	50535.000000
0.000000	50535.000000
0.000000	50536.000000
0.000000	50536.000000
0.000000	50536.000000
0.000000	50536.000000
0.000000	50536.000000
0.000000	50536.000000
0.000000	50536.000000
0.000000	50536.000000
0.000000	50536.000000
0.000000	50536.000000
0.000000	50536.000000
0.000000	50536.000000
0.000000	50536.000000
0.000000	50536.000000
0.000000	50536.000000
0.000000	50536.000000
0.000000	50536.000000
0.000000	50537.000000
0.000000	50537.000000
0.000000	50537.000000
0.000000	50537.000000
0.000000	50537.000000
0.000000	50537.000000
0.000000	50537.000000
0.000000	50537.000000
0.000000	50537.000000
0.000000	50537.000000
0.000000	50537.000000
0.000000	50537.000000
0.000000	50537.000000
0.000000	50537.000000
0.000000	50537.000000
0.000000	50537.000000
0.000000	50537.000000
0.000000	50538.000000
0.000000	50538.000000
0.000000	50538.000000
0.000000	50538.000000
0.000000	50538.000000
0.000000	50538.000000
0.000000	50538.000000
0.000000	50538.000000
0.000000	50538.000000
0.000000	50538.000000
0.000000	50538.000000
0.000000	50538.000000
0.000000	50538.000000
0.000000	50538.000000
0.000000	50538.000000
0.000000	50538.000000
0.000000	50538.000000
0.000000	50539.000000
0.000000	50539.000000
0.000000	50539.000000
0.000000	50539.000000
0.000000	50539.000000
0.000000	50539.000000
0.000000	50539.000000
0.000000	50539.000000
0.000000	50539.000000
0.000000	50539.000000
0.000000	50539.000000
0.000000	50539.000000
0.000000	50539.000000
0.000000	50539.000000
0.000000	50539.000000
0.000000	50539.000000
0.000000	50539.000000
0.000000	50540.000000
0.000000	50540.000000
0.000000	50540.000000
0.000000	50540.000000
0.000000	50540.000000
0.000000	50540.000000
0.000000	50540.000000
0.000000	50540.000000
0.000000	50540.000000
0.000000	50540.000000
0.000000	50540.000000
0.000000	50540.000000
0.000000	50540.000000
0.000000	50540.000000
0.000000	50540.000000
0.000000	50540.000000
0.000000	50540.000000
0.000000	50541.000000
0.000000	50541.000000
0.000000	50541.000000
0.000000	50541.000000
0.000000	50541.000000
0.000000	50541.000000
0.000000	50541.000000
0.000000	50541.000000
0.000000	50541.000000
0.000000	50541.000000
0.000000	50541.000000
0.000000	50541.000000
0.000000	50541.000000
0.000000	50541.000000
0.000000	50541.000000
0.000000	50541.000000
0.000000	50541.000000
0.000000	50542.000000
0.000000	50542.000000
0.000000	50542.000000
0.000000	50542.000000
0.000000	50542.000000
0.000000	50542.000000
0.000000	50542.000000
0.000000	50542.000000
0.000000	50542.000000
0.000000	50542.000000
0.000000	50542.000000
0.000000	50542.000000
0.000000	50542.000000
0.000000	50542.000000
0.000000	50542.000000
0.000000	50542.000000
0.000000	50542.000000
0.000000	50543.000000
0.000000	50543.000000
0.000000	50543.000000
0.000000	50543.000000
0.000000	50543.000000
0.000000	50543.000000
0.000000	50543.000000
0.000000	50543.000000
0.000000	50543.000000
0.000000	50543.000000
0.000000	50543.000000
0.000000	50543.000000
0.000000	50543.000000
0.000000	50543.000000
0.000000	50543.000000
0.000000	50543.000000
0.000000	50543.000000
0.000000	50544.000000
0.000000	50544.000000
0.000000	50544.000000
0.000000	50544.000000
0.000000	50544.000000
0.000000	50544.000000
0.000000	50544.000000
0.000000	50544.000000
0.000000	50544.000000
0.000000	50544.000000
0.000000	50544.000000
0.000000	50544.000000
0.000000	50544.000000
0.000000	50544.000000
0.000000	50544.000000
0.000000	50544.000000
0.000000	50544.000000
0.000000	50544.000000
0.000000	50545.000000
0.000000	50545.000000
0.000000	50545.000000
0.000000	50545.000000
0.000000	50545.000000
0.000000	50545.000000
0.000000	50545.000000
0.000000	50545.000000
0.000000	50545.000000
0.000000	50545.000000
0.000000	50545.000000
0.000000	50545.000000
0.000000	50545.000000
0.000000	50545.000000
0.000000	50545.000000
0.000000	50545.000000
0.000000	50545.000000
0.000000	50546.000000
0.000000	50546.000000
0.000000	50546.000000
0.000000	50546.000000
0.000000	50546.000000
0.000000	50546.000000
0.000000	50546.000000
0.000000	50546.000000
0.000000	50546.000000
0.000000	50546.000000
0.000000	50546.000000
0.000000	50546.000000
0.000000	50546.000000
0.000000	50546.000000
0.000000	50546.000000
0.000000	50546.000000
0.000000	50546.000000
0.000000	50547.000000
0.000000	50547.000000
0.000000	50547.000000
0.000000	50547.000000
0.000000	50547.000000
0.000000	50547.000000
0.000000	50547.000000
0.000000	50547.000000
0.000000	50547.000000
0.000000	50547.000000
0.000000	50547.000000
0.000000	50547.000000
0.000000	50547.000000
0.000000	50547.000000
0.000000	50547.000000
0.000000	50547.000000
0.000000	50547.000000
0.000000	50548.000000
0.000000	50548.000000
0.000000	50548.000000
0.000000	50548.000000
0.000000	50548.000000
0.000000	50548.000000
0.000000	50548.000000
0.000000	50548.000000
0.000000	50548.000000
0.000000	50548.000000
0.000000	50548.000000
0.000000	50548.000000
0.000000	50548.000000
0.000000	50548.000000
0.000000	50548.000000
0.000000	50548.000000
0.000000	50548.000000
0.000000	50549.000000
0.000000	50549.000000
0.000000	50549.000000
0.000000	50549.000000
0.000000	50549.000000
0.000000	50549.000000
0.000000	50549.000000
0.000000	50549.000000
0.000000	50549.000000
0.000000	50549.000000
0.000000	50549.000000
0.000000	50549.000000
0.000000	50549.000000
0.000000	50549.000000
0.000000	50549.000000
0.000000	50549.000000
0.000000	50549.000000
0.000000	50550.000000
0.000000	50550.000000
0.000000	50550.000000
0.000000	50550.000000
0.000000	50550.000000
0.000000	50550.000000
0.000000	50550.000000
0.000000	50550.000000
0.000000	50550.000000
0.000000	50550.000000
0.000000	50550.000000
0.000000	50550.000000
0.000000	50550.000000
0.000000	50550.000000
0.000000	50550.000000
0.000000	50550.000000
0.000000	50550.000000
0.000000	50551.000000
0.000000	50551.000000
0.000000	50551.000000
0.000000	50551.000000
0.000000	50551.000000
0.000000	50551.000000
0.000000	50551.000000
0.000000	50551.000000
0.000000	50551.000000
0.000000	50551.000000
0.000000	50551.000000
0.000000	50551.000000
0.000000	50551.000000
0.000000	50551.000000
0.000000	50551.000000
0.000000	50551.000000
0.000000	50551.000000
0.000000	50552.000000
0.000000	50552.000000
0.000000	50552.000000
0.000000	50552.000000
0.000000	50552.000000
0.000000	50552.000000
0.000000	50552.000000
0.000000	50552.000000
0.000000	50552.000000
0.000000	50552.000000
0.000000	50552.000000
0.000000	50552.000000
0.000000	50552.000000
0.000000	50552.000000
0.000000	50552.000000
0.000000	50552.000000
0.000000	50552.000000
0.000000	50553.000000
0.000000	50553.000000
0.000000	50553.000000
0.000000	50553.000000
0.000000	50553.000000
0.000000	50553.000000
0.000000	50553.000000
0.000000	50553.000000
0.000000	50553.000000
0.000000	50553.000000
0.000000	50553.000000
0.000000	50553.000000
0.000000	50553.000000
0.000000	50553.000000
0.000000	50553.000000
0.000000	50553.000000
0.000000	50553.000000
0.000000	50554.000000
0.000000	50554.000000
0.000000	50554.000000
0.000000	50554.000000
0.000000	50554.000000
0.000000	50554.000000
0.000000	50554.000000
0.000000	50554.000000
0.000000	50554.000000
0.000000	50554.000000
0.000000	50554.000000
0.000000	50554.000000
0.000000	50554.000000
0.000000	50554.000000
0.000000	50554.000000
0.000000	50554.000000
0.000000	50554.000000
0.000000	50555.000000
0.000000	50555.000000
0.000000	50555.000000
0.000000	50555.000000
0.000000	50555.000000
0.000000	50555.000000
0.000000	50555.000000
0.000000	50555.000000
0.000000	50555.000000
0.000000	50555.000000
0.000000	50555.000000
0.000000	50555.000000
0.000000	50555.000000
0.000000	50555.000000
0.000000	50555.000000
0.000000	50555.000000
0.000000	50555.000000
0.000000	50556.000000
0.000000	50556.000000
0.000000	50556.000000
0.000000	50556.000000
0.000000	50556.000000
0.000000	50556.000000
0.000000	50556.000000
0.000000	50556.000000
0.000000	50556.000000
0.000000	50556.000000
0.000000	50556.000000
0.000000	50556.000000
0.000000	50556.000000
0.000000	50556.000000
0.000000	50556.000000
0.000000	50556.000000
0.000000	50556.000000
0.000000	50557.000000
0.000000	50557.000000
0.000000	50557.000000
0.000000	50557.000000
0.000000	50557.000000
0.000000	50557.000000
0.000000	50557.000000
0.000000	50557.000000
0.000000	50557.000000
0.000000	50557.000000
0.000000	50557.000000
0.000000	50557.000000
0.000000	50557.000000
0.000000	50557.000000
0.000000	50557.000000
0.000000	50557.000000
0.000000	50557.000000
0.000000	50558.000000
0.000000	50558.000000
0.000000	50558.000000
0.000000	50558.000000
0.000000	50558.000000
0.000000	50558.000000
0.000000	50558.000000
0.000000	50558.000000
0.000000	50558.000000
0.000000	50558.000000
0.000000	50558.000000
0.000000	50558.000000
0.000000	50558.000000
0.000000	50558.000000
0.000000	50558.000000
0.000000	50558.000000
0.000000	50558.000000
0.000000	50559.000000
0.000000	50559.000000
0.000000	50559.000000
0.000000	50559.000000
0.000000	50559.000000
0.000000	50559.000000
0.000000	50559.000000
0.000000	50559.000000
0.000000	50559.000000
0.000000	50559.000000
0.000000	50559.000000
0.000000	50559.000000
0.000000	50559.000000
0.000000	50559.000000
0.000000	50559.000000
0.000000	50559.000000
0.000000	50559.000000
0.000000	50559.000000
0.000000	50600.000000
0.000000	50600.000000
0.000000	50600.000000
0.000000	50600.000000
0.000000	50600.000000
0.000000	50600.000000
0.000000	50600.000000
0.000000	50600.000000
0.000000	50600.000000
0.000000	50600.000000
0.000000	50600.000000
0.000000	50600.000000
0.000000	50600.000000
0.000000	50600.000000
0.000000	50600.000000
0.000000	50600.000000
0.000000	50600.000000
0.000000	50601.000000
0.000000	50601.000000
0.000000	50601.000000
0.000000	50601.000000
0.000000	50601.000000
0.000000	50601.000000
0.000000	50601.000000
0.000000	50601.000000
0.000000	50601.000000
0.000000	50601.000000
0.000000	50601.000000
0.000000	50601.000000
0.000000	50601.000000
0.000000	50601.000000
0.000000	50601.000000
0.000000	50601.000000
0.000000	50601.000000
0.000000	50602.000000
0.000000	50602.000000
0.000000	50602.000000
0.000000	50602.000000
0.000000	50602.000000
0.000000	50602.000000
0.000000	50602.000000
0.000000	50602.000000
0.000000	50602.000000
0.000000	50602.000000
0.000000	50602.000000
0.000000	50602.000000
0.000000	50602.000000
0.000000	50602.000000
0.000000	50602.000000
0.000000	50602.000000
0.000000	50602.000000
0.000000	50603.000000
0.000000	50603.000000
0.000000	50603.000000
0.000000	50603.000000
0.000000	50603.000000
0.000000	50603.000000
0.000000	50603.000000
0.000000	50603.000000
0.000000	50603.000000
0.000000	50603.000000
0.000000	50603.000000
0.000000	50603.000000
0.000000	50603.000000
0.000000	50603.000000
0.000000	50603.000000
0.000000	50603.000000
0.000000	50603.000000
0.000000	50604.000000
0.000000	50604.000000
0.000000	50604.000000
0.000000	50604.000000
0.000000	50604.000000
0.000000	50604.000000
0.000000	50604.000000
0.000000	50604.000000
0.000000	50604.000000
0.000000	50604.000000
0.000000	50604.000000
0.000000	50604.000000
0.000000	50604.000000
0.000000	50604.000000
0.000000	50604.000000
0.000000	50604.000000
0.000000	50604.000000
0.000000	50605.000000
0.000000	50605.000000
0.000000	50605.000000
0.000000	50605.000000
0.000000	50605.000000
0.000000	50605.000000
0.000000	50605.000000
0.000000	50605.000000
0.000000	50605.000000
0.000000	50605.000000
0.000000	50605.000000
0.000000	50605.000000
0.000000	50605.000000
0.000000	50605.000000
0.000000	50605.000000
0.000000	50605.000000
0.000000	50605.000000
0.000000	50606.000000
0.000000	50606.000000
0.000000	50606.000000
0.000000	50606.000000
0.000000	50606.000000
0.000000	50606.000000
0.000000	50606.000000
0.000000	50606.000000
0.000000	50606.000000
0.000000	50606.000000
0.000000	50606.000000
0.000000	50606.000000
0.000000	50606.000000
0.000000	50606.000000
0.000000	50606.000000
0.000000	50606.000000
0.000000	50606.000000
0.000000	50607.000000
0.000000	50607.000000
0.000000	50607.000000
0.000000	50607.000000
0.000000	50607.000000
0.000000	50607.000000
0.000000	50607.000000
0.000000	50607.000000
0.000000	50607.000000
0.000000	50607.000000
0.000000	50607.000000
0.000000	50607.000000
0.000000	50607.000000
0.000000	50607.000000
0.000000	50607.000000
0.000000	50607.000000
0.000000	50607.000000
0.000000	50608.000000
0.000000	50608.000000
0.000000	50608.000000
0.000000	50608.000000
0.000000	50608.000000
0.000000	50608.000000
0.000000	50608.000000
0.000000	50608.000000
0.000000	50608.000000
0.000000	50608.000000
0.000000	50608.000000
0.000000	50608.000000
0.000000	50608.000000
0.000000	50608.000000
0.000000	50608.000000
0.000000	50608.000000
0.000000	50608.000000
0.000000	50609.000000
0.000000	50609.000000
0.000000	50609.000000
0.000000	50609.000000
0.000000	50609.000000
0.000000	50609.000000
0.000000	50609.000000
0.000000	50609.000000
0.000000	50609.000000
0.000000	50609.000000
0.000000	50609.000000
0.000000	50609.000000
0.000000	50609.000000
0.000000	50609.000000
0.000000	50609.000000
0.000000	50609.000000
0.000000	50609.000000
0.000000	50610.000000
0.000000	50610.000000
0.000000	50610.000000
0.000000	50610.000000
0.000000	50610.000000
0.000000	50610.000000
0.000000	50610.000000
0.000000	50610.000000
0.000000	50610.000000
0.000000	50610.000000
0.000000	50610.000000
0.000000	50610.000000
0.000000	50610.000000
0.000000	50610.000000
0.000000	50610.000000
0.000000	50610.000000
0.000000	50610.000000
0.000000	50611.000000
0.000000	50611.000000
0.000000	50611.000000
0.000000	50611.000000
0.000000	50611.000000
0.000000	50611.000000
0.000000	50611.000000
0.000000	50611.000000
0.000000	50611.000000
0.000000	50611.000000
0.000000	50611.000000
0.000000	50611.000000
0.000000	50611.000000
0.000000	50611.000000
0.000000	50611.000000
0.000000	50611.000000
0.000000	50611.000000
0.000000	50612.000000
0.000000	50612.000000
0.000000	50612.000000
0.000000	50612.000000
0.000000	50612.000000
0.000000	50612.000000
0.000000	50612.000000
0.000000	50612.000000
0.000000	50612.000000
0.000000	50612.000000
0.000000	50612.000000
0.000000	50612.000000
0.000000	50612.000000
0.000000	50612.000000
0.000000	50612.000000
0.000000	50612.000000
0.000000	50612.000000
0.000000	50613.000000
0.000000	50613.000000
0.000000	50613.000000
0.000000	50613.000000
0.000000	50613.000000
0.000000	50613.000000
0.000000	50613.000000
0.000000	50613.000000
0.000000	50613.000000
0.000000	50613.000000
0.000000	50613.000000
0.000000	50613.000000
0.000000	50613.000000
0.000000	50613.000000
0.000000	50613.000000
0.000000	50613.000000
0.000000	50613.000000
0.000000	50614.000000
0.000000	50614.000000
0.000000	50614.000000
0.000000	50614.000000
0.000000	50614.000000
0.000000	50614.000000
0.000000	50614.000000
0.000000	50614.000000
0.000000	50614.000000
0.000000	50614.000000
0.000000	50614.000000
0.000000	50614.000000
0.000000	50614.000000
0.000000	50614.000000
0.000000	50614.000000
0.000000	50614.000000
0.000000	50614.000000
0.000000	50614.000000
0.000000	50615.000000
0.000000	50615.000000
0.000000	50615.000000
0.000000	50615.000000
0.000000	50615.000000
0.000000	50615.000000
0.000000	50615.000000
0.000000	50615.000000
0.000000	50615.000000
0.000000	50615.000000
0.000000	50615.000000
0.000000	50615.000000
0.000000	50615.000000
0.000000	50615.000000
0.000000	50615.000000
0.000000	50615.000000
0.000000	50615.000000
0.000000	50616.000000
0.000000	50616.000000
0.000000	50616.000000
0.000000	50616.000000
0.000000	50616.000000
0.000000	50616.000000
0.000000	50616.000000
0.000000	50616.000000
0.000000	50616.000000
0.000000	50616.000000
0.000000	50616.000000
0.000000	50616.000000
0.000000	50616.000000
0.000000	50616.000000
0.000000	50616.000000
0.000000	50616.000000
0.000000	50616.000000
0.000000	50617.000000
0.000000	50617.000000
0.000000	50617.000000
0.000000	50617.000000
0.000000	50617.000000
0.000000	50617.000000
0.000000	50617.000000
0.000000	50617.000000
0.000000	50617.000000
0.000000	50617.000000
0.000000	50617.000000
0.000000	50617.000000
0.000000	50617.000000
0.000000	50617.000000
0.000000	50617.000000
0.000000	50617.000000
0.000000	50617.000000
0.000000	50618.000000
0.000000	50618.000000
0.000000	50618.000000
0.000000	50618.000000
0.000000	50618.000000
0.000000	50618.000000
0.000000	50618.000000
0.000000	50618.000000
0.000000	50618.000000
0.000000	50618.000000
0.000000	50618.000000
0.000000	50618.000000
0.000000	50618.000000
0.000000	50618.000000
0.000000	50618.000000
0.000000	50618.000000
0.000000	50618.000000
0.000000	50619.000000
0.000000	50619.000000
0.000000	50619.000000
0.000000	50619.000000
0.000000	50619.000000
0.000000	50619.000000
0.000000	50619.000000
0.000000	50619.000000
0.000000	50619.000000
0.000000	50619.000000
0.000000	50619.000000
0.000000	50619.000000
0.000000	50619.000000
0.000000	50619.000000
0.000000	50619.000000
0.000000	50619.000000
0.000000	50619.000000
0.000000	50620.000000
0.000000	50620.000000
0.000000	50620.000000
0.000000	50620.000000
0.000000	50620.000000
0.000000	50620.000000
0.000000	50620.000000
0.000000	50620.000000
0.000000	50620.000000
0.000000	50620.000000
0.000000	50620.000000
0.000000	50620.000000
0.000000	50620.000000
0.000000	50620.000000
0.000000	50620.000000
0.000000	50620.000000
0.000000	50620.000000
0.000000	50621.000000
0.000000	50621.000000
0.000000	50621.000000
0.000000	50621.000000
0.000000	50621.000000
0.000000	50621.000000
0.000000	50621.000000
0.000000	50621.000000
0.000000	50621.000000
0.000000	50621.000000
0.000000	50621.000000
0.000000	50621.000000
0.000000	50621.000000
0.000000	50621.000000
0.000000	50621.000000
0.000000	50621.000000
0.000000	50621.000000
0.000000	50622.000000
0.000000	50622.000000
0.000000	50622.000000
0.000000	50622.000000
0.000000	50622.000000
0.000000	50622.000000
0.000000	50622.000000
0.000000	50622.000000
0.000000	50622.000000
0.000000	50622.000000
0.000000	50622.000000
0.000000	50622.000000
0.000000	50622.000000
0.000000	50622.000000
0.000000	50622.000000
0.000000	50622.000000
0.000000	50622.000000
0.000000	50623.000000
0.000000	50623.000000
0.000000	50623.000000
0.000000	50623.000000
0.000000	50623.000000
0.000000	50623.000000
0.000000	50623.000000
0.000000	50623.000000
0.000000	50623.000000
0.000000	50623.000000
0.000000	50623.000000
0.000000	50623.000000
0.000000	50623.000000
0.000000	50623.000000
0.000000	50623.000000
0.000000	50623.000000
0.000000	50623.000000
0.000000	50624.000000
0.000000	50624.000000
0.000000	50624.000000
0.000000	50624.000000
0.000000	50624.000000
0.000000	50624.000000
0.000000	50624.000000
0.000000	50624.000000
0.000000	50624.000000
0.000000	50624.000000
0.000000	50624.000000
0.000000	50624.000000
0.000000	50624.000000
0.000000	50624.000000
0.000000	50624.000000
0.000000	50624.000000
0.000000	50624.000000
0.000000	50625.000000
0.000000	50625.000000
0.000000	50625.000000
0.000000	50625.000000
0.000000	50625.000000
0.000000	50625.000000
0.000000	50625.000000
0.000000	50625.000000
0.000000	50625.000000
0.000000	50625.000000
0.000000	50625.000000
0.000000	50625.000000
0.000000	50625.000000
0.000000	50625.000000
0.000000	50625.000000
0.000000	50625.000000
0.000000	50625.000000
0.000000	50626.000000
0.000000	50626.000000
0.000000	50626.000000
0.000000	50626.000000
0.000000	50626.000000
0.000000	50626.000000
0.000000	50626.000000
0.000000	50626.000000
0.000000	50626.000000
0.000000	50626.000000
0.000000	50626.000000
0.000000	50626.000000
0.000000	50626.000000
0.000000	50626.000000
0.000000	50626.000000
0.000000	50626.000000
0.000000	50626.000000
0.000000	50627.000000
0.000000	50627.000000
0.000000	50627.000000
0.000000	50627.000000
0.000000	50627.000000
0.000000	50627.000000
0.000000	50627.000000
0.000000	50627.000000
0.000000	50627.000000
0.000000	50627.000000
0.000000	50627.000000
0.000000	50627.000000
0.000000	50627.000000
0.000000	50627.000000
0.000000	50627.000000
0.000000	50627.000000
0.000000	50627.000000
0.000000	50628.000000
0.000000	50628.000000
0.000000	50628.000000
0.000000	50628.000000
0.000000	50628.000000
0.000000	50628.000000
0.000000	50628.000000
0.000000	50628.000000
0.000000	50628.000000
0.000000	50628.000000
0.000000	50628.000000
0.000000	50628.000000
0.000000	50628.000000
0.000000	50628.000000
0.000000	50628.000000
0.000000	50628.000000
0.000000	50628.000000
0.000000	50628.000000
0.000000	50629.000000
0.000000	50629.000000
0.000000	50629.000000
0.000000	50629.000000
0.000000	50629.000000
0.000000	50629.000000
0.000000	50629.000000
0.000000	50629.000000
0.000000	50629.000000
0.000000	50629.000000
0.000000	50629.000000
0.000000	50629.000000
0.000000	50629.000000
0.000000	50629.000000
0.000000	50629.000000
0.000000	50629.000000
0.000000	50629.000000
0.000000	50630.000000
0.000000	50630.000000
0.000000	50630.000000
0.000000	50630.000000
0.000000	50630.000000
0.000000	50630.000000
0.000000	50630.000000
0.000000	50630.000000
0.000000	50630.000000
0.000000	50630.000000
0.000000	50630.000000
0.000000	50630.000000
0.000000	50630.000000
0.000000	50630.000000
0.000000	50630.000000
0.000000	50630.000000
0.000000	50630.000000
0.000000	50631.000000
0.000000	50631.000000
0.000000	50631.000000
0.000000	50631.000000
0.000000	50631.000000
0.000000	50631.000000
0.000000	50631.000000
0.000000	50631.000000
0.000000	50631.000000
0.000000	50631.000000
0.000000	50631.000000
0.000000	50631.000000
0.000000	50631.000000
0.000000	50631.000000
0.000000	50631.000000
0.000000	50631.000000
0.000000	50631.000000
0.000000	50632.000000
0.000000	50632.000000
0.000000	50632.000000
0.000000	50632.000000
0.000000	50632.000000
0.000000	50632.000000
0.000000	50632.000000
0.000000	50632.000000
0.000000	50632.000000
0.000000	50632.000000
0.000000	50632.000000
0.000000	50632.000000
0.000000	50632.000000
0.000000	50632.000000
0.000000	50632.000000
0.000000	50632.000000
0.000000	50632.000000
0.000000	50633.000000
0.000000	50633.000000
0.000000	50633.000000
0.000000	50633.000000
0.000000	50633.000000
0.000000	50633.000000
0.000000	50633.000000
0.000000	50633.000000
0.000000	50633.000000
0.000000	50633.000000
0.000000	50633.000000
0.000000	50633.000000
0.000000	50633.000000
0.000000	50633.000000
0.000000	50633.000000
0.000000	50633.000000
0.000000	50633.000000
0.000000	50634.000000
0.000000	50634.000000
0.000000	50634.000000
0.000000	50634.000000
0.000000	50634.000000
0.000000	50634.000000
0.000000	50634.000000
0.000000	50634.000000
0.000000	50634.000000
0.000000	50634.000000
0.000000	50634.000000
0.000000	50634.000000
0.000000	50634.000000
0.000000	50634.000000
0.000000	50634.000000
0.000000	50634.000000
0.000000	50634.000000
0.000000	50635.000000
0.000000	50635.000000
0.000000	50635.000000
0.000000	50635.000000
0.000000	50635.000000
0.000000	50635.000000
0.000000	50635.000000
0.000000	50635.000000
0.000000	50635.000000
0.000000	50635.000000
0.000000	50635.000000
0.000000	50635.000000
0.000000	50635.000000
0.000000	50635.000000
0.000000	50635.000000
0.000000	50635.000000
0.000000	50635.000000
0.000000	50636.000000
0.000000	50636.000000
0.000000	50636.000000
0.000000	50636.000000
0.000000	50636.000000
0.000000	50636.000000
0.000000	50636.000000
0.000000	50636.000000
0.000000	50636.000000
0.000000	50636.000000
0.000000	50636.000000
0.000000	50636.000000
0.000000	50636.000000
0.000000	50636.000000
0.000000	50636.000000
0.000000	50636.000000
0.000000	50636.000000
0.000000	50637.000000
0.000000	50637.000000
0.000000	50637.000000
0.000000	50637.000000
0.000000	50637.000000
0.000000	50637.000000
0.000000	50637.000000
0.000000	50637.000000
0.000000	50637.000000
0.000000	50637.000000
0.000000	50637.000000
0.000000	50637.000000
0.000000	50637.000000
0.000000	50637.000000
0.000000	50637.000000
0.000000	50637.000000
0.000000	50637.000000
0.000000	50638.000000
0.000000	50638.000000
0.000000	50638.000000
0.000000	50638.000000
0.000000	50638.000000
0.000000	50638.000000
0.000000	50638.000000
0.000000	50638.000000
0.000000	50638.000000
0.000000	50638.000000
0.000000	50638.000000
0.000000	50638.000000
0.000000	50638.000000
0.000000	50638.000000
0.000000	50638.000000
0.000000	50638.000000
0.000000	50638.000000
0.000000	50639.000000
0.000000	50639.000000
0.000000	50639.000000
0.000000	50639.000000
0.000000	50639.000000
0.000000	50639.000000
0.000000	50639.000000
0.000000	50639.000000
0.000000	50639.000000
0.000000	50639.000000
0.000000	50639.000000
0.000000	50639.000000
0.000000	50639.000000
0.000000	50639.000000
0.000000	50639.000000
0.000000	50639.000000
0.000000	50639.000000
0.000000	50640.000000
0.000000	50640.000000
0.000000	50640.000000
0.000000	50640.000000
0.000000	50640.000000
0.000000	50640.000000
0.000000	50640.000000
0.000000	50640.000000
0.000000	50640.000000
0.000000	50640.000000
0.000000	50640.000000
0.000000	50640.000000
0.000000	50640.000000
0.000000	50640.000000
0.000000	50640.000000
0.000000	50640.000000
0.000000	50640.000000
0.000000	50641.000000
0.000000	50641.000000
0.000000	50641.000000
0.000000	50641.000000
0.000000	50641.000000
0.000000	50641.000000
0.000000	50641.000000
0.000000	50641.000000
0.000000	50641.000000
0.000000	50641.000000
0.000000	50641.000000
0.000000	50641.000000
0.000000	50641.000000
0.000000	50641.000000
0.000000	50641.000000
0.000000	50641.000000
0.000000	50641.000000
0.000000	50642.000000
0.000000	50642.000000
0.000000	50642.000000
0.000000	50642.000000
0.000000	50642.000000
0.000000	50642.000000
0.000000	50642.000000
0.000000	50642.000000
0.000000	50642.000000
0.000000	50642.000000
0.000000	50642.000000
0.000000	50642.000000
0.000000	50642.000000
0.000000	50642.000000
0.000000	50642.000000
0.000000	50642.000000
0.000000	50642.000000
0.000000	50643.000000
0.000000	50643.000000
0.000000	50643.000000
0.000000	50643.000000
0.000000	50643.000000
0.000000	50643.000000
0.000000	50643.000000
0.000000	50643.000000
0.000000	50643.000000
0.000000	50643.000000
0.000000	50643.000000
0.000000	50643.000000
0.000000	50643.000000
0.000000	50643.000000
0.000000	50643.000000
0.000000	50643.000000
0.000000	50643.000000
0.000000	50644.000000
0.000000	50644.000000
0.000000	50644.000000
0.000000	50644.000000
0.000000	50644.000000
0.000000	50644.000000
0.000000	50644.000000
0.000000	50644.000000
0.000000	50644.000000
0.000000	50644.000000
0.000000	50644.000000
0.000000	50644.000000
0.000000	50644.000000
0.000000	50644.000000
0.000000	50644.000000
0.000000	50644.000000
0.000000	50644.000000
0.000000	50644.000000
0.000000	50645.000000
0.000000	50645.000000
0.000000	50645.000000
0.000000	50645.000000
0.000000	50645.000000
0.000000	50645.000000
0.000000	50645.000000
0.000000	50645.000000
0.000000	50645.000000
0.000000	50645.000000
0.000000	50645.000000
0.000000	50645.000000
0.000000	50645.000000
0.000000	50645.000000
0.000000	50645.000000
0.000000	50645.000000
0.000000	50645.000000
0.000000	50646.000000
0.000000	50646.000000
0.000000	50646.000000
0.000000	50646.000000
0.000000	50646.000000
0.000000	50646.000000
0.000000	50646.000000
0.000000	50646.000000
0.000000	50646.000000
0.000000	50646.000000
0.000000	50646.000000
0.000000	50646.000000
0.000000	50646.000000
0.000000	50646.000000
0.000000	50646.000000
0.000000	50646.000000
0.000000	50646.000000
0.000000	50647.000000
0.000000	50647.000000
0.000000	50647.000000
0.000000	50647.000000
0.000000	50647.000000
0.000000	50647.000000
0.000000	50647.000000
0.000000	50647.000000
0.000000	50647.000000
0.000000	50647.000000
0.000000	50647.000000
0.000000	50647.000000
0.000000	50647.000000
0.000000	50647.000000
0.000000	50647.000000
0.000000	50647.000000
0.000000	50647.000000
0.000000	50648.000000
0.000000	50648.000000
0.000000	50648.000000
0.000000	50648.000000
0.000000	50648.000000
0.000000	50648.000000
0.000000	50648.000000
0.000000	50648.000000
0.000000	50648.000000
0.000000	50648.000000
0.000000	50648.000000
0.000000	50648.000000
0.000000	50648.000000
0.000000	50648.000000
0.000000	50648.000000
0.000000	50648.000000
0.000000	50648.000000
0.000000	50649.000000
0.000000	50649.000000
0.000000	50649.000000
0.000000	50649.000000
0.000000	50649.000000
0.000000	50649.000000
0.000000	50649.000000
0.000000	50649.000000
0.000000	50649.000000
0.000000	50649.000000
0.000000	50649.000000
0.000000	50649.000000
0.000000	50649.000000
0.000000	50649.000000
0.000000	50649.000000
0.000000	50649.000000
0.000000	50649.000000
0.000000	50650.000000
0.000000	50650.000000
0.000000	50650.000000
0.000000	50650.000000
0.000000	50650.000000
0.000000	50650.000000
0.000000	50650.000000
0.000000	50650.000000
0.000000	50650.000000
0.000000	50650.000000
0.000000	50650.000000
0.000000	50650.000000
0.000000	50650.000000
0.000000	50650.000000
0.000000	50650.000000
0.000000	50650.000000
0.000000	50650.000000
0.000000	50651.000000
0.000000	50651.000000
0.000000	50651.000000
0.000000	50651.000000
0.000000	50651.000000
0.000000	50651.000000
0.000000	50651.000000
0.000000	50651.000000
0.000000	50651.000000
0.000000	50651.000000
0.000000	50651.000000
0.000000	50651.000000
0.000000	50651.000000
0.000000	50651.000000
0.000000	50651.000000
0.000000	50651.000000
0.000000	50651.000000
0.000000	50652.000000
0.000000	50652.000000
0.000000	50652.000000
0.000000	50652.000000
0.000000	50652.000000
0.000000	50652.000000
0.000000	50652.000000
0.000000	50652.000000
0.000000	50652.000000
0.000000	50652.000000
0.000000	50652.000000
0.000000	50652.000000
0.000000	50652.000000
0.000000	50652.000000
0.000000	50652.000000
0.000000	50652.000000
0.000000	50652.000000
0.000000	50653.000000
0.000000	50653.000000
0.000000	50653.000000
0.000000	50653.000000
0.000000	50653.000000
0.000000	50653.000000
0.000000	50653.000000
0.000000	50653.000000
0.000000	50653.000000
0.000000	50653.000000
0.000000	50653.000000
0.000000	50653.000000
0.000000	50653.000000
0.000000	50653.000000
0.000000	50653.000000
0.000000	50653.000000
0.000000	50653.000000
0.000000	50654.000000
0.000000	50654.000000
0.000000	50654.000000
0.000000	50654.000000
0.000000	50654.000000
0.000000	50654.000000
0.000000	50654.000000
0.000000	50654.000000
0.000000	50654.000000
0.000000	50654.000000
0.000000	50654.000000
0.000000	50654.000000
0.000000	50654.000000
0.000000	50654.000000
0.000000	50654.000000
0.000000	50654.000000
0.000000	50654.000000
0.000000	50655.000000
0.000000	50655.000000
0.000000	50655.000000
0.000000	50655.000000
0.000000	50655.000000
0.000000	50655.000000
0.000000	50655.000000
0.000000	50655.000000
0.000000	50655.000000
0.000000	50655.000000
0.000000	50655.000000
0.000000	50655.000000
0.000000	50655.000000
0.000000	50655.000000
0.000000	50655.000000
0.000000	50655.000000
0.000000	50655.000000
0.000000	50656.000000
0.000000	50656.000000
0.000000	50656.000000
0.000000	50656.000000
0.000000	50656.000000
0.000000	50656.000000
0.000000	50656.000000
0.000000	50656.000000
0.000000	50656.000000
0.000000	50656.000000
0.000000	50656.000000
0.000000	50656.000000
0.000000	50656.000000
0.000000	50656.000000
0.000000	50656.000000
0.000000	50656.000000
0.000000	50656.000000
0.000000	50657.000000
0.000000	50657.000000
0.000000	50657.000000
0.000000	50657.000000
0.000000	50657.000000
0.000000	50657.000000
0.000000	50657.000000
0.000000	50657.000000
0.000000	50657.000000
0.000000	50657.000000
0.000000	50657.000000
0.000000	50657.000000
0.000000	50657.000000
0.000000	50657.000000
0.000000	50657.000000
0.000000	50657.000000
0.000000	50657.000000
0.000000	50658.000000
0.000000	50658.000000
0.000000	50658.000000
0.000000	50658.000000
0.000000	50658.000000
0.000000	50658.000000
0.000000	50658.000000
0.000000	50658.000000
0.000000	50658.000000
0.000000	50658.000000
0.000000	50658.000000
0.000000	50658.000000
0.000000	50658.000000
0.000000	50658.000000
0.000000	50658.000000
0.000000	50658.000000
0.000000	50658.000000
0.000000	50658.000000
0.000000	50659.000000
0.000000	50659.000000
0.000000	50659.000000
0.000000	50659.000000
0.000000	50659.000000
0.000000	50659.000000
0.000000	50659.000000
0.000000	50659.000000
0.000000	50659.000000
0.000000	50659.000000
0.000000	50659.000000
0.000000	50659.000000
0.000000	50659.000000
0.000000	50659.000000
0.000000	50659.000000
0.000000	50659.000000
0.000000	50659.000000
0.000000	50700.000000
0.000000	50700.000000
0.000000	50700.000000
0.000000	50700.000000
0.000000	50700.000000
0.000000	50700.000000
0.000000	50700.000000
0.000000	50700.000000
0.000000	50700.000000
0.000000	50700.000000
0.000000	50700.000000
0.000000	50700.000000
0.000000	50700.000000
0.000000	50700.000000
0.000000	50700.000000
0.000000	50700.000000
0.000000	50700.000000
0.000000	50701.000000
0.000000	50701.000000
0.000000	50701.000000
0.000000	50701.000000
0.000000	50701.000000
0.000000	50701.000000
0.000000	50701.000000
0.000000	50701.000000
0.000000	50701.000000
0.000000	50701.000000
0.000000	50701.000000
0.000000	50701.000000
0.000000	50701.000000
0.000000	50701.000000
0.000000	50701.000000
0.000000	50701.000000
0.000000	50701.000000
0.000000	50702.000000
0.000000	50702.000000
0.000000	50702.000000
0.000000	50702.000000
0.000000	50702.000000
0.000000	50702.000000
0.000000	50702.000000
0.000000	50702.000000
0.000000	50702.000000
0.000000	50702.000000
0.000000	50702.000000
0.000000	50702.000000
0.000000	50702.000000
0.000000	50702.000000
0.000000	50702.000000
0.000000	50702.000000
0.000000	50702.000000
0.000000	50703.000000
0.000000	50703.000000
0.000000	50703.000000
0.000000	50703.000000
0.000000	50703.000000
0.000000	50703.000000
0.000000	50703.000000
0.000000	50703.000000
0.000000	50703.000000
0.000000	50703.000000
0.000000	50703.000000
0.000000	50703.000000
0.000000	50703.000000
0.000000	50703.000000
0.000000	50703.000000
0.000000	50703.000000
0.000000	50703.000000
0.000000	50704.000000
0.000000	50704.000000
0.000000	50704.000000
0.000000	50704.000000
0.000000	50704.000000
0.000000	50704.000000
0.000000	50704.000000
0.000000	50704.000000
0.000000	50704.000000
0.000000	50704.000000
0.000000	50704.000000
0.000000	50704.000000
0.000000	50704.000000
0.000000	50704.000000
0.000000	50704.000000
0.000000	50704.000000
0.000000	50704.000000
0.000000	50705.000000
0.000000	50705.000000
0.000000	50705.000000
0.000000	50705.000000
0.000000	50705.000000
0.000000	50705.000000
0.000000	50705.000000
0.000000	50705.000000
0.000000	50705.000000
0.000000	50705.000000
0.000000	50705.000000
0.000000	50705.000000
0.000000	50705.000000
0.000000	50705.000000
0.000000	50705.000000
0.000000	50705.000000
0.000000	50705.000000
0.000000	50706.000000
0.000000	50706.000000
0.000000	50706.000000
0.000000	50706.000000
0.000000	50706.000000
0.000000	50706.000000
0.000000	50706.000000
0.000000	50706.000000
0.000000	50706.000000
0.000000	50706.000000
0.000000	50706.000000
0.000000	50706.000000
0.000000	50706.000000
0.000000	50706.000000
0.000000	50706.000000
0.000000	50706.000000
0.000000	50706.000000
0.000000	50707.000000
0.000000	50707.000000
0.000000	50707.000000
0.000000	50707.000000
0.000000	50707.000000
0.000000	50707.000000
0.000000	50707.000000
0.000000	50707.000000
0.000000	50707.000000
0.000000	50707.000000
0.000000	50707.000000
0.000000	50707.000000
0.000000	50707.000000
0.000000	50707.000000
0.000000	50707.000000
0.000000	50707.000000
0.000000	50707.000000
0.000000	50708.000000
0.000000	50708.000000
0.000000	50708.000000
0.000000	50708.000000
0.000000	50708.000000
0.000000	50708.000000
0.000000	50708.000000
0.000000	50708.000000
0.000000	50708.000000
0.000000	50708.000000
0.000000	50708.000000
0.000000	50708.000000
0.000000	50708.000000
0.000000	50708.000000
0.000000	50708.000000
0.000000	50708.000000
0.000000	50708.000000
0.000000	50709.000000
0.000000	50709.000000
0.000000	50709.000000
0.000000	50709.000000
0.000000	50709.000000
0.000000	50709.000000
0.000000	50709.000000
0.000000	50709.000000
0.000000	50709.000000
0.000000	50709.000000
0.000000	50709.000000
0.000000	50709.000000
0.000000	50709.000000
0.000000	50709.000000
0.000000	50709.000000
0.000000	50709.000000
0.000000	50709.000000
0.000000	50710.000000
0.000000	50710.000000
0.000000	50710.000000
0.000000	50710.000000
0.000000	50710.000000
0.000000	50710.000000
0.000000	50710.000000
0.000000	50710.000000
0.000000	50710.000000
0.000000	50710.000000
0.000000	50710.000000
0.000000	50710.000000
0.000000	50710.000000
0.000000	50710.000000
0.000000	50710.000000
0.000000	50710.000000
0.000000	50710.000000
0.000000	50711.000000
0.000000	50711.000000
0.000000	50711.000000
0.000000	50711.000000
0.000000	50711.000000
0.000000	50711.000000
0.000000	50711.000000
0.000000	50711.000000
0.000000	50711.000000
0.000000	50711.000000
0.000000	50711.000000
0.000000	50711.000000
0.000000	50711.000000
0.000000	50711.000000
0.000000	50711.000000
0.000000	50711.000000
0.000000	50711.000000
0.000000	50712.000000
0.000000	50712.000000
0.000000	50712.000000
0.000000	50712.000000
0.000000	50712.000000
0.000000	50712.000000
0.000000	50712.000000
0.000000	50712.000000
0.000000	50712.000000
0.000000	50712.000000
0.000000	50712.000000
0.000000	50712.000000
0.000000	50712.000000
0.000000	50712.000000
0.000000	50712.000000
0.000000	50712.000000
0.000000	50712.000000
0.000000	50713.000000
0.000000	50713.000000
0.000000	50713.000000
0.000000	50713.000000
0.000000	50713.000000
0.000000	50713.000000
0.000000	50713.000000
0.000000	50713.000000
0.000000	50713.000000
0.000000	50713.000000
0.000000	50713.000000
0.000000	50713.000000
0.000000	50713.000000
0.000000	50713.000000
0.000000	50713.000000
0.000000	50713.000000
0.000000	50713.000000
0.000000	50713.000000
0.000000	50714.000000
0.000000	50714.000000
0.000000	50714.000000
0.000000	50714.000000
0.000000	50714.000000
0.000000	50714.000000
0.000000	50714.000000
0.000000	50714.000000
0.000000	50714.000000
0.000000	50714.000000
0.000000	50714.000000
0.000000	50714.000000
0.000000	50714.000000
0.000000	50714.000000
0.000000	50714.000000
0.000000	50714.000000
0.000000	50714.000000
0.000000	50715.000000
0.000000	50715.000000
0.000000	50715.000000
0.000000	50715.000000
0.000000	50715.000000
0.000000	50715.000000
0.000000	50715.000000
0.000000	50715.000000
0.000000	50715.000000
0.000000	50715.000000
0.000000	50715.000000
0.000000	50715.000000
0.000000	50715.000000
0.000000	50715.000000
0.000000	50715.000000
0.000000	50715.000000
0.000000	50715.000000
0.000000	50716.000000
0.000000	50716.000000
0.000000	50716.000000
0.000000	50716.000000
0.000000	50716.000000
0.000000	50716.000000
0.000000	50716.000000
0.000000	50716.000000
0.000000	50716.000000
0.000000	50716.000000
0.000000	50716.000000
0.000000	50716.000000
0.000000	50716.000000
0.000000	50716.000000
0.000000	50716.000000
0.000000	50716.000000
0.000000	50716.000000
0.000000	50717.000000
0.000000	50717.000000
0.000000	50717.000000
0.000000	50717.000000
0.000000	50717.000000
0.000000	50717.000000
0.000000	50717.000000
0.000000	50717.000000
0.000000	50717.000000
0.000000	50717.000000
0.000000	50717.000000
0.000000	50717.000000
0.000000	50717.000000
0.000000	50717.000000
0.000000	50717.000000
0.000000	50717.000000
0.000000	50717.000000
0.000000	50718.000000
0.000000	50718.000000
0.000000	50718.000000
0.000000	50718.000000
0.000000	50718.000000
0.000000	50718.000000
0.000000	50718.000000
0.000000	50718.000000
0.000000	50718.000000
0.000000	50718.000000
0.000000	50718.000000
0.000000	50718.000000
0.000000	50718.000000
0.000000	50718.000000
0.000000	50718.000000
0.000000	50718.000000
0.000000	50718.000000
0.000000	50719.000000
0.000000	50719.000000
0.000000	50719.000000
0.000000	50719.000000
0.000000	50719.000000
0.000000	50719.000000
0.000000	50719.000000
0.000000	50719.000000
0.000000	50719.000000
0.000000	50719.000000
0.000000	50719.000000
0.000000	50719.000000
0.000000	50719.000000
0.000000	50719.000000
0.000000	50719.000000
0.000000	50719.000000
0.000000	50719.000000
0.000000	50720.000000
0.000000	50720.000000
0.000000	50720.000000
0.000000	50720.000000
0.000000	50720.000000
0.000000	50720.000000
0.000000	50720.000000
0.000000	50720.000000
0.000000	50720.000000
0.000000	50720.000000
0.000000	50720.000000
0.000000	50720.000000
0.000000	50720.000000
0.000000	50720.000000
0.000000	50720.000000
0.000000	50720.000000
0.000000	50720.000000
0.000000	50721.000000
0.000000	50721.000000
0.000000	50721.000000
0.000000	50721.000000
0.000000	50721.000000
0.000000	50721.000000
0.000000	50721.000000
0.000000	50721.000000
0.000000	50721.000000
0.000000	50721.000000
0.000000	50721.000000
0.000000	50721.000000
0.000000	50721.000000
0.000000	50721.000000
0.000000	50721.000000
0.000000	50721.000000
0.000000	50721.000000
0.000000	50722.000000
0.000000	50722.000000
0.000000	50722.000000
0.000000	50722.000000
0.000000	50722.000000
0.000000	50722.000000
0.000000	50722.000000
0.000000	50722.000000
0.000000	50722.000000
0.000000	50722.000000
0.000000	50722.000000
0.000000	50722.000000
0.000000	50722.000000
0.000000	50722.000000
0.000000	50722.000000
0.000000	50722.000000
0.000000	50722.000000
0.000000	50723.000000
0.000000	50723.000000
0.000000	50723.000000
0.000000	50723.000000
0.000000	50723.000000
0.000000	50723.000000
0.000000	50723.000000
0.000000	50723.000000
0.000000	50723.000000
0.000000	50723.000000
0.000000	50723.000000
0.000000	50723.000000
0.000000	50723.000000
0.000000	50723.000000
0.000000	50723.000000
0.000000	50723.000000
0.000000	50723.000000
0.000000	50724.000000
0.000000	50724.000000
0.000000	50724.000000
0.000000	50724.000000
0.000000	50724.000000
0.000000	50724.000000
0.000000	50724.000000
0.000000	50724.000000
0.000000	50724.000000
0.000000	50724.000000
0.000000	50724.000000
0.000000	50724.000000
0.000000	50724.000000
0.000000	50724.000000
0.000000	50724.000000
0.000000	50724.000000
0.000000	50724.000000
0.000000	50725.000000
0.000000	50725.000000
0.000000	50725.000000
0.000000	50725.000000
0.000000	50725.000000
0.000000	50725.000000
0.000000	50725.000000
0.000000	50725.000000
0.000000	50725.000000
0.000000	50725.000000
0.000000	50725.000000
0.000000	50725.000000
0.000000	50725.000000
0.000000	50725.000000
0.000000	50725.000000
0.000000	50725.000000
0.000000	50725.000000
0.000000	50726.000000
0.000000	50726.000000
0.000000	50726.000000
0.000000	50726.000000
0.000000	50726.000000
0.000000	50726.000000
0.000000	50726.000000
0.000000	50726.000000
0.000000	50726.000000
0.000000	50726.000000
0.000000	50726.000000
0.000000	50726.000000
0.000000	50726.000000
0.000000	50726.000000
0.000000	50726.000000
0.000000	50726.000000
0.000000	50726.000000
0.000000	50727.000000
0.000000	50727.000000
0.000000	50727.000000
0.000000	50727.000000
0.000000	50727.000000
0.000000	50727.000000
0.000000	50727.000000
0.000000	50727.000000
0.000000	50727.000000
0.000000	50727.000000
0.000000	50727.000000
0.000000	50727.000000
0.000000	50727.000000
0.000000	50727.000000
0.000000	50727.000000
0.000000	50727.000000
0.000000	50727.000000
0.000000	50728.000000
0.000000	50728.000000
0.000000	50728.000000
0.000000	50728.000000
0.000000	50728.000000
0.000000	50728.000000
0.000000	50728.000000
0.000000	50728.000000
0.000000	50728.000000
0.000000	50728.000000
0.000000	50728.000000
0.000000	50728.000000
0.000000	50728.000000
0.000000	50728.000000
0.000000	50728.000000
0.000000	50728.000000
0.000000	50728.000000
0.000000	50729.000000
0.000000	50729.000000
0.000000	50729.000000
0.000000	50729.000000
0.000000	50729.000000
0.000000	50729.000000
0.000000	50729.000000
0.000000	50729.000000
0.000000	50729.000000
0.000000	50729.000000
0.000000	50729.000000
0.000000	50729.000000
0.000000	50729.000000
0.000000	50729.000000
0.000000	50729.000000
0.000000	50729.000000
0.000000	50729.000000
0.000000	50729.000000
0.000000	50730.000000
0.000000	50730.000000
0.000000	50730.000000
0.000000	50730.000000
0.000000	50730.000000
0.000000	50730.000000
0.000000	50730.000000
0.000000	50730.000000
0.000000	50730.000000
0.000000	50730.000000
0.000000	50730.000000
0.000000	50730.000000
0.000000	50730.000000
0.000000	50730.000000
0.000000	50730.000000
0.000000	50730.000000
0.000000	50730.000000
0.000000	50731.000000
0.000000	50731.000000
0.000000	50731.000000
0.000000	50731.000000
0.000000	50731.000000
0.000000	50731.000000
0.000000	50731.000000
0.000000	50731.000000
0.000000	50731.000000
0.000000	50731.000000
0.000000	50731.000000
0.000000	50731.000000
0.000000	50731.000000
0.000000	50731.000000
0.000000	50731.000000
0.000000	50731.000000
0.000000	50731.000000
0.000000	50732.000000
0.000000	50732.000000
0.000000	50732.000000
0.000000	50732.000000
0.000000	50732.000000
0.000000	50732.000000
0.000000	50732.000000
0.000000	50732.000000
0.000000	50732.000000
0.000000	50732.000000
0.000000	50732.000000
0.000000	50732.000000
0.000000	50732.000000
0.000000	50732.000000
0.000000	50732.000000
0.000000	50732.000000
0.000000	50732.000000
0.000000	50733.000000
0.000000	50733.000000
0.000000	50733.000000
0.000000	50733.000000
0.000000	50733.000000
0.000000	50733.000000
0.000000	50733.000000
0.000000	50733.000000
0.000000	50733.000000
0.000000	50733.000000
0.000000	50733.000000
0.000000	50733.000000
0.000000	50733.000000
0.000000	50733.000000
0.000000	50733.000000
0.000000	50733.000000
0.000000	50733.000000
0.000000	50734.000000
0.000000	50734.000000
0.000000	50734.000000
0.000000	50734.000000
0.000000	50734.000000
0.000000	50734.000000
0.000000	50734.000000
0.000000	50734.000000
0.000000	50734.000000
0.000000	50734.000000
0.000000	50734.000000
0.000000	50734.000000
0.000000	50734.000000
0.000000	50734.000000
0.000000	50734.000000
0.000000	50734.000000
0.000000	50734.000000
0.000000	50735.000000
0.000000	50735.000000
0.000000	50735.000000
0.000000	50735.000000
0.000000	50735.000000
0.000000	50735.000000
0.000000	50735.000000
0.000000	50735.000000
0.000000	50735.000000
0.000000	50735.000000
0.000000	50735.000000
0.000000	50735.000000
0.000000	50735.000000
0.000000	50735.000000
0.000000	50735.000000
0.000000	50735.000000
0.000000	50735.000000
0.000000	50736.000000
0.000000	50736.000000
0.000000	50736.000000
0.000000	50736.000000
0.000000	50736.000000
0.000000	50736.000000
0.000000	50736.000000
0.000000	50736.000000
0.000000	50736.000000
0.000000	50736.000000
0.000000	50736.000000
0.000000	50736.000000
0.000000	50736.000000
0.000000	50736.000000
0.000000	50736.000000
0.000000	50736.000000
0.000000	50736.000000
0.000000	50737.000000
0.000000	50737.000000
0.000000	50737.000000
0.000000	50737.000000
0.000000	50737.000000
0.000000	50737.000000
0.000000	50737.000000
0.000000	50737.000000
0.000000	50737.000000
0.000000	50737.000000
0.000000	50737.000000
0.000000	50737.000000
0.000000	50737.000000
0.000000	50737.000000
0.000000	50737.000000
0.000000	50737.000000
0.000000	50737.000000
0.000000	50738.000000
0.000000	50738.000000
0.000000	50738.000000
0.000000	50738.000000
0.000000	50738.000000
0.000000	50738.000000
0.000000	50738.000000
0.000000	50738.000000
0.000000	50738.000000
0.000000	50738.000000
0.000000	50738.000000
0.000000	50738.000000
0.000000	50738.000000
0.000000	50738.000000
0.000000	50738.000000
0.000000	50738.000000
0.000000	50738.000000
0.000000	50739.000000
0.000000	50739.000000
0.000000	50739.000000
0.000000	50739.000000
0.000000	50739.000000
0.000000	50739.000000
0.000000	50739.000000
0.000000	50739.000000
0.000000	50739.000000
0.000000	50739.000000
0.000000	50739.000000
0.000000	50739.000000
0.000000	50739.000000
0.000000	50739.000000
0.000000	50739.000000
0.000000	50739.000000
0.000000	50739.000000
0.000000	50740.000000
0.000000	50740.000000
0.000000	50740.000000
0.000000	50740.000000
0.000000	50740.000000
0.000000	50740.000000
0.000000	50740.000000
0.000000	50740.000000
0.000000	50740.000000
0.000000	50740.000000
0.000000	50740.000000
0.000000	50740.000000
0.000000	50740.000000
0.000000	50740.000000
0.000000	50740.000000
0.000000	50740.000000
0.000000	50740.000000
0.000000	50741.000000
0.000000	50741.000000
0.000000	50741.000000
0.000000	50741.000000
0.000000	50741.000000
0.000000	50741.000000
0.000000	50741.000000
0.000000	50741.000000
0.000000	50741.000000
0.000000	50741.000000
0.000000	50741.000000
0.000000	50741.000000
0.000000	50741.000000
0.000000	50741.000000
0.000000	50741.000000
0.000000	50741.000000
0.000000	50741.000000
0.000000	50742.000000
0.000000	50742.000000
0.000000	50742.000000
0.000000	50742.000000
0.000000	50742.000000
0.000000	50742.000000
0.000000	50742.000000
0.000000	50742.000000
0.000000	50742.000000
0.000000	50742.000000
0.000000	50742.000000
0.000000	50742.000000
0.000000	50742.000000
0.000000	50742.000000
0.000000	50742.000000
0.000000	50742.000000
0.000000	50742.000000
0.000000	50743.000000
0.000000	50743.000000
0.000000	50743.000000
0.000000	50743.000000
0.000000	50743.000000
0.000000	50743.000000
0.000000	50743.000000
0.000000	50743.000000
0.000000	50743.000000
0.000000	50743.000000
0.000000	50743.000000
0.000000	50743.000000
0.000000	50743.000000
0.000000	50743.000000
0.000000	50743.000000
0.000000	50743.000000
0.000000	50743.000000
0.000000	50743.000000
0.000000	50744.000000
0.000000	50744.000000
0.000000	50744.000000
0.000000	50744.000000
0.000000	50744.000000
0.000000	50744.000000
0.000000	50744.000000
0.000000	50744.000000
0.000000	50744.000000
0.000000	50744.000000
0.000000	50744.000000
0.000000	50744.000000
0.000000	50744.000000
0.000000	50744.000000
0.000000	50744.000000
0.000000	50744.000000
0.000000	50744.000000
0.000000	50745.000000
0.000000	50745.000000
0.000000	50745.000000
0.000000	50745.000000
0.000000	50745.000000
0.000000	50745.000000
0.000000	50745.000000
0.000000	50745.000000
0.000000	50745.000000
0.000000	50745.000000
0.000000	50745.000000
0.000000	50745.000000
0.000000	50745.000000
0.000000	50745.000000
0.000000	50745.000000
0.000000	50745.000000
0.000000	50745.000000
0.000000	50746.000000
0.000000	50746.000000
0.000000	50746.000000
0.000000	50746.000000
0.000000	50746.000000
0.000000	50746.000000
0.000000	50746.000000
0.000000	50746.000000
0.000000	50746.000000
0.000000	50746.000000
0.000000	50746.000000
0.000000	50746.000000
0.000000	50746.000000
0.000000	50746.000000
0.000000	50746.000000
0.000000	50746.000000
0.000000	50746.000000
0.000000	50747.000000
0.000000	50747.000000
0.000000	50747.000000
0.000000	50747.000000
0.000000	50747.000000
0.000000	50747.000000
0.000000	50747.000000
0.000000	50747.000000
0.000000	50747.000000
0.000000	50747.000000
0.000000	50747.000000
0.000000	50747.000000
0.000000	50747.000000
0.000000	50747.000000
0.000000	50747.000000
0.000000	50747.000000
0.000000	50747.000000
0.000000	50748.000000
0.000000	50748.000000
0.000000	50748.000000
0.000000	50748.000000
0.000000	50748.000000
0.000000	50748.000000
0.000000	50748.000000
0.000000	50748.000000
0.000000	50748.000000
0.000000	50748.000000
0.000000	50748.000000
0.000000	50748.000000
0.000000	50748.000000
0.000000	50748.000000
0.000000	50748.000000
0.000000	50748.000000
0.000000	50748.000000
0.000000	50749.000000
0.000000	50749.000000
0.000000	50749.000000
0.000000	50749.000000
0.000000	50749.000000
0.000000	50749.000000
0.000000	50749.000000
0.000000	50749.000000
0.000000	50749.000000
0.000000	50749.000000
0.000000	50749.000000
0.000000	50749.000000
0.000000	50749.000000
0.000000	50749.000000
0.000000	50749.000000
0.000000	50749.000000
0.000000	50749.000000
0.000000	50750.000000
0.000000	50750.000000
0.000000	50750.000000
0.000000	50750.000000
0.000000	50750.000000
0.000000	50750.000000
0.000000	50750.000000
0.000000	50750.000000
0.000000	50750.000000
0.000000	50750.000000
0.000000	50750.000000
0.000000	50750.000000
0.000000	50750.000000
0.000000	50750.000000
0.000000	50750.000000
0.000000	50750.000000
0.000000	50750.000000
0.000000	50751.000000
0.000000	50751.000000
0.000000	50751.000000
0.000000	50751.000000
0.000000	50751.000000
0.000000	50751.000000
0.000000	50751.000000
0.000000	50751.000000
0.000000	50751.000000
0.000000	50751.000000
0.000000	50751.000000
0.000000	50751.000000
0.000000	50751.000000
0.000000	50751.000000
0.000000	50751.000000
0.000000	50751.000000
0.000000	50751.000000
0.000000	50752.000000
0.000000	50752.000000
0.000000	50752.000000
0.000000	50752.000000
0.000000	50752.000000
0.000000	50752.000000
0.000000	50752.000000
0.000000	50752.000000
0.000000	50752.000000
0.000000	50752.000000
0.000000	50752.000000
0.000000	50752.000000
0.000000	50752.000000
0.000000	50752.000000
0.000000	50752.000000
0.000000	50752.000000
0.000000	50752.000000
0.000000	50753.000000
0.000000	50753.000000
0.000000	50753.000000
0.000000	50753.000000
0.000000	50753.000000
0.000000	50753.000000
0.000000	50753.000000
0.000000	50753.000000
0.000000	50753.000000
0.000000	50753.000000
0.000000	50753.000000
0.000000	50753.000000
0.000000	50753.000000
0.000000	50753.000000
0.000000	50753.000000
0.000000	50753.000000
0.000000	50753.000000
0.000000	50754.000000
0.000000	50754.000000
0.000000	50754.000000
0.000000	50754.000000
0.000000	50754.000000
0.000000	50754.000000
0.000000	50754.000000
0.000000	50754.000000
0.000000	50754.000000
0.000000	50754.000000
0.000000	50754.000000
0.000000	50754.000000
0.000000	50754.000000
0.000000	50754.000000
0.000000	50754.000000
0.000000	50754.000000
0.000000	50754.000000
0.000000	50755.000000
0.000000	50755.000000
0.000000	50755.000000
0.000000	50755.000000
0.000000	50755.000000
0.000000	50755.000000
0.000000	50755.000000
0.000000	50755.000000
0.000000	50755.000000
0.000000	50755.000000
0.000000	50755.000000
0.000000	50755.000000
0.000000	50755.000000
0.000000	50755.000000
0.000000	50755.000000
0.000000	50755.000000
0.000000	50755.000000
0.000000	50756.000000
0.000000	50756.000000
0.000000	50756.000000
0.000000	50756.000000
0.000000	50756.000000
0.000000	50756.000000
0.000000	50756.000000
0.000000	50756.000000
0.000000	50756.000000
0.000000	50756.000000
0.000000	50756.000000
0.000000	50756.000000
0.000000	50756.000000
0.000000	50756.000000
0.000000	50756.000000
0.000000	50756.000000
0.000000	50756.000000
0.000000	50757.000000
0.000000	50757.000000
0.000000	50757.000000
0.000000	50757.000000
0.000000	50757.000000
0.000000	50757.000000
0.000000	50757.000000
0.000000	50757.000000
0.000000	50757.000000
0.000000	50757.000000
0.000000	50757.000000
0.000000	50757.000000
0.000000	50757.000000
0.000000	50757.000000
0.000000	50757.000000
0.000000	50757.000000
0.000000	50757.000000
0.000000	50758.000000
0.000000	50758.000000
0.000000	50758.000000
0.000000	50758.000000
0.000000	50758.000000
0.000000	50758.000000
0.000000	50758.000000
0.000000	50758.000000
0.000000	50758.000000
0.000000	50758.000000
0.000000	50758.000000
0.000000	50758.000000
0.000000	50758.000000
0.000000	50758.000000
0.000000	50758.000000
0.000000	50758.000000
0.000000	50758.000000
0.000000	50758.000000
0.000000	50759.000000
0.000000	50759.000000
0.000000	50759.000000
0.000000	50759.000000
0.000000	50759.000000
0.000000	50759.000000
0.000000	50759.000000
0.000000	50759.000000
0.000000	50759.000000
0.000000	50759.000000
0.000000	50759.000000
0.000000	50759.000000
0.000000	50759.000000
0.000000	50759.000000
0.000000	50759.000000
0.000000	50759.000000
0.000000	50759.000000
0.000000	50800.000000
0.000000	50800.000000
0.000000	50800.000000
0.000000	50800.000000
0.000000	50800.000000
0.000000	50800.000000
0.000000	50800.000000
0.000000	50800.000000
0.000000	50800.000000
0.000000	50800.000000
0.000000	50800.000000
0.000000	50800.000000
0.000000	50800.000000
0.000000	50800.000000
0.000000	50800.000000
0.000000	50800.000000
0.000000	50800.000000
0.000000	50801.000000
0.000000	50801.000000
0.000000	50801.000000
0.000000	50801.000000
0.000000	50801.000000
0.000000	50801.000000
0.000000	50801.000000
0.000000	50801.000000
0.000000	50801.000000
0.000000	50801.000000
0.000000	50801.000000
0.000000	50801.000000
0.000000	50801.000000
0.000000	50801.000000
0.000000	50801.000000
0.000000	50801.000000
0.000000	50801.000000
0.000000	50802.000000
0.000000	50802.000000
0.000000	50802.000000
0.000000	50802.000000
0.000000	50802.000000
0.000000	50802.000000
0.000000	50802.000000
0.000000	50802.000000
0.000000	50802.000000
0.000000	50802.000000
0.000000	50802.000000
0.000000	50802.000000
0.000000	50802.000000
0.000000	50802.000000
0.000000	50802.000000
0.000000	50802.000000
0.000000	50802.000000
0.000000	50803.000000
0.000000	50803.000000
0.000000	50803.000000
0.000000	50803.000000
0.000000	50803.000000
0.000000	50803.000000
0.000000	50803.000000
0.000000	50803.000000
0.000000	50803.000000
0.000000	50803.000000
0.000000	50803.000000
0.000000	50803.000000
0.000000	50803.000000
0.000000	50803.000000
0.000000	50803.000000
0.000000	50803.000000
0.000000	50803.000000
0.000000	50804.000000
0.000000	50804.000000
0.000000	50804.000000
0.000000	50804.000000
0.000000	50804.000000
0.000000	50804.000000
0.000000	50804.000000
0.000000	50804.000000
0.000000	50804.000000
0.000000	50804.000000
0.000000	50804.000000
0.000000	50804.000000
0.000000	50804.000000
0.000000	50804.000000
0.000000	50804.000000
0.000000	50804.000000
0.000000	50804.000000
0.000000	50805.000000
0.000000	50805.000000
0.000000	50805.000000
0.000000	50805.000000
0.000000	50805.000000
0.000000	50805.000000
0.000000	50805.000000
0.000000	50805.000000
0.000000	50805.000000
0.000000	50805.000000
0.000000	50805.000000
0.000000	50805.000000
0.000000	50805.000000
0.000000	50805.000000
0.000000	50805.000000
0.000000	50805.000000
0.000000	50805.000000
0.000000	50806.000000
0.000000	50806.000000
0.000000	50806.000000
0.000000	50806.000000
0.000000	50806.000000
0.000000	50806.000000
0.000000	50806.000000
0.000000	50806.000000
0.000000	50806.000000
0.000000	50806.000000
0.000000	50806.000000
0.000000	50806.000000
0.000000	50806.000000
0.000000	50806.000000
0.000000	50806.000000
0.000000	50806.000000
0.000000	50806.000000
0.000000	50807.000000
0.000000	50807.000000
0.000000	50807.000000
0.000000	50807.000000
0.000000	50807.000000
0.000000	50807.000000
0.000000	50807.000000
0.000000	50807.000000
0.000000	50807.000000
0.000000	50807.000000
0.000000	50807.000000
0.000000	50807.000000
0.000000	50807.000000
0.000000	50807.000000
0.000000	50807.000000
0.000000	50807.000000
0.000000	50807.000000
0.000000	50808.000000
0.000000	50808.000000
0.000000	50808.000000
0.000000	50808.000000
0.000000	50808.000000
0.000000	50808.000000
0.000000	50808.000000
0.000000	50808.000000
0.000000	50808.000000
0.000000	50808.000000
0.000000	50808.000000
0.000000	50808.000000
0.000000	50808.000000
0.000000	50808.000000
0.000000	50808.000000
0.000000	50808.000000
0.000000	50808.000000
0.000000	50809.000000
0.000000	50809.000000
0.000000	50809.000000
0.000000	50809.000000
0.000000	50809.000000
0.000000	50809.000000
0.000000	50809.000000
0.000000	50809.000000
0.000000	50809.000000
0.000000	50809.000000
0.000000	50809.000000
0.000000	50809.000000
0.000000	50809.000000
0.000000	50809.000000
0.000000	50809.000000
0.000000	50809.000000
0.000000	50809.000000
0.000000	50810.000000
0.000000	50810.000000
0.000000	50810.000000
0.000000	50810.000000
0.000000	50810.000000
0.000000	50810.000000
0.000000	50810.000000
0.000000	50810.000000
0.000000	50810.000000
0.000000	50810.000000
0.000000	50810.000000
0.000000	50810.000000
0.000000	50810.000000
0.000000	50810.000000
0.000000	50810.000000
0.000000	50810.000000
0.000000	50810.000000
0.000000	50811.000000
0.000000	50811.000000
0.000000	50811.000000
0.000000	50811.000000
0.000000	50811.000000
0.000000	50811.000000
0.000000	50811.000000
0.000000	50811.000000
0.000000	50811.000000
0.000000	50811.000000
0.000000	50811.000000
0.000000	50811.000000
0.000000	50811.000000
0.000000	50811.000000
0.000000	50811.000000
0.000000	50811.000000
0.000000	50811.000000
0.000000	50812.000000
0.000000	50812.000000
0.000000	50812.000000
0.000000	50812.000000
0.000000	50812.000000
0.000000	50812.000000
0.000000	50812.000000
0.000000	50812.000000
0.000000	50812.000000
0.000000	50812.000000
0.000000	50812.000000
0.000000	50812.000000
0.000000	50812.000000
0.000000	50812.000000
0.000000	50812.000000
0.000000	50812.000000
0.000000	50812.000000
0.000000	50813.000000
0.000000	50813.000000
0.000000	50813.000000
0.000000	50813.000000
0.000000	50813.000000
0.000000	50813.000000
0.000000	50813.000000
0.000000	50813.000000
0.000000	50813.000000
0.000000	50813.000000
0.000000	50813.000000
0.000000	50813.000000
0.000000	50813.000000
0.000000	50813.000000
0.000000	50813.000000
0.000000	50813.000000
0.000000	50813.000000
0.000000	50814.000000
0.000000	50814.000000
0.000000	50814.000000
0.000000	50814.000000
0.000000	50814.000000
0.000000	50814.000000
0.000000	50814.000000
0.000000	50814.000000
0.000000	50814.000000
0.000000	50814.000000
0.000000	50814.000000
0.000000	50814.000000
0.000000	50814.000000
0.000000	50814.000000
0.000000	50814.000000
0.000000	50814.000000
0.000000	50814.000000
0.000000	50814.000000
0.000000	50815.000000
0.000000	50815.000000
0.000000	50815.000000
0.000000	50815.000000
0.000000	50815.000000
0.000000	50815.000000
0.000000	50815.000000
0.000000	50815.000000
0.000000	50815.000000
0.000000	50815.000000
0.000000	50815.000000
0.000000	50815.000000
0.000000	50815.000000
0.000000	50815.000000
0.000000	50815.000000
0.000000	50815.000000
0.000000	50815.000000
0.000000	50816.000000
0.000000	50816.000000
0.000000	50816.000000
0.000000	50816.000000
0.000000	50816.000000
0.000000	50816.000000
0.000000	50816.000000
0.000000	50816.000000
0.000000	50816.000000
0.000000	50816.000000
0.000000	50816.000000
0.000000	50816.000000
0.000000	50816.000000
0.000000	50816.000000
0.000000	50816.000000
0.000000	50816.000000
0.000000	50816.000000
0.000000	50817.000000
0.000000	50817.000000
0.000000	50817.000000
0.000000	50817.000000
0.000000	50817.000000
0.000000	50817.000000
0.000000	50817.000000
0.000000	50817.000000
0.000000	50817.000000
0.000000	50817.000000
0.000000	50817.000000
0.000000	50817.000000
0.000000	50817.000000
0.000000	50817.000000
0.000000	50817.000000
0.000000	50817.000000
0.000000	50817.000000
0.000000	50818.000000
0.000000	50818.000000
0.000000	50818.000000
0.000000	50818.000000
0.000000	50818.000000
0.000000	50818.000000
0.000000	50818.000000
0.000000	50818.000000
0.000000	50818.000000
0.000000	50818.000000
0.000000	50818.000000
0.000000	50818.000000
0.000000	50818.000000
0.000000	50818.000000
0.000000	50818.000000
0.000000	50818.000000
0.000000	50818.000000
0.000000	50819.000000
0.000000	50819.000000
0.000000	50819.000000
0.000000	50819.000000
0.000000	50819.000000
0.000000	50819.000000
0.000000	50819.000000
0.000000	50819.000000
0.000000	50819.000000
0.000000	50819.000000
0.000000	50819.000000
0.000000	50819.000000
0.000000	50819.000000
0.000000	50819.000000
0.000000	50819.000000
0.000000	50819.000000
0.000000	50819.000000
0.000000	50820.000000
0.000000	50820.000000
0.000000	50820.000000
0.000000	50820.000000
0.000000	50820.000000
0.000000	50820.000000
0.000000	50820.000000
0.000000	50820.000000
0.000000	50820.000000
0.000000	50820.000000
0.000000	50820.000000
0.000000	50820.000000
0.000000	50820.000000
0.000000	50820.000000
0.000000	50820.000000
0.000000	50820.000000
0.000000	50820.000000
0.000000	50821.000000
0.000000	50821.000000
0.000000	50821.000000
0.000000	50821.000000
0.000000	50821.000000
0.000000	50821.000000
0.000000	50821.000000
0.000000	50821.000000
0.000000	50821.000000
0.000000	50821.000000
0.000000	50821.000000
0.000000	50821.000000
0.000000	50821.000000
0.000000	50821.000000
0.000000	50821.000000
0.000000	50821.000000
0.000000	50821.000000
0.000000	50822.000000
0.000000	50822.000000
0.000000	50822.000000
0.000000	50822.000000
0.000000	50822.000000
0.000000	50822.000000
0.000000	50822.000000
0.000000	50822.000000
0.000000	50822.000000
0.000000	50822.000000
0.000000	50822.000000
0.000000	50822.000000
0.000000	50822.000000
0.000000	50822.000000
0.000000	50822.000000
0.000000	50822.000000
0.000000	50822.000000
0.000000	50823.000000
0.000000	50823.000000
0.000000	50823.000000
0.000000	50823.000000
0.000000	50823.000000
0.000000	50823.000000
0.000000	50823.000000
0.000000	50823.000000
0.000000	50823.000000
0.000000	50823.000000
0.000000	50823.000000
0.000000	50823.000000
0.000000	50823.000000
0.000000	50823.000000
0.000000	50823.000000
0.000000	50823.000000
0.000000	50823.000000
0.000000	50824.000000
0.000000	50824.000000
0.000000	50824.000000
0.000000	50824.000000
0.000000	50824.000000
0.000000	50824.000000
0.000000	50824.000000
0.000000	50824.000000
0.000000	50824.000000
0.000000	50824.000000
0.000000	50824.000000
0.000000	50824.000000
0.000000	50824.000000
0.000000	50824.000000
0.000000	50824.000000
0.000000	50824.000000
0.000000	50824.000000
0.000000	50825.000000
0.000000	50825.000000
0.000000	50825.000000
0.000000	50825.000000
0.000000	50825.000000
0.000000	50825.000000
0.000000	50825.000000
0.000000	50825.000000
0.000000	50825.000000
0.000000	50825.000000
0.000000	50825.000000
0.000000	50825.000000
0.000000	50825.000000
0.000000	50825.000000
0.000000	50825.000000
0.000000	50825.000000
0.000000	50825.000000
0.000000	50826.000000
0.000000	50826.000000
0.000000	50826.000000
0.000000	50826.000000
0.000000	50826.000000
0.000000	50826.000000
0.000000	50826.000000
0.000000	50826.000000
0.000000	50826.000000
0.000000	50826.000000
0.000000	50826.000000
0.000000	50826.000000
0.000000	50826.000000
0.000000	50826.000000
0.000000	50826.000000
0.000000	50826.000000
0.000000	50826.000000
0.000000	50827.000000
0.000000	50827.000000
0.000000	50827.000000
0.000000	50827.000000
0.000000	50827.000000
0.000000	50827.000000
0.000000	50827.000000
0.000000	50827.000000
0.000000	50827.000000
0.000000	50827.000000
0.000000	50827.000000
0.000000	50827.000000
0.000000	50827.000000
0.000000	50827.000000
0.000000	50827.000000
0.000000	50827.000000
0.000000	50827.000000
0.000000	50828.000000
0.000000	50828.000000
0.000000	50828.000000
0.000000	50828.000000
0.000000	50828.000000
0.000000	50828.000000
0.000000	50828.000000
0.000000	50828.000000
0.000000	50828.000000
0.000000	50828.000000
0.000000	50828.000000
0.000000	50828.000000
0.000000	50828.000000
0.000000	50828.000000
0.000000	50828.000000
0.000000	50828.000000
0.000000	50828.000000
0.000000	50828.000000
0.000000	50829.000000
0.000000	50829.000000
0.000000	50829.000000
0.000000	50829.000000
0.000000	50829.000000
0.000000	50829.000000
0.000000	50829.000000
0.000000	50829.000000
0.000000	50829.000000
0.000000	50829.000000
0.000000	50829.000000
0.000000	50829.000000
0.000000	50829.000000
0.000000	50829.000000
0.000000	50829.000000
0.000000	50829.000000
0.000000	50829.000000
0.000000	50830.000000
0.000000	50830.000000
0.000000	50830.000000
0.000000	50830.000000
0.000000	50830.000000
0.000000	50830.000000
0.000000	50830.000000
0.000000	50830.000000
0.000000	50830.000000
0.000000	50830.000000
0.000000	50830.000000
0.000000	50830.000000
0.000000	50830.000000
0.000000	50830.000000
0.000000	50830.000000
0.000000	50830.000000
0.000000	50830.000000
0.000000	50831.000000
0.000000	50831.000000
0.000000	50831.000000
0.000000	50831.000000
0.000000	50831.000000
0.000000	50831.000000
0.000000	50831.000000
0.000000	50831.000000
0.000000	50831.000000
0.000000	50831.000000
0.000000	50831.000000
0.000000	50831.000000
0.000000	50831.000000
0.000000	50831.000000
0.000000	50831.000000
0.000000	50831.000000
0.000000	50831.000000
0.000000	50832.000000
0.000000	50832.000000
0.000000	50832.000000
0.000000	50832.000000
0.000000	50832.000000
0.000000	50832.000000
0.000000	50832.000000
0.000000	50832.000000
0.000000	50832.000000
0.000000	50832.000000
0.000000	50832.000000
0.000000	50832.000000
0.000000	50832.000000
0.000000	50832.000000
0.000000	50832.000000
0.000000	50832.000000
0.000000	50832.000000
0.000000	50833.000000
0.000000	50833.000000
0.000000	50833.000000
0.000000	50833.000000
0.000000	50833.000000
0.000000	50833.000000
0.000000	50833.000000
