0.000000	50233.000000
0.000000	50233.000000
0.000000	50233.000000
0.000000	50233.000000
0.000000	50233.000000
0.000000	50233.000000
0.000000	50233.000000
0.000000	50233.000000
0.000000	50233.000000
0.000000	50233.000000
0.000000	50234.000000
0.000000	50234.000000
0.000000	50234.000000
0.000000	50234.000000
0.000000	50234.000000
0.000000	50234.000000
0.000000	50234.000000
0.000000	50234.000000
0.000000	50234.000000
0.000000	50234.000000
0.000000	50234.000000
0.000000	50234.000000
0.000000	50234.000000
0.000000	50234.000000
0.000000	50234.000000
0.000000	50234.000000
0.000000	50234.000000
0.000000	50235.000000
0.000000	50235.000000
0.000000	50235.000000
0.000000	50235.000000
0.000000	50235.000000
0.000000	50235.000000
0.000000	50235.000000
0.000000	50235.000000
0.000000	50235.000000
0.000000	50235.000000
0.000000	50235.000000
0.000000	50235.000000
0.000000	50235.000000
0.000000	50235.000000
0.000000	50235.000000
0.000000	50235.000000
0.000000	50235.000000
0.000000	50236.000000
0.000000	50236.000000
0.000000	50236.000000
0.000000	50236.000000
0.000000	50236.000000
0.000000	50236.000000
0.000000	50236.000000
0.000000	50236.000000
0.000000	50236.000000
0.000000	50236.000000
0.000000	50236.000000
0.000000	50236.000000
0.000000	50236.000000
0.000000	50236.000000
0.000000	50236.000000
0.000000	50236.000000
0.000000	50236.000000
0.000000	50237.000000
0.000000	50237.000000
0.000000	50237.000000
0.000000	50237.000000
0.000000	50237.000000
0.000000	50237.000000
0.000000	50237.000000
0.000000	50237.000000
0.000000	50237.000000
0.000000	50237.000000
0.000000	50237.000000
0.000000	50237.000000
0.000000	50237.000000
0.000000	50237.000000
0.000000	50237.000000
0.000000	50237.000000
0.000000	50237.000000
0.000000	50238.000000
0.000000	50238.000000
0.000000	50238.000000
0.000000	50238.000000
0.000000	50238.000000
0.000000	50238.000000
0.000000	50238.000000
0.000000	50238.000000
0.000000	50238.000000
0.000000	50238.000000
0.000000	50238.000000
0.000000	50238.000000
0.000000	50238.000000
0.000000	50238.000000
0.000000	50238.000000
0.000000	50238.000000
0.000000	50238.000000
0.000000	50239.000000
0.000000	50239.000000
0.000000	50239.000000
0.000000	50239.000000
0.000000	50239.000000
0.000000	50239.000000
0.000000	50239.000000
0.000000	50239.000000
0.000000	50239.000000
0.000000	50239.000000
0.000000	50239.000000
0.000000	50239.000000
0.000000	50239.000000
0.000000	50239.000000
0.000000	50239.000000
0.000000	50239.000000
0.000000	50239.000000
0.000000	50240.000000
0.000000	50240.000000
0.000000	50240.000000
0.000000	50240.000000
0.000000	50240.000000
0.000000	50240.000000
0.000000	50240.000000
0.000000	50240.000000
0.000000	50240.000000
0.000000	50240.000000
0.000000	50240.000000
0.000000	50240.000000
0.000000	50240.000000
0.000000	50240.000000
0.000000	50240.000000
0.000000	50240.000000
0.000000	50240.000000
0.000000	50241.000000
0.000000	50241.000000
0.000000	50241.000000
0.000000	50241.000000
0.000000	50241.000000
0.000000	50241.000000
0.000000	50241.000000
0.000000	50241.000000
0.000000	50241.000000
0.000000	50241.000000
0.000000	50241.000000
0.000000	50241.000000
0.000000	50241.000000
0.000000	50241.000000
0.000000	50241.000000
0.000000	50241.000000
0.000000	50241.000000
0.000000	50242.000000
0.000000	50242.000000
0.000000	50242.000000
0.000000	50242.000000
0.000000	50242.000000
0.000000	50242.000000
0.000000	50242.000000
0.000000	50242.000000
0.000000	50242.000000
0.000000	50242.000000
0.000000	50242.000000
0.000000	50242.000000
0.000000	50242.000000
0.000000	50242.000000
0.000000	50242.000000
0.000000	50242.000000
0.000000	50242.000000
0.000000	50243.000000
0.000000	50243.000000
0.000000	50243.000000
0.000000	50243.000000
0.000000	50243.000000
0.000000	50243.000000
0.000000	50243.000000
0.000000	50243.000000
0.000000	50243.000000
0.000000	50243.000000
0.000000	50243.000000
0.000000	50243.000000
0.000000	50243.000000
0.000000	50243.000000
0.000000	50243.000000
0.000000	50243.000000
0.000000	50243.000000
0.000000	50243.000000
0.000000	50244.000000
0.000000	50244.000000
0.000000	50244.000000
0.000000	50244.000000
0.000000	50244.000000
0.000000	50244.000000
0.000000	50244.000000
0.000000	50244.000000
0.000000	50244.000000
0.000000	50244.000000
0.000000	50244.000000
0.000000	50244.000000
0.000000	50244.000000
0.000000	50244.000000
0.000000	50244.000000
0.000000	50244.000000
0.000000	50244.000000
0.000000	50245.000000
0.000000	50245.000000
0.000000	50245.000000
0.000000	50245.000000
0.000000	50245.000000
0.000000	50245.000000
0.000000	50245.000000
0.000000	50245.000000
0.000000	50245.000000
0.000000	50245.000000
0.000000	50245.000000
0.000000	50245.000000
0.000000	50245.000000
0.000000	50245.000000
0.000000	50245.000000
0.000000	50245.000000
0.000000	50245.000000
0.000000	50246.000000
0.000000	50246.000000
0.000000	50246.000000
0.000000	50246.000000
0.000000	50246.000000
0.000000	50246.000000
0.000000	50246.000000
0.000000	50246.000000
0.000000	50246.000000
0.000000	50246.000000
0.000000	50246.000000
0.000000	50246.000000
0.000000	50246.000000
0.000000	50246.000000
0.000000	50246.000000
0.000000	50246.000000
0.000000	50246.000000
0.000000	50247.000000
0.000000	50247.000000
0.000000	50247.000000
0.000000	50247.000000
0.000000	50247.000000
0.000000	50247.000000
0.000000	50247.000000
0.000000	50247.000000
0.000000	50247.000000
0.000000	50247.000000
0.000000	50247.000000
0.000000	50247.000000
0.000000	50247.000000
0.000000	50247.000000
0.000000	50247.000000
0.000000	50247.000000
0.000000	50247.000000
0.000000	50248.000000
0.000000	50248.000000
0.000000	50248.000000
0.000000	50248.000000
0.000000	50248.000000
0.000000	50248.000000
0.000000	50248.000000
0.000000	50248.000000
0.000000	50248.000000
0.000000	50248.000000
0.000000	50248.000000
0.000000	50248.000000
0.000000	50248.000000
0.000000	50248.000000
0.000000	50248.000000
0.000000	50248.000000
0.000000	50248.000000
0.000000	50249.000000
0.000000	50249.000000
0.000000	50249.000000
0.000000	50249.000000
0.000000	50249.000000
0.000000	50249.000000
0.000000	50249.000000
0.000000	50249.000000
0.000000	50249.000000
0.000000	50249.000000
0.000000	50249.000000
0.000000	50249.000000
0.000000	50249.000000
0.000000	50249.000000
0.000000	50249.000000
0.000000	50249.000000
0.000000	50249.000000
0.000000	50250.000000
0.000000	50250.000000
0.000000	50250.000000
0.000000	50250.000000
0.000000	50250.000000
0.000000	50250.000000
0.000000	50250.000000
0.000000	50250.000000
0.000000	50250.000000
0.000000	50250.000000
0.000000	50250.000000
0.000000	50250.000000
0.000000	50250.000000
0.000000	50250.000000
0.000000	50250.000000
0.000000	50250.000000
0.000000	50250.000000
0.000000	50251.000000
0.000000	50251.000000
0.000000	50251.000000
0.000000	50251.000000
0.000000	50251.000000
0.000000	50251.000000
0.000000	50251.000000
0.000000	50251.000000
0.000000	50251.000000
0.000000	50251.000000
0.000000	50251.000000
0.000000	50251.000000
0.000000	50251.000000
0.000000	50251.000000
0.000000	50251.000000
0.000000	50251.000000
0.000000	50251.000000
0.000000	50252.000000
0.000000	50252.000000
0.000000	50252.000000
0.000000	50252.000000
0.000000	50252.000000
0.000000	50252.000000
0.000000	50252.000000
0.000000	50252.000000
0.000000	50252.000000
0.000000	50252.000000
0.000000	50252.000000
0.000000	50252.000000
0.000000	50252.000000
0.000000	50252.000000
0.000000	50252.000000
0.000000	50252.000000
0.000000	50252.000000
0.000000	50253.000000
0.000000	50253.000000
0.000000	50253.000000
0.000000	50253.000000
0.000000	50253.000000
0.000000	50253.000000
0.000000	50253.000000
0.000000	50253.000000
0.000000	50253.000000
0.000000	50253.000000
0.000000	50253.000000
0.000000	50253.000000
0.000000	50253.000000
0.000000	50253.000000
0.000000	50253.000000
0.000000	50253.000000
0.000000	50253.000000
0.000000	50254.000000
0.000000	50254.000000
0.000000	50254.000000
0.000000	50254.000000
0.000000	50254.000000
0.000000	50254.000000
0.000000	50254.000000
0.000000	50254.000000
0.000000	50254.000000
0.000000	50254.000000
0.000000	50254.000000
0.000000	50254.000000
0.000000	50254.000000
0.000000	50254.000000
0.000000	50254.000000
0.000000	50254.000000
0.000000	50254.000000
0.000000	50255.000000
0.000000	50255.000000
0.000000	50255.000000
0.000000	50255.000000
0.000000	50255.000000
0.000000	50255.000000
0.000000	50255.000000
0.000000	50255.000000
0.000000	50255.000000
0.000000	50255.000000
0.000000	50255.000000
0.000000	50255.000000
0.000000	50255.000000
0.000000	50255.000000
0.000000	50255.000000
0.000000	50255.000000
0.000000	50255.000000
0.000000	50256.000000
0.000000	50256.000000
0.000000	50256.000000
0.000000	50256.000000
0.000000	50256.000000
0.000000	50256.000000
0.000000	50256.000000
0.000000	50256.000000
0.000000	50256.000000
0.000000	50256.000000
0.000000	50256.000000
0.000000	50256.000000
0.000000	50256.000000
0.000000	50256.000000
0.000000	50256.000000
0.000000	50256.000000
0.000000	50256.000000
0.000000	50257.000000
0.000000	50257.000000
0.000000	50257.000000
0.000000	50257.000000
0.000000	50257.000000
0.000000	50257.000000
0.000000	50257.000000
0.000000	50257.000000
0.000000	50257.000000
0.000000	50257.000000
0.000000	50257.000000
0.000000	50257.000000
0.000000	50257.000000
0.000000	50257.000000
0.000000	50257.000000
0.000000	50257.000000
0.000000	50257.000000
0.000000	50257.000000
0.000000	50258.000000
0.000000	50258.000000
0.000000	50258.000000
0.000000	50258.000000
0.000000	50258.000000
0.000000	50258.000000
0.000000	50258.000000
0.000000	50258.000000
0.000000	50258.000000
0.000000	50258.000000
0.000000	50258.000000
0.000000	50258.000000
0.000000	50258.000000
0.000000	50258.000000
0.000000	50258.000000
0.000000	50258.000000
0.000000	50258.000000
0.000000	50259.000000
0.000000	50259.000000
0.000000	50259.000000
0.000000	50259.000000
0.000000	50259.000000
0.000000	50259.000000
0.000000	50259.000000
0.000000	50259.000000
0.000000	50259.000000
0.000000	50259.000000
0.000000	50259.000000
0.000000	50259.000000
0.000000	50259.000000
0.000000	50259.000000
0.000000	50259.000000
0.000000	50259.000000
0.000000	50259.000000
0.000000	50300.000000
0.000000	50300.000000
0.000000	50300.000000
0.000000	50300.000000
0.000000	50300.000000
0.000000	50300.000000
0.000000	50300.000000
0.000000	50300.000000
0.000000	50300.000000
0.000000	50300.000000
0.000000	50300.000000
0.000000	50300.000000
0.000000	50300.000000
0.000000	50300.000000
0.000000	50300.000000
0.000000	50300.000000
0.000000	50300.000000
0.000000	50301.000000
0.000000	50301.000000
0.000000	50301.000000
0.000000	50301.000000
0.000000	50301.000000
0.000000	50301.000000
0.000000	50301.000000
0.000000	50301.000000
0.000000	50301.000000
0.000000	50301.000000
0.000000	50301.000000
0.000000	50301.000000
0.000000	50301.000000
0.000000	50301.000000
0.000000	50301.000000
0.000000	50301.000000
0.000000	50301.000000
0.000000	50302.000000
0.000000	50302.000000
0.000000	50302.000000
0.000000	50302.000000
0.000000	50302.000000
0.000000	50302.000000
0.000000	50302.000000
0.000000	50302.000000
0.000000	50302.000000
0.000000	50302.000000
0.000000	50302.000000
0.000000	50302.000000
0.000000	50302.000000
0.000000	50302.000000
0.000000	50302.000000
0.000000	50302.000000
0.000000	50302.000000
0.000000	50303.000000
0.000000	50303.000000
0.000000	50303.000000
0.000000	50303.000000
0.000000	50303.000000
0.000000	50303.000000
0.000000	50303.000000
0.000000	50303.000000
0.000000	50303.000000
0.000000	50303.000000
0.000000	50303.000000
0.000000	50303.000000
0.000000	50303.000000
0.000000	50303.000000
0.000000	50303.000000
0.000000	50303.000000
0.000000	50303.000000
0.000000	50304.000000
0.000000	50304.000000
0.000000	50304.000000
0.000000	50304.000000
0.000000	50304.000000
0.000000	50304.000000
0.000000	50304.000000
0.000000	50304.000000
0.000000	50304.000000
0.000000	50304.000000
0.000000	50304.000000
0.000000	50304.000000
0.000000	50304.000000
0.000000	50304.000000
0.000000	50304.000000
0.000000	50304.000000
0.000000	50304.000000
0.000000	50305.000000
0.000000	50305.000000
0.000000	50305.000000
0.000000	50305.000000
0.000000	50305.000000
0.000000	50305.000000
0.000000	50305.000000
0.000000	50305.000000
0.000000	50305.000000
0.000000	50305.000000
0.000000	50305.000000
0.000000	50305.000000
0.000000	50305.000000
0.000000	50305.000000
0.000000	50305.000000
0.000000	50305.000000
0.000000	50305.000000
0.000000	50306.000000
0.000000	50306.000000
0.000000	50306.000000
0.000000	50306.000000
0.000000	50306.000000
0.000000	50306.000000
0.000000	50306.000000
0.000000	50306.000000
0.000000	50306.000000
0.000000	50306.000000
0.000000	50306.000000
0.000000	50306.000000
0.000000	50306.000000
0.000000	50306.000000
0.000000	50306.000000
0.000000	50306.000000
0.000000	50306.000000
0.000000	50307.000000
0.000000	50307.000000
0.000000	50307.000000
0.000000	50307.000000
0.000000	50307.000000
0.000000	50307.000000
0.000000	50307.000000
0.000000	50307.000000
0.000000	50307.000000
0.000000	50307.000000
0.000000	50307.000000
0.000000	50307.000000
0.000000	50307.000000
0.000000	50307.000000
0.000000	50307.000000
0.000000	50307.000000
0.000000	50307.000000
0.000000	50308.000000
0.000000	50308.000000
0.000000	50308.000000
0.000000	50308.000000
0.000000	50308.000000
0.000000	50308.000000
0.000000	50308.000000
0.000000	50308.000000
0.000000	50308.000000
0.000000	50308.000000
0.000000	50308.000000
0.000000	50308.000000
0.000000	50308.000000
0.000000	50308.000000
0.000000	50308.000000
0.000000	50308.000000
0.000000	50308.000000
0.000000	50309.000000
0.000000	50309.000000
0.000000	50309.000000
0.000000	50309.000000
0.000000	50309.000000
0.000000	50309.000000
0.000000	50309.000000
0.000000	50309.000000
0.000000	50309.000000
0.000000	50309.000000
0.000000	50309.000000
0.000000	50309.000000
0.000000	50309.000000
0.000000	50309.000000
0.000000	50309.000000
0.000000	50309.000000
0.000000	50309.000000
0.000000	50310.000000
0.000000	50310.000000
0.000000	50310.000000
0.000000	50310.000000
0.000000	50310.000000
0.000000	50310.000000
0.000000	50310.000000
0.000000	50310.000000
0.000000	50310.000000
0.000000	50310.000000
0.000000	50310.000000
0.000000	50310.000000
0.000000	50310.000000
0.000000	50310.000000
0.000000	50310.000000
0.000000	50310.000000
0.000000	50310.000000
0.000000	50311.000000
0.000000	50311.000000
0.000000	50311.000000
0.000000	50311.000000
0.000000	50311.000000
0.000000	50311.000000
0.000000	50311.000000
0.000000	50311.000000
0.000000	50311.000000
0.000000	50311.000000
0.000000	50311.000000
0.000000	50311.000000
0.000000	50311.000000
0.000000	50311.000000
0.000000	50311.000000
0.000000	50311.000000
0.000000	50311.000000
0.000000	50312.000000
0.000000	50312.000000
0.000000	50312.000000
0.000000	50312.000000
0.000000	50312.000000
0.000000	50312.000000
0.000000	50312.000000
0.000000	50312.000000
0.000000	50312.000000
0.000000	50312.000000
0.000000	50312.000000
0.000000	50312.000000
0.000000	50312.000000
0.000000	50312.000000
0.000000	50312.000000
0.000000	50312.000000
0.000000	50312.000000
0.000000	50313.000000
0.000000	50313.000000
0.000000	50313.000000
0.000000	50313.000000
0.000000	50313.000000
0.000000	50313.000000
0.000000	50313.000000
0.000000	50313.000000
0.000000	50313.000000
0.000000	50313.000000
0.000000	50313.000000
0.000000	50313.000000
0.000000	50313.000000
0.000000	50313.000000
0.000000	50313.000000
0.000000	50313.000000
0.000000	50313.000000
0.000000	50313.000000
0.000000	50314.000000
0.000000	50314.000000
0.000000	50314.000000
0.000000	50314.000000
0.000000	50314.000000
0.000000	50314.000000
0.000000	50314.000000
0.000000	50314.000000
0.000000	50314.000000
0.000000	50314.000000
0.000000	50314.000000
0.000000	50314.000000
0.000000	50314.000000
0.000000	50314.000000
0.000000	50314.000000
0.000000	50314.000000
0.000000	50314.000000
0.000000	50315.000000
0.000000	50315.000000
0.000000	50315.000000
0.000000	50315.000000
0.000000	50315.000000
0.000000	50315.000000
0.000000	50315.000000
0.000000	50315.000000
0.000000	50315.000000
0.000000	50315.000000
0.000000	50315.000000
0.000000	50315.000000
0.000000	50315.000000
0.000000	50315.000000
0.000000	50315.000000
0.000000	50315.000000
0.000000	50315.000000
0.000000	50316.000000
0.000000	50316.000000
0.000000	50316.000000
0.000000	50316.000000
0.000000	50316.000000
0.000000	50316.000000
0.000000	50316.000000
0.000000	50316.000000
0.000000	50316.000000
0.000000	50316.000000
0.000000	50316.000000
0.000000	50316.000000
0.000000	50316.000000
0.000000	50316.000000
0.000000	50316.000000
0.000000	50316.000000
0.000000	50316.000000
0.000000	50317.000000
0.000000	50317.000000
0.000000	50317.000000
0.000000	50317.000000
0.000000	50317.000000
0.000000	50317.000000
0.000000	50317.000000
0.000000	50317.000000
0.000000	50317.000000
0.000000	50317.000000
0.000000	50317.000000
0.000000	50317.000000
0.000000	50317.000000
0.000000	50317.000000
0.000000	50317.000000
0.000000	50317.000000
0.000000	50317.000000
0.000000	50318.000000
0.000000	50318.000000
0.000000	50318.000000
0.000000	50318.000000
0.000000	50318.000000
0.000000	50318.000000
0.000000	50318.000000
0.000000	50318.000000
0.000000	50318.000000
0.000000	50318.000000
0.000000	50318.000000
0.000000	50318.000000
0.000000	50318.000000
0.000000	50318.000000
0.000000	50318.000000
0.000000	50318.000000
0.000000	50318.000000
0.000000	50319.000000
0.000000	50319.000000
0.000000	50319.000000
0.000000	50319.000000
0.000000	50319.000000
0.000000	50319.000000
0.000000	50319.000000
0.000000	50319.000000
0.000000	50319.000000
0.000000	50319.000000
0.000000	50319.000000
0.000000	50319.000000
0.000000	50319.000000
0.000000	50319.000000
0.000000	50319.000000
0.000000	50319.000000
0.000000	50319.000000
0.000000	50320.000000
0.000000	50320.000000
0.000000	50320.000000
0.000000	50320.000000
0.000000	50320.000000
0.000000	50320.000000
0.000000	50320.000000
0.000000	50320.000000
0.000000	50320.000000
0.000000	50320.000000
0.000000	50320.000000
0.000000	50320.000000
0.000000	50320.000000
0.000000	50320.000000
0.000000	50320.000000
0.000000	50320.000000
0.000000	50320.000000
0.000000	50321.000000
0.000000	50321.000000
0.000000	50321.000000
0.000000	50321.000000
0.000000	50321.000000
0.000000	50321.000000
0.000000	50321.000000
0.000000	50321.000000
0.000000	50321.000000
0.000000	50321.000000
0.000000	50321.000000
0.000000	50321.000000
0.000000	50321.000000
0.000000	50321.000000
0.000000	50321.000000
0.000000	50321.000000
0.000000	50321.000000
0.000000	50322.000000
0.000000	50322.000000
0.000000	50322.000000
0.000000	50322.000000
0.000000	50322.000000
0.000000	50322.000000
0.000000	50322.000000
0.000000	50322.000000
0.000000	50322.000000
0.000000	50322.000000
0.000000	50322.000000
0.000000	50322.000000
0.000000	50322.000000
0.000000	50322.000000
0.000000	50322.000000
0.000000	50322.000000
0.000000	50322.000000
0.000000	50323.000000
0.000000	50323.000000
0.000000	50323.000000
0.000000	50323.000000
0.000000	50323.000000
0.000000	50323.000000
0.000000	50323.000000
0.000000	50323.000000
0.000000	50323.000000
0.000000	50323.000000
0.000000	50323.000000
0.000000	50323.000000
0.000000	50323.000000
0.000000	50323.000000
0.000000	50323.000000
0.000000	50323.000000
0.000000	50323.000000
0.000000	50324.000000
0.000000	50324.000000
0.000000	50324.000000
0.000000	50324.000000
0.000000	50324.000000
0.000000	50324.000000
0.000000	50324.000000
0.000000	50324.000000
0.000000	50324.000000
0.000000	50324.000000
0.000000	50324.000000
0.000000	50324.000000
0.000000	50324.000000
0.000000	50324.000000
0.000000	50324.000000
0.000000	50324.000000
0.000000	50324.000000
0.000000	50325.000000
0.000000	50325.000000
0.000000	50325.000000
0.000000	50325.000000
0.000000	50325.000000
0.000000	50325.000000
0.000000	50325.000000
0.000000	50325.000000
0.000000	50325.000000
0.000000	50325.000000
0.000000	50325.000000
0.000000	50325.000000
0.000000	50325.000000
0.000000	50325.000000
0.000000	50325.000000
0.000000	50325.000000
0.000000	50325.000000
0.000000	50326.000000
0.000000	50326.000000
0.000000	50326.000000
0.000000	50326.000000
0.000000	50326.000000
0.000000	50326.000000
0.000000	50326.000000
0.000000	50326.000000
0.000000	50326.000000
0.000000	50326.000000
0.000000	50326.000000
0.000000	50326.000000
0.000000	50326.000000
0.000000	50326.000000
0.000000	50326.000000
0.000000	50326.000000
0.000000	50326.000000
0.000000	50327.000000
0.000000	50327.000000
0.000000	50327.000000
0.000000	50327.000000
0.000000	50327.000000
0.000000	50327.000000
0.000000	50327.000000
0.000000	50327.000000
0.000000	50327.000000
0.000000	50327.000000
0.000000	50327.000000
0.000000	50327.000000
0.000000	50327.000000
0.000000	50327.000000
0.000000	50327.000000
0.000000	50327.000000
0.000000	50327.000000
0.000000	50328.000000
0.000000	50328.000000
0.000000	50328.000000
0.000000	50328.000000
0.000000	50328.000000
0.000000	50328.000000
0.000000	50328.000000
0.000000	50328.000000
0.000000	50328.000000
0.000000	50328.000000
0.000000	50328.000000
0.000000	50328.000000
0.000000	50328.000000
0.000000	50328.000000
0.000000	50328.000000
0.000000	50328.000000
0.000000	50328.000000
0.000000	50329.000000
0.000000	50329.000000
0.000000	50329.000000
0.000000	50329.000000
0.000000	50329.000000
0.000000	50329.000000
0.000000	50329.000000
0.000000	50329.000000
0.000000	50329.000000
0.000000	50329.000000
0.000000	50329.000000
0.000000	50329.000000
0.000000	50329.000000
0.000000	50329.000000
0.000000	50329.000000
0.000000	50329.000000
0.000000	50329.000000
0.000000	50329.000000
0.000000	50330.000000
0.000000	50330.000000
0.000000	50330.000000
0.000000	50330.000000
0.000000	50330.000000
0.000000	50330.000000
0.000000	50330.000000
0.000000	50330.000000
0.000000	50330.000000
0.000000	50330.000000
0.000000	50330.000000
0.000000	50330.000000
0.000000	50330.000000
0.000000	50330.000000
0.000000	50330.000000
0.000000	50330.000000
0.000000	50330.000000
0.000000	50331.000000
0.000000	50331.000000
0.000000	50331.000000
0.000000	50331.000000
0.000000	50331.000000
0.000000	50331.000000
0.000000	50331.000000
0.000000	50331.000000
0.000000	50331.000000
0.000000	50331.000000
0.000000	50331.000000
0.000000	50331.000000
0.000000	50331.000000
0.000000	50331.000000
0.000000	50331.000000
0.000000	50331.000000
0.000000	50331.000000
0.000000	50332.000000
0.000000	50332.000000
0.000000	50332.000000
0.000000	50332.000000
0.000000	50332.000000
0.000000	50332.000000
0.000000	50332.000000
0.000000	50332.000000
0.000000	50332.000000
0.000000	50332.000000
0.000000	50332.000000
0.000000	50332.000000
0.000000	50332.000000
0.000000	50332.000000
0.000000	50332.000000
0.000000	50332.000000
0.000000	50332.000000
0.000000	50333.000000
0.000000	50333.000000
0.000000	50333.000000
0.000000	50333.000000
0.000000	50333.000000
0.000000	50333.000000
0.000000	50333.000000
0.000000	50333.000000
0.000000	50333.000000
0.000000	50333.000000
0.000000	50333.000000
0.000000	50333.000000
0.000000	50333.000000
0.000000	50333.000000
0.000000	50333.000000
0.000000	50333.000000
0.000000	50333.000000
0.000000	50334.000000
0.000000	50334.000000
0.000000	50334.000000
0.000000	50334.000000
0.000000	50334.000000
0.000000	50334.000000
0.000000	50334.000000
0.000000	50334.000000
0.000000	50334.000000
0.000000	50334.000000
0.000000	50334.000000
0.000000	50334.000000
0.000000	50334.000000
0.000000	50334.000000
0.000000	50334.000000
0.000000	50334.000000
0.000000	50334.000000
0.000000	50335.000000
0.000000	50335.000000
0.000000	50335.000000
0.000000	50335.000000
0.000000	50335.000000
0.000000	50335.000000
0.000000	50335.000000
0.000000	50335.000000
0.000000	50335.000000
0.000000	50335.000000
0.000000	50335.000000
0.000000	50335.000000
0.000000	50335.000000
0.000000	50335.000000
0.000000	50335.000000
0.000000	50335.000000
0.000000	50335.000000
0.000000	50336.000000
0.000000	50336.000000
0.000000	50336.000000
0.000000	50336.000000
0.000000	50336.000000
0.000000	50336.000000
0.000000	50336.000000
0.000000	50336.000000
0.000000	50336.000000
0.000000	50336.000000
0.000000	50336.000000
0.000000	50336.000000
0.000000	50336.000000
0.000000	50336.000000
0.000000	50336.000000
0.000000	50336.000000
0.000000	50336.000000
0.000000	50337.000000
0.000000	50337.000000
0.000000	50337.000000
0.000000	50337.000000
0.000000	50337.000000
0.000000	50337.000000
0.000000	50337.000000
0.000000	50337.000000
0.000000	50337.000000
0.000000	50337.000000
0.000000	50337.000000
0.000000	50337.000000
0.000000	50337.000000
0.000000	50337.000000
0.000000	50337.000000
0.000000	50337.000000
0.000000	50337.000000
0.000000	50338.000000
0.000000	50338.000000
0.000000	50338.000000
0.000000	50338.000000
0.000000	50338.000000
0.000000	50338.000000
0.000000	50338.000000
0.000000	50338.000000
0.000000	50338.000000
0.000000	50338.000000
0.000000	50338.000000
0.000000	50338.000000
0.000000	50338.000000
0.000000	50338.000000
0.000000	50338.000000
0.000000	50338.000000
0.000000	50338.000000
0.000000	50339.000000
0.000000	50339.000000
0.000000	50339.000000
0.000000	50339.000000
0.000000	50339.000000
0.000000	50339.000000
0.000000	50339.000000
0.000000	50339.000000
0.000000	50339.000000
0.000000	50339.000000
0.000000	50339.000000
0.000000	50339.000000
0.000000	50339.000000
0.000000	50339.000000
0.000000	50339.000000
0.000000	50339.000000
0.000000	50339.000000
0.000000	50340.000000
0.000000	50340.000000
0.000000	50340.000000
0.000000	50340.000000
0.000000	50340.000000
0.000000	50340.000000
0.000000	50340.000000
0.000000	50340.000000
0.000000	50340.000000
0.000000	50340.000000
0.000000	50340.000000
0.000000	50340.000000
0.000000	50340.000000
0.000000	50340.000000
0.000000	50340.000000
0.000000	50340.000000
0.000000	50340.000000
0.000000	50341.000000
0.000000	50341.000000
0.000000	50341.000000
0.000000	50341.000000
0.000000	50341.000000
0.000000	50341.000000
0.000000	50341.000000
0.000000	50341.000000
0.000000	50341.000000
0.000000	50341.000000
0.000000	50341.000000
0.000000	50341.000000
0.000000	50341.000000
0.000000	50341.000000
0.000000	50341.000000
0.000000	50341.000000
0.000000	50341.000000
0.000000	50342.000000
0.000000	50342.000000
0.000000	50342.000000
0.000000	50342.000000
0.000000	50342.000000
0.000000	50342.000000
0.000000	50342.000000
0.000000	50342.000000
0.000000	50342.000000
0.000000	50342.000000
0.000000	50342.000000
0.000000	50342.000000
0.000000	50342.000000
0.000000	50342.000000
0.000000	50342.000000
0.000000	50342.000000
0.000000	50342.000000
0.000000	50343.000000
0.000000	50343.000000
0.000000	50343.000000
0.000000	50343.000000
0.000000	50343.000000
0.000000	50343.000000
0.000000	50343.000000
0.000000	50343.000000
0.000000	50343.000000
0.000000	50343.000000
0.000000	50343.000000
0.000000	50343.000000
0.000000	50343.000000
0.000000	50343.000000
0.000000	50343.000000
0.000000	50343.000000
0.000000	50343.000000
0.000000	50343.000000
0.000000	50344.000000
0.000000	50344.000000
0.000000	50344.000000
0.000000	50344.000000
0.000000	50344.000000
0.000000	50344.000000
0.000000	50344.000000
0.000000	50344.000000
0.000000	50344.000000
0.000000	50344.000000
0.000000	50344.000000
0.000000	50344.000000
0.000000	50344.000000
0.000000	50344.000000
0.000000	50344.000000
0.000000	50344.000000
0.000000	50344.000000
0.000000	50345.000000
0.000000	50345.000000
0.000000	50345.000000
0.000000	50345.000000
0.000000	50345.000000
0.000000	50345.000000
0.000000	50345.000000
0.000000	50345.000000
0.000000	50345.000000
0.000000	50345.000000
0.000000	50345.000000
0.000000	50345.000000
0.000000	50345.000000
0.000000	50345.000000
0.000000	50345.000000
0.000000	50345.000000
0.000000	50345.000000
0.000000	50346.000000
0.000000	50346.000000
0.000000	50346.000000
0.000000	50346.000000
0.000000	50346.000000
0.000000	50346.000000
0.000000	50346.000000
0.000000	50346.000000
0.000000	50346.000000
0.000000	50346.000000
0.000000	50346.000000
0.000000	50346.000000
0.000000	50346.000000
0.000000	50346.000000
0.000000	50346.000000
0.000000	50346.000000
0.000000	50346.000000
0.000000	50347.000000
0.000000	50347.000000
0.000000	50347.000000
0.000000	50347.000000
0.000000	50347.000000
0.000000	50347.000000
0.000000	50347.000000
0.000000	50347.000000
0.000000	50347.000000
0.000000	50347.000000
0.000000	50347.000000
0.000000	50347.000000
0.000000	50347.000000
0.000000	50347.000000
0.000000	50347.000000
0.000000	50347.000000
0.000000	50347.000000
0.000000	50348.000000
0.000000	50348.000000
0.000000	50348.000000
0.000000	50348.000000
0.000000	50348.000000
0.000000	50348.000000
0.000000	50348.000000
0.000000	50348.000000
0.000000	50348.000000
0.000000	50348.000000
0.000000	50348.000000
0.000000	50348.000000
0.000000	50348.000000
0.000000	50348.000000
0.000000	50348.000000
0.000000	50348.000000
0.000000	50348.000000
0.000000	50349.000000
0.000000	50349.000000
0.000000	50349.000000
0.000000	50349.000000
0.000000	50349.000000
0.000000	50349.000000
0.000000	50349.000000
0.000000	50349.000000
0.000000	50349.000000
0.000000	50349.000000
0.000000	50349.000000
0.000000	50349.000000
0.000000	50349.000000
0.000000	50349.000000
0.000000	50349.000000
0.000000	50349.000000
0.000000	50349.000000
0.000000	50350.000000
0.000000	50350.000000
0.000000	50350.000000
0.000000	50350.000000
0.000000	50350.000000
0.000000	50350.000000
0.000000	50350.000000
0.000000	50350.000000
0.000000	50350.000000
0.000000	50350.000000
0.000000	50350.000000
0.000000	50350.000000
0.000000	50350.000000
0.000000	50350.000000
0.000000	50350.000000
0.000000	50350.000000
0.000000	50350.000000
0.000000	50351.000000
0.000000	50351.000000
0.000000	50351.000000
0.000000	50351.000000
0.000000	50351.000000
0.000000	50351.000000
0.000000	50351.000000
0.000000	50351.000000
0.000000	50351.000000
0.000000	50351.000000
0.000000	50351.000000
0.000000	50351.000000
0.000000	50351.000000
0.000000	50351.000000
0.000000	50351.000000
0.000000	50351.000000
0.000000	50351.000000
0.000000	50352.000000
0.000000	50352.000000
0.000000	50352.000000
0.000000	50352.000000
0.000000	50352.000000
0.000000	50352.000000
0.000000	50352.000000
0.000000	50352.000000
0.000000	50352.000000
0.000000	50352.000000
0.000000	50352.000000
0.000000	50352.000000
0.000000	50352.000000
0.000000	50352.000000
0.000000	50352.000000
0.000000	50352.000000
0.000000	50352.000000
0.000000	50353.000000
0.000000	50353.000000
0.000000	50353.000000
0.000000	50353.000000
0.000000	50353.000000
0.000000	50353.000000
0.000000	50353.000000
0.000000	50353.000000
0.000000	50353.000000
0.000000	50353.000000
0.000000	50353.000000
0.000000	50353.000000
0.000000	50353.000000
0.000000	50353.000000
0.000000	50353.000000
0.000000	50353.000000
0.000000	50353.000000
0.000000	50354.000000
0.000000	50354.000000
0.000000	50354.000000
0.000000	50354.000000
0.000000	50354.000000
0.000000	50354.000000
0.000000	50354.000000
0.000000	50354.000000
0.000000	50354.000000
0.000000	50354.000000
0.000000	50354.000000
0.000000	50354.000000
0.000000	50354.000000
0.000000	50354.000000
0.000000	50354.000000
0.000000	50354.000000
0.000000	50354.000000
0.000000	50355.000000
0.000000	50355.000000
0.000000	50355.000000
0.000000	50355.000000
0.000000	50355.000000
0.000000	50355.000000
0.000000	50355.000000
0.000000	50355.000000
0.000000	50355.000000
0.000000	50355.000000
0.000000	50355.000000
0.000000	50355.000000
0.000000	50355.000000
0.000000	50355.000000
0.000000	50355.000000
0.000000	50355.000000
0.000000	50355.000000
0.000000	50356.000000
0.000000	50356.000000
0.000000	50356.000000
0.000000	50356.000000
0.000000	50356.000000
0.000000	50356.000000
0.000000	50356.000000
0.000000	50356.000000
0.000000	50356.000000
0.000000	50356.000000
0.000000	50356.000000
0.000000	50356.000000
0.000000	50356.000000
0.000000	50356.000000
0.000000	50356.000000
0.000000	50356.000000
0.000000	50356.000000
0.000000	50357.000000
0.000000	50357.000000
0.000000	50357.000000
0.000000	50357.000000
0.000000	50357.000000
0.000000	50357.000000
0.000000	50357.000000
0.000000	50357.000000
0.000000	50357.000000
0.000000	50357.000000
0.000000	50357.000000
0.000000	50357.000000
0.000000	50357.000000
0.000000	50357.000000
0.000000	50357.000000
0.000000	50357.000000
0.000000	50357.000000
0.000000	50358.000000
0.000000	50358.000000
0.000000	50358.000000
0.000000	50358.000000
0.000000	50358.000000
0.000000	50358.000000
0.000000	50358.000000
0.000000	50358.000000
0.000000	50358.000000
0.000000	50358.000000
0.000000	50358.000000
0.000000	50358.000000
0.000000	50358.000000
0.000000	50358.000000
0.000000	50358.000000
0.000000	50358.000000
0.000000	50358.000000
0.000000	50358.000000
0.000000	50359.000000
0.000000	50359.000000
0.000000	50359.000000
0.000000	50359.000000
0.000000	50359.000000
0.000000	50359.000000
0.000000	50359.000000
0.000000	50359.000000
0.000000	50359.000000
0.000000	50359.000000
0.000000	50359.000000
0.000000	50359.000000
0.000000	50359.000000
0.000000	50359.000000
0.000000	50359.000000
0.000000	50359.000000
0.000000	50359.000000
0.000000	50400.000000
0.000000	50400.000000
0.000000	50400.000000
0.000000	50400.000000
0.000000	50400.000000
0.000000	50400.000000
0.000000	50400.000000
0.000000	50400.000000
0.000000	50400.000000
0.000000	50400.000000
0.000000	50400.000000
0.000000	50400.000000
0.000000	50400.000000
0.000000	50400.000000
0.000000	50400.000000
0.000000	50400.000000
0.000000	50400.000000
0.000000	50401.000000
0.000000	50401.000000
0.000000	50401.000000
0.000000	50401.000000
0.000000	50401.000000
0.000000	50401.000000
0.000000	50401.000000
0.000000	50401.000000
0.000000	50401.000000
0.000000	50401.000000
0.000000	50401.000000
0.000000	50401.000000
0.000000	50401.000000
0.000000	50401.000000
0.000000	50401.000000
0.000000	50401.000000
0.000000	50401.000000
0.000000	50402.000000
0.000000	50402.000000
0.000000	50402.000000
0.000000	50402.000000
0.000000	50402.000000
0.000000	50402.000000
0.000000	50402.000000
0.000000	50402.000000
0.000000	50402.000000
0.000000	50402.000000
0.000000	50402.000000
0.000000	50402.000000
0.000000	50402.000000
0.000000	50402.000000
0.000000	50402.000000
0.000000	50402.000000
0.000000	50402.000000
0.000000	50403.000000
0.000000	50403.000000
0.000000	50403.000000
0.000000	50403.000000
0.000000	50403.000000
0.000000	50403.000000
0.000000	50403.000000
0.000000	50403.000000
0.000000	50403.000000
0.000000	50403.000000
0.000000	50403.000000
0.000000	50403.000000
0.000000	50403.000000
0.000000	50403.000000
0.000000	50403.000000
0.000000	50403.000000
0.000000	50403.000000
0.000000	50404.000000
0.000000	50404.000000
0.000000	50404.000000
0.000000	50404.000000
0.000000	50404.000000
0.000000	50404.000000
0.000000	50404.000000
0.000000	50404.000000
0.000000	50404.000000
0.000000	50404.000000
0.000000	50404.000000
0.000000	50404.000000
0.000000	50404.000000
0.000000	50404.000000
0.000000	50404.000000
0.000000	50404.000000
0.000000	50404.000000
0.000000	50405.000000
0.000000	50405.000000
0.000000	50405.000000
0.000000	50405.000000
0.000000	50405.000000
0.000000	50405.000000
0.000000	50405.000000
0.000000	50405.000000
0.000000	50405.000000
0.000000	50405.000000
0.000000	50405.000000
0.000000	50405.000000
0.000000	50405.000000
0.000000	50405.000000
0.000000	50405.000000
0.000000	50405.000000
0.000000	50405.000000
0.000000	50406.000000
0.000000	50406.000000
0.000000	50406.000000
0.000000	50406.000000
0.000000	50406.000000
0.000000	50406.000000
0.000000	50406.000000
0.000000	50406.000000
0.000000	50406.000000
0.000000	50406.000000
0.000000	50406.000000
0.000000	50406.000000
0.000000	50406.000000
0.000000	50406.000000
0.000000	50406.000000
0.000000	50406.000000
0.000000	50406.000000
0.000000	50407.000000
0.000000	50407.000000
0.000000	50407.000000
0.000000	50407.000000
0.000000	50407.000000
0.000000	50407.000000
0.000000	50407.000000
0.000000	50407.000000
0.000000	50407.000000
0.000000	50407.000000
0.000000	50407.000000
0.000000	50407.000000
0.000000	50407.000000
0.000000	50407.000000
0.000000	50407.000000
0.000000	50407.000000
0.000000	50407.000000
0.000000	50408.000000
0.000000	50408.000000
0.000000	50408.000000
0.000000	50408.000000
0.000000	50408.000000
0.000000	50408.000000
0.000000	50408.000000
0.000000	50408.000000
0.000000	50408.000000
0.000000	50408.000000
0.000000	50408.000000
0.000000	50408.000000
0.000000	50408.000000
0.000000	50408.000000
0.000000	50408.000000
0.000000	50408.000000
0.000000	50408.000000
0.000000	50409.000000
0.000000	50409.000000
0.000000	50409.000000
0.000000	50409.000000
0.000000	50409.000000
0.000000	50409.000000
0.000000	50409.000000
0.000000	50409.000000
0.000000	50409.000000
0.000000	50409.000000
0.000000	50409.000000
0.000000	50409.000000
0.000000	50409.000000
0.000000	50409.000000
0.000000	50409.000000
0.000000	50409.000000
0.000000	50409.000000
0.000000	50410.000000
0.000000	50410.000000
0.000000	50410.000000
0.000000	50410.000000
0.000000	50410.000000
0.000000	50410.000000
0.000000	50410.000000
0.000000	50410.000000
0.000000	50410.000000
0.000000	50410.000000
0.000000	50410.000000
0.000000	50410.000000
0.000000	50410.000000
0.000000	50410.000000
0.000000	50410.000000
0.000000	50410.000000
0.000000	50410.000000
0.000000	50411.000000
0.000000	50411.000000
0.000000	50411.000000
0.000000	50411.000000
0.000000	50411.000000
0.000000	50411.000000
0.000000	50411.000000
0.000000	50411.000000
0.000000	50411.000000
0.000000	50411.000000
0.000000	50411.000000
0.000000	50411.000000
0.000000	50411.000000
0.000000	50411.000000
0.000000	50411.000000
0.000000	50411.000000
0.000000	50411.000000
0.000000	50412.000000
0.000000	50412.000000
0.000000	50412.000000
0.000000	50412.000000
0.000000	50412.000000
0.000000	50412.000000
0.000000	50412.000000
0.000000	50412.000000
0.000000	50412.000000
0.000000	50412.000000
0.000000	50412.000000
0.000000	50412.000000
0.000000	50412.000000
0.000000	50412.000000
0.000000	50412.000000
0.000000	50412.000000
0.000000	50412.000000
0.000000	50413.000000
0.000000	50413.000000
0.000000	50413.000000
0.000000	50413.000000
0.000000	50413.000000
0.000000	50413.000000
0.000000	50413.000000
0.000000	50413.000000
0.000000	50413.000000
0.000000	50413.000000
0.000000	50413.000000
0.000000	50413.000000
0.000000	50413.000000
0.000000	50413.000000
0.000000	50413.000000
0.000000	50413.000000
0.000000	50413.000000
0.000000	50413.000000
0.000000	50414.000000
0.000000	50414.000000
0.000000	50414.000000
0.000000	50414.000000
0.000000	50414.000000
0.000000	50414.000000
0.000000	50414.000000
0.000000	50414.000000
0.000000	50414.000000
0.000000	50414.000000
0.000000	50414.000000
0.000000	50414.000000
0.000000	50414.000000
0.000000	50414.000000
0.000000	50414.000000
0.000000	50414.000000
0.000000	50414.000000
0.000000	50415.000000
0.000000	50415.000000
0.000000	50415.000000
0.000000	50415.000000
0.000000	50415.000000
0.000000	50415.000000
0.000000	50415.000000
0.000000	50415.000000
0.000000	50415.000000
0.000000	50415.000000
0.000000	50415.000000
0.000000	50415.000000
0.000000	50415.000000
0.000000	50415.000000
0.000000	50415.000000
0.000000	50415.000000
0.000000	50415.000000
0.000000	50416.000000
0.000000	50416.000000
0.000000	50416.000000
0.000000	50416.000000
0.000000	50416.000000
0.000000	50416.000000
0.000000	50416.000000
0.000000	50416.000000
0.000000	50416.000000
0.000000	50416.000000
0.000000	50416.000000
0.000000	50416.000000
0.000000	50416.000000
0.000000	50416.000000
0.000000	50416.000000
0.000000	50416.000000
0.000000	50416.000000
0.000000	50417.000000
0.000000	50417.000000
0.000000	50417.000000
0.000000	50417.000000
0.000000	50417.000000
0.000000	50417.000000
0.000000	50417.000000
0.000000	50417.000000
0.000000	50417.000000
0.000000	50417.000000
0.000000	50417.000000
0.000000	50417.000000
0.000000	50417.000000
0.000000	50417.000000
0.000000	50417.000000
0.000000	50417.000000
0.000000	50417.000000
0.000000	50418.000000
0.000000	50418.000000
0.000000	50418.000000
0.000000	50418.000000
0.000000	50418.000000
0.000000	50418.000000
0.000000	50418.000000
0.000000	50418.000000
0.000000	50418.000000
0.000000	50418.000000
0.000000	50418.000000
0.000000	50418.000000
0.000000	50418.000000
0.000000	50418.000000
0.000000	50418.000000
0.000000	50418.000000
0.000000	50418.000000
0.000000	50419.000000
0.000000	50419.000000
0.000000	50419.000000
0.000000	50419.000000
0.000000	50419.000000
0.000000	50419.000000
0.000000	50419.000000
0.000000	50419.000000
0.000000	50419.000000
0.000000	50419.000000
0.000000	50419.000000
0.000000	50419.000000
0.000000	50419.000000
0.000000	50419.000000
0.000000	50419.000000
0.000000	50419.000000
0.000000	50419.000000
0.000000	50420.000000
0.000000	50420.000000
0.000000	50420.000000
0.000000	50420.000000
0.000000	50420.000000
0.000000	50420.000000
0.000000	50420.000000
0.000000	50420.000000
0.000000	50420.000000
0.000000	50420.000000
0.000000	50420.000000
0.000000	50420.000000
0.000000	50420.000000
0.000000	50420.000000
0.000000	50420.000000
0.000000	50420.000000
0.000000	50420.000000
0.000000	50421.000000
0.000000	50421.000000
0.000000	50421.000000
0.000000	50421.000000
0.000000	50421.000000
0.000000	50421.000000
0.000000	50421.000000
0.000000	50421.000000
0.000000	50421.000000
0.000000	50421.000000
0.000000	50421.000000
0.000000	50421.000000
0.000000	50421.000000
0.000000	50421.000000
0.000000	50421.000000
0.000000	50421.000000
0.000000	50421.000000
0.000000	50422.000000
0.000000	50422.000000
0.000000	50422.000000
0.000000	50422.000000
0.000000	50422.000000
0.000000	50422.000000
0.000000	50422.000000
0.000000	50422.000000
0.000000	50422.000000
0.000000	50422.000000
0.000000	50422.000000
0.000000	50422.000000
0.000000	50422.000000
0.000000	50422.000000
0.000000	50422.000000
0.000000	50422.000000
0.000000	50422.000000
0.000000	50423.000000
0.000000	50423.000000
0.000000	50423.000000
0.000000	50423.000000
0.000000	50423.000000
0.000000	50423.000000
0.000000	50423.000000
0.000000	50423.000000
0.000000	50423.000000
0.000000	50423.000000
0.000000	50423.000000
0.000000	50423.000000
0.000000	50423.000000
0.000000	50423.000000
0.000000	50423.000000
0.000000	50423.000000
0.000000	50423.000000
0.000000	50424.000000
0.000000	50424.000000
0.000000	50424.000000
0.000000	50424.000000
0.000000	50424.000000
0.000000	50424.000000
0.000000	50424.000000
0.000000	50424.000000
0.000000	50424.000000
0.000000	50424.000000
0.000000	50424.000000
0.000000	50424.000000
0.000000	50424.000000
0.000000	50424.000000
0.000000	50424.000000
0.000000	50424.000000
0.000000	50424.000000
0.000000	50425.000000
0.000000	50425.000000
0.000000	50425.000000
0.000000	50425.000000
0.000000	50425.000000
0.000000	50425.000000
0.000000	50425.000000
0.000000	50425.000000
0.000000	50425.000000
0.000000	50425.000000
0.000000	50425.000000
0.000000	50425.000000
0.000000	50425.000000
0.000000	50425.000000
0.000000	50425.000000
0.000000	50425.000000
0.000000	50425.000000
0.000000	50426.000000
0.000000	50426.000000
0.000000	50426.000000
0.000000	50426.000000
0.000000	50426.000000
0.000000	50426.000000
0.000000	50426.000000
0.000000	50426.000000
0.000000	50426.000000
0.000000	50426.000000
0.000000	50426.000000
0.000000	50426.000000
0.000000	50426.000000
0.000000	50426.000000
0.000000	50426.000000
0.000000	50426.000000
0.000000	50426.000000
0.000000	50427.000000
0.000000	50427.000000
0.000000	50427.000000
0.000000	50427.000000
0.000000	50427.000000
0.000000	50427.000000
0.000000	50427.000000
0.000000	50427.000000
0.000000	50427.000000
0.000000	50427.000000
0.000000	50427.000000
0.000000	50427.000000
0.000000	50427.000000
0.000000	50427.000000
0.000000	50427.000000
0.000000	50427.000000
0.000000	50427.000000
0.000000	50428.000000
0.000000	50428.000000
0.000000	50428.000000
0.000000	50428.000000
0.000000	50428.000000
0.000000	50428.000000
0.000000	50428.000000
0.000000	50428.000000
0.000000	50428.000000
0.000000	50428.000000
0.000000	50428.000000
0.000000	50428.000000
0.000000	50428.000000
0.000000	50428.000000
0.000000	50428.000000
0.000000	50428.000000
0.000000	50428.000000
0.000000	50428.000000
0.000000	50429.000000
0.000000	50429.000000
0.000000	50429.000000
0.000000	50429.000000
0.000000	50429.000000
0.000000	50429.000000
0.000000	50429.000000
0.000000	50429.000000
0.000000	50429.000000
0.000000	50429.000000
0.000000	50429.000000
0.000000	50429.000000
0.000000	50429.000000
0.000000	50429.000000
0.000000	50429.000000
0.000000	50429.000000
0.000000	50429.000000
0.000000	50430.000000
0.000000	50430.000000
0.000000	50430.000000
0.000000	50430.000000
0.000000	50430.000000
0.000000	50430.000000
0.000000	50430.000000
0.000000	50430.000000
0.000000	50430.000000
0.000000	50430.000000
0.000000	50430.000000
0.000000	50430.000000
0.000000	50430.000000
0.000000	50430.000000
0.000000	50430.000000
0.000000	50430.000000
0.000000	50430.000000
0.000000	50431.000000
0.000000	50431.000000
0.000000	50431.000000
0.000000	50431.000000
0.000000	50431.000000
0.000000	50431.000000
0.000000	50431.000000
0.000000	50431.000000
0.000000	50431.000000
0.000000	50431.000000
0.000000	50431.000000
0.000000	50431.000000
0.000000	50431.000000
0.000000	50431.000000
0.000000	50431.000000
0.000000	50431.000000
0.000000	50431.000000
0.000000	50432.000000
0.000000	50432.000000
0.000000	50432.000000
0.000000	50432.000000
0.000000	50432.000000
0.000000	50432.000000
0.000000	50432.000000
0.000000	50432.000000
0.000000	50432.000000
0.000000	50432.000000
0.000000	50432.000000
0.000000	50432.000000
0.000000	50432.000000
0.000000	50432.000000
0.000000	50432.000000
0.000000	50432.000000
0.000000	50432.000000
0.000000	50433.000000
0.000000	50433.000000
0.000000	50433.000000
0.000000	50433.000000
0.000000	50433.000000
0.000000	50433.000000
0.000000	50433.000000
0.000000	50433.000000
0.000000	50433.000000
0.000000	50433.000000
0.000000	50433.000000
0.000000	50433.000000
0.000000	50433.000000
0.000000	50433.000000
0.000000	50433.000000
0.000000	50433.000000
0.000000	50433.000000
0.000000	50434.000000
0.000000	50434.000000
0.000000	50434.000000
0.000000	50434.000000
0.000000	50434.000000
0.000000	50434.000000
0.000000	50434.000000
0.000000	50434.000000
0.000000	50434.000000
0.000000	50434.000000
0.000000	50434.000000
0.000000	50434.000000
0.000000	50434.000000
0.000000	50434.000000
0.000000	50434.000000
0.000000	50434.000000
0.000000	50434.000000
0.000000	50435.000000
0.000000	50435.000000
0.000000	50435.000000
0.000000	50435.000000
0.000000	50435.000000
0.000000	50435.000000
0.000000	50435.000000
0.000000	50435.000000
0.000000	50435.000000
0.000000	50435.000000
0.000000	50435.000000
0.000000	50435.000000
0.000000	50435.000000
0.000000	50435.000000
0.000000	50435.000000
0.000000	50435.000000
0.000000	50435.000000
0.000000	50436.000000
0.000000	50436.000000
0.000000	50436.000000
0.000000	50436.000000
0.000000	50436.000000
0.000000	50436.000000
0.000000	50436.000000
0.000000	50436.000000
0.000000	50436.000000
0.000000	50436.000000
0.000000	50436.000000
0.000000	50436.000000
0.000000	50436.000000
0.000000	50436.000000
0.000000	50436.000000
0.000000	50436.000000
0.000000	50436.000000
0.000000	50437.000000
0.000000	50437.000000
0.000000	50437.000000
0.000000	50437.000000
0.000000	50437.000000
0.000000	50437.000000
0.000000	50437.000000
0.000000	50437.000000
0.000000	50437.000000
0.000000	50437.000000
0.000000	50437.000000
0.000000	50437.000000
0.000000	50437.000000
0.000000	50437.000000
0.000000	50437.000000
0.000000	50437.000000
0.000000	50437.000000
0.000000	50438.000000
0.000000	50438.000000
0.000000	50438.000000
0.000000	50438.000000
0.000000	50438.000000
0.000000	50438.000000
0.000000	50438.000000
0.000000	50438.000000
0.000000	50438.000000
0.000000	50438.000000
0.000000	50438.000000
0.000000	50438.000000
0.000000	50438.000000
0.000000	50438.000000
0.000000	50438.000000
0.000000	50438.000000
0.000000	50438.000000
0.000000	50439.000000
0.000000	50439.000000
0.000000	50439.000000
0.000000	50439.000000
0.000000	50439.000000
0.000000	50439.000000
0.000000	50439.000000
0.000000	50439.000000
0.000000	50439.000000
0.000000	50439.000000
0.000000	50439.000000
0.000000	50439.000000
0.000000	50439.000000
0.000000	50439.000000
0.000000	50439.000000
0.000000	50439.000000
0.000000	50439.000000
0.000000	50440.000000
0.000000	50440.000000
0.000000	50440.000000
0.000000	50440.000000
0.000000	50440.000000
0.000000	50440.000000
0.000000	50440.000000
0.000000	50440.000000
0.000000	50440.000000
0.000000	50440.000000
0.000000	50440.000000
0.000000	50440.000000
0.000000	50440.000000
0.000000	50440.000000
0.000000	50440.000000
0.000000	50440.000000
0.000000	50440.000000
0.000000	50441.000000
0.000000	50441.000000
0.000000	50441.000000
0.000000	50441.000000
0.000000	50441.000000
0.000000	50441.000000
0.000000	50441.000000
0.000000	50441.000000
0.000000	50441.000000
0.000000	50441.000000
0.000000	50441.000000
0.000000	50441.000000
0.000000	50441.000000
0.000000	50441.000000
0.000000	50441.000000
0.000000	50441.000000
0.000000	50441.000000
0.000000	50442.000000
0.000000	50442.000000
0.000000	50442.000000
0.000000	50442.000000
0.000000	50442.000000
0.000000	50442.000000
0.000000	50442.000000
0.000000	50442.000000
0.000000	50442.000000
0.000000	50442.000000
0.000000	50442.000000
0.000000	50442.000000
0.000000	50442.000000
0.000000	50442.000000
0.000000	50442.000000
0.000000	50442.000000
0.000000	50442.000000
0.000000	50443.000000
0.000000	50443.000000
0.000000	50443.000000
0.000000	50443.000000
0.000000	50443.000000
0.000000	50443.000000
0.000000	50443.000000
0.000000	50443.000000
0.000000	50443.000000
0.000000	50443.000000
0.000000	50443.000000
0.000000	50443.000000
0.000000	50443.000000
0.000000	50443.000000
0.000000	50443.000000
0.000000	50443.000000
0.000000	50443.000000
0.000000	50443.000000
0.000000	50444.000000
0.000000	50444.000000
0.000000	50444.000000
0.000000	50444.000000
0.000000	50444.000000
0.000000	50444.000000
0.000000	50444.000000
0.000000	50444.000000
0.000000	50444.000000
0.000000	50444.000000
0.000000	50444.000000
0.000000	50444.000000
0.000000	50444.000000
0.000000	50444.000000
0.000000	50444.000000
0.000000	50444.000000
0.000000	50444.000000
0.000000	50445.000000
0.000000	50445.000000
0.000000	50445.000000
0.000000	50445.000000
0.000000	50445.000000
0.000000	50445.000000
0.000000	50445.000000
0.000000	50445.000000
0.000000	50445.000000
0.000000	50445.000000
0.000000	50445.000000
0.000000	50445.000000
0.000000	50445.000000
0.000000	50445.000000
0.000000	50445.000000
0.000000	50445.000000
0.000000	50445.000000
0.000000	50446.000000
0.000000	50446.000000
0.000000	50446.000000
0.000000	50446.000000
0.000000	50446.000000
0.000000	50446.000000
0.000000	50446.000000
0.000000	50446.000000
0.000000	50446.000000
0.000000	50446.000000
0.000000	50446.000000
0.000000	50446.000000
0.000000	50446.000000
0.000000	50446.000000
0.000000	50446.000000
0.000000	50446.000000
0.000000	50446.000000
0.000000	50447.000000
0.000000	50447.000000
0.000000	50447.000000
0.000000	50447.000000
0.000000	50447.000000
0.000000	50447.000000
0.000000	50447.000000
0.000000	50447.000000
0.000000	50447.000000
0.000000	50447.000000
0.000000	50447.000000
0.000000	50447.000000
0.000000	50447.000000
0.000000	50447.000000
0.000000	50447.000000
0.000000	50447.000000
0.000000	50447.000000
0.000000	50448.000000
0.000000	50448.000000
0.000000	50448.000000
0.000000	50448.000000
0.000000	50448.000000
0.000000	50448.000000
0.000000	50448.000000
0.000000	50448.000000
0.000000	50448.000000
0.000000	50448.000000
0.000000	50448.000000
0.000000	50448.000000
0.000000	50448.000000
0.000000	50448.000000
0.000000	50448.000000
0.000000	50448.000000
0.000000	50448.000000
0.000000	50449.000000
0.000000	50449.000000
0.000000	50449.000000
0.000000	50449.000000
0.000000	50449.000000
0.000000	50449.000000
0.000000	50449.000000
0.000000	50449.000000
0.000000	50449.000000
0.000000	50449.000000
0.000000	50449.000000
0.000000	50449.000000
0.000000	50449.000000
0.000000	50449.000000
0.000000	50449.000000
0.000000	50449.000000
0.000000	50449.000000
0.000000	50450.000000
0.000000	50450.000000
0.000000	50450.000000
0.000000	50450.000000
0.000000	50450.000000
0.000000	50450.000000
0.000000	50450.000000
0.000000	50450.000000
0.000000	50450.000000
0.000000	50450.000000
0.000000	50450.000000
0.000000	50450.000000
0.000000	50450.000000
0.000000	50450.000000
0.000000	50450.000000
0.000000	50450.000000
0.000000	50450.000000
0.000000	50451.000000
0.000000	50451.000000
0.000000	50451.000000
0.000000	50451.000000
0.000000	50451.000000
0.000000	50451.000000
0.000000	50451.000000
0.000000	50451.000000
0.000000	50451.000000
0.000000	50451.000000
0.000000	50451.000000
0.000000	50451.000000
0.000000	50451.000000
0.000000	50451.000000
0.000000	50451.000000
0.000000	50451.000000
0.000000	50451.000000
0.000000	50452.000000
0.000000	50452.000000
0.000000	50452.000000
0.000000	50452.000000
0.000000	50452.000000
0.000000	50452.000000
0.000000	50452.000000
0.000000	50452.000000
0.000000	50452.000000
0.000000	50452.000000
0.000000	50452.000000
0.000000	50452.000000
0.000000	50452.000000
0.000000	50452.000000
0.000000	50452.000000
0.000000	50452.000000
0.000000	50452.000000
0.000000	50453.000000
0.000000	50453.000000
0.000000	50453.000000
0.000000	50453.000000
0.000000	50453.000000
0.000000	50453.000000
0.000000	50453.000000
0.000000	50453.000000
0.000000	50453.000000
0.000000	50453.000000
0.000000	50453.000000
0.000000	50453.000000
0.000000	50453.000000
0.000000	50453.000000
0.000000	50453.000000
0.000000	50453.000000
0.000000	50453.000000
0.000000	50454.000000
0.000000	50454.000000
0.000000	50454.000000
0.000000	50454.000000
0.000000	50454.000000
0.000000	50454.000000
0.000000	50454.000000
0.000000	50454.000000
0.000000	50454.000000
0.000000	50454.000000
0.000000	50454.000000
0.000000	50454.000000
0.000000	50454.000000
0.000000	50454.000000
0.000000	50454.000000
0.000000	50454.000000
0.000000	50454.000000
0.000000	50455.000000
0.000000	50455.000000
0.000000	50455.000000
0.000000	50455.000000
0.000000	50455.000000
0.000000	50455.000000
0.000000	50455.000000
0.000000	50455.000000
0.000000	50455.000000
0.000000	50455.000000
0.000000	50455.000000
0.000000	50455.000000
0.000000	50455.000000
0.000000	50455.000000
0.000000	50455.000000
0.000000	50455.000000
0.000000	50455.000000
0.000000	50456.000000
0.000000	50456.000000
0.000000	50456.000000
0.000000	50456.000000
0.000000	50456.000000
0.000000	50456.000000
0.000000	50456.000000
0.000000	50456.000000
0.000000	50456.000000
0.000000	50456.000000
0.000000	50456.000000
0.000000	50456.000000
0.000000	50456.000000
0.000000	50456.000000
0.000000	50456.000000
0.000000	50456.000000
0.000000	50456.000000
0.000000	50457.000000
0.000000	50457.000000
0.000000	50457.000000
0.000000	50457.000000
0.000000	50457.000000
0.000000	50457.000000
0.000000	50457.000000
0.000000	50457.000000
0.000000	50457.000000
0.000000	50457.000000
0.000000	50457.000000
0.000000	50457.000000
0.000000	50457.000000
0.000000	50457.000000
0.000000	50457.000000
0.000000	50457.000000
0.000000	50457.000000
0.000000	50458.000000
0.000000	50458.000000
0.000000	50458.000000
0.000000	50458.000000
0.000000	50458.000000
0.000000	50458.000000
0.000000	50458.000000
0.000000	50458.000000
0.000000	50458.000000
0.000000	50458.000000
0.000000	50458.000000
0.000000	50458.000000
0.000000	50458.000000
0.000000	50458.000000
0.000000	50458.000000
0.000000	50458.000000
0.000000	50458.000000
0.000000	50458.000000
0.000000	50459.000000
0.000000	50459.000000
0.000000	50459.000000
0.000000	50459.000000
0.000000	50459.000000
0.000000	50459.000000
0.000000	50459.000000
0.000000	50459.000000
0.000000	50459.000000
0.000000	50459.000000
0.000000	50459.000000
0.000000	50459.000000
0.000000	50459.000000
0.000000	50459.000000
0.000000	50459.000000
0.000000	50459.000000
0.000000	50459.000000
0.000000	50500.000000
0.000000	50500.000000
0.000000	50500.000000
0.000000	50500.000000
0.000000	50500.000000
0.000000	50500.000000
0.000000	50500.000000
0.000000	50500.000000
0.000000	50500.000000
0.000000	50500.000000
0.000000	50500.000000
0.000000	50500.000000
0.000000	50500.000000
0.000000	50500.000000
0.000000	50500.000000
0.000000	50500.000000
0.000000	50500.000000
0.000000	50501.000000
0.000000	50501.000000
0.000000	50501.000000
0.000000	50501.000000
0.000000	50501.000000
0.000000	50501.000000
0.000000	50501.000000
0.000000	50501.000000
0.000000	50501.000000
0.000000	50501.000000
0.000000	50501.000000
0.000000	50501.000000
0.000000	50501.000000
0.000000	50501.000000
0.000000	50501.000000
0.000000	50501.000000
0.000000	50501.000000
0.000000	50502.000000
0.000000	50502.000000
0.000000	50502.000000
0.000000	50502.000000
0.000000	50502.000000
0.000000	50502.000000
0.000000	50502.000000
0.000000	50502.000000
0.000000	50502.000000
0.000000	50502.000000
0.000000	50502.000000
0.000000	50502.000000
0.000000	50502.000000
0.000000	50502.000000
0.000000	50502.000000
0.000000	50502.000000
0.000000	50502.000000
0.000000	50503.000000
0.000000	50503.000000
0.000000	50503.000000
0.000000	50503.000000
0.000000	50503.000000
0.000000	50503.000000
0.000000	50503.000000
0.000000	50503.000000
0.000000	50503.000000
0.000000	50503.000000
0.000000	50503.000000
0.000000	50503.000000
0.000000	50503.000000
0.000000	50503.000000
0.000000	50503.000000
0.000000	50503.000000
0.000000	50503.000000
0.000000	50504.000000
0.000000	50504.000000
0.000000	50504.000000
0.000000	50504.000000
0.000000	50504.000000
0.000000	50504.000000
0.000000	50504.000000
0.000000	50504.000000
0.000000	50504.000000
0.000000	50504.000000
0.000000	50504.000000
0.000000	50504.000000
0.000000	50504.000000
0.000000	50504.000000
0.000000	50504.000000
0.000000	50504.000000
0.000000	50504.000000
0.000000	50505.000000
0.000000	50505.000000
0.000000	50505.000000
0.000000	50505.000000
0.000000	50505.000000
0.000000	50505.000000
0.000000	50505.000000
0.000000	50505.000000
0.000000	50505.000000
0.000000	50505.000000
0.000000	50505.000000
0.000000	50505.000000
0.000000	50505.000000
0.000000	50505.000000
0.000000	50505.000000
0.000000	50505.000000
0.000000	50505.000000
0.000000	50506.000000
0.000000	50506.000000
0.000000	50506.000000
0.000000	50506.000000
0.000000	50506.000000
0.000000	50506.000000
0.000000	50506.000000
0.000000	50506.000000
0.000000	50506.000000
0.000000	50506.000000
0.000000	50506.000000
0.000000	50506.000000
0.000000	50506.000000
0.000000	50506.000000
0.000000	50506.000000
0.000000	50506.000000
0.000000	50506.000000
0.000000	50507.000000
0.000000	50507.000000
0.000000	50507.000000
0.000000	50507.000000
0.000000	50507.000000
0.000000	50507.000000
0.000000	50507.000000
0.000000	50507.000000
0.000000	50507.000000
0.000000	50507.000000
0.000000	50507.000000
0.000000	50507.000000
0.000000	50507.000000
0.000000	50507.000000
0.000000	50507.000000
0.000000	50507.000000
0.000000	50507.000000
0.000000	50508.000000
0.000000	50508.000000
0.000000	50508.000000
0.000000	50508.000000
0.000000	50508.000000
0.000000	50508.000000
0.000000	50508.000000
0.000000	50508.000000
0.000000	50508.000000
0.000000	50508.000000
0.000000	50508.000000
0.000000	50508.000000
0.000000	50508.000000
0.000000	50508.000000
0.000000	50508.000000
0.000000	50508.000000
0.000000	50508.000000
0.000000	50509.000000
0.000000	50509.000000
0.000000	50509.000000
0.000000	50509.000000
0.000000	50509.000000
0.000000	50509.000000
0.000000	50509.000000
0.000000	50509.000000
0.000000	50509.000000
0.000000	50509.000000
0.000000	50509.000000
0.000000	50509.000000
0.000000	50509.000000
0.000000	50509.000000
0.000000	50509.000000
0.000000	50509.000000
0.000000	50509.000000
0.000000	50510.000000
0.000000	50510.000000
0.000000	50510.000000
0.000000	50510.000000
0.000000	50510.000000
0.000000	50510.000000
0.000000	50510.000000
0.000000	50510.000000
0.000000	50510.000000
0.000000	50510.000000
0.000000	50510.000000
0.000000	50510.000000
0.000000	50510.000000
0.000000	50510.000000
0.000000	50510.000000
0.000000	50510.000000
0.000000	50510.000000
0.000000	50511.000000
0.000000	50511.000000
0.000000	50511.000000
0.000000	50511.000000
0.000000	50511.000000
0.000000	50511.000000
0.000000	50511.000000
0.000000	50511.000000
0.000000	50511.000000
0.000000	50511.000000
0.000000	50511.000000
0.000000	50511.000000
0.000000	50511.000000
0.000000	50511.000000
0.000000	50511.000000
0.000000	50511.000000
0.000000	50511.000000
0.000000	50512.000000
0.000000	50512.000000
0.000000	50512.000000
0.000000	50512.000000
0.000000	50512.000000
0.000000	50512.000000
0.000000	50512.000000
0.000000	50512.000000
0.000000	50512.000000
0.000000	50512.000000
0.000000	50512.000000
0.000000	50512.000000
0.000000	50512.000000
0.000000	50512.000000
0.000000	50512.000000
0.000000	50512.000000
0.000000	50512.000000
0.000000	50513.000000
0.000000	50513.000000
0.000000	50513.000000
0.000000	50513.000000
0.000000	50513.000000
0.000000	50513.000000
0.000000	50513.000000
0.000000	50513.000000
0.000000	50513.000000
0.000000	50513.000000
0.000000	50513.000000
0.000000	50513.000000
0.000000	50513.000000
0.000000	50513.000000
0.000000	50513.000000
0.000000	50513.000000
0.000000	50513.000000
0.000000	50513.000000
0.000000	50514.000000
0.000000	50514.000000
0.000000	50514.000000
0.000000	50514.000000
0.000000	50514.000000
0.000000	50514.000000
0.000000	50514.000000
0.000000	50514.000000
0.000000	50514.000000
0.000000	50514.000000
0.000000	50514.000000
0.000000	50514.000000
0.000000	50514.000000
0.000000	50514.000000
0.000000	50514.000000
0.000000	50514.000000
0.000000	50514.000000
0.000000	50515.000000
0.000000	50515.000000
0.000000	50515.000000
0.000000	50515.000000
0.000000	50515.000000
0.000000	50515.000000
0.000000	50515.000000
0.000000	50515.000000
0.000000	50515.000000
0.000000	50515.000000
0.000000	50515.000000
0.000000	50515.000000
0.000000	50515.000000
0.000000	50515.000000
0.000000	50515.000000
0.000000	50515.000000
0.000000	50515.000000
0.000000	50516.000000
0.000000	50516.000000
0.000000	50516.000000
0.000000	50516.000000
0.000000	50516.000000
0.000000	50516.000000
0.000000	50516.000000
0.000000	50516.000000
0.000000	50516.000000
0.000000	50516.000000
0.000000	50516.000000
0.000000	50516.000000
0.000000	50516.000000
0.000000	50516.000000
0.000000	50516.000000
0.000000	50516.000000
0.000000	50516.000000
0.000000	50517.000000
0.000000	50517.000000
0.000000	50517.000000
0.000000	50517.000000
0.000000	50517.000000
0.000000	50517.000000
0.000000	50517.000000
0.000000	50517.000000
0.000000	50517.000000
0.000000	50517.000000
0.000000	50517.000000
0.000000	50517.000000
0.000000	50517.000000
0.000000	50517.000000
0.000000	50517.000000
0.000000	50517.000000
0.000000	50517.000000
0.000000	50518.000000
0.000000	50518.000000
0.000000	50518.000000
0.000000	50518.000000
0.000000	50518.000000
0.000000	50518.000000
0.000000	50518.000000
0.000000	50518.000000
0.000000	50518.000000
0.000000	50518.000000
0.000000	50518.000000
0.000000	50518.000000
0.000000	50518.000000
0.000000	50518.000000
0.000000	50518.000000
0.000000	50518.000000
0.000000	50518.000000
0.000000	50519.000000
0.000000	50519.000000
0.000000	50519.000000
0.000000	50519.000000
0.000000	50519.000000
0.000000	50519.000000
0.000000	50519.000000
0.000000	50519.000000
0.000000	50519.000000
0.000000	50519.000000
0.000000	50519.000000
0.000000	50519.000000
0.000000	50519.000000
0.000000	50519.000000
0.000000	50519.000000
0.000000	50519.000000
0.000000	50519.000000
0.000000	50520.000000
0.000000	50520.000000
0.000000	50520.000000
0.000000	50520.000000
0.000000	50520.000000
0.000000	50520.000000
0.000000	50520.000000
0.000000	50520.000000
0.000000	50520.000000
0.000000	50520.000000
0.000000	50520.000000
0.000000	50520.000000
0.000000	50520.000000
0.000000	50520.000000
0.000000	50520.000000
0.000000	50520.000000
0.000000	50520.000000
0.000000	50521.000000
0.000000	50521.000000
0.000000	50521.000000
0.000000	50521.000000
0.000000	50521.000000
0.000000	50521.000000
0.000000	50521.000000
0.000000	50521.000000
0.000000	50521.000000
0.000000	50521.000000
0.000000	50521.000000
0.000000	50521.000000
0.000000	50521.000000
0.000000	50521.000000
0.000000	50521.000000
0.000000	50521.000000
0.000000	50521.000000
0.000000	50522.000000
0.000000	50522.000000
0.000000	50522.000000
0.000000	50522.000000
0.000000	50522.000000
0.000000	50522.000000
0.000000	50522.000000
0.000000	50522.000000
0.000000	50522.000000
0.000000	50522.000000
0.000000	50522.000000
0.000000	50522.000000
0.000000	50522.000000
0.000000	50522.000000
0.000000	50522.000000
0.000000	50522.000000
0.000000	50522.000000
0.000000	50523.000000
0.000000	50523.000000
0.000000	50523.000000
0.000000	50523.000000
0.000000	50523.000000
0.000000	50523.000000
0.000000	50523.000000
0.000000	50523.000000
0.000000	50523.000000
0.000000	50523.000000
0.000000	50523.000000
0.000000	50523.000000
0.000000	50523.000000
0.000000	50523.000000
0.000000	50523.000000
0.000000	50523.000000
0.000000	50523.000000
0.000000	50524.000000
0.000000	50524.000000
0.000000	50524.000000
0.000000	50524.000000
0.000000	50524.000000
0.000000	50524.000000
0.000000	50524.000000
0.000000	50524.000000
0.000000	50524.000000
0.000000	50524.000000
0.000000	50524.000000
0.000000	50524.000000
0.000000	50524.000000
0.000000	50524.000000
0.000000	50524.000000
0.000000	50524.000000
0.000000	50524.000000
0.000000	50525.000000
0.000000	50525.000000
0.000000	50525.000000
0.000000	50525.000000
0.000000	50525.000000
0.000000	50525.000000
0.000000	50525.000000
0.000000	50525.000000
0.000000	50525.000000
0.000000	50525.000000
0.000000	50525.000000
0.000000	50525.000000
0.000000	50525.000000
0.000000	50525.000000
0.000000	50525.000000
0.000000	50525.000000
0.000000	50525.000000
0.000000	50526.000000
0.000000	50526.000000
0.000000	50526.000000
0.000000	50526.000000
0.000000	50526.000000
0.000000	50526.000000
0.000000	50526.000000
0.000000	50526.000000
0.000000	50526.000000
0.000000	50526.000000
0.000000	50526.000000
0.000000	50526.000000
0.000000	50526.000000
0.000000	50526.000000
0.000000	50526.000000
0.000000	50526.000000
0.000000	50526.000000
0.000000	50527.000000
0.000000	50527.000000
0.000000	50527.000000
0.000000	50527.000000
0.000000	50527.000000
0.000000	50527.000000
0.000000	50527.000000
0.000000	50527.000000
0.000000	50527.000000
0.000000	50527.000000
0.000000	50527.000000
0.000000	50527.000000
0.000000	50527.000000
0.000000	50527.000000
0.000000	50527.000000
0.000000	50527.000000
0.000000	50527.000000
0.000000	50528.000000
0.000000	50528.000000
0.000000	50528.000000
0.000000	50528.000000
0.000000	50528.000000
0.000000	50528.000000
0.000000	50528.000000
0.000000	50528.000000
0.000000	50528.000000
0.000000	50528.000000
0.000000	50528.000000
0.000000	50528.000000
0.000000	50528.000000
0.000000	50528.000000
0.000000	50528.000000
0.000000	50528.000000
0.000000	50528.000000
0.000000	50528.000000
0.000000	50529.000000
0.000000	50529.000000
0.000000	50529.000000
0.000000	50529.000000
0.000000	50529.000000
0.000000	50529.000000
0.000000	50529.000000
0.000000	50529.000000
0.000000	50529.000000
0.000000	50529.000000
0.000000	50529.000000
0.000000	50529.000000
0.000000	50529.000000
0.000000	50529.000000
0.000000	50529.000000
0.000000	50529.000000
0.000000	50529.000000
0.000000	50530.000000
0.000000	50530.000000
0.000000	50530.000000
0.000000	50530.000000
0.000000	50530.000000
0.000000	50530.000000
0.000000	50530.000000
0.000000	50530.000000
0.000000	50530.000000
0.000000	50530.000000
0.000000	50530.000000
0.000000	50530.000000
0.000000	50530.000000
0.000000	50530.000000
0.000000	50530.000000
0.000000	50530.000000
0.000000	50530.000000
0.000000	50531.000000
0.000000	50531.000000
0.000000	50531.000000
0.000000	50531.000000
0.000000	50531.000000
0.000000	50531.000000
0.000000	50531.000000
0.000000	50531.000000
0.000000	50531.000000
0.000000	50531.000000
0.000000	50531.000000
0.000000	50531.000000
0.000000	50531.000000
0.000000	50531.000000
0.000000	50531.000000
0.000000	50531.000000
0.000000	50531.000000
0.000000	50532.000000
0.000000	50532.000000
0.000000	50532.000000
0.000000	50532.000000
0.000000	50532.000000
0.000000	50532.000000
0.000000	50532.000000
0.000000	50532.000000
0.000000	50532.000000
0.000000	50532.000000
0.000000	50532.000000
0.000000	50532.000000
0.000000	50532.000000
0.000000	50532.000000
0.000000	50532.000000
0.000000	50532.000000
0.000000	50532.000000
0.000000	50533.000000
0.000000	50533.000000
0.000000	50533.000000
0.000000	50533.000000
0.000000	50533.000000
0.000000	50533.000000
0.000000	50533.000000
