0.000000	45633.000000
0.000000	45633.000000
0.000000	45633.000000
0.000000	45633.000000
0.000000	45633.000000
0.000000	45633.000000
0.000000	45633.000000
0.000000	45633.000000
0.000000	45633.000000
0.000000	45634.000000
0.000000	45634.000000
0.000000	45634.000000
0.000000	45634.000000
0.000000	45634.000000
0.000000	45634.000000
0.000000	45634.000000
0.000000	45634.000000
0.000000	45634.000000
0.000000	45634.000000
0.000000	45634.000000
0.000000	45634.000000
0.000000	45634.000000
0.000000	45634.000000
0.000000	45634.000000
0.000000	45634.000000
0.000000	45634.000000
0.000000	45635.000000
0.000000	45635.000000
0.000000	45635.000000
0.000000	45635.000000
0.000000	45635.000000
0.000000	45635.000000
0.000000	45635.000000
0.000000	45635.000000
0.000000	45635.000000
0.000000	45635.000000
0.000000	45635.000000
0.000000	45635.000000
0.000000	45635.000000
0.000000	45635.000000
0.000000	45635.000000
0.000000	45635.000000
0.000000	45635.000000
0.000000	45636.000000
0.000000	45636.000000
0.000000	45636.000000
0.000000	45636.000000
0.000000	45636.000000
0.000000	45636.000000
0.000000	45636.000000
0.000000	45636.000000
0.000000	45636.000000
0.000000	45636.000000
0.000000	45636.000000
0.000000	45636.000000
0.000000	45636.000000
0.000000	45636.000000
0.000000	45636.000000
0.000000	45636.000000
0.000000	45636.000000
0.000000	45637.000000
0.000000	45637.000000
0.000000	45637.000000
0.000000	45637.000000
0.000000	45637.000000
0.000000	45637.000000
0.000000	45637.000000
0.000000	45637.000000
0.000000	45637.000000
0.000000	45637.000000
0.000000	45637.000000
0.000000	45637.000000
0.000000	45637.000000
0.000000	45637.000000
0.000000	45637.000000
0.000000	45637.000000
0.000000	45637.000000
0.000000	45638.000000
0.000000	45638.000000
0.000000	45638.000000
0.000000	45638.000000
0.000000	45638.000000
0.000000	45638.000000
0.000000	45638.000000
0.000000	45638.000000
0.000000	45638.000000
0.000000	45638.000000
0.000000	45638.000000
0.000000	45638.000000
0.000000	45638.000000
0.000000	45638.000000
0.000000	45638.000000
0.000000	45638.000000
0.000000	45638.000000
0.000000	45639.000000
0.000000	45639.000000
0.000000	45639.000000
0.000000	45639.000000
0.000000	45639.000000
0.000000	45639.000000
0.000000	45639.000000
0.000000	45639.000000
0.000000	45639.000000
0.000000	45639.000000
0.000000	45639.000000
0.000000	45639.000000
0.000000	45639.000000
0.000000	45639.000000
0.000000	45639.000000
0.000000	45639.000000
0.000000	45639.000000
0.000000	45640.000000
0.000000	45640.000000
0.000000	45640.000000
0.000000	45640.000000
0.000000	45640.000000
0.000000	45640.000000
0.000000	45640.000000
0.000000	45640.000000
0.000000	45640.000000
0.000000	45640.000000
0.000000	45640.000000
0.000000	45640.000000
0.000000	45640.000000
0.000000	45640.000000
0.000000	45640.000000
0.000000	45640.000000
0.000000	45640.000000
0.000000	45641.000000
0.000000	45641.000000
0.000000	45641.000000
0.000000	45641.000000
0.000000	45641.000000
0.000000	45641.000000
0.000000	45641.000000
0.000000	45641.000000
0.000000	45641.000000
0.000000	45641.000000
0.000000	45641.000000
0.000000	45641.000000
0.000000	45641.000000
0.000000	45641.000000
0.000000	45641.000000
0.000000	45641.000000
0.000000	45641.000000
0.000000	45641.000000
0.000000	45642.000000
0.000000	45642.000000
0.000000	45642.000000
0.000000	45642.000000
0.000000	45642.000000
0.000000	45642.000000
0.000000	45642.000000
0.000000	45642.000000
0.000000	45642.000000
0.000000	45642.000000
0.000000	45642.000000
0.000000	45642.000000
0.000000	45642.000000
0.000000	45642.000000
0.000000	45642.000000
0.000000	45642.000000
0.000000	45642.000000
0.000000	45643.000000
0.000000	45643.000000
0.000000	45643.000000
0.000000	45643.000000
0.000000	45643.000000
0.000000	45643.000000
0.000000	45643.000000
0.000000	45643.000000
0.000000	45643.000000
0.000000	45643.000000
0.000000	45643.000000
0.000000	45643.000000
0.000000	45643.000000
0.000000	45643.000000
0.000000	45643.000000
0.000000	45643.000000
0.000000	45643.000000
0.000000	45644.000000
0.000000	45644.000000
0.000000	45644.000000
0.000000	45644.000000
0.000000	45644.000000
0.000000	45644.000000
0.000000	45644.000000
0.000000	45644.000000
0.000000	45644.000000
0.000000	45644.000000
0.000000	45644.000000
0.000000	45644.000000
0.000000	45644.000000
0.000000	45644.000000
0.000000	45644.000000
0.000000	45644.000000
0.000000	45644.000000
0.000000	45645.000000
0.000000	45645.000000
0.000000	45645.000000
0.000000	45645.000000
0.000000	45645.000000
0.000000	45645.000000
0.000000	45645.000000
0.000000	45645.000000
0.000000	45645.000000
0.000000	45645.000000
0.000000	45645.000000
0.000000	45645.000000
0.000000	45645.000000
0.000000	45645.000000
0.000000	45645.000000
0.000000	45645.000000
0.000000	45645.000000
0.000000	45646.000000
0.000000	45646.000000
0.000000	45646.000000
0.000000	45646.000000
0.000000	45646.000000
0.000000	45646.000000
0.000000	45646.000000
0.000000	45646.000000
0.000000	45646.000000
0.000000	45646.000000
0.000000	45646.000000
0.000000	45646.000000
0.000000	45646.000000
0.000000	45646.000000
0.000000	45646.000000
0.000000	45646.000000
0.000000	45646.000000
0.000000	45647.000000
0.000000	45647.000000
0.000000	45647.000000
0.000000	45647.000000
0.000000	45647.000000
0.000000	45647.000000
0.000000	45647.000000
0.000000	45647.000000
0.000000	45647.000000
0.000000	45647.000000
0.000000	45647.000000
0.000000	45647.000000
0.000000	45647.000000
0.000000	45647.000000
0.000000	45647.000000
0.000000	45647.000000
0.000000	45647.000000
0.000000	45648.000000
0.000000	45648.000000
0.000000	45648.000000
0.000000	45648.000000
0.000000	45648.000000
0.000000	45648.000000
0.000000	45648.000000
0.000000	45648.000000
0.000000	45648.000000
0.000000	45648.000000
0.000000	45648.000000
0.000000	45648.000000
0.000000	45648.000000
0.000000	45648.000000
0.000000	45648.000000
0.000000	45648.000000
0.000000	45648.000000
0.000000	45649.000000
0.000000	45649.000000
0.000000	45649.000000
0.000000	45649.000000
0.000000	45649.000000
0.000000	45649.000000
0.000000	45649.000000
0.000000	45649.000000
0.000000	45649.000000
0.000000	45649.000000
0.000000	45649.000000
0.000000	45649.000000
0.000000	45649.000000
0.000000	45649.000000
0.000000	45649.000000
0.000000	45649.000000
0.000000	45649.000000
0.000000	45650.000000
0.000000	45650.000000
0.000000	45650.000000
0.000000	45650.000000
0.000000	45650.000000
0.000000	45650.000000
0.000000	45650.000000
0.000000	45650.000000
0.000000	45650.000000
0.000000	45650.000000
0.000000	45650.000000
0.000000	45650.000000
0.000000	45650.000000
0.000000	45650.000000
0.000000	45650.000000
0.000000	45650.000000
0.000000	45650.000000
0.000000	45651.000000
0.000000	45651.000000
0.000000	45651.000000
0.000000	45651.000000
0.000000	45651.000000
0.000000	45651.000000
0.000000	45651.000000
0.000000	45651.000000
0.000000	45651.000000
0.000000	45651.000000
0.000000	45651.000000
0.000000	45651.000000
0.000000	45651.000000
0.000000	45651.000000
0.000000	45651.000000
0.000000	45651.000000
0.000000	45651.000000
0.000000	45652.000000
0.000000	45652.000000
0.000000	45652.000000
0.000000	45652.000000
0.000000	45652.000000
0.000000	45652.000000
0.000000	45652.000000
0.000000	45652.000000
0.000000	45652.000000
0.000000	45652.000000
0.000000	45652.000000
0.000000	45652.000000
0.000000	45652.000000
0.000000	45652.000000
0.000000	45652.000000
0.000000	45652.000000
0.000000	45652.000000
0.000000	45653.000000
0.000000	45653.000000
0.000000	45653.000000
0.000000	45653.000000
0.000000	45653.000000
0.000000	45653.000000
0.000000	45653.000000
0.000000	45653.000000
0.000000	45653.000000
0.000000	45653.000000
0.000000	45653.000000
0.000000	45653.000000
0.000000	45653.000000
0.000000	45653.000000
0.000000	45653.000000
0.000000	45653.000000
0.000000	45653.000000
0.000000	45654.000000
0.000000	45654.000000
0.000000	45654.000000
0.000000	45654.000000
0.000000	45654.000000
0.000000	45654.000000
0.000000	45654.000000
0.000000	45654.000000
0.000000	45654.000000
0.000000	45654.000000
0.000000	45654.000000
0.000000	45654.000000
0.000000	45654.000000
0.000000	45654.000000
0.000000	45654.000000
0.000000	45654.000000
0.000000	45654.000000
0.000000	45655.000000
0.000000	45655.000000
0.000000	45655.000000
0.000000	45655.000000
0.000000	45655.000000
0.000000	45655.000000
0.000000	45655.000000
0.000000	45655.000000
0.000000	45655.000000
0.000000	45655.000000
0.000000	45655.000000
0.000000	45655.000000
0.000000	45655.000000
0.000000	45655.000000
0.000000	45655.000000
0.000000	45655.000000
0.000000	45655.000000
0.000000	45656.000000
0.000000	45656.000000
0.000000	45656.000000
0.000000	45656.000000
0.000000	45656.000000
0.000000	45656.000000
0.000000	45656.000000
0.000000	45656.000000
0.000000	45656.000000
0.000000	45656.000000
0.000000	45656.000000
0.000000	45656.000000
0.000000	45656.000000
0.000000	45656.000000
0.000000	45656.000000
0.000000	45656.000000
0.000000	45656.000000
0.000000	45657.000000
0.000000	45657.000000
0.000000	45657.000000
0.000000	45657.000000
0.000000	45657.000000
0.000000	45657.000000
0.000000	45657.000000
0.000000	45657.000000
0.000000	45657.000000
0.000000	45657.000000
0.000000	45657.000000
0.000000	45657.000000
0.000000	45657.000000
0.000000	45657.000000
0.000000	45657.000000
0.000000	45657.000000
0.000000	45657.000000
0.000000	45657.000000
0.000000	45658.000000
0.000000	45658.000000
0.000000	45658.000000
0.000000	45658.000000
0.000000	45658.000000
0.000000	45658.000000
0.000000	45658.000000
0.000000	45658.000000
0.000000	45658.000000
0.000000	45658.000000
0.000000	45658.000000
0.000000	45658.000000
0.000000	45658.000000
0.000000	45658.000000
0.000000	45658.000000
0.000000	45658.000000
0.000000	45658.000000
0.000000	45659.000000
0.000000	45659.000000
0.000000	45659.000000
0.000000	45659.000000
0.000000	45659.000000
0.000000	45659.000000
0.000000	45659.000000
0.000000	45659.000000
0.000000	45659.000000
0.000000	45659.000000
0.000000	45659.000000
0.000000	45659.000000
0.000000	45659.000000
0.000000	45659.000000
0.000000	45659.000000
0.000000	45659.000000
0.000000	45659.000000
0.000000	45700.000000
0.000000	45700.000000
0.000000	45700.000000
0.000000	45700.000000
0.000000	45700.000000
0.000000	45700.000000
0.000000	45700.000000
0.000000	45700.000000
0.000000	45700.000000
0.000000	45700.000000
0.000000	45700.000000
0.000000	45700.000000
0.000000	45700.000000
0.000000	45700.000000
0.000000	45700.000000
0.000000	45700.000000
0.000000	45700.000000
0.000000	45701.000000
0.000000	45701.000000
0.000000	45701.000000
0.000000	45701.000000
0.000000	45701.000000
0.000000	45701.000000
0.000000	45701.000000
0.000000	45701.000000
0.000000	45701.000000
0.000000	45701.000000
0.000000	45701.000000
0.000000	45701.000000
0.000000	45701.000000
0.000000	45701.000000
0.000000	45701.000000
0.000000	45701.000000
0.000000	45701.000000
0.000000	45702.000000
0.000000	45702.000000
0.000000	45702.000000
0.000000	45702.000000
0.000000	45702.000000
0.000000	45702.000000
0.000000	45702.000000
0.000000	45702.000000
0.000000	45702.000000
0.000000	45702.000000
0.000000	45702.000000
0.000000	45702.000000
0.000000	45702.000000
0.000000	45702.000000
0.000000	45702.000000
0.000000	45702.000000
0.000000	45702.000000
0.000000	45703.000000
0.000000	45703.000000
0.000000	45703.000000
0.000000	45703.000000
0.000000	45703.000000
0.000000	45703.000000
0.000000	45703.000000
0.000000	45703.000000
0.000000	45703.000000
0.000000	45703.000000
0.000000	45703.000000
0.000000	45703.000000
0.000000	45703.000000
0.000000	45703.000000
0.000000	45703.000000
0.000000	45703.000000
0.000000	45703.000000
0.000000	45704.000000
0.000000	45704.000000
0.000000	45704.000000
0.000000	45704.000000
0.000000	45704.000000
0.000000	45704.000000
0.000000	45704.000000
0.000000	45704.000000
0.000000	45704.000000
0.000000	45704.000000
0.000000	45704.000000
0.000000	45704.000000
0.000000	45704.000000
0.000000	45704.000000
0.000000	45704.000000
0.000000	45704.000000
0.000000	45704.000000
0.000000	45705.000000
0.000000	45705.000000
0.000000	45705.000000
0.000000	45705.000000
0.000000	45705.000000
0.000000	45705.000000
0.000000	45705.000000
0.000000	45705.000000
0.000000	45705.000000
0.000000	45705.000000
0.000000	45705.000000
0.000000	45705.000000
0.000000	45705.000000
0.000000	45705.000000
0.000000	45705.000000
0.000000	45705.000000
0.000000	45705.000000
0.000000	45706.000000
0.000000	45706.000000
0.000000	45706.000000
0.000000	45706.000000
0.000000	45706.000000
0.000000	45706.000000
0.000000	45706.000000
0.000000	45706.000000
0.000000	45706.000000
0.000000	45706.000000
0.000000	45706.000000
0.000000	45706.000000
0.000000	45706.000000
0.000000	45706.000000
0.000000	45706.000000
0.000000	45706.000000
0.000000	45706.000000
0.000000	45707.000000
0.000000	45707.000000
0.000000	45707.000000
0.000000	45707.000000
0.000000	45707.000000
0.000000	45707.000000
0.000000	45707.000000
0.000000	45707.000000
0.000000	45707.000000
0.000000	45707.000000
0.000000	45707.000000
0.000000	45707.000000
0.000000	45707.000000
0.000000	45707.000000
0.000000	45707.000000
0.000000	45707.000000
0.000000	45707.000000
0.000000	45708.000000
0.000000	45708.000000
0.000000	45708.000000
0.000000	45708.000000
0.000000	45708.000000
0.000000	45708.000000
0.000000	45708.000000
0.000000	45708.000000
0.000000	45708.000000
0.000000	45708.000000
0.000000	45708.000000
0.000000	45708.000000
0.000000	45708.000000
0.000000	45708.000000
0.000000	45708.000000
0.000000	45708.000000
0.000000	45708.000000
0.000000	45709.000000
0.000000	45709.000000
0.000000	45709.000000
0.000000	45709.000000
0.000000	45709.000000
0.000000	45709.000000
0.000000	45709.000000
0.000000	45709.000000
0.000000	45709.000000
0.000000	45709.000000
0.000000	45709.000000
0.000000	45709.000000
0.000000	45709.000000
0.000000	45709.000000
0.000000	45709.000000
0.000000	45709.000000
0.000000	45709.000000
0.000000	45710.000000
0.000000	45710.000000
0.000000	45710.000000
0.000000	45710.000000
0.000000	45710.000000
0.000000	45710.000000
0.000000	45710.000000
0.000000	45710.000000
0.000000	45710.000000
0.000000	45710.000000
0.000000	45710.000000
0.000000	45710.000000
0.000000	45710.000000
0.000000	45710.000000
0.000000	45710.000000
0.000000	45710.000000
0.000000	45710.000000
0.000000	45711.000000
0.000000	45711.000000
0.000000	45711.000000
0.000000	45711.000000
0.000000	45711.000000
0.000000	45711.000000
0.000000	45711.000000
0.000000	45711.000000
0.000000	45711.000000
0.000000	45711.000000
0.000000	45711.000000
0.000000	45711.000000
0.000000	45711.000000
0.000000	45711.000000
0.000000	45711.000000
0.000000	45711.000000
0.000000	45711.000000
0.000000	45712.000000
0.000000	45712.000000
0.000000	45712.000000
0.000000	45712.000000
0.000000	45712.000000
0.000000	45712.000000
0.000000	45712.000000
0.000000	45712.000000
0.000000	45712.000000
0.000000	45712.000000
0.000000	45712.000000
0.000000	45712.000000
0.000000	45712.000000
0.000000	45712.000000
0.000000	45712.000000
0.000000	45712.000000
0.000000	45712.000000
0.000000	45712.000000
0.000000	45713.000000
0.000000	45713.000000
0.000000	45713.000000
0.000000	45713.000000
0.000000	45713.000000
0.000000	45713.000000
0.000000	45713.000000
0.000000	45713.000000
0.000000	45713.000000
0.000000	45713.000000
0.000000	45713.000000
0.000000	45713.000000
0.000000	45713.000000
0.000000	45713.000000
0.000000	45713.000000
0.000000	45713.000000
0.000000	45713.000000
0.000000	45714.000000
0.000000	45714.000000
0.000000	45714.000000
0.000000	45714.000000
0.000000	45714.000000
0.000000	45714.000000
0.000000	45714.000000
0.000000	45714.000000
0.000000	45714.000000
0.000000	45714.000000
0.000000	45714.000000
0.000000	45714.000000
0.000000	45714.000000
0.000000	45714.000000
0.000000	45714.000000
0.000000	45714.000000
0.000000	45714.000000
0.000000	45715.000000
0.000000	45715.000000
0.000000	45715.000000
0.000000	45715.000000
0.000000	45715.000000
0.000000	45715.000000
0.000000	45715.000000
0.000000	45715.000000
0.000000	45715.000000
0.000000	45715.000000
0.000000	45715.000000
0.000000	45715.000000
0.000000	45715.000000
0.000000	45715.000000
0.000000	45715.000000
0.000000	45715.000000
0.000000	45715.000000
0.000000	45716.000000
0.000000	45716.000000
0.000000	45716.000000
0.000000	45716.000000
0.000000	45716.000000
0.000000	45716.000000
0.000000	45716.000000
0.000000	45716.000000
0.000000	45716.000000
0.000000	45716.000000
0.000000	45716.000000
0.000000	45716.000000
0.000000	45716.000000
0.000000	45716.000000
0.000000	45716.000000
0.000000	45716.000000
0.000000	45716.000000
0.000000	45717.000000
0.000000	45717.000000
0.000000	45717.000000
0.000000	45717.000000
0.000000	45717.000000
0.000000	45717.000000
0.000000	45717.000000
0.000000	45717.000000
0.000000	45717.000000
0.000000	45717.000000
0.000000	45717.000000
0.000000	45717.000000
0.000000	45717.000000
0.000000	45717.000000
0.000000	45717.000000
0.000000	45717.000000
0.000000	45717.000000
0.000000	45718.000000
0.000000	45718.000000
0.000000	45718.000000
0.000000	45718.000000
0.000000	45718.000000
0.000000	45718.000000
0.000000	45718.000000
0.000000	45718.000000
0.000000	45718.000000
0.000000	45718.000000
0.000000	45718.000000
0.000000	45718.000000
0.000000	45718.000000
0.000000	45718.000000
0.000000	45718.000000
0.000000	45718.000000
0.000000	45718.000000
0.000000	45719.000000
0.000000	45719.000000
0.000000	45719.000000
0.000000	45719.000000
0.000000	45719.000000
0.000000	45719.000000
0.000000	45719.000000
0.000000	45719.000000
0.000000	45719.000000
0.000000	45719.000000
0.000000	45719.000000
0.000000	45719.000000
0.000000	45719.000000
0.000000	45719.000000
0.000000	45719.000000
0.000000	45719.000000
0.000000	45719.000000
0.000000	45720.000000
0.000000	45720.000000
0.000000	45720.000000
0.000000	45720.000000
0.000000	45720.000000
0.000000	45720.000000
0.000000	45720.000000
0.000000	45720.000000
0.000000	45720.000000
0.000000	45720.000000
0.000000	45720.000000
0.000000	45720.000000
0.000000	45720.000000
0.000000	45720.000000
0.000000	45720.000000
0.000000	45720.000000
0.000000	45720.000000
0.000000	45721.000000
0.000000	45721.000000
0.000000	45721.000000
0.000000	45721.000000
0.000000	45721.000000
0.000000	45721.000000
0.000000	45721.000000
0.000000	45721.000000
0.000000	45721.000000
0.000000	45721.000000
0.000000	45721.000000
0.000000	45721.000000
0.000000	45721.000000
0.000000	45721.000000
0.000000	45721.000000
0.000000	45721.000000
0.000000	45721.000000
0.000000	45722.000000
0.000000	45722.000000
0.000000	45722.000000
0.000000	45722.000000
0.000000	45722.000000
0.000000	45722.000000
0.000000	45722.000000
0.000000	45722.000000
0.000000	45722.000000
0.000000	45722.000000
0.000000	45722.000000
0.000000	45722.000000
0.000000	45722.000000
0.000000	45722.000000
0.000000	45722.000000
0.000000	45722.000000
0.000000	45722.000000
0.000000	45723.000000
0.000000	45723.000000
0.000000	45723.000000
0.000000	45723.000000
0.000000	45723.000000
0.000000	45723.000000
0.000000	45723.000000
0.000000	45723.000000
0.000000	45723.000000
0.000000	45723.000000
0.000000	45723.000000
0.000000	45723.000000
0.000000	45723.000000
0.000000	45723.000000
0.000000	45723.000000
0.000000	45723.000000
0.000000	45723.000000
0.000000	45724.000000
0.000000	45724.000000
0.000000	45724.000000
0.000000	45724.000000
0.000000	45724.000000
0.000000	45724.000000
0.000000	45724.000000
0.000000	45724.000000
0.000000	45724.000000
0.000000	45724.000000
0.000000	45724.000000
0.000000	45724.000000
0.000000	45724.000000
0.000000	45724.000000
0.000000	45724.000000
0.000000	45724.000000
0.000000	45724.000000
0.000000	45725.000000
0.000000	45725.000000
0.000000	45725.000000
0.000000	45725.000000
0.000000	45725.000000
0.000000	45725.000000
0.000000	45725.000000
0.000000	45725.000000
0.000000	45725.000000
0.000000	45725.000000
0.000000	45725.000000
0.000000	45725.000000
0.000000	45725.000000
0.000000	45725.000000
0.000000	45725.000000
0.000000	45725.000000
0.000000	45725.000000
0.000000	45726.000000
0.000000	45726.000000
0.000000	45726.000000
0.000000	45726.000000
0.000000	45726.000000
0.000000	45726.000000
0.000000	45726.000000
0.000000	45726.000000
0.000000	45726.000000
0.000000	45726.000000
0.000000	45726.000000
0.000000	45726.000000
0.000000	45726.000000
0.000000	45726.000000
0.000000	45726.000000
0.000000	45726.000000
0.000000	45726.000000
0.000000	45727.000000
0.000000	45727.000000
0.000000	45727.000000
0.000000	45727.000000
0.000000	45727.000000
0.000000	45727.000000
0.000000	45727.000000
0.000000	45727.000000
0.000000	45727.000000
0.000000	45727.000000
0.000000	45727.000000
0.000000	45727.000000
0.000000	45727.000000
0.000000	45727.000000
0.000000	45727.000000
0.000000	45727.000000
0.000000	45727.000000
0.000000	45727.000000
0.000000	45728.000000
0.000000	45728.000000
0.000000	45728.000000
0.000000	45728.000000
0.000000	45728.000000
0.000000	45728.000000
0.000000	45728.000000
0.000000	45728.000000
0.000000	45728.000000
0.000000	45728.000000
0.000000	45728.000000
0.000000	45728.000000
0.000000	45728.000000
0.000000	45728.000000
0.000000	45728.000000
0.000000	45728.000000
0.000000	45728.000000
0.000000	45729.000000
0.000000	45729.000000
0.000000	45729.000000
0.000000	45729.000000
0.000000	45729.000000
0.000000	45729.000000
0.000000	45729.000000
0.000000	45729.000000
0.000000	45729.000000
0.000000	45729.000000
0.000000	45729.000000
0.000000	45729.000000
0.000000	45729.000000
0.000000	45729.000000
0.000000	45729.000000
0.000000	45729.000000
0.000000	45729.000000
0.000000	45730.000000
0.000000	45730.000000
0.000000	45730.000000
0.000000	45730.000000
0.000000	45730.000000
0.000000	45730.000000
0.000000	45730.000000
0.000000	45730.000000
0.000000	45730.000000
0.000000	45730.000000
0.000000	45730.000000
0.000000	45730.000000
0.000000	45730.000000
0.000000	45730.000000
0.000000	45730.000000
0.000000	45730.000000
0.000000	45730.000000
0.000000	45731.000000
0.000000	45731.000000
0.000000	45731.000000
0.000000	45731.000000
0.000000	45731.000000
0.000000	45731.000000
0.000000	45731.000000
0.000000	45731.000000
0.000000	45731.000000
0.000000	45731.000000
0.000000	45731.000000
0.000000	45731.000000
0.000000	45731.000000
0.000000	45731.000000
0.000000	45731.000000
0.000000	45731.000000
0.000000	45731.000000
0.000000	45732.000000
0.000000	45732.000000
0.000000	45732.000000
0.000000	45732.000000
0.000000	45732.000000
0.000000	45732.000000
0.000000	45732.000000
0.000000	45732.000000
0.000000	45732.000000
0.000000	45732.000000
0.000000	45732.000000
0.000000	45732.000000
0.000000	45732.000000
0.000000	45732.000000
0.000000	45732.000000
0.000000	45732.000000
0.000000	45732.000000
0.000000	45733.000000
0.000000	45733.000000
0.000000	45733.000000
0.000000	45733.000000
0.000000	45733.000000
0.000000	45733.000000
0.000000	45733.000000
0.000000	45733.000000
0.000000	45733.000000
0.000000	45733.000000
0.000000	45733.000000
0.000000	45733.000000
0.000000	45733.000000
0.000000	45733.000000
0.000000	45733.000000
0.000000	45733.000000
0.000000	45733.000000
0.000000	45734.000000
0.000000	45734.000000
0.000000	45734.000000
0.000000	45734.000000
0.000000	45734.000000
0.000000	45734.000000
0.000000	45734.000000
0.000000	45734.000000
0.000000	45734.000000
0.000000	45734.000000
0.000000	45734.000000
0.000000	45734.000000
0.000000	45734.000000
0.000000	45734.000000
0.000000	45734.000000
0.000000	45734.000000
0.000000	45734.000000
0.000000	45735.000000
0.000000	45735.000000
0.000000	45735.000000
0.000000	45735.000000
0.000000	45735.000000
0.000000	45735.000000
0.000000	45735.000000
0.000000	45735.000000
0.000000	45735.000000
0.000000	45735.000000
0.000000	45735.000000
0.000000	45735.000000
0.000000	45735.000000
0.000000	45735.000000
0.000000	45735.000000
0.000000	45735.000000
0.000000	45735.000000
0.000000	45736.000000
0.000000	45736.000000
0.000000	45736.000000
0.000000	45736.000000
0.000000	45736.000000
0.000000	45736.000000
0.000000	45736.000000
0.000000	45736.000000
0.000000	45736.000000
0.000000	45736.000000
0.000000	45736.000000
0.000000	45736.000000
0.000000	45736.000000
0.000000	45736.000000
0.000000	45736.000000
0.000000	45736.000000
0.000000	45736.000000
0.000000	45737.000000
0.000000	45737.000000
0.000000	45737.000000
0.000000	45737.000000
0.000000	45737.000000
0.000000	45737.000000
0.000000	45737.000000
0.000000	45737.000000
0.000000	45737.000000
0.000000	45737.000000
0.000000	45737.000000
0.000000	45737.000000
0.000000	45737.000000
0.000000	45737.000000
0.000000	45737.000000
0.000000	45737.000000
0.000000	45737.000000
0.000000	45738.000000
0.000000	45738.000000
0.000000	45738.000000
0.000000	45738.000000
0.000000	45738.000000
0.000000	45738.000000
0.000000	45738.000000
0.000000	45738.000000
0.000000	45738.000000
0.000000	45738.000000
0.000000	45738.000000
0.000000	45738.000000
0.000000	45738.000000
0.000000	45738.000000
0.000000	45738.000000
0.000000	45738.000000
0.000000	45738.000000
0.000000	45739.000000
0.000000	45739.000000
0.000000	45739.000000
0.000000	45739.000000
0.000000	45739.000000
0.000000	45739.000000
0.000000	45739.000000
0.000000	45739.000000
0.000000	45739.000000
0.000000	45739.000000
0.000000	45739.000000
0.000000	45739.000000
0.000000	45739.000000
0.000000	45739.000000
0.000000	45739.000000
0.000000	45739.000000
0.000000	45739.000000
0.000000	45740.000000
0.000000	45740.000000
0.000000	45740.000000
0.000000	45740.000000
0.000000	45740.000000
0.000000	45740.000000
0.000000	45740.000000
0.000000	45740.000000
0.000000	45740.000000
0.000000	45740.000000
0.000000	45740.000000
0.000000	45740.000000
0.000000	45740.000000
0.000000	45740.000000
0.000000	45740.000000
0.000000	45740.000000
0.000000	45740.000000
0.000000	45741.000000
0.000000	45741.000000
0.000000	45741.000000
0.000000	45741.000000
0.000000	45741.000000
0.000000	45741.000000
0.000000	45741.000000
0.000000	45741.000000
0.000000	45741.000000
0.000000	45741.000000
0.000000	45741.000000
0.000000	45741.000000
0.000000	45741.000000
0.000000	45741.000000
0.000000	45741.000000
0.000000	45741.000000
0.000000	45741.000000
0.000000	45742.000000
0.000000	45742.000000
0.000000	45742.000000
0.000000	45742.000000
0.000000	45742.000000
0.000000	45742.000000
0.000000	45742.000000
0.000000	45742.000000
0.000000	45742.000000
0.000000	45742.000000
0.000000	45742.000000
0.000000	45742.000000
0.000000	45742.000000
0.000000	45742.000000
0.000000	45742.000000
0.000000	45742.000000
0.000000	45742.000000
0.000000	45742.000000
0.000000	45743.000000
0.000000	45743.000000
0.000000	45743.000000
0.000000	45743.000000
0.000000	45743.000000
0.000000	45743.000000
0.000000	45743.000000
0.000000	45743.000000
0.000000	45743.000000
0.000000	45743.000000
0.000000	45743.000000
0.000000	45743.000000
0.000000	45743.000000
0.000000	45743.000000
0.000000	45743.000000
0.000000	45743.000000
0.000000	45743.000000
0.000000	45744.000000
0.000000	45744.000000
0.000000	45744.000000
0.000000	45744.000000
0.000000	45744.000000
0.000000	45744.000000
0.000000	45744.000000
0.000000	45744.000000
0.000000	45744.000000
0.000000	45744.000000
0.000000	45744.000000
0.000000	45744.000000
0.000000	45744.000000
0.000000	45744.000000
0.000000	45744.000000
0.000000	45744.000000
0.000000	45744.000000
0.000000	45745.000000
0.000000	45745.000000
0.000000	45745.000000
0.000000	45745.000000
0.000000	45745.000000
0.000000	45745.000000
0.000000	45745.000000
0.000000	45745.000000
0.000000	45745.000000
0.000000	45745.000000
0.000000	45745.000000
0.000000	45745.000000
0.000000	45745.000000
0.000000	45745.000000
0.000000	45745.000000
0.000000	45745.000000
0.000000	45745.000000
0.000000	45746.000000
0.000000	45746.000000
0.000000	45746.000000
0.000000	45746.000000
0.000000	45746.000000
0.000000	45746.000000
0.000000	45746.000000
0.000000	45746.000000
0.000000	45746.000000
0.000000	45746.000000
0.000000	45746.000000
0.000000	45746.000000
0.000000	45746.000000
0.000000	45746.000000
0.000000	45746.000000
0.000000	45746.000000
0.000000	45746.000000
0.000000	45747.000000
0.000000	45747.000000
0.000000	45747.000000
0.000000	45747.000000
0.000000	45747.000000
0.000000	45747.000000
0.000000	45747.000000
0.000000	45747.000000
0.000000	45747.000000
0.000000	45747.000000
0.000000	45747.000000
0.000000	45747.000000
0.000000	45747.000000
0.000000	45747.000000
0.000000	45747.000000
0.000000	45747.000000
0.000000	45747.000000
0.000000	45748.000000
0.000000	45748.000000
0.000000	45748.000000
0.000000	45748.000000
0.000000	45748.000000
0.000000	45748.000000
0.000000	45748.000000
0.000000	45748.000000
0.000000	45748.000000
0.000000	45748.000000
0.000000	45748.000000
0.000000	45748.000000
0.000000	45748.000000
0.000000	45748.000000
0.000000	45748.000000
0.000000	45748.000000
0.000000	45748.000000
0.000000	45749.000000
0.000000	45749.000000
0.000000	45749.000000
0.000000	45749.000000
0.000000	45749.000000
0.000000	45749.000000
0.000000	45749.000000
0.000000	45749.000000
0.000000	45749.000000
0.000000	45749.000000
0.000000	45749.000000
0.000000	45749.000000
0.000000	45749.000000
0.000000	45749.000000
0.000000	45749.000000
0.000000	45749.000000
0.000000	45749.000000
0.000000	45750.000000
0.000000	45750.000000
0.000000	45750.000000
0.000000	45750.000000
0.000000	45750.000000
0.000000	45750.000000
0.000000	45750.000000
0.000000	45750.000000
0.000000	45750.000000
0.000000	45750.000000
0.000000	45750.000000
0.000000	45750.000000
0.000000	45750.000000
0.000000	45750.000000
0.000000	45750.000000
0.000000	45750.000000
0.000000	45750.000000
0.000000	45751.000000
0.000000	45751.000000
0.000000	45751.000000
0.000000	45751.000000
0.000000	45751.000000
0.000000	45751.000000
0.000000	45751.000000
0.000000	45751.000000
0.000000	45751.000000
0.000000	45751.000000
0.000000	45751.000000
0.000000	45751.000000
0.000000	45751.000000
0.000000	45751.000000
0.000000	45751.000000
0.000000	45751.000000
0.000000	45751.000000
0.000000	45752.000000
0.000000	45752.000000
0.000000	45752.000000
0.000000	45752.000000
0.000000	45752.000000
0.000000	45752.000000
0.000000	45752.000000
0.000000	45752.000000
0.000000	45752.000000
0.000000	45752.000000
0.000000	45752.000000
0.000000	45752.000000
0.000000	45752.000000
0.000000	45752.000000
0.000000	45752.000000
0.000000	45752.000000
0.000000	45752.000000
0.000000	45753.000000
0.000000	45753.000000
0.000000	45753.000000
0.000000	45753.000000
0.000000	45753.000000
0.000000	45753.000000
0.000000	45753.000000
0.000000	45753.000000
0.000000	45753.000000
0.000000	45753.000000
0.000000	45753.000000
0.000000	45753.000000
0.000000	45753.000000
0.000000	45753.000000
0.000000	45753.000000
0.000000	45753.000000
0.000000	45753.000000
0.000000	45754.000000
0.000000	45754.000000
0.000000	45754.000000
0.000000	45754.000000
0.000000	45754.000000
0.000000	45754.000000
0.000000	45754.000000
0.000000	45754.000000
0.000000	45754.000000
0.000000	45754.000000
0.000000	45754.000000
0.000000	45754.000000
0.000000	45754.000000
0.000000	45754.000000
0.000000	45754.000000
0.000000	45754.000000
0.000000	45754.000000
0.000000	45755.000000
0.000000	45755.000000
0.000000	45755.000000
0.000000	45755.000000
0.000000	45755.000000
0.000000	45755.000000
0.000000	45755.000000
0.000000	45755.000000
0.000000	45755.000000
0.000000	45755.000000
0.000000	45755.000000
0.000000	45755.000000
0.000000	45755.000000
0.000000	45755.000000
0.000000	45755.000000
0.000000	45755.000000
0.000000	45755.000000
0.000000	45756.000000
0.000000	45756.000000
0.000000	45756.000000
0.000000	45756.000000
0.000000	45756.000000
0.000000	45756.000000
0.000000	45756.000000
0.000000	45756.000000
0.000000	45756.000000
0.000000	45756.000000
0.000000	45756.000000
0.000000	45756.000000
0.000000	45756.000000
0.000000	45756.000000
0.000000	45756.000000
0.000000	45756.000000
0.000000	45756.000000
0.000000	45756.000000
0.000000	45757.000000
0.000000	45757.000000
0.000000	45757.000000
0.000000	45757.000000
0.000000	45757.000000
0.000000	45757.000000
0.000000	45757.000000
0.000000	45757.000000
0.000000	45757.000000
0.000000	45757.000000
0.000000	45757.000000
0.000000	45757.000000
0.000000	45757.000000
0.000000	45757.000000
0.000000	45757.000000
0.000000	45757.000000
0.000000	45757.000000
0.000000	45758.000000
0.000000	45758.000000
0.000000	45758.000000
0.000000	45758.000000
0.000000	45758.000000
0.000000	45758.000000
0.000000	45758.000000
0.000000	45758.000000
0.000000	45758.000000
0.000000	45758.000000
0.000000	45758.000000
0.000000	45758.000000
0.000000	45758.000000
0.000000	45758.000000
0.000000	45758.000000
0.000000	45758.000000
0.000000	45758.000000
0.000000	45759.000000
0.000000	45759.000000
0.000000	45759.000000
0.000000	45759.000000
0.000000	45759.000000
0.000000	45759.000000
0.000000	45759.000000
0.000000	45759.000000
0.000000	45759.000000
0.000000	45759.000000
0.000000	45759.000000
0.000000	45759.000000
0.000000	45759.000000
0.000000	45759.000000
0.000000	45759.000000
0.000000	45759.000000
0.000000	45759.000000
0.000000	45800.000000
0.000000	45800.000000
0.000000	45800.000000
0.000000	45800.000000
0.000000	45800.000000
0.000000	45800.000000
0.000000	45800.000000
0.000000	45800.000000
0.000000	45800.000000
0.000000	45800.000000
0.000000	45800.000000
0.000000	45800.000000
0.000000	45800.000000
0.000000	45800.000000
0.000000	45800.000000
0.000000	45800.000000
0.000000	45800.000000
0.000000	45801.000000
0.000000	45801.000000
0.000000	45801.000000
0.000000	45801.000000
0.000000	45801.000000
0.000000	45801.000000
0.000000	45801.000000
0.000000	45801.000000
0.000000	45801.000000
0.000000	45801.000000
0.000000	45801.000000
0.000000	45801.000000
0.000000	45801.000000
0.000000	45801.000000
0.000000	45801.000000
0.000000	45801.000000
0.000000	45801.000000
0.000000	45802.000000
0.000000	45802.000000
0.000000	45802.000000
0.000000	45802.000000
0.000000	45802.000000
0.000000	45802.000000
0.000000	45802.000000
0.000000	45802.000000
0.000000	45802.000000
0.000000	45802.000000
0.000000	45802.000000
0.000000	45802.000000
0.000000	45802.000000
0.000000	45802.000000
0.000000	45802.000000
0.000000	45802.000000
0.000000	45802.000000
0.000000	45803.000000
0.000000	45803.000000
0.000000	45803.000000
0.000000	45803.000000
0.000000	45803.000000
0.000000	45803.000000
0.000000	45803.000000
0.000000	45803.000000
0.000000	45803.000000
0.000000	45803.000000
0.000000	45803.000000
0.000000	45803.000000
0.000000	45803.000000
0.000000	45803.000000
0.000000	45803.000000
0.000000	45803.000000
0.000000	45803.000000
0.000000	45804.000000
0.000000	45804.000000
0.000000	45804.000000
0.000000	45804.000000
0.000000	45804.000000
0.000000	45804.000000
0.000000	45804.000000
0.000000	45804.000000
0.000000	45804.000000
0.000000	45804.000000
0.000000	45804.000000
0.000000	45804.000000
0.000000	45804.000000
0.000000	45804.000000
0.000000	45804.000000
0.000000	45804.000000
0.000000	45804.000000
0.000000	45805.000000
0.000000	45805.000000
0.000000	45805.000000
0.000000	45805.000000
0.000000	45805.000000
0.000000	45805.000000
0.000000	45805.000000
0.000000	45805.000000
0.000000	45805.000000
0.000000	45805.000000
0.000000	45805.000000
0.000000	45805.000000
0.000000	45805.000000
0.000000	45805.000000
0.000000	45805.000000
0.000000	45805.000000
0.000000	45805.000000
0.000000	45806.000000
0.000000	45806.000000
0.000000	45806.000000
0.000000	45806.000000
0.000000	45806.000000
0.000000	45806.000000
0.000000	45806.000000
0.000000	45806.000000
0.000000	45806.000000
0.000000	45806.000000
0.000000	45806.000000
0.000000	45806.000000
0.000000	45806.000000
0.000000	45806.000000
0.000000	45806.000000
0.000000	45806.000000
0.000000	45806.000000
0.000000	45807.000000
0.000000	45807.000000
0.000000	45807.000000
0.000000	45807.000000
0.000000	45807.000000
0.000000	45807.000000
0.000000	45807.000000
0.000000	45807.000000
0.000000	45807.000000
0.000000	45807.000000
0.000000	45807.000000
0.000000	45807.000000
0.000000	45807.000000
0.000000	45807.000000
0.000000	45807.000000
0.000000	45807.000000
0.000000	45807.000000
0.000000	45808.000000
0.000000	45808.000000
0.000000	45808.000000
0.000000	45808.000000
0.000000	45808.000000
0.000000	45808.000000
0.000000	45808.000000
0.000000	45808.000000
0.000000	45808.000000
0.000000	45808.000000
0.000000	45808.000000
0.000000	45808.000000
0.000000	45808.000000
0.000000	45808.000000
0.000000	45808.000000
0.000000	45808.000000
0.000000	45808.000000
0.000000	45809.000000
0.000000	45809.000000
0.000000	45809.000000
0.000000	45809.000000
0.000000	45809.000000
0.000000	45809.000000
0.000000	45809.000000
0.000000	45809.000000
0.000000	45809.000000
0.000000	45809.000000
0.000000	45809.000000
0.000000	45809.000000
0.000000	45809.000000
0.000000	45809.000000
0.000000	45809.000000
0.000000	45809.000000
0.000000	45809.000000
0.000000	45810.000000
0.000000	45810.000000
0.000000	45810.000000
0.000000	45810.000000
0.000000	45810.000000
0.000000	45810.000000
0.000000	45810.000000
0.000000	45810.000000
0.000000	45810.000000
0.000000	45810.000000
0.000000	45810.000000
0.000000	45810.000000
0.000000	45810.000000
0.000000	45810.000000
0.000000	45810.000000
0.000000	45810.000000
0.000000	45810.000000
0.000000	45811.000000
0.000000	45811.000000
0.000000	45811.000000
0.000000	45811.000000
0.000000	45811.000000
0.000000	45811.000000
0.000000	45811.000000
0.000000	45811.000000
0.000000	45811.000000
0.000000	45811.000000
0.000000	45811.000000
0.000000	45811.000000
0.000000	45811.000000
0.000000	45811.000000
0.000000	45811.000000
0.000000	45811.000000
0.000000	45811.000000
0.000000	45812.000000
0.000000	45812.000000
0.000000	45812.000000
0.000000	45812.000000
0.000000	45812.000000
0.000000	45812.000000
0.000000	45812.000000
0.000000	45812.000000
0.000000	45812.000000
0.000000	45812.000000
0.000000	45812.000000
0.000000	45812.000000
0.000000	45812.000000
0.000000	45812.000000
0.000000	45812.000000
0.000000	45812.000000
0.000000	45812.000000
0.000000	45813.000000
0.000000	45813.000000
0.000000	45813.000000
0.000000	45813.000000
0.000000	45813.000000
0.000000	45813.000000
0.000000	45813.000000
0.000000	45813.000000
0.000000	45813.000000
0.000000	45813.000000
0.000000	45813.000000
0.000000	45813.000000
0.000000	45813.000000
0.000000	45813.000000
0.000000	45813.000000
0.000000	45813.000000
0.000000	45813.000000
0.000000	45813.000000
0.000000	45814.000000
0.000000	45814.000000
0.000000	45814.000000
0.000000	45814.000000
0.000000	45814.000000
0.000000	45814.000000
0.000000	45814.000000
0.000000	45814.000000
0.000000	45814.000000
0.000000	45814.000000
0.000000	45814.000000
0.000000	45814.000000
0.000000	45814.000000
0.000000	45814.000000
0.000000	45814.000000
0.000000	45814.000000
0.000000	45814.000000
0.000000	45815.000000
0.000000	45815.000000
0.000000	45815.000000
0.000000	45815.000000
0.000000	45815.000000
0.000000	45815.000000
0.000000	45815.000000
0.000000	45815.000000
0.000000	45815.000000
0.000000	45815.000000
0.000000	45815.000000
0.000000	45815.000000
0.000000	45815.000000
0.000000	45815.000000
0.000000	45815.000000
0.000000	45815.000000
0.000000	45815.000000
0.000000	45816.000000
0.000000	45816.000000
0.000000	45816.000000
0.000000	45816.000000
0.000000	45816.000000
0.000000	45816.000000
0.000000	45816.000000
0.000000	45816.000000
0.000000	45816.000000
0.000000	45816.000000
0.000000	45816.000000
0.000000	45816.000000
0.000000	45816.000000
0.000000	45816.000000
0.000000	45816.000000
0.000000	45816.000000
0.000000	45816.000000
0.000000	45817.000000
0.000000	45817.000000
0.000000	45817.000000
0.000000	45817.000000
0.000000	45817.000000
0.000000	45817.000000
0.000000	45817.000000
0.000000	45817.000000
0.000000	45817.000000
0.000000	45817.000000
0.000000	45817.000000
0.000000	45817.000000
0.000000	45817.000000
0.000000	45817.000000
0.000000	45817.000000
0.000000	45817.000000
0.000000	45817.000000
0.000000	45818.000000
0.000000	45818.000000
0.000000	45818.000000
0.000000	45818.000000
0.000000	45818.000000
0.000000	45818.000000
0.000000	45818.000000
0.000000	45818.000000
0.000000	45818.000000
0.000000	45818.000000
0.000000	45818.000000
0.000000	45818.000000
0.000000	45818.000000
0.000000	45818.000000
0.000000	45818.000000
0.000000	45818.000000
0.000000	45818.000000
0.000000	45819.000000
0.000000	45819.000000
0.000000	45819.000000
0.000000	45819.000000
0.000000	45819.000000
0.000000	45819.000000
0.000000	45819.000000
0.000000	45819.000000
0.000000	45819.000000
0.000000	45819.000000
0.000000	45819.000000
0.000000	45819.000000
0.000000	45819.000000
0.000000	45819.000000
0.000000	45819.000000
0.000000	45819.000000
0.000000	45819.000000
0.000000	45820.000000
0.000000	45820.000000
0.000000	45820.000000
0.000000	45820.000000
0.000000	45820.000000
0.000000	45820.000000
0.000000	45820.000000
0.000000	45820.000000
0.000000	45820.000000
0.000000	45820.000000
0.000000	45820.000000
0.000000	45820.000000
0.000000	45820.000000
0.000000	45820.000000
0.000000	45820.000000
0.000000	45820.000000
0.000000	45820.000000
0.000000	45821.000000
0.000000	45821.000000
0.000000	45821.000000
0.000000	45821.000000
0.000000	45821.000000
0.000000	45821.000000
0.000000	45821.000000
0.000000	45821.000000
0.000000	45821.000000
0.000000	45821.000000
0.000000	45821.000000
0.000000	45821.000000
0.000000	45821.000000
0.000000	45821.000000
0.000000	45821.000000
0.000000	45821.000000
0.000000	45821.000000
0.000000	45822.000000
0.000000	45822.000000
0.000000	45822.000000
0.000000	45822.000000
0.000000	45822.000000
0.000000	45822.000000
0.000000	45822.000000
0.000000	45822.000000
0.000000	45822.000000
0.000000	45822.000000
0.000000	45822.000000
0.000000	45822.000000
0.000000	45822.000000
0.000000	45822.000000
0.000000	45822.000000
0.000000	45822.000000
0.000000	45822.000000
0.000000	45823.000000
0.000000	45823.000000
0.000000	45823.000000
0.000000	45823.000000
0.000000	45823.000000
0.000000	45823.000000
0.000000	45823.000000
0.000000	45823.000000
0.000000	45823.000000
0.000000	45823.000000
0.000000	45823.000000
0.000000	45823.000000
0.000000	45823.000000
0.000000	45823.000000
0.000000	45823.000000
0.000000	45823.000000
0.000000	45823.000000
0.000000	45824.000000
0.000000	45824.000000
0.000000	45824.000000
0.000000	45824.000000
0.000000	45824.000000
0.000000	45824.000000
0.000000	45824.000000
0.000000	45824.000000
0.000000	45824.000000
0.000000	45824.000000
0.000000	45824.000000
0.000000	45824.000000
0.000000	45824.000000
0.000000	45824.000000
0.000000	45824.000000
0.000000	45824.000000
0.000000	45824.000000
0.000000	45825.000000
0.000000	45825.000000
0.000000	45825.000000
0.000000	45825.000000
0.000000	45825.000000
0.000000	45825.000000
0.000000	45825.000000
0.000000	45825.000000
0.000000	45825.000000
0.000000	45825.000000
0.000000	45825.000000
0.000000	45825.000000
0.000000	45825.000000
0.000000	45825.000000
0.000000	45825.000000
0.000000	45825.000000
0.000000	45825.000000
0.000000	45826.000000
0.000000	45826.000000
0.000000	45826.000000
0.000000	45826.000000
0.000000	45826.000000
0.000000	45826.000000
0.000000	45826.000000
0.000000	45826.000000
0.000000	45826.000000
0.000000	45826.000000
0.000000	45826.000000
0.000000	45826.000000
0.000000	45826.000000
0.000000	45826.000000
0.000000	45826.000000
0.000000	45826.000000
0.000000	45826.000000
0.000000	45826.000000
0.000000	45827.000000
0.000000	45827.000000
0.000000	45827.000000
0.000000	45827.000000
0.000000	45827.000000
0.000000	45827.000000
0.000000	45827.000000
0.000000	45827.000000
0.000000	45827.000000
0.000000	45827.000000
0.000000	45827.000000
0.000000	45827.000000
0.000000	45827.000000
0.000000	45827.000000
0.000000	45827.000000
0.000000	45827.000000
0.000000	45827.000000
0.000000	45828.000000
0.000000	45828.000000
0.000000	45828.000000
0.000000	45828.000000
0.000000	45828.000000
0.000000	45828.000000
0.000000	45828.000000
0.000000	45828.000000
0.000000	45828.000000
0.000000	45828.000000
0.000000	45828.000000
0.000000	45828.000000
0.000000	45828.000000
0.000000	45828.000000
0.000000	45828.000000
0.000000	45828.000000
0.000000	45828.000000
0.000000	45829.000000
0.000000	45829.000000
0.000000	45829.000000
0.000000	45829.000000
0.000000	45829.000000
0.000000	45829.000000
0.000000	45829.000000
0.000000	45829.000000
0.000000	45829.000000
0.000000	45829.000000
0.000000	45829.000000
0.000000	45829.000000
0.000000	45829.000000
0.000000	45829.000000
0.000000	45829.000000
0.000000	45829.000000
0.000000	45829.000000
0.000000	45830.000000
0.000000	45830.000000
0.000000	45830.000000
0.000000	45830.000000
0.000000	45830.000000
0.000000	45830.000000
0.000000	45830.000000
0.000000	45830.000000
0.000000	45830.000000
0.000000	45830.000000
0.000000	45830.000000
0.000000	45830.000000
0.000000	45830.000000
0.000000	45830.000000
0.000000	45830.000000
0.000000	45830.000000
0.000000	45830.000000
0.000000	45831.000000
0.000000	45831.000000
0.000000	45831.000000
0.000000	45831.000000
0.000000	45831.000000
0.000000	45831.000000
0.000000	45831.000000
0.000000	45831.000000
0.000000	45831.000000
0.000000	45831.000000
0.000000	45831.000000
0.000000	45831.000000
0.000000	45831.000000
0.000000	45831.000000
0.000000	45831.000000
0.000000	45831.000000
0.000000	45831.000000
0.000000	45832.000000
0.000000	45832.000000
0.000000	45832.000000
0.000000	45832.000000
0.000000	45832.000000
0.000000	45832.000000
0.000000	45832.000000
0.000000	45832.000000
0.000000	45832.000000
0.000000	45832.000000
0.000000	45832.000000
0.000000	45832.000000
0.000000	45832.000000
0.000000	45832.000000
0.000000	45832.000000
0.000000	45832.000000
0.000000	45832.000000
0.000000	45833.000000
0.000000	45833.000000
0.000000	45833.000000
0.000000	45833.000000
0.000000	45833.000000
0.000000	45833.000000
0.000000	45833.000000
0.000000	45833.000000
0.000000	45833.000000
0.000000	45833.000000
0.000000	45833.000000
0.000000	45833.000000
0.000000	45833.000000
0.000000	45833.000000
0.000000	45833.000000
0.000000	45833.000000
0.000000	45833.000000
0.000000	45834.000000
0.000000	45834.000000
0.000000	45834.000000
0.000000	45834.000000
0.000000	45834.000000
0.000000	45834.000000
0.000000	45834.000000
0.000000	45834.000000
0.000000	45834.000000
0.000000	45834.000000
0.000000	45834.000000
0.000000	45834.000000
0.000000	45834.000000
0.000000	45834.000000
0.000000	45834.000000
0.000000	45834.000000
0.000000	45834.000000
0.000000	45835.000000
0.000000	45835.000000
0.000000	45835.000000
0.000000	45835.000000
0.000000	45835.000000
0.000000	45835.000000
0.000000	45835.000000
0.000000	45835.000000
0.000000	45835.000000
0.000000	45835.000000
0.000000	45835.000000
0.000000	45835.000000
0.000000	45835.000000
0.000000	45835.000000
0.000000	45835.000000
0.000000	45835.000000
0.000000	45835.000000
0.000000	45836.000000
0.000000	45836.000000
0.000000	45836.000000
0.000000	45836.000000
0.000000	45836.000000
0.000000	45836.000000
0.000000	45836.000000
0.000000	45836.000000
0.000000	45836.000000
0.000000	45836.000000
0.000000	45836.000000
0.000000	45836.000000
0.000000	45836.000000
0.000000	45836.000000
0.000000	45836.000000
0.000000	45836.000000
0.000000	45836.000000
0.000000	45837.000000
0.000000	45837.000000
0.000000	45837.000000
0.000000	45837.000000
0.000000	45837.000000
0.000000	45837.000000
0.000000	45837.000000
0.000000	45837.000000
0.000000	45837.000000
0.000000	45837.000000
0.000000	45837.000000
0.000000	45837.000000
0.000000	45837.000000
0.000000	45837.000000
0.000000	45837.000000
0.000000	45837.000000
0.000000	45837.000000
0.000000	45838.000000
0.000000	45838.000000
0.000000	45838.000000
0.000000	45838.000000
0.000000	45838.000000
0.000000	45838.000000
0.000000	45838.000000
0.000000	45838.000000
0.000000	45838.000000
0.000000	45838.000000
0.000000	45838.000000
0.000000	45838.000000
0.000000	45838.000000
0.000000	45838.000000
0.000000	45838.000000
0.000000	45838.000000
0.000000	45838.000000
0.000000	45839.000000
0.000000	45839.000000
0.000000	45839.000000
0.000000	45839.000000
0.000000	45839.000000
0.000000	45839.000000
0.000000	45839.000000
0.000000	45839.000000
0.000000	45839.000000
0.000000	45839.000000
0.000000	45839.000000
0.000000	45839.000000
0.000000	45839.000000
0.000000	45839.000000
0.000000	45839.000000
0.000000	45839.000000
0.000000	45839.000000
0.000000	45840.000000
0.000000	45840.000000
0.000000	45840.000000
0.000000	45840.000000
0.000000	45840.000000
0.000000	45840.000000
0.000000	45840.000000
0.000000	45840.000000
0.000000	45840.000000
0.000000	45840.000000
0.000000	45840.000000
0.000000	45840.000000
0.000000	45840.000000
0.000000	45840.000000
0.000000	45840.000000
0.000000	45840.000000
0.000000	45840.000000
0.000000	45841.000000
0.000000	45841.000000
0.000000	45841.000000
0.000000	45841.000000
0.000000	45841.000000
0.000000	45841.000000
0.000000	45841.000000
0.000000	45841.000000
0.000000	45841.000000
0.000000	45841.000000
0.000000	45841.000000
0.000000	45841.000000
0.000000	45841.000000
0.000000	45841.000000
0.000000	45841.000000
0.000000	45841.000000
0.000000	45841.000000
0.000000	45842.000000
0.000000	45842.000000
0.000000	45842.000000
0.000000	45842.000000
0.000000	45842.000000
0.000000	45842.000000
0.000000	45842.000000
0.000000	45842.000000
0.000000	45842.000000
0.000000	45842.000000
0.000000	45842.000000
0.000000	45842.000000
0.000000	45842.000000
0.000000	45842.000000
0.000000	45842.000000
0.000000	45842.000000
0.000000	45842.000000
0.000000	45842.000000
0.000000	45843.000000
0.000000	45843.000000
0.000000	45843.000000
0.000000	45843.000000
0.000000	45843.000000
0.000000	45843.000000
0.000000	45843.000000
0.000000	45843.000000
0.000000	45843.000000
0.000000	45843.000000
0.000000	45843.000000
0.000000	45843.000000
0.000000	45843.000000
0.000000	45843.000000
0.000000	45843.000000
0.000000	45843.000000
0.000000	45843.000000
0.000000	45844.000000
0.000000	45844.000000
0.000000	45844.000000
0.000000	45844.000000
0.000000	45844.000000
0.000000	45844.000000
0.000000	45844.000000
0.000000	45844.000000
0.000000	45844.000000
0.000000	45844.000000
0.000000	45844.000000
0.000000	45844.000000
0.000000	45844.000000
0.000000	45844.000000
0.000000	45844.000000
0.000000	45844.000000
0.000000	45844.000000
0.000000	45845.000000
0.000000	45845.000000
0.000000	45845.000000
0.000000	45845.000000
0.000000	45845.000000
0.000000	45845.000000
0.000000	45845.000000
0.000000	45845.000000
0.000000	45845.000000
0.000000	45845.000000
0.000000	45845.000000
0.000000	45845.000000
0.000000	45845.000000
0.000000	45845.000000
0.000000	45845.000000
0.000000	45845.000000
0.000000	45845.000000
0.000000	45846.000000
0.000000	45846.000000
0.000000	45846.000000
0.000000	45846.000000
0.000000	45846.000000
0.000000	45846.000000
0.000000	45846.000000
0.000000	45846.000000
0.000000	45846.000000
0.000000	45846.000000
0.000000	45846.000000
0.000000	45846.000000
0.000000	45846.000000
0.000000	45846.000000
0.000000	45846.000000
0.000000	45846.000000
0.000000	45846.000000
0.000000	45847.000000
0.000000	45847.000000
0.000000	45847.000000
0.000000	45847.000000
0.000000	45847.000000
0.000000	45847.000000
0.000000	45847.000000
0.000000	45847.000000
0.000000	45847.000000
0.000000	45847.000000
0.000000	45847.000000
0.000000	45847.000000
0.000000	45847.000000
0.000000	45847.000000
0.000000	45847.000000
0.000000	45847.000000
0.000000	45847.000000
0.000000	45848.000000
0.000000	45848.000000
0.000000	45848.000000
0.000000	45848.000000
0.000000	45848.000000
0.000000	45848.000000
0.000000	45848.000000
0.000000	45848.000000
0.000000	45848.000000
0.000000	45848.000000
0.000000	45848.000000
0.000000	45848.000000
0.000000	45848.000000
0.000000	45848.000000
0.000000	45848.000000
0.000000	45848.000000
0.000000	45848.000000
0.000000	45849.000000
0.000000	45849.000000
0.000000	45849.000000
0.000000	45849.000000
0.000000	45849.000000
0.000000	45849.000000
0.000000	45849.000000
0.000000	45849.000000
0.000000	45849.000000
0.000000	45849.000000
0.000000	45849.000000
0.000000	45849.000000
0.000000	45849.000000
0.000000	45849.000000
0.000000	45849.000000
0.000000	45849.000000
0.000000	45849.000000
0.000000	45850.000000
0.000000	45850.000000
0.000000	45850.000000
0.000000	45850.000000
0.000000	45850.000000
0.000000	45850.000000
0.000000	45850.000000
0.000000	45850.000000
0.000000	45850.000000
0.000000	45850.000000
0.000000	45850.000000
0.000000	45850.000000
0.000000	45850.000000
0.000000	45850.000000
0.000000	45850.000000
0.000000	45850.000000
0.000000	45850.000000
0.000000	45851.000000
0.000000	45851.000000
0.000000	45851.000000
0.000000	45851.000000
0.000000	45851.000000
0.000000	45851.000000
0.000000	45851.000000
0.000000	45851.000000
0.000000	45851.000000
0.000000	45851.000000
0.000000	45851.000000
0.000000	45851.000000
0.000000	45851.000000
0.000000	45851.000000
0.000000	45851.000000
0.000000	45851.000000
0.000000	45851.000000
0.000000	45852.000000
0.000000	45852.000000
0.000000	45852.000000
0.000000	45852.000000
0.000000	45852.000000
0.000000	45852.000000
0.000000	45852.000000
0.000000	45852.000000
0.000000	45852.000000
0.000000	45852.000000
0.000000	45852.000000
0.000000	45852.000000
0.000000	45852.000000
0.000000	45852.000000
0.000000	45852.000000
0.000000	45852.000000
0.000000	45852.000000
0.000000	45853.000000
0.000000	45853.000000
0.000000	45853.000000
0.000000	45853.000000
0.000000	45853.000000
0.000000	45853.000000
0.000000	45853.000000
0.000000	45853.000000
0.000000	45853.000000
0.000000	45853.000000
0.000000	45853.000000
0.000000	45853.000000
0.000000	45853.000000
0.000000	45853.000000
0.000000	45853.000000
0.000000	45853.000000
0.000000	45853.000000
0.000000	45854.000000
0.000000	45854.000000
0.000000	45854.000000
0.000000	45854.000000
0.000000	45854.000000
0.000000	45854.000000
0.000000	45854.000000
0.000000	45854.000000
0.000000	45854.000000
0.000000	45854.000000
0.000000	45854.000000
0.000000	45854.000000
0.000000	45854.000000
0.000000	45854.000000
0.000000	45854.000000
0.000000	45854.000000
0.000000	45854.000000
0.000000	45855.000000
0.000000	45855.000000
0.000000	45855.000000
0.000000	45855.000000
0.000000	45855.000000
0.000000	45855.000000
0.000000	45855.000000
0.000000	45855.000000
0.000000	45855.000000
0.000000	45855.000000
0.000000	45855.000000
0.000000	45855.000000
0.000000	45855.000000
0.000000	45855.000000
0.000000	45855.000000
0.000000	45855.000000
0.000000	45855.000000
0.000000	45856.000000
0.000000	45856.000000
0.000000	45856.000000
0.000000	45856.000000
0.000000	45856.000000
0.000000	45856.000000
0.000000	45856.000000
0.000000	45856.000000
0.000000	45856.000000
0.000000	45856.000000
0.000000	45856.000000
0.000000	45856.000000
0.000000	45856.000000
0.000000	45856.000000
0.000000	45856.000000
0.000000	45856.000000
0.000000	45856.000000
0.000000	45857.000000
0.000000	45857.000000
0.000000	45857.000000
0.000000	45857.000000
0.000000	45857.000000
0.000000	45857.000000
0.000000	45857.000000
0.000000	45857.000000
0.000000	45857.000000
0.000000	45857.000000
0.000000	45857.000000
0.000000	45857.000000
0.000000	45857.000000
0.000000	45857.000000
0.000000	45857.000000
0.000000	45857.000000
0.000000	45857.000000
0.000000	45857.000000
0.000000	45858.000000
0.000000	45858.000000
0.000000	45858.000000
0.000000	45858.000000
0.000000	45858.000000
0.000000	45858.000000
0.000000	45858.000000
0.000000	45858.000000
0.000000	45858.000000
0.000000	45858.000000
0.000000	45858.000000
0.000000	45858.000000
0.000000	45858.000000
0.000000	45858.000000
0.000000	45858.000000
0.000000	45858.000000
0.000000	45858.000000
0.000000	45859.000000
0.000000	45859.000000
0.000000	45859.000000
0.000000	45859.000000
0.000000	45859.000000
0.000000	45859.000000
0.000000	45859.000000
0.000000	45859.000000
0.000000	45859.000000
0.000000	45859.000000
0.000000	45859.000000
0.000000	45859.000000
0.000000	45859.000000
0.000000	45859.000000
0.000000	45859.000000
0.000000	45859.000000
0.000000	45859.000000
0.000000	45900.000000
0.000000	45900.000000
0.000000	45900.000000
0.000000	45900.000000
0.000000	45900.000000
0.000000	45900.000000
0.000000	45900.000000
0.000000	45900.000000
0.000000	45900.000000
0.000000	45900.000000
0.000000	45900.000000
0.000000	45900.000000
0.000000	45900.000000
0.000000	45900.000000
0.000000	45900.000000
0.000000	45900.000000
0.000000	45900.000000
0.000000	45901.000000
0.000000	45901.000000
0.000000	45901.000000
0.000000	45901.000000
0.000000	45901.000000
0.000000	45901.000000
0.000000	45901.000000
0.000000	45901.000000
0.000000	45901.000000
0.000000	45901.000000
0.000000	45901.000000
0.000000	45901.000000
0.000000	45901.000000
0.000000	45901.000000
0.000000	45901.000000
0.000000	45901.000000
0.000000	45901.000000
0.000000	45902.000000
0.000000	45902.000000
0.000000	45902.000000
0.000000	45902.000000
0.000000	45902.000000
0.000000	45902.000000
0.000000	45902.000000
0.000000	45902.000000
0.000000	45902.000000
0.000000	45902.000000
0.000000	45902.000000
0.000000	45902.000000
0.000000	45902.000000
0.000000	45902.000000
0.000000	45902.000000
0.000000	45902.000000
0.000000	45902.000000
0.000000	45903.000000
0.000000	45903.000000
0.000000	45903.000000
0.000000	45903.000000
0.000000	45903.000000
0.000000	45903.000000
0.000000	45903.000000
0.000000	45903.000000
0.000000	45903.000000
0.000000	45903.000000
0.000000	45903.000000
0.000000	45903.000000
0.000000	45903.000000
0.000000	45903.000000
0.000000	45903.000000
0.000000	45903.000000
0.000000	45903.000000
0.000000	45904.000000
0.000000	45904.000000
0.000000	45904.000000
0.000000	45904.000000
0.000000	45904.000000
0.000000	45904.000000
0.000000	45904.000000
0.000000	45904.000000
0.000000	45904.000000
0.000000	45904.000000
0.000000	45904.000000
0.000000	45904.000000
0.000000	45904.000000
0.000000	45904.000000
0.000000	45904.000000
0.000000	45904.000000
0.000000	45904.000000
0.000000	45905.000000
0.000000	45905.000000
0.000000	45905.000000
0.000000	45905.000000
0.000000	45905.000000
0.000000	45905.000000
0.000000	45905.000000
0.000000	45905.000000
0.000000	45905.000000
0.000000	45905.000000
0.000000	45905.000000
0.000000	45905.000000
0.000000	45905.000000
0.000000	45905.000000
0.000000	45905.000000
0.000000	45905.000000
0.000000	45905.000000
0.000000	45906.000000
0.000000	45906.000000
0.000000	45906.000000
0.000000	45906.000000
0.000000	45906.000000
0.000000	45906.000000
0.000000	45906.000000
0.000000	45906.000000
0.000000	45906.000000
0.000000	45906.000000
0.000000	45906.000000
0.000000	45906.000000
0.000000	45906.000000
0.000000	45906.000000
0.000000	45906.000000
0.000000	45906.000000
0.000000	45906.000000
0.000000	45907.000000
0.000000	45907.000000
0.000000	45907.000000
0.000000	45907.000000
0.000000	45907.000000
0.000000	45907.000000
0.000000	45907.000000
0.000000	45907.000000
0.000000	45907.000000
0.000000	45907.000000
0.000000	45907.000000
0.000000	45907.000000
0.000000	45907.000000
0.000000	45907.000000
0.000000	45907.000000
0.000000	45907.000000
0.000000	45907.000000
0.000000	45908.000000
0.000000	45908.000000
0.000000	45908.000000
0.000000	45908.000000
0.000000	45908.000000
0.000000	45908.000000
0.000000	45908.000000
0.000000	45908.000000
0.000000	45908.000000
0.000000	45908.000000
0.000000	45908.000000
0.000000	45908.000000
0.000000	45908.000000
0.000000	45908.000000
0.000000	45908.000000
0.000000	45908.000000
0.000000	45908.000000
0.000000	45909.000000
0.000000	45909.000000
0.000000	45909.000000
0.000000	45909.000000
0.000000	45909.000000
0.000000	45909.000000
0.000000	45909.000000
0.000000	45909.000000
0.000000	45909.000000
0.000000	45909.000000
0.000000	45909.000000
0.000000	45909.000000
0.000000	45909.000000
0.000000	45909.000000
0.000000	45909.000000
0.000000	45909.000000
0.000000	45909.000000
0.000000	45910.000000
0.000000	45910.000000
0.000000	45910.000000
0.000000	45910.000000
0.000000	45910.000000
0.000000	45910.000000
0.000000	45910.000000
0.000000	45910.000000
0.000000	45910.000000
0.000000	45910.000000
0.000000	45910.000000
0.000000	45910.000000
0.000000	45910.000000
0.000000	45910.000000
0.000000	45910.000000
0.000000	45910.000000
0.000000	45910.000000
0.000000	45911.000000
0.000000	45911.000000
0.000000	45911.000000
0.000000	45911.000000
0.000000	45911.000000
0.000000	45911.000000
0.000000	45911.000000
0.000000	45911.000000
0.000000	45911.000000
0.000000	45911.000000
0.000000	45911.000000
0.000000	45911.000000
0.000000	45911.000000
0.000000	45911.000000
0.000000	45911.000000
0.000000	45911.000000
0.000000	45911.000000
0.000000	45912.000000
0.000000	45912.000000
0.000000	45912.000000
0.000000	45912.000000
0.000000	45912.000000
0.000000	45912.000000
0.000000	45912.000000
0.000000	45912.000000
0.000000	45912.000000
0.000000	45912.000000
0.000000	45912.000000
0.000000	45912.000000
0.000000	45912.000000
0.000000	45912.000000
0.000000	45912.000000
0.000000	45912.000000
0.000000	45912.000000
0.000000	45912.000000
0.000000	45913.000000
0.000000	45913.000000
0.000000	45913.000000
0.000000	45913.000000
0.000000	45913.000000
0.000000	45913.000000
0.000000	45913.000000
0.000000	45913.000000
0.000000	45913.000000
0.000000	45913.000000
0.000000	45913.000000
0.000000	45913.000000
0.000000	45913.000000
0.000000	45913.000000
0.000000	45913.000000
0.000000	45913.000000
0.000000	45913.000000
0.000000	45914.000000
0.000000	45914.000000
0.000000	45914.000000
0.000000	45914.000000
0.000000	45914.000000
0.000000	45914.000000
0.000000	45914.000000
0.000000	45914.000000
0.000000	45914.000000
0.000000	45914.000000
0.000000	45914.000000
0.000000	45914.000000
0.000000	45914.000000
0.000000	45914.000000
0.000000	45914.000000
0.000000	45914.000000
0.000000	45914.000000
0.000000	45915.000000
0.000000	45915.000000
0.000000	45915.000000
0.000000	45915.000000
0.000000	45915.000000
0.000000	45915.000000
0.000000	45915.000000
0.000000	45915.000000
0.000000	45915.000000
0.000000	45915.000000
0.000000	45915.000000
0.000000	45915.000000
0.000000	45915.000000
0.000000	45915.000000
0.000000	45915.000000
0.000000	45915.000000
0.000000	45915.000000
0.000000	45916.000000
0.000000	45916.000000
0.000000	45916.000000
0.000000	45916.000000
0.000000	45916.000000
0.000000	45916.000000
0.000000	45916.000000
0.000000	45916.000000
0.000000	45916.000000
0.000000	45916.000000
0.000000	45916.000000
0.000000	45916.000000
0.000000	45916.000000
0.000000	45916.000000
0.000000	45916.000000
0.000000	45916.000000
0.000000	45916.000000
0.000000	45917.000000
0.000000	45917.000000
0.000000	45917.000000
0.000000	45917.000000
0.000000	45917.000000
0.000000	45917.000000
0.000000	45917.000000
0.000000	45917.000000
0.000000	45917.000000
0.000000	45917.000000
0.000000	45917.000000
0.000000	45917.000000
0.000000	45917.000000
0.000000	45917.000000
0.000000	45917.000000
0.000000	45917.000000
0.000000	45917.000000
0.000000	45918.000000
0.000000	45918.000000
0.000000	45918.000000
0.000000	45918.000000
0.000000	45918.000000
0.000000	45918.000000
0.000000	45918.000000
0.000000	45918.000000
0.000000	45918.000000
0.000000	45918.000000
0.000000	45918.000000
0.000000	45918.000000
0.000000	45918.000000
0.000000	45918.000000
0.000000	45918.000000
0.000000	45918.000000
0.000000	45918.000000
0.000000	45919.000000
0.000000	45919.000000
0.000000	45919.000000
0.000000	45919.000000
0.000000	45919.000000
0.000000	45919.000000
0.000000	45919.000000
0.000000	45919.000000
0.000000	45919.000000
0.000000	45919.000000
0.000000	45919.000000
0.000000	45919.000000
0.000000	45919.000000
0.000000	45919.000000
0.000000	45919.000000
0.000000	45919.000000
0.000000	45919.000000
0.000000	45920.000000
0.000000	45920.000000
0.000000	45920.000000
0.000000	45920.000000
0.000000	45920.000000
0.000000	45920.000000
0.000000	45920.000000
0.000000	45920.000000
0.000000	45920.000000
0.000000	45920.000000
0.000000	45920.000000
0.000000	45920.000000
0.000000	45920.000000
0.000000	45920.000000
0.000000	45920.000000
0.000000	45920.000000
0.000000	45920.000000
0.000000	45921.000000
0.000000	45921.000000
0.000000	45921.000000
0.000000	45921.000000
0.000000	45921.000000
0.000000	45921.000000
0.000000	45921.000000
0.000000	45921.000000
0.000000	45921.000000
0.000000	45921.000000
0.000000	45921.000000
0.000000	45921.000000
0.000000	45921.000000
0.000000	45921.000000
0.000000	45921.000000
0.000000	45921.000000
0.000000	45921.000000
0.000000	45922.000000
0.000000	45922.000000
0.000000	45922.000000
0.000000	45922.000000
0.000000	45922.000000
0.000000	45922.000000
0.000000	45922.000000
0.000000	45922.000000
0.000000	45922.000000
0.000000	45922.000000
0.000000	45922.000000
0.000000	45922.000000
0.000000	45922.000000
0.000000	45922.000000
0.000000	45922.000000
0.000000	45922.000000
0.000000	45922.000000
0.000000	45923.000000
0.000000	45923.000000
0.000000	45923.000000
0.000000	45923.000000
0.000000	45923.000000
0.000000	45923.000000
0.000000	45923.000000
0.000000	45923.000000
0.000000	45923.000000
0.000000	45923.000000
0.000000	45923.000000
0.000000	45923.000000
0.000000	45923.000000
0.000000	45923.000000
0.000000	45923.000000
0.000000	45923.000000
0.000000	45923.000000
0.000000	45924.000000
0.000000	45924.000000
0.000000	45924.000000
0.000000	45924.000000
0.000000	45924.000000
0.000000	45924.000000
0.000000	45924.000000
0.000000	45924.000000
0.000000	45924.000000
0.000000	45924.000000
0.000000	45924.000000
0.000000	45924.000000
0.000000	45924.000000
0.000000	45924.000000
0.000000	45924.000000
0.000000	45924.000000
0.000000	45924.000000
0.000000	45925.000000
0.000000	45925.000000
0.000000	45925.000000
0.000000	45925.000000
0.000000	45925.000000
0.000000	45925.000000
0.000000	45925.000000
0.000000	45925.000000
0.000000	45925.000000
0.000000	45925.000000
0.000000	45925.000000
0.000000	45925.000000
0.000000	45925.000000
0.000000	45925.000000
0.000000	45925.000000
0.000000	45925.000000
0.000000	45925.000000
0.000000	45926.000000
0.000000	45926.000000
0.000000	45926.000000
0.000000	45926.000000
0.000000	45926.000000
0.000000	45926.000000
0.000000	45926.000000
0.000000	45926.000000
0.000000	45926.000000
0.000000	45926.000000
0.000000	45926.000000
0.000000	45926.000000
0.000000	45926.000000
0.000000	45926.000000
0.000000	45926.000000
0.000000	45926.000000
0.000000	45926.000000
0.000000	45927.000000
0.000000	45927.000000
0.000000	45927.000000
0.000000	45927.000000
0.000000	45927.000000
0.000000	45927.000000
0.000000	45927.000000
0.000000	45927.000000
0.000000	45927.000000
0.000000	45927.000000
0.000000	45927.000000
0.000000	45927.000000
0.000000	45927.000000
0.000000	45927.000000
0.000000	45927.000000
0.000000	45927.000000
0.000000	45927.000000
0.000000	45927.000000
0.000000	45928.000000
0.000000	45928.000000
0.000000	45928.000000
0.000000	45928.000000
0.000000	45928.000000
0.000000	45928.000000
0.000000	45928.000000
0.000000	45928.000000
0.000000	45928.000000
0.000000	45928.000000
0.000000	45928.000000
0.000000	45928.000000
0.000000	45928.000000
0.000000	45928.000000
0.000000	45928.000000
0.000000	45928.000000
0.000000	45928.000000
0.000000	45929.000000
0.000000	45929.000000
0.000000	45929.000000
0.000000	45929.000000
0.000000	45929.000000
0.000000	45929.000000
0.000000	45929.000000
0.000000	45929.000000
0.000000	45929.000000
0.000000	45929.000000
0.000000	45929.000000
0.000000	45929.000000
0.000000	45929.000000
0.000000	45929.000000
0.000000	45929.000000
0.000000	45929.000000
0.000000	45929.000000
0.000000	45930.000000
0.000000	45930.000000
0.000000	45930.000000
0.000000	45930.000000
0.000000	45930.000000
0.000000	45930.000000
0.000000	45930.000000
0.000000	45930.000000
0.000000	45930.000000
0.000000	45930.000000
0.000000	45930.000000
0.000000	45930.000000
0.000000	45930.000000
0.000000	45930.000000
0.000000	45930.000000
0.000000	45930.000000
0.000000	45930.000000
0.000000	45931.000000
0.000000	45931.000000
0.000000	45931.000000
0.000000	45931.000000
0.000000	45931.000000
0.000000	45931.000000
0.000000	45931.000000
0.000000	45931.000000
0.000000	45931.000000
0.000000	45931.000000
0.000000	45931.000000
0.000000	45931.000000
0.000000	45931.000000
0.000000	45931.000000
0.000000	45931.000000
0.000000	45931.000000
0.000000	45931.000000
0.000000	45932.000000
0.000000	45932.000000
0.000000	45932.000000
0.000000	45932.000000
0.000000	45932.000000
0.000000	45932.000000
0.000000	45932.000000
0.000000	45932.000000
0.000000	45932.000000
0.000000	45932.000000
0.000000	45932.000000
0.000000	45932.000000
0.000000	45932.000000
0.000000	45932.000000
0.000000	45932.000000
0.000000	45932.000000
0.000000	45932.000000
0.000000	45933.000000
0.000000	45933.000000
0.000000	45933.000000
0.000000	45933.000000
0.000000	45933.000000
0.000000	45933.000000
0.000000	45933.000000
