0.000000	45333.000000
0.000000	45333.000000
0.000000	45333.000000
0.000000	45333.000000
0.000000	45333.000000
0.000000	45333.000000
0.000000	45333.000000
0.000000	45333.000000
0.000000	45333.000000
0.000000	45334.000000
0.000000	45334.000000
0.000000	45334.000000
0.000000	45334.000000
0.000000	45334.000000
0.000000	45334.000000
0.000000	45334.000000
0.000000	45334.000000
0.000000	45334.000000
0.000000	45334.000000
0.000000	45334.000000
0.000000	45334.000000
0.000000	45334.000000
0.000000	45334.000000
0.000000	45334.000000
0.000000	45334.000000
0.000000	45334.000000
0.000000	45335.000000
0.000000	45335.000000
0.000000	45335.000000
0.000000	45335.000000
0.000000	45335.000000
0.000000	45335.000000
0.000000	45335.000000
0.000000	45335.000000
0.000000	45335.000000
0.000000	45335.000000
0.000000	45335.000000
0.000000	45335.000000
0.000000	45335.000000
0.000000	45335.000000
0.000000	45335.000000
0.000000	45335.000000
0.000000	45335.000000
0.000000	45336.000000
0.000000	45336.000000
0.000000	45336.000000
0.000000	45336.000000
0.000000	45336.000000
0.000000	45336.000000
0.000000	45336.000000
0.000000	45336.000000
0.000000	45336.000000
0.000000	45336.000000
0.000000	45336.000000
0.000000	45336.000000
0.000000	45336.000000
0.000000	45336.000000
0.000000	45336.000000
0.000000	45336.000000
0.000000	45336.000000
0.000000	45337.000000
0.000000	45337.000000
0.000000	45337.000000
0.000000	45337.000000
0.000000	45337.000000
0.000000	45337.000000
0.000000	45337.000000
0.000000	45337.000000
0.000000	45337.000000
0.000000	45337.000000
0.000000	45337.000000
0.000000	45337.000000
0.000000	45337.000000
0.000000	45337.000000
0.000000	45337.000000
0.000000	45337.000000
0.000000	45337.000000
0.000000	45338.000000
0.000000	45338.000000
0.000000	45338.000000
0.000000	45338.000000
0.000000	45338.000000
0.000000	45338.000000
0.000000	45338.000000
0.000000	45338.000000
0.000000	45338.000000
0.000000	45338.000000
0.000000	45338.000000
0.000000	45338.000000
0.000000	45338.000000
0.000000	45338.000000
0.000000	45338.000000
0.000000	45338.000000
0.000000	45338.000000
0.000000	45339.000000
0.000000	45339.000000
0.000000	45339.000000
0.000000	45339.000000
0.000000	45339.000000
0.000000	45339.000000
0.000000	45339.000000
0.000000	45339.000000
0.000000	45339.000000
0.000000	45339.000000
0.000000	45339.000000
0.000000	45339.000000
0.000000	45339.000000
0.000000	45339.000000
0.000000	45339.000000
0.000000	45339.000000
0.000000	45339.000000
0.000000	45340.000000
0.000000	45340.000000
0.000000	45340.000000
0.000000	45340.000000
0.000000	45340.000000
0.000000	45340.000000
0.000000	45340.000000
0.000000	45340.000000
0.000000	45340.000000
0.000000	45340.000000
0.000000	45340.000000
0.000000	45340.000000
0.000000	45340.000000
0.000000	45340.000000
0.000000	45340.000000
0.000000	45340.000000
0.000000	45340.000000
0.000000	45340.000000
0.000000	45341.000000
0.000000	45341.000000
0.000000	45341.000000
0.000000	45341.000000
0.000000	45341.000000
0.000000	45341.000000
0.000000	45341.000000
0.000000	45341.000000
0.000000	45341.000000
0.000000	45341.000000
0.000000	45341.000000
0.000000	45341.000000
0.000000	45341.000000
0.000000	45341.000000
0.000000	45341.000000
0.000000	45341.000000
0.000000	45342.000000
0.000000	45342.000000
0.000000	45342.000000
0.000000	45342.000000
0.000000	45342.000000
0.000000	45342.000000
0.000000	45342.000000
0.000000	45342.000000
0.000000	45342.000000
0.000000	45342.000000
0.000000	45342.000000
0.000000	45342.000000
0.000000	45342.000000
0.000000	45342.000000
0.000000	45342.000000
0.000000	45342.000000
0.000000	45342.000000
0.000000	45342.000000
0.000000	45343.000000
0.000000	45343.000000
0.000000	45343.000000
0.000000	45343.000000
0.000000	45343.000000
0.000000	45343.000000
0.000000	45343.000000
0.000000	45343.000000
0.000000	45343.000000
0.000000	45343.000000
0.000000	45343.000000
0.000000	45343.000000
0.000000	45343.000000
0.000000	45343.000000
0.000000	45343.000000
0.000000	45343.000000
0.000000	45343.000000
0.000000	45344.000000
0.000000	45344.000000
0.000000	45344.000000
0.000000	45344.000000
0.000000	45344.000000
0.000000	45344.000000
0.000000	45344.000000
0.000000	45344.000000
0.000000	45344.000000
0.000000	45344.000000
0.000000	45344.000000
0.000000	45344.000000
0.000000	45344.000000
0.000000	45344.000000
0.000000	45344.000000
0.000000	45344.000000
0.000000	45344.000000
0.000000	45345.000000
0.000000	45345.000000
0.000000	45345.000000
0.000000	45345.000000
0.000000	45345.000000
0.000000	45345.000000
0.000000	45345.000000
0.000000	45345.000000
0.000000	45345.000000
0.000000	45345.000000
0.000000	45345.000000
0.000000	45345.000000
0.000000	45345.000000
0.000000	45345.000000
0.000000	45345.000000
0.000000	45345.000000
0.000000	45345.000000
0.000000	45346.000000
0.000000	45346.000000
0.000000	45346.000000
0.000000	45346.000000
0.000000	45346.000000
0.000000	45346.000000
0.000000	45346.000000
0.000000	45346.000000
0.000000	45346.000000
0.000000	45346.000000
0.000000	45346.000000
0.000000	45346.000000
0.000000	45346.000000
0.000000	45346.000000
0.000000	45346.000000
0.000000	45346.000000
0.000000	45346.000000
0.000000	45347.000000
0.000000	45347.000000
0.000000	45347.000000
0.000000	45347.000000
0.000000	45347.000000
0.000000	45347.000000
0.000000	45347.000000
0.000000	45347.000000
0.000000	45347.000000
0.000000	45347.000000
0.000000	45347.000000
0.000000	45347.000000
0.000000	45347.000000
0.000000	45347.000000
0.000000	45347.000000
0.000000	45347.000000
0.000000	45347.000000
0.000000	45348.000000
0.000000	45348.000000
0.000000	45348.000000
0.000000	45348.000000
0.000000	45348.000000
0.000000	45348.000000
0.000000	45348.000000
0.000000	45348.000000
0.000000	45348.000000
0.000000	45348.000000
0.000000	45348.000000
0.000000	45348.000000
0.000000	45348.000000
0.000000	45348.000000
0.000000	45348.000000
0.000000	45348.000000
0.000000	45348.000000
0.000000	45349.000000
0.000000	45349.000000
0.000000	45349.000000
0.000000	45349.000000
0.000000	45349.000000
0.000000	45349.000000
0.000000	45349.000000
0.000000	45349.000000
0.000000	45349.000000
0.000000	45349.000000
0.000000	45349.000000
0.000000	45349.000000
0.000000	45349.000000
0.000000	45349.000000
0.000000	45349.000000
0.000000	45349.000000
0.000000	45349.000000
0.000000	45350.000000
0.000000	45350.000000
0.000000	45350.000000
0.000000	45350.000000
0.000000	45350.000000
0.000000	45350.000000
0.000000	45350.000000
0.000000	45350.000000
0.000000	45350.000000
0.000000	45350.000000
0.000000	45350.000000
0.000000	45350.000000
0.000000	45350.000000
0.000000	45350.000000
0.000000	45350.000000
0.000000	45350.000000
0.000000	45350.000000
0.000000	45351.000000
0.000000	45351.000000
0.000000	45351.000000
0.000000	45351.000000
0.000000	45351.000000
0.000000	45351.000000
0.000000	45351.000000
0.000000	45351.000000
0.000000	45351.000000
0.000000	45351.000000
0.000000	45351.000000
0.000000	45351.000000
0.000000	45351.000000
0.000000	45351.000000
0.000000	45351.000000
0.000000	45351.000000
0.000000	45351.000000
0.000000	45352.000000
0.000000	45352.000000
0.000000	45352.000000
0.000000	45352.000000
0.000000	45352.000000
0.000000	45352.000000
0.000000	45352.000000
0.000000	45352.000000
0.000000	45352.000000
0.000000	45352.000000
0.000000	45352.000000
0.000000	45352.000000
0.000000	45352.000000
0.000000	45352.000000
0.000000	45352.000000
0.000000	45352.000000
0.000000	45352.000000
0.000000	45353.000000
0.000000	45353.000000
0.000000	45353.000000
0.000000	45353.000000
0.000000	45353.000000
0.000000	45353.000000
0.000000	45353.000000
0.000000	45353.000000
0.000000	45353.000000
0.000000	45353.000000
0.000000	45353.000000
0.000000	45353.000000
0.000000	45353.000000
0.000000	45353.000000
0.000000	45353.000000
0.000000	45353.000000
0.000000	45353.000000
0.000000	45354.000000
0.000000	45354.000000
0.000000	45354.000000
0.000000	45354.000000
0.000000	45354.000000
0.000000	45354.000000
0.000000	45354.000000
0.000000	45354.000000
0.000000	45354.000000
0.000000	45354.000000
0.000000	45354.000000
0.000000	45354.000000
0.000000	45354.000000
0.000000	45354.000000
0.000000	45354.000000
0.000000	45354.000000
0.000000	45354.000000
0.000000	45355.000000
0.000000	45355.000000
0.000000	45355.000000
0.000000	45355.000000
0.000000	45355.000000
0.000000	45355.000000
0.000000	45355.000000
0.000000	45355.000000
0.000000	45355.000000
0.000000	45355.000000
0.000000	45355.000000
0.000000	45355.000000
0.000000	45355.000000
0.000000	45355.000000
0.000000	45355.000000
0.000000	45355.000000
0.000000	45355.000000
0.000000	45356.000000
0.000000	45356.000000
0.000000	45356.000000
0.000000	45356.000000
0.000000	45356.000000
0.000000	45356.000000
0.000000	45356.000000
0.000000	45356.000000
0.000000	45356.000000
0.000000	45356.000000
0.000000	45356.000000
0.000000	45356.000000
0.000000	45356.000000
0.000000	45356.000000
0.000000	45356.000000
0.000000	45356.000000
0.000000	45356.000000
0.000000	45356.000000
0.000000	45357.000000
0.000000	45357.000000
0.000000	45357.000000
0.000000	45357.000000
0.000000	45357.000000
0.000000	45357.000000
0.000000	45357.000000
0.000000	45357.000000
0.000000	45357.000000
0.000000	45357.000000
0.000000	45357.000000
0.000000	45357.000000
0.000000	45357.000000
0.000000	45357.000000
0.000000	45357.000000
0.000000	45357.000000
0.000000	45357.000000
0.000000	45358.000000
0.000000	45358.000000
0.000000	45358.000000
0.000000	45358.000000
0.000000	45358.000000
0.000000	45358.000000
0.000000	45358.000000
0.000000	45358.000000
0.000000	45358.000000
0.000000	45358.000000
0.000000	45358.000000
0.000000	45358.000000
0.000000	45358.000000
0.000000	45358.000000
0.000000	45358.000000
0.000000	45358.000000
0.000000	45358.000000
0.000000	45359.000000
0.000000	45359.000000
0.000000	45359.000000
0.000000	45359.000000
0.000000	45359.000000
0.000000	45359.000000
0.000000	45359.000000
0.000000	45359.000000
0.000000	45359.000000
0.000000	45359.000000
0.000000	45359.000000
0.000000	45359.000000
0.000000	45359.000000
0.000000	45359.000000
0.000000	45359.000000
0.000000	45359.000000
0.000000	45359.000000
0.000000	45400.000000
0.000000	45400.000000
0.000000	45400.000000
0.000000	45400.000000
0.000000	45400.000000
0.000000	45400.000000
0.000000	45400.000000
0.000000	45400.000000
0.000000	45400.000000
0.000000	45400.000000
0.000000	45400.000000
0.000000	45400.000000
0.000000	45400.000000
0.000000	45400.000000
0.000000	45400.000000
0.000000	45400.000000
0.000000	45400.000000
0.000000	45401.000000
0.000000	45401.000000
0.000000	45401.000000
0.000000	45401.000000
0.000000	45401.000000
0.000000	45401.000000
0.000000	45401.000000
0.000000	45401.000000
0.000000	45401.000000
0.000000	45401.000000
0.000000	45401.000000
0.000000	45401.000000
0.000000	45401.000000
0.000000	45401.000000
0.000000	45401.000000
0.000000	45401.000000
0.000000	45401.000000
0.000000	45402.000000
0.000000	45402.000000
0.000000	45402.000000
0.000000	45402.000000
0.000000	45402.000000
0.000000	45402.000000
0.000000	45402.000000
0.000000	45402.000000
0.000000	45402.000000
0.000000	45402.000000
0.000000	45402.000000
0.000000	45402.000000
0.000000	45402.000000
0.000000	45402.000000
0.000000	45402.000000
0.000000	45402.000000
0.000000	45402.000000
0.000000	45403.000000
0.000000	45403.000000
0.000000	45403.000000
0.000000	45403.000000
0.000000	45403.000000
0.000000	45403.000000
0.000000	45403.000000
0.000000	45403.000000
0.000000	45403.000000
0.000000	45403.000000
0.000000	45403.000000
0.000000	45403.000000
0.000000	45403.000000
0.000000	45403.000000
0.000000	45403.000000
0.000000	45403.000000
0.000000	45403.000000
0.000000	45404.000000
0.000000	45404.000000
0.000000	45404.000000
0.000000	45404.000000
0.000000	45404.000000
0.000000	45404.000000
0.000000	45404.000000
0.000000	45404.000000
0.000000	45404.000000
0.000000	45404.000000
0.000000	45404.000000
0.000000	45404.000000
0.000000	45404.000000
0.000000	45404.000000
0.000000	45404.000000
0.000000	45404.000000
0.000000	45404.000000
0.000000	45405.000000
0.000000	45405.000000
0.000000	45405.000000
0.000000	45405.000000
0.000000	45405.000000
0.000000	45405.000000
0.000000	45405.000000
0.000000	45405.000000
0.000000	45405.000000
0.000000	45405.000000
0.000000	45405.000000
0.000000	45405.000000
0.000000	45405.000000
0.000000	45405.000000
0.000000	45405.000000
0.000000	45405.000000
0.000000	45405.000000
0.000000	45406.000000
0.000000	45406.000000
0.000000	45406.000000
0.000000	45406.000000
0.000000	45406.000000
0.000000	45406.000000
0.000000	45406.000000
0.000000	45406.000000
0.000000	45406.000000
0.000000	45406.000000
0.000000	45406.000000
0.000000	45406.000000
0.000000	45406.000000
0.000000	45406.000000
0.000000	45406.000000
0.000000	45406.000000
0.000000	45406.000000
0.000000	45407.000000
0.000000	45407.000000
0.000000	45407.000000
0.000000	45407.000000
0.000000	45407.000000
0.000000	45407.000000
0.000000	45407.000000
0.000000	45407.000000
0.000000	45407.000000
0.000000	45407.000000
0.000000	45407.000000
0.000000	45407.000000
0.000000	45407.000000
0.000000	45407.000000
0.000000	45407.000000
0.000000	45407.000000
0.000000	45407.000000
0.000000	45408.000000
0.000000	45408.000000
0.000000	45408.000000
0.000000	45408.000000
0.000000	45408.000000
0.000000	45408.000000
0.000000	45408.000000
0.000000	45408.000000
0.000000	45408.000000
0.000000	45408.000000
0.000000	45408.000000
0.000000	45408.000000
0.000000	45408.000000
0.000000	45408.000000
0.000000	45408.000000
0.000000	45408.000000
0.000000	45408.000000
0.000000	45409.000000
0.000000	45409.000000
0.000000	45409.000000
0.000000	45409.000000
0.000000	45409.000000
0.000000	45409.000000
0.000000	45409.000000
0.000000	45409.000000
0.000000	45409.000000
0.000000	45409.000000
0.000000	45409.000000
0.000000	45409.000000
0.000000	45409.000000
0.000000	45409.000000
0.000000	45409.000000
0.000000	45409.000000
0.000000	45409.000000
0.000000	45410.000000
0.000000	45410.000000
0.000000	45410.000000
0.000000	45410.000000
0.000000	45410.000000
0.000000	45410.000000
0.000000	45410.000000
0.000000	45410.000000
0.000000	45410.000000
0.000000	45410.000000
0.000000	45410.000000
0.000000	45410.000000
0.000000	45410.000000
0.000000	45410.000000
0.000000	45410.000000
0.000000	45410.000000
0.000000	45410.000000
0.000000	45411.000000
0.000000	45411.000000
0.000000	45411.000000
0.000000	45411.000000
0.000000	45411.000000
0.000000	45411.000000
0.000000	45411.000000
0.000000	45411.000000
0.000000	45411.000000
0.000000	45411.000000
0.000000	45411.000000
0.000000	45411.000000
0.000000	45411.000000
0.000000	45411.000000
0.000000	45411.000000
0.000000	45411.000000
0.000000	45411.000000
0.000000	45411.000000
0.000000	45412.000000
0.000000	45412.000000
0.000000	45412.000000
0.000000	45412.000000
0.000000	45412.000000
0.000000	45412.000000
0.000000	45412.000000
0.000000	45412.000000
0.000000	45412.000000
0.000000	45412.000000
0.000000	45412.000000
0.000000	45412.000000
0.000000	45412.000000
0.000000	45412.000000
0.000000	45412.000000
0.000000	45412.000000
0.000000	45412.000000
0.000000	45413.000000
0.000000	45413.000000
0.000000	45413.000000
0.000000	45413.000000
0.000000	45413.000000
0.000000	45413.000000
0.000000	45413.000000
0.000000	45413.000000
0.000000	45413.000000
0.000000	45413.000000
0.000000	45413.000000
0.000000	45413.000000
0.000000	45413.000000
0.000000	45413.000000
0.000000	45413.000000
0.000000	45413.000000
0.000000	45413.000000
0.000000	45414.000000
0.000000	45414.000000
0.000000	45414.000000
0.000000	45414.000000
0.000000	45414.000000
0.000000	45414.000000
0.000000	45414.000000
0.000000	45414.000000
0.000000	45414.000000
0.000000	45414.000000
0.000000	45414.000000
0.000000	45414.000000
0.000000	45414.000000
0.000000	45414.000000
0.000000	45414.000000
0.000000	45414.000000
0.000000	45414.000000
0.000000	45415.000000
0.000000	45415.000000
0.000000	45415.000000
0.000000	45415.000000
0.000000	45415.000000
0.000000	45415.000000
0.000000	45415.000000
0.000000	45415.000000
0.000000	45415.000000
0.000000	45415.000000
0.000000	45415.000000
0.000000	45415.000000
0.000000	45415.000000
0.000000	45415.000000
0.000000	45415.000000
0.000000	45415.000000
0.000000	45415.000000
0.000000	45416.000000
0.000000	45416.000000
0.000000	45416.000000
0.000000	45416.000000
0.000000	45416.000000
0.000000	45416.000000
0.000000	45416.000000
0.000000	45416.000000
0.000000	45416.000000
0.000000	45416.000000
0.000000	45416.000000
0.000000	45416.000000
0.000000	45416.000000
0.000000	45416.000000
0.000000	45416.000000
0.000000	45416.000000
0.000000	45416.000000
0.000000	45417.000000
0.000000	45417.000000
0.000000	45417.000000
0.000000	45417.000000
0.000000	45417.000000
0.000000	45417.000000
0.000000	45417.000000
0.000000	45417.000000
0.000000	45417.000000
0.000000	45417.000000
0.000000	45417.000000
0.000000	45417.000000
0.000000	45417.000000
0.000000	45417.000000
0.000000	45417.000000
0.000000	45417.000000
0.000000	45417.000000
0.000000	45418.000000
0.000000	45418.000000
0.000000	45418.000000
0.000000	45418.000000
0.000000	45418.000000
0.000000	45418.000000
0.000000	45418.000000
0.000000	45418.000000
0.000000	45418.000000
0.000000	45418.000000
0.000000	45418.000000
0.000000	45418.000000
0.000000	45418.000000
0.000000	45418.000000
0.000000	45418.000000
0.000000	45418.000000
0.000000	45418.000000
0.000000	45419.000000
0.000000	45419.000000
0.000000	45419.000000
0.000000	45419.000000
0.000000	45419.000000
0.000000	45419.000000
0.000000	45419.000000
0.000000	45419.000000
0.000000	45419.000000
0.000000	45419.000000
0.000000	45419.000000
0.000000	45419.000000
0.000000	45419.000000
0.000000	45419.000000
0.000000	45419.000000
0.000000	45419.000000
0.000000	45419.000000
0.000000	45420.000000
0.000000	45420.000000
0.000000	45420.000000
0.000000	45420.000000
0.000000	45420.000000
0.000000	45420.000000
0.000000	45420.000000
0.000000	45420.000000
0.000000	45420.000000
0.000000	45420.000000
0.000000	45420.000000
0.000000	45420.000000
0.000000	45420.000000
0.000000	45420.000000
0.000000	45420.000000
0.000000	45420.000000
0.000000	45420.000000
0.000000	45421.000000
0.000000	45421.000000
0.000000	45421.000000
0.000000	45421.000000
0.000000	45421.000000
0.000000	45421.000000
0.000000	45421.000000
0.000000	45421.000000
0.000000	45421.000000
0.000000	45421.000000
0.000000	45421.000000
0.000000	45421.000000
0.000000	45421.000000
0.000000	45421.000000
0.000000	45421.000000
0.000000	45421.000000
0.000000	45421.000000
0.000000	45422.000000
0.000000	45422.000000
0.000000	45422.000000
0.000000	45422.000000
0.000000	45422.000000
0.000000	45422.000000
0.000000	45422.000000
0.000000	45422.000000
0.000000	45422.000000
0.000000	45422.000000
0.000000	45422.000000
0.000000	45422.000000
0.000000	45422.000000
0.000000	45422.000000
0.000000	45422.000000
0.000000	45422.000000
0.000000	45422.000000
0.000000	45423.000000
0.000000	45423.000000
0.000000	45423.000000
0.000000	45423.000000
0.000000	45423.000000
0.000000	45423.000000
0.000000	45423.000000
0.000000	45423.000000
0.000000	45423.000000
0.000000	45423.000000
0.000000	45423.000000
0.000000	45423.000000
0.000000	45423.000000
0.000000	45423.000000
0.000000	45423.000000
0.000000	45423.000000
0.000000	45423.000000
0.000000	45424.000000
0.000000	45424.000000
0.000000	45424.000000
0.000000	45424.000000
0.000000	45424.000000
0.000000	45424.000000
0.000000	45424.000000
0.000000	45424.000000
0.000000	45424.000000
0.000000	45424.000000
0.000000	45424.000000
0.000000	45424.000000
0.000000	45424.000000
0.000000	45424.000000
0.000000	45424.000000
0.000000	45424.000000
0.000000	45424.000000
0.000000	45425.000000
0.000000	45425.000000
0.000000	45425.000000
0.000000	45425.000000
0.000000	45425.000000
0.000000	45425.000000
0.000000	45425.000000
0.000000	45425.000000
0.000000	45425.000000
0.000000	45425.000000
0.000000	45425.000000
0.000000	45425.000000
0.000000	45425.000000
0.000000	45425.000000
0.000000	45425.000000
0.000000	45425.000000
0.000000	45425.000000
0.000000	45426.000000
0.000000	45426.000000
0.000000	45426.000000
0.000000	45426.000000
0.000000	45426.000000
0.000000	45426.000000
0.000000	45426.000000
0.000000	45426.000000
0.000000	45426.000000
0.000000	45426.000000
0.000000	45426.000000
0.000000	45426.000000
0.000000	45426.000000
0.000000	45426.000000
0.000000	45426.000000
0.000000	45426.000000
0.000000	45426.000000
0.000000	45427.000000
0.000000	45427.000000
0.000000	45427.000000
0.000000	45427.000000
0.000000	45427.000000
0.000000	45427.000000
0.000000	45427.000000
0.000000	45427.000000
0.000000	45427.000000
0.000000	45427.000000
0.000000	45427.000000
0.000000	45427.000000
0.000000	45427.000000
0.000000	45427.000000
0.000000	45427.000000
0.000000	45427.000000
0.000000	45427.000000
0.000000	45427.000000
0.000000	45428.000000
0.000000	45428.000000
0.000000	45428.000000
0.000000	45428.000000
0.000000	45428.000000
0.000000	45428.000000
0.000000	45428.000000
0.000000	45428.000000
0.000000	45428.000000
0.000000	45428.000000
0.000000	45428.000000
0.000000	45428.000000
0.000000	45428.000000
0.000000	45428.000000
0.000000	45428.000000
0.000000	45428.000000
0.000000	45428.000000
0.000000	45429.000000
0.000000	45429.000000
0.000000	45429.000000
0.000000	45429.000000
0.000000	45429.000000
0.000000	45429.000000
0.000000	45429.000000
0.000000	45429.000000
0.000000	45429.000000
0.000000	45429.000000
0.000000	45429.000000
0.000000	45429.000000
0.000000	45429.000000
0.000000	45429.000000
0.000000	45429.000000
0.000000	45429.000000
0.000000	45429.000000
0.000000	45430.000000
0.000000	45430.000000
0.000000	45430.000000
0.000000	45430.000000
0.000000	45430.000000
0.000000	45430.000000
0.000000	45430.000000
0.000000	45430.000000
0.000000	45430.000000
0.000000	45430.000000
0.000000	45430.000000
0.000000	45430.000000
0.000000	45430.000000
0.000000	45430.000000
0.000000	45430.000000
0.000000	45430.000000
0.000000	45430.000000
0.000000	45431.000000
0.000000	45431.000000
0.000000	45431.000000
0.000000	45431.000000
0.000000	45431.000000
0.000000	45431.000000
0.000000	45431.000000
0.000000	45431.000000
0.000000	45431.000000
0.000000	45431.000000
0.000000	45431.000000
0.000000	45431.000000
0.000000	45431.000000
0.000000	45431.000000
0.000000	45431.000000
0.000000	45431.000000
0.000000	45431.000000
0.000000	45432.000000
0.000000	45432.000000
0.000000	45432.000000
0.000000	45432.000000
0.000000	45432.000000
0.000000	45432.000000
0.000000	45432.000000
0.000000	45432.000000
0.000000	45432.000000
0.000000	45432.000000
0.000000	45432.000000
0.000000	45432.000000
0.000000	45432.000000
0.000000	45432.000000
0.000000	45432.000000
0.000000	45432.000000
0.000000	45432.000000
0.000000	45433.000000
0.000000	45433.000000
0.000000	45433.000000
0.000000	45433.000000
0.000000	45433.000000
0.000000	45433.000000
0.000000	45433.000000
0.000000	45433.000000
0.000000	45433.000000
0.000000	45433.000000
0.000000	45433.000000
0.000000	45433.000000
0.000000	45433.000000
0.000000	45433.000000
0.000000	45433.000000
0.000000	45433.000000
0.000000	45433.000000
0.000000	45434.000000
0.000000	45434.000000
0.000000	45434.000000
0.000000	45434.000000
0.000000	45434.000000
0.000000	45434.000000
0.000000	45434.000000
0.000000	45434.000000
0.000000	45434.000000
0.000000	45434.000000
0.000000	45434.000000
0.000000	45434.000000
0.000000	45434.000000
0.000000	45434.000000
0.000000	45434.000000
0.000000	45434.000000
0.000000	45434.000000
0.000000	45435.000000
0.000000	45435.000000
0.000000	45435.000000
0.000000	45435.000000
0.000000	45435.000000
0.000000	45435.000000
0.000000	45435.000000
0.000000	45435.000000
0.000000	45435.000000
0.000000	45435.000000
0.000000	45435.000000
0.000000	45435.000000
0.000000	45435.000000
0.000000	45435.000000
0.000000	45435.000000
0.000000	45435.000000
0.000000	45435.000000
0.000000	45436.000000
0.000000	45436.000000
0.000000	45436.000000
0.000000	45436.000000
0.000000	45436.000000
0.000000	45436.000000
0.000000	45436.000000
0.000000	45436.000000
0.000000	45436.000000
0.000000	45436.000000
0.000000	45436.000000
0.000000	45436.000000
0.000000	45436.000000
0.000000	45436.000000
0.000000	45436.000000
0.000000	45436.000000
0.000000	45436.000000
0.000000	45437.000000
0.000000	45437.000000
0.000000	45437.000000
0.000000	45437.000000
0.000000	45437.000000
0.000000	45437.000000
0.000000	45437.000000
0.000000	45437.000000
0.000000	45437.000000
0.000000	45437.000000
0.000000	45437.000000
0.000000	45437.000000
0.000000	45437.000000
0.000000	45437.000000
0.000000	45437.000000
0.000000	45437.000000
0.000000	45437.000000
0.000000	45438.000000
0.000000	45438.000000
0.000000	45438.000000
0.000000	45438.000000
0.000000	45438.000000
0.000000	45438.000000
0.000000	45438.000000
0.000000	45438.000000
0.000000	45438.000000
0.000000	45438.000000
0.000000	45438.000000
0.000000	45438.000000
0.000000	45438.000000
0.000000	45438.000000
0.000000	45438.000000
0.000000	45438.000000
0.000000	45438.000000
0.000000	45439.000000
0.000000	45439.000000
0.000000	45439.000000
0.000000	45439.000000
0.000000	45439.000000
0.000000	45439.000000
0.000000	45439.000000
0.000000	45439.000000
0.000000	45439.000000
0.000000	45439.000000
0.000000	45439.000000
0.000000	45439.000000
0.000000	45439.000000
0.000000	45439.000000
0.000000	45439.000000
0.000000	45439.000000
0.000000	45439.000000
0.000000	45440.000000
0.000000	45440.000000
0.000000	45440.000000
0.000000	45440.000000
0.000000	45440.000000
0.000000	45440.000000
0.000000	45440.000000
0.000000	45440.000000
0.000000	45440.000000
0.000000	45440.000000
0.000000	45440.000000
0.000000	45440.000000
0.000000	45440.000000
0.000000	45440.000000
0.000000	45440.000000
0.000000	45440.000000
0.000000	45440.000000
0.000000	45441.000000
0.000000	45441.000000
0.000000	45441.000000
0.000000	45441.000000
0.000000	45441.000000
0.000000	45441.000000
0.000000	45441.000000
0.000000	45441.000000
0.000000	45441.000000
0.000000	45441.000000
0.000000	45441.000000
0.000000	45441.000000
0.000000	45441.000000
0.000000	45441.000000
0.000000	45441.000000
0.000000	45441.000000
0.000000	45441.000000
0.000000	45441.000000
0.000000	45442.000000
0.000000	45442.000000
0.000000	45442.000000
0.000000	45442.000000
0.000000	45442.000000
0.000000	45442.000000
0.000000	45442.000000
0.000000	45442.000000
0.000000	45442.000000
0.000000	45442.000000
0.000000	45442.000000
0.000000	45442.000000
0.000000	45442.000000
0.000000	45442.000000
0.000000	45442.000000
0.000000	45442.000000
0.000000	45442.000000
0.000000	45443.000000
0.000000	45443.000000
0.000000	45443.000000
0.000000	45443.000000
0.000000	45443.000000
0.000000	45443.000000
0.000000	45443.000000
0.000000	45443.000000
0.000000	45443.000000
0.000000	45443.000000
0.000000	45443.000000
0.000000	45443.000000
0.000000	45443.000000
0.000000	45443.000000
0.000000	45443.000000
0.000000	45443.000000
0.000000	45443.000000
0.000000	45444.000000
0.000000	45444.000000
0.000000	45444.000000
0.000000	45444.000000
0.000000	45444.000000
0.000000	45444.000000
0.000000	45444.000000
0.000000	45444.000000
0.000000	45444.000000
0.000000	45444.000000
0.000000	45444.000000
0.000000	45444.000000
0.000000	45444.000000
0.000000	45444.000000
0.000000	45444.000000
0.000000	45444.000000
0.000000	45444.000000
0.000000	45445.000000
0.000000	45445.000000
0.000000	45445.000000
0.000000	45445.000000
0.000000	45445.000000
0.000000	45445.000000
0.000000	45445.000000
0.000000	45445.000000
0.000000	45445.000000
0.000000	45445.000000
0.000000	45445.000000
0.000000	45445.000000
0.000000	45445.000000
0.000000	45445.000000
0.000000	45445.000000
0.000000	45445.000000
0.000000	45445.000000
0.000000	45446.000000
0.000000	45446.000000
0.000000	45446.000000
0.000000	45446.000000
0.000000	45446.000000
0.000000	45446.000000
0.000000	45446.000000
0.000000	45446.000000
0.000000	45446.000000
0.000000	45446.000000
0.000000	45446.000000
0.000000	45446.000000
0.000000	45446.000000
0.000000	45446.000000
0.000000	45446.000000
0.000000	45446.000000
0.000000	45446.000000
0.000000	45447.000000
0.000000	45447.000000
0.000000	45447.000000
0.000000	45447.000000
0.000000	45447.000000
0.000000	45447.000000
0.000000	45447.000000
0.000000	45447.000000
0.000000	45447.000000
0.000000	45447.000000
0.000000	45447.000000
0.000000	45447.000000
0.000000	45447.000000
0.000000	45447.000000
0.000000	45447.000000
0.000000	45447.000000
0.000000	45447.000000
0.000000	45448.000000
0.000000	45448.000000
0.000000	45448.000000
0.000000	45448.000000
0.000000	45448.000000
0.000000	45448.000000
0.000000	45448.000000
0.000000	45448.000000
0.000000	45448.000000
0.000000	45448.000000
0.000000	45448.000000
0.000000	45448.000000
0.000000	45448.000000
0.000000	45448.000000
0.000000	45448.000000
0.000000	45448.000000
0.000000	45448.000000
0.000000	45449.000000
0.000000	45449.000000
0.000000	45449.000000
0.000000	45449.000000
0.000000	45449.000000
0.000000	45449.000000
0.000000	45449.000000
0.000000	45449.000000
0.000000	45449.000000
0.000000	45449.000000
0.000000	45449.000000
0.000000	45449.000000
0.000000	45449.000000
0.000000	45449.000000
0.000000	45449.000000
0.000000	45449.000000
0.000000	45449.000000
0.000000	45450.000000
0.000000	45450.000000
0.000000	45450.000000
0.000000	45450.000000
0.000000	45450.000000
0.000000	45450.000000
0.000000	45450.000000
0.000000	45450.000000
0.000000	45450.000000
0.000000	45450.000000
0.000000	45450.000000
0.000000	45450.000000
0.000000	45450.000000
0.000000	45450.000000
0.000000	45450.000000
0.000000	45450.000000
0.000000	45450.000000
0.000000	45451.000000
0.000000	45451.000000
0.000000	45451.000000
0.000000	45451.000000
0.000000	45451.000000
0.000000	45451.000000
0.000000	45451.000000
0.000000	45451.000000
0.000000	45451.000000
0.000000	45451.000000
0.000000	45451.000000
0.000000	45451.000000
0.000000	45451.000000
0.000000	45451.000000
0.000000	45451.000000
0.000000	45451.000000
0.000000	45451.000000
0.000000	45452.000000
0.000000	45452.000000
0.000000	45452.000000
0.000000	45452.000000
0.000000	45452.000000
0.000000	45452.000000
0.000000	45452.000000
0.000000	45452.000000
0.000000	45452.000000
0.000000	45452.000000
0.000000	45452.000000
0.000000	45452.000000
0.000000	45452.000000
0.000000	45452.000000
0.000000	45452.000000
0.000000	45452.000000
0.000000	45452.000000
0.000000	45453.000000
0.000000	45453.000000
0.000000	45453.000000
0.000000	45453.000000
0.000000	45453.000000
0.000000	45453.000000
0.000000	45453.000000
0.000000	45453.000000
0.000000	45453.000000
0.000000	45453.000000
0.000000	45453.000000
0.000000	45453.000000
0.000000	45453.000000
0.000000	45453.000000
0.000000	45453.000000
0.000000	45453.000000
0.000000	45453.000000
0.000000	45454.000000
0.000000	45454.000000
0.000000	45454.000000
0.000000	45454.000000
0.000000	45454.000000
0.000000	45454.000000
0.000000	45454.000000
0.000000	45454.000000
0.000000	45454.000000
0.000000	45454.000000
0.000000	45454.000000
0.000000	45454.000000
0.000000	45454.000000
0.000000	45454.000000
0.000000	45454.000000
0.000000	45454.000000
0.000000	45454.000000
0.000000	45455.000000
0.000000	45455.000000
0.000000	45455.000000
0.000000	45455.000000
0.000000	45455.000000
0.000000	45455.000000
0.000000	45455.000000
0.000000	45455.000000
0.000000	45455.000000
0.000000	45455.000000
0.000000	45455.000000
0.000000	45455.000000
0.000000	45455.000000
0.000000	45455.000000
0.000000	45455.000000
0.000000	45455.000000
0.000000	45455.000000
0.000000	45456.000000
0.000000	45456.000000
0.000000	45456.000000
0.000000	45456.000000
0.000000	45456.000000
0.000000	45456.000000
0.000000	45456.000000
0.000000	45456.000000
0.000000	45456.000000
0.000000	45456.000000
0.000000	45456.000000
0.000000	45456.000000
0.000000	45456.000000
0.000000	45456.000000
0.000000	45456.000000
0.000000	45456.000000
0.000000	45456.000000
0.000000	45456.000000
0.000000	45457.000000
0.000000	45457.000000
0.000000	45457.000000
0.000000	45457.000000
0.000000	45457.000000
0.000000	45457.000000
0.000000	45457.000000
0.000000	45457.000000
0.000000	45457.000000
0.000000	45457.000000
0.000000	45457.000000
0.000000	45457.000000
0.000000	45457.000000
0.000000	45457.000000
0.000000	45457.000000
0.000000	45457.000000
0.000000	45457.000000
0.000000	45458.000000
0.000000	45458.000000
0.000000	45458.000000
0.000000	45458.000000
0.000000	45458.000000
0.000000	45458.000000
0.000000	45458.000000
0.000000	45458.000000
0.000000	45458.000000
0.000000	45458.000000
0.000000	45458.000000
0.000000	45458.000000
0.000000	45458.000000
0.000000	45458.000000
0.000000	45458.000000
0.000000	45458.000000
0.000000	45458.000000
0.000000	45459.000000
0.000000	45459.000000
0.000000	45459.000000
0.000000	45459.000000
0.000000	45459.000000
0.000000	45459.000000
0.000000	45459.000000
0.000000	45459.000000
0.000000	45459.000000
0.000000	45459.000000
0.000000	45459.000000
0.000000	45459.000000
0.000000	45459.000000
0.000000	45459.000000
0.000000	45459.000000
0.000000	45459.000000
0.000000	45459.000000
0.000000	45500.000000
0.000000	45500.000000
0.000000	45500.000000
0.000000	45500.000000
0.000000	45500.000000
0.000000	45500.000000
0.000000	45500.000000
0.000000	45500.000000
0.000000	45500.000000
0.000000	45500.000000
0.000000	45500.000000
0.000000	45500.000000
0.000000	45500.000000
0.000000	45500.000000
0.000000	45500.000000
0.000000	45500.000000
0.000000	45500.000000
0.000000	45501.000000
0.000000	45501.000000
0.000000	45501.000000
0.000000	45501.000000
0.000000	45501.000000
0.000000	45501.000000
0.000000	45501.000000
0.000000	45501.000000
0.000000	45501.000000
0.000000	45501.000000
0.000000	45501.000000
0.000000	45501.000000
0.000000	45501.000000
0.000000	45501.000000
0.000000	45501.000000
0.000000	45501.000000
0.000000	45501.000000
0.000000	45502.000000
0.000000	45502.000000
0.000000	45502.000000
0.000000	45502.000000
0.000000	45502.000000
0.000000	45502.000000
0.000000	45502.000000
0.000000	45502.000000
0.000000	45502.000000
0.000000	45502.000000
0.000000	45502.000000
0.000000	45502.000000
0.000000	45502.000000
0.000000	45502.000000
0.000000	45502.000000
0.000000	45502.000000
0.000000	45502.000000
0.000000	45503.000000
0.000000	45503.000000
0.000000	45503.000000
0.000000	45503.000000
0.000000	45503.000000
0.000000	45503.000000
0.000000	45503.000000
0.000000	45503.000000
0.000000	45503.000000
0.000000	45503.000000
0.000000	45503.000000
0.000000	45503.000000
0.000000	45503.000000
0.000000	45503.000000
0.000000	45503.000000
0.000000	45503.000000
0.000000	45503.000000
0.000000	45504.000000
0.000000	45504.000000
0.000000	45504.000000
0.000000	45504.000000
0.000000	45504.000000
0.000000	45504.000000
0.000000	45504.000000
0.000000	45504.000000
0.000000	45504.000000
0.000000	45504.000000
0.000000	45504.000000
0.000000	45504.000000
0.000000	45504.000000
0.000000	45504.000000
0.000000	45504.000000
0.000000	45504.000000
0.000000	45504.000000
0.000000	45505.000000
0.000000	45505.000000
0.000000	45505.000000
0.000000	45505.000000
0.000000	45505.000000
0.000000	45505.000000
0.000000	45505.000000
0.000000	45505.000000
0.000000	45505.000000
0.000000	45505.000000
0.000000	45505.000000
0.000000	45505.000000
0.000000	45505.000000
0.000000	45505.000000
0.000000	45505.000000
0.000000	45505.000000
0.000000	45505.000000
0.000000	45506.000000
0.000000	45506.000000
0.000000	45506.000000
0.000000	45506.000000
0.000000	45506.000000
0.000000	45506.000000
0.000000	45506.000000
0.000000	45506.000000
0.000000	45506.000000
0.000000	45506.000000
0.000000	45506.000000
0.000000	45506.000000
0.000000	45506.000000
0.000000	45506.000000
0.000000	45506.000000
0.000000	45506.000000
0.000000	45506.000000
0.000000	45507.000000
0.000000	45507.000000
0.000000	45507.000000
0.000000	45507.000000
0.000000	45507.000000
0.000000	45507.000000
0.000000	45507.000000
0.000000	45507.000000
0.000000	45507.000000
0.000000	45507.000000
0.000000	45507.000000
0.000000	45507.000000
0.000000	45507.000000
0.000000	45507.000000
0.000000	45507.000000
0.000000	45507.000000
0.000000	45507.000000
0.000000	45508.000000
0.000000	45508.000000
0.000000	45508.000000
0.000000	45508.000000
0.000000	45508.000000
0.000000	45508.000000
0.000000	45508.000000
0.000000	45508.000000
0.000000	45508.000000
0.000000	45508.000000
0.000000	45508.000000
0.000000	45508.000000
0.000000	45508.000000
0.000000	45508.000000
0.000000	45508.000000
0.000000	45508.000000
0.000000	45508.000000
0.000000	45509.000000
0.000000	45509.000000
0.000000	45509.000000
0.000000	45509.000000
0.000000	45509.000000
0.000000	45509.000000
0.000000	45509.000000
0.000000	45509.000000
0.000000	45509.000000
0.000000	45509.000000
0.000000	45509.000000
0.000000	45509.000000
0.000000	45509.000000
0.000000	45509.000000
0.000000	45509.000000
0.000000	45509.000000
0.000000	45509.000000
0.000000	45510.000000
0.000000	45510.000000
0.000000	45510.000000
0.000000	45510.000000
0.000000	45510.000000
0.000000	45510.000000
0.000000	45510.000000
0.000000	45510.000000
0.000000	45510.000000
0.000000	45510.000000
0.000000	45510.000000
0.000000	45510.000000
0.000000	45510.000000
0.000000	45510.000000
0.000000	45510.000000
0.000000	45510.000000
0.000000	45510.000000
0.000000	45511.000000
0.000000	45511.000000
0.000000	45511.000000
0.000000	45511.000000
0.000000	45511.000000
0.000000	45511.000000
0.000000	45511.000000
0.000000	45511.000000
0.000000	45511.000000
0.000000	45511.000000
0.000000	45511.000000
0.000000	45511.000000
0.000000	45511.000000
0.000000	45511.000000
0.000000	45511.000000
0.000000	45511.000000
0.000000	45511.000000
0.000000	45511.000000
0.000000	45512.000000
0.000000	45512.000000
0.000000	45512.000000
0.000000	45512.000000
0.000000	45512.000000
0.000000	45512.000000
0.000000	45512.000000
0.000000	45512.000000
0.000000	45512.000000
0.000000	45512.000000
0.000000	45512.000000
0.000000	45512.000000
0.000000	45512.000000
0.000000	45512.000000
0.000000	45512.000000
0.000000	45512.000000
0.000000	45512.000000
0.000000	45513.000000
0.000000	45513.000000
0.000000	45513.000000
0.000000	45513.000000
0.000000	45513.000000
0.000000	45513.000000
0.000000	45513.000000
0.000000	45513.000000
0.000000	45513.000000
0.000000	45513.000000
0.000000	45513.000000
0.000000	45513.000000
0.000000	45513.000000
0.000000	45513.000000
0.000000	45513.000000
0.000000	45513.000000
0.000000	45513.000000
0.000000	45514.000000
0.000000	45514.000000
0.000000	45514.000000
0.000000	45514.000000
0.000000	45514.000000
0.000000	45514.000000
0.000000	45514.000000
0.000000	45514.000000
0.000000	45514.000000
0.000000	45514.000000
0.000000	45514.000000
0.000000	45514.000000
0.000000	45514.000000
0.000000	45514.000000
0.000000	45514.000000
0.000000	45514.000000
0.000000	45514.000000
0.000000	45515.000000
0.000000	45515.000000
0.000000	45515.000000
0.000000	45515.000000
0.000000	45515.000000
0.000000	45515.000000
0.000000	45515.000000
0.000000	45515.000000
0.000000	45515.000000
0.000000	45515.000000
0.000000	45515.000000
0.000000	45515.000000
0.000000	45515.000000
0.000000	45515.000000
0.000000	45515.000000
0.000000	45515.000000
0.000000	45515.000000
0.000000	45516.000000
0.000000	45516.000000
0.000000	45516.000000
0.000000	45516.000000
0.000000	45516.000000
0.000000	45516.000000
0.000000	45516.000000
0.000000	45516.000000
0.000000	45516.000000
0.000000	45516.000000
0.000000	45516.000000
0.000000	45516.000000
0.000000	45516.000000
0.000000	45516.000000
0.000000	45516.000000
0.000000	45516.000000
0.000000	45516.000000
0.000000	45517.000000
0.000000	45517.000000
0.000000	45517.000000
0.000000	45517.000000
0.000000	45517.000000
0.000000	45517.000000
0.000000	45517.000000
0.000000	45517.000000
0.000000	45517.000000
0.000000	45517.000000
0.000000	45517.000000
0.000000	45517.000000
0.000000	45517.000000
0.000000	45517.000000
0.000000	45517.000000
0.000000	45517.000000
0.000000	45517.000000
0.000000	45518.000000
0.000000	45518.000000
0.000000	45518.000000
0.000000	45518.000000
0.000000	45518.000000
0.000000	45518.000000
0.000000	45518.000000
0.000000	45518.000000
0.000000	45518.000000
0.000000	45518.000000
0.000000	45518.000000
0.000000	45518.000000
0.000000	45518.000000
0.000000	45518.000000
0.000000	45518.000000
0.000000	45518.000000
0.000000	45518.000000
0.000000	45519.000000
0.000000	45519.000000
0.000000	45519.000000
0.000000	45519.000000
0.000000	45519.000000
0.000000	45519.000000
0.000000	45519.000000
0.000000	45519.000000
0.000000	45519.000000
0.000000	45519.000000
0.000000	45519.000000
0.000000	45519.000000
0.000000	45519.000000
0.000000	45519.000000
0.000000	45519.000000
0.000000	45519.000000
0.000000	45519.000000
0.000000	45520.000000
0.000000	45520.000000
0.000000	45520.000000
0.000000	45520.000000
0.000000	45520.000000
0.000000	45520.000000
0.000000	45520.000000
0.000000	45520.000000
0.000000	45520.000000
0.000000	45520.000000
0.000000	45520.000000
0.000000	45520.000000
0.000000	45520.000000
0.000000	45520.000000
0.000000	45520.000000
0.000000	45520.000000
0.000000	45520.000000
0.000000	45521.000000
0.000000	45521.000000
0.000000	45521.000000
0.000000	45521.000000
0.000000	45521.000000
0.000000	45521.000000
0.000000	45521.000000
0.000000	45521.000000
0.000000	45521.000000
0.000000	45521.000000
0.000000	45521.000000
0.000000	45521.000000
0.000000	45521.000000
0.000000	45521.000000
0.000000	45521.000000
0.000000	45521.000000
0.000000	45521.000000
0.000000	45522.000000
0.000000	45522.000000
0.000000	45522.000000
0.000000	45522.000000
0.000000	45522.000000
0.000000	45522.000000
0.000000	45522.000000
0.000000	45522.000000
0.000000	45522.000000
0.000000	45522.000000
0.000000	45522.000000
0.000000	45522.000000
0.000000	45522.000000
0.000000	45522.000000
0.000000	45522.000000
0.000000	45522.000000
0.000000	45522.000000
0.000000	45523.000000
0.000000	45523.000000
0.000000	45523.000000
0.000000	45523.000000
0.000000	45523.000000
0.000000	45523.000000
0.000000	45523.000000
0.000000	45523.000000
0.000000	45523.000000
0.000000	45523.000000
0.000000	45523.000000
0.000000	45523.000000
0.000000	45523.000000
0.000000	45523.000000
0.000000	45523.000000
0.000000	45523.000000
0.000000	45523.000000
0.000000	45524.000000
0.000000	45524.000000
0.000000	45524.000000
0.000000	45524.000000
0.000000	45524.000000
0.000000	45524.000000
0.000000	45524.000000
0.000000	45524.000000
0.000000	45524.000000
0.000000	45524.000000
0.000000	45524.000000
0.000000	45524.000000
0.000000	45524.000000
0.000000	45524.000000
0.000000	45524.000000
0.000000	45524.000000
0.000000	45524.000000
0.000000	45525.000000
0.000000	45525.000000
0.000000	45525.000000
0.000000	45525.000000
0.000000	45525.000000
0.000000	45525.000000
0.000000	45525.000000
0.000000	45525.000000
0.000000	45525.000000
0.000000	45525.000000
0.000000	45525.000000
0.000000	45525.000000
0.000000	45525.000000
0.000000	45525.000000
0.000000	45525.000000
0.000000	45525.000000
0.000000	45525.000000
0.000000	45526.000000
0.000000	45526.000000
0.000000	45526.000000
0.000000	45526.000000
0.000000	45526.000000
0.000000	45526.000000
0.000000	45526.000000
0.000000	45526.000000
0.000000	45526.000000
0.000000	45526.000000
0.000000	45526.000000
0.000000	45526.000000
0.000000	45526.000000
0.000000	45526.000000
0.000000	45526.000000
0.000000	45526.000000
0.000000	45526.000000
0.000000	45526.000000
0.000000	45527.000000
0.000000	45527.000000
0.000000	45527.000000
0.000000	45527.000000
0.000000	45527.000000
0.000000	45527.000000
0.000000	45527.000000
0.000000	45527.000000
0.000000	45527.000000
0.000000	45527.000000
0.000000	45527.000000
0.000000	45527.000000
0.000000	45527.000000
0.000000	45527.000000
0.000000	45527.000000
0.000000	45527.000000
0.000000	45527.000000
0.000000	45528.000000
0.000000	45528.000000
0.000000	45528.000000
0.000000	45528.000000
0.000000	45528.000000
0.000000	45528.000000
0.000000	45528.000000
0.000000	45528.000000
0.000000	45528.000000
0.000000	45528.000000
0.000000	45528.000000
0.000000	45528.000000
0.000000	45528.000000
0.000000	45528.000000
0.000000	45528.000000
0.000000	45528.000000
0.000000	45528.000000
0.000000	45529.000000
0.000000	45529.000000
0.000000	45529.000000
0.000000	45529.000000
0.000000	45529.000000
0.000000	45529.000000
0.000000	45529.000000
0.000000	45529.000000
0.000000	45529.000000
0.000000	45529.000000
0.000000	45529.000000
0.000000	45529.000000
0.000000	45529.000000
0.000000	45529.000000
0.000000	45529.000000
0.000000	45529.000000
0.000000	45529.000000
0.000000	45530.000000
0.000000	45530.000000
0.000000	45530.000000
0.000000	45530.000000
0.000000	45530.000000
0.000000	45530.000000
0.000000	45530.000000
0.000000	45530.000000
0.000000	45530.000000
0.000000	45530.000000
0.000000	45530.000000
0.000000	45530.000000
0.000000	45530.000000
0.000000	45530.000000
0.000000	45530.000000
0.000000	45530.000000
0.000000	45530.000000
0.000000	45531.000000
0.000000	45531.000000
0.000000	45531.000000
0.000000	45531.000000
0.000000	45531.000000
0.000000	45531.000000
0.000000	45531.000000
0.000000	45531.000000
0.000000	45531.000000
0.000000	45531.000000
0.000000	45531.000000
0.000000	45531.000000
0.000000	45531.000000
0.000000	45531.000000
0.000000	45531.000000
0.000000	45531.000000
0.000000	45531.000000
0.000000	45532.000000
0.000000	45532.000000
0.000000	45532.000000
0.000000	45532.000000
0.000000	45532.000000
0.000000	45532.000000
0.000000	45532.000000
0.000000	45532.000000
0.000000	45532.000000
0.000000	45532.000000
0.000000	45532.000000
0.000000	45532.000000
0.000000	45532.000000
0.000000	45532.000000
0.000000	45532.000000
0.000000	45532.000000
0.000000	45532.000000
0.000000	45533.000000
0.000000	45533.000000
0.000000	45533.000000
0.000000	45533.000000
0.000000	45533.000000
0.000000	45533.000000
0.000000	45533.000000
0.000000	45533.000000
0.000000	45533.000000
0.000000	45533.000000
0.000000	45533.000000
0.000000	45533.000000
0.000000	45533.000000
0.000000	45533.000000
0.000000	45533.000000
0.000000	45533.000000
0.000000	45533.000000
0.000000	45534.000000
0.000000	45534.000000
0.000000	45534.000000
0.000000	45534.000000
0.000000	45534.000000
0.000000	45534.000000
0.000000	45534.000000
0.000000	45534.000000
0.000000	45534.000000
0.000000	45534.000000
0.000000	45534.000000
0.000000	45534.000000
0.000000	45534.000000
0.000000	45534.000000
0.000000	45534.000000
0.000000	45534.000000
0.000000	45534.000000
0.000000	45535.000000
0.000000	45535.000000
0.000000	45535.000000
0.000000	45535.000000
0.000000	45535.000000
0.000000	45535.000000
0.000000	45535.000000
0.000000	45535.000000
0.000000	45535.000000
0.000000	45535.000000
0.000000	45535.000000
0.000000	45535.000000
0.000000	45535.000000
0.000000	45535.000000
0.000000	45535.000000
0.000000	45535.000000
0.000000	45535.000000
0.000000	45536.000000
0.000000	45536.000000
0.000000	45536.000000
0.000000	45536.000000
0.000000	45536.000000
0.000000	45536.000000
0.000000	45536.000000
0.000000	45536.000000
0.000000	45536.000000
0.000000	45536.000000
0.000000	45536.000000
0.000000	45536.000000
0.000000	45536.000000
0.000000	45536.000000
0.000000	45536.000000
0.000000	45536.000000
0.000000	45536.000000
0.000000	45537.000000
0.000000	45537.000000
0.000000	45537.000000
0.000000	45537.000000
0.000000	45537.000000
0.000000	45537.000000
0.000000	45537.000000
0.000000	45537.000000
0.000000	45537.000000
0.000000	45537.000000
0.000000	45537.000000
0.000000	45537.000000
0.000000	45537.000000
0.000000	45537.000000
0.000000	45537.000000
0.000000	45537.000000
0.000000	45537.000000
0.000000	45538.000000
0.000000	45538.000000
0.000000	45538.000000
0.000000	45538.000000
0.000000	45538.000000
0.000000	45538.000000
0.000000	45538.000000
0.000000	45538.000000
0.000000	45538.000000
0.000000	45538.000000
0.000000	45538.000000
0.000000	45538.000000
0.000000	45538.000000
0.000000	45538.000000
0.000000	45538.000000
0.000000	45538.000000
0.000000	45538.000000
0.000000	45539.000000
0.000000	45539.000000
0.000000	45539.000000
0.000000	45539.000000
0.000000	45539.000000
0.000000	45539.000000
0.000000	45539.000000
0.000000	45539.000000
0.000000	45539.000000
0.000000	45539.000000
0.000000	45539.000000
0.000000	45539.000000
0.000000	45539.000000
0.000000	45539.000000
0.000000	45539.000000
0.000000	45539.000000
0.000000	45539.000000
0.000000	45540.000000
0.000000	45540.000000
0.000000	45540.000000
0.000000	45540.000000
0.000000	45540.000000
0.000000	45540.000000
0.000000	45540.000000
0.000000	45540.000000
0.000000	45540.000000
0.000000	45540.000000
0.000000	45540.000000
0.000000	45540.000000
0.000000	45540.000000
0.000000	45540.000000
0.000000	45540.000000
0.000000	45540.000000
0.000000	45540.000000
0.000000	45541.000000
0.000000	45541.000000
0.000000	45541.000000
0.000000	45541.000000
0.000000	45541.000000
0.000000	45541.000000
0.000000	45541.000000
0.000000	45541.000000
0.000000	45541.000000
0.000000	45541.000000
0.000000	45541.000000
0.000000	45541.000000
0.000000	45541.000000
0.000000	45541.000000
0.000000	45541.000000
0.000000	45541.000000
0.000000	45541.000000
0.000000	45541.000000
0.000000	45542.000000
0.000000	45542.000000
0.000000	45542.000000
0.000000	45542.000000
0.000000	45542.000000
0.000000	45542.000000
0.000000	45542.000000
0.000000	45542.000000
0.000000	45542.000000
0.000000	45542.000000
0.000000	45542.000000
0.000000	45542.000000
0.000000	45542.000000
0.000000	45542.000000
0.000000	45542.000000
0.000000	45542.000000
0.000000	45542.000000
0.000000	45543.000000
0.000000	45543.000000
0.000000	45543.000000
0.000000	45543.000000
0.000000	45543.000000
0.000000	45543.000000
0.000000	45543.000000
0.000000	45543.000000
0.000000	45543.000000
0.000000	45543.000000
0.000000	45543.000000
0.000000	45543.000000
0.000000	45543.000000
0.000000	45543.000000
0.000000	45543.000000
0.000000	45543.000000
0.000000	45543.000000
0.000000	45544.000000
0.000000	45544.000000
0.000000	45544.000000
0.000000	45544.000000
0.000000	45544.000000
0.000000	45544.000000
0.000000	45544.000000
0.000000	45544.000000
0.000000	45544.000000
0.000000	45544.000000
0.000000	45544.000000
0.000000	45544.000000
0.000000	45544.000000
0.000000	45544.000000
0.000000	45544.000000
0.000000	45544.000000
0.000000	45544.000000
0.000000	45545.000000
0.000000	45545.000000
0.000000	45545.000000
0.000000	45545.000000
0.000000	45545.000000
0.000000	45545.000000
0.000000	45545.000000
0.000000	45545.000000
0.000000	45545.000000
0.000000	45545.000000
0.000000	45545.000000
0.000000	45545.000000
0.000000	45545.000000
0.000000	45545.000000
0.000000	45545.000000
0.000000	45545.000000
0.000000	45545.000000
0.000000	45546.000000
0.000000	45546.000000
0.000000	45546.000000
0.000000	45546.000000
0.000000	45546.000000
0.000000	45546.000000
0.000000	45546.000000
0.000000	45546.000000
0.000000	45546.000000
0.000000	45546.000000
0.000000	45546.000000
0.000000	45546.000000
0.000000	45546.000000
0.000000	45546.000000
0.000000	45546.000000
0.000000	45546.000000
0.000000	45546.000000
0.000000	45547.000000
0.000000	45547.000000
0.000000	45547.000000
0.000000	45547.000000
0.000000	45547.000000
0.000000	45547.000000
0.000000	45547.000000
0.000000	45547.000000
0.000000	45547.000000
0.000000	45547.000000
0.000000	45547.000000
0.000000	45547.000000
0.000000	45547.000000
0.000000	45547.000000
0.000000	45547.000000
0.000000	45547.000000
0.000000	45547.000000
0.000000	45548.000000
0.000000	45548.000000
0.000000	45548.000000
0.000000	45548.000000
0.000000	45548.000000
0.000000	45548.000000
0.000000	45548.000000
0.000000	45548.000000
0.000000	45548.000000
0.000000	45548.000000
0.000000	45548.000000
0.000000	45548.000000
0.000000	45548.000000
0.000000	45548.000000
0.000000	45548.000000
0.000000	45548.000000
0.000000	45548.000000
0.000000	45549.000000
0.000000	45549.000000
0.000000	45549.000000
0.000000	45549.000000
0.000000	45549.000000
0.000000	45549.000000
0.000000	45549.000000
0.000000	45549.000000
0.000000	45549.000000
0.000000	45549.000000
0.000000	45549.000000
0.000000	45549.000000
0.000000	45549.000000
0.000000	45549.000000
0.000000	45549.000000
0.000000	45549.000000
0.000000	45549.000000
0.000000	45550.000000
0.000000	45550.000000
0.000000	45550.000000
0.000000	45550.000000
0.000000	45550.000000
0.000000	45550.000000
0.000000	45550.000000
0.000000	45550.000000
0.000000	45550.000000
0.000000	45550.000000
0.000000	45550.000000
0.000000	45550.000000
0.000000	45550.000000
0.000000	45550.000000
0.000000	45550.000000
0.000000	45550.000000
0.000000	45550.000000
0.000000	45551.000000
0.000000	45551.000000
0.000000	45551.000000
0.000000	45551.000000
0.000000	45551.000000
0.000000	45551.000000
0.000000	45551.000000
0.000000	45551.000000
0.000000	45551.000000
0.000000	45551.000000
0.000000	45551.000000
0.000000	45551.000000
0.000000	45551.000000
0.000000	45551.000000
0.000000	45551.000000
0.000000	45551.000000
0.000000	45551.000000
0.000000	45552.000000
0.000000	45552.000000
0.000000	45552.000000
0.000000	45552.000000
0.000000	45552.000000
0.000000	45552.000000
0.000000	45552.000000
0.000000	45552.000000
0.000000	45552.000000
0.000000	45552.000000
0.000000	45552.000000
0.000000	45552.000000
0.000000	45552.000000
0.000000	45552.000000
0.000000	45552.000000
0.000000	45552.000000
0.000000	45552.000000
0.000000	45553.000000
0.000000	45553.000000
0.000000	45553.000000
0.000000	45553.000000
0.000000	45553.000000
0.000000	45553.000000
0.000000	45553.000000
0.000000	45553.000000
0.000000	45553.000000
0.000000	45553.000000
0.000000	45553.000000
0.000000	45553.000000
0.000000	45553.000000
0.000000	45553.000000
0.000000	45553.000000
0.000000	45553.000000
0.000000	45553.000000
0.000000	45554.000000
0.000000	45554.000000
0.000000	45554.000000
0.000000	45554.000000
0.000000	45554.000000
0.000000	45554.000000
0.000000	45554.000000
0.000000	45554.000000
0.000000	45554.000000
0.000000	45554.000000
0.000000	45554.000000
0.000000	45554.000000
0.000000	45554.000000
0.000000	45554.000000
0.000000	45554.000000
0.000000	45554.000000
0.000000	45554.000000
0.000000	45555.000000
0.000000	45555.000000
0.000000	45555.000000
0.000000	45555.000000
0.000000	45555.000000
0.000000	45555.000000
0.000000	45555.000000
0.000000	45555.000000
0.000000	45555.000000
0.000000	45555.000000
0.000000	45555.000000
0.000000	45555.000000
0.000000	45555.000000
0.000000	45555.000000
0.000000	45555.000000
0.000000	45555.000000
0.000000	45555.000000
0.000000	45556.000000
0.000000	45556.000000
0.000000	45556.000000
0.000000	45556.000000
0.000000	45556.000000
0.000000	45556.000000
0.000000	45556.000000
0.000000	45556.000000
0.000000	45556.000000
0.000000	45556.000000
0.000000	45556.000000
0.000000	45556.000000
0.000000	45556.000000
0.000000	45556.000000
0.000000	45556.000000
0.000000	45556.000000
0.000000	45556.000000
0.000000	45556.000000
0.000000	45557.000000
0.000000	45557.000000
0.000000	45557.000000
0.000000	45557.000000
0.000000	45557.000000
0.000000	45557.000000
0.000000	45557.000000
0.000000	45557.000000
0.000000	45557.000000
0.000000	45557.000000
0.000000	45557.000000
0.000000	45557.000000
0.000000	45557.000000
0.000000	45557.000000
0.000000	45557.000000
0.000000	45557.000000
0.000000	45557.000000
0.000000	45558.000000
0.000000	45558.000000
0.000000	45558.000000
0.000000	45558.000000
0.000000	45558.000000
0.000000	45558.000000
0.000000	45558.000000
0.000000	45558.000000
0.000000	45558.000000
0.000000	45558.000000
0.000000	45558.000000
0.000000	45558.000000
0.000000	45558.000000
0.000000	45558.000000
0.000000	45558.000000
0.000000	45558.000000
0.000000	45558.000000
0.000000	45559.000000
0.000000	45559.000000
0.000000	45559.000000
0.000000	45559.000000
0.000000	45559.000000
0.000000	45559.000000
0.000000	45559.000000
0.000000	45559.000000
0.000000	45559.000000
0.000000	45559.000000
0.000000	45559.000000
0.000000	45559.000000
0.000000	45559.000000
0.000000	45559.000000
0.000000	45559.000000
0.000000	45559.000000
0.000000	45559.000000
0.000000	45600.000000
0.000000	45600.000000
0.000000	45600.000000
0.000000	45600.000000
0.000000	45600.000000
0.000000	45600.000000
0.000000	45600.000000
0.000000	45600.000000
0.000000	45600.000000
0.000000	45600.000000
0.000000	45600.000000
0.000000	45600.000000
0.000000	45600.000000
0.000000	45600.000000
0.000000	45600.000000
0.000000	45600.000000
0.000000	45600.000000
0.000000	45601.000000
0.000000	45601.000000
0.000000	45601.000000
0.000000	45601.000000
0.000000	45601.000000
0.000000	45601.000000
0.000000	45601.000000
0.000000	45601.000000
0.000000	45601.000000
0.000000	45601.000000
0.000000	45601.000000
0.000000	45601.000000
0.000000	45601.000000
0.000000	45601.000000
0.000000	45601.000000
0.000000	45601.000000
0.000000	45601.000000
0.000000	45602.000000
0.000000	45602.000000
0.000000	45602.000000
0.000000	45602.000000
0.000000	45602.000000
0.000000	45602.000000
0.000000	45602.000000
0.000000	45602.000000
0.000000	45602.000000
0.000000	45602.000000
0.000000	45602.000000
0.000000	45602.000000
0.000000	45602.000000
0.000000	45602.000000
0.000000	45602.000000
0.000000	45602.000000
0.000000	45602.000000
0.000000	45603.000000
0.000000	45603.000000
0.000000	45603.000000
0.000000	45603.000000
0.000000	45603.000000
0.000000	45603.000000
0.000000	45603.000000
0.000000	45603.000000
0.000000	45603.000000
0.000000	45603.000000
0.000000	45603.000000
0.000000	45603.000000
0.000000	45603.000000
0.000000	45603.000000
0.000000	45603.000000
0.000000	45603.000000
0.000000	45603.000000
0.000000	45604.000000
0.000000	45604.000000
0.000000	45604.000000
0.000000	45604.000000
0.000000	45604.000000
0.000000	45604.000000
0.000000	45604.000000
0.000000	45604.000000
0.000000	45604.000000
0.000000	45604.000000
0.000000	45604.000000
0.000000	45604.000000
0.000000	45604.000000
0.000000	45604.000000
0.000000	45604.000000
0.000000	45604.000000
0.000000	45604.000000
0.000000	45605.000000
0.000000	45605.000000
0.000000	45605.000000
0.000000	45605.000000
0.000000	45605.000000
0.000000	45605.000000
0.000000	45605.000000
0.000000	45605.000000
0.000000	45605.000000
0.000000	45605.000000
0.000000	45605.000000
0.000000	45605.000000
0.000000	45605.000000
0.000000	45605.000000
0.000000	45605.000000
0.000000	45605.000000
0.000000	45605.000000
0.000000	45606.000000
0.000000	45606.000000
0.000000	45606.000000
0.000000	45606.000000
0.000000	45606.000000
0.000000	45606.000000
0.000000	45606.000000
0.000000	45606.000000
0.000000	45606.000000
0.000000	45606.000000
0.000000	45606.000000
0.000000	45606.000000
0.000000	45606.000000
0.000000	45606.000000
0.000000	45606.000000
0.000000	45606.000000
0.000000	45606.000000
0.000000	45607.000000
0.000000	45607.000000
0.000000	45607.000000
0.000000	45607.000000
0.000000	45607.000000
0.000000	45607.000000
0.000000	45607.000000
0.000000	45607.000000
0.000000	45607.000000
0.000000	45607.000000
0.000000	45607.000000
0.000000	45607.000000
0.000000	45607.000000
0.000000	45607.000000
0.000000	45607.000000
0.000000	45607.000000
0.000000	45607.000000
0.000000	45608.000000
0.000000	45608.000000
0.000000	45608.000000
0.000000	45608.000000
0.000000	45608.000000
0.000000	45608.000000
0.000000	45608.000000
0.000000	45608.000000
0.000000	45608.000000
0.000000	45608.000000
0.000000	45608.000000
0.000000	45608.000000
0.000000	45608.000000
0.000000	45608.000000
0.000000	45608.000000
0.000000	45608.000000
0.000000	45608.000000
0.000000	45609.000000
0.000000	45609.000000
0.000000	45609.000000
0.000000	45609.000000
0.000000	45609.000000
0.000000	45609.000000
0.000000	45609.000000
0.000000	45609.000000
0.000000	45609.000000
0.000000	45609.000000
0.000000	45609.000000
0.000000	45609.000000
0.000000	45609.000000
0.000000	45609.000000
0.000000	45609.000000
0.000000	45609.000000
0.000000	45609.000000
0.000000	45610.000000
0.000000	45610.000000
0.000000	45610.000000
0.000000	45610.000000
0.000000	45610.000000
0.000000	45610.000000
0.000000	45610.000000
0.000000	45610.000000
0.000000	45610.000000
0.000000	45610.000000
0.000000	45610.000000
0.000000	45610.000000
0.000000	45610.000000
0.000000	45610.000000
0.000000	45610.000000
0.000000	45610.000000
0.000000	45610.000000
0.000000	45611.000000
0.000000	45611.000000
0.000000	45611.000000
0.000000	45611.000000
0.000000	45611.000000
0.000000	45611.000000
0.000000	45611.000000
0.000000	45611.000000
0.000000	45611.000000
0.000000	45611.000000
0.000000	45611.000000
0.000000	45611.000000
0.000000	45611.000000
0.000000	45611.000000
0.000000	45611.000000
0.000000	45611.000000
0.000000	45611.000000
0.000000	45611.000000
0.000000	45612.000000
0.000000	45612.000000
0.000000	45612.000000
0.000000	45612.000000
0.000000	45612.000000
0.000000	45612.000000
0.000000	45612.000000
0.000000	45612.000000
0.000000	45612.000000
0.000000	45612.000000
0.000000	45612.000000
0.000000	45612.000000
0.000000	45612.000000
0.000000	45612.000000
0.000000	45612.000000
0.000000	45612.000000
0.000000	45612.000000
0.000000	45613.000000
0.000000	45613.000000
0.000000	45613.000000
0.000000	45613.000000
0.000000	45613.000000
0.000000	45613.000000
0.000000	45613.000000
0.000000	45613.000000
0.000000	45613.000000
0.000000	45613.000000
0.000000	45613.000000
0.000000	45613.000000
0.000000	45613.000000
0.000000	45613.000000
0.000000	45613.000000
0.000000	45613.000000
0.000000	45613.000000
0.000000	45614.000000
0.000000	45614.000000
0.000000	45614.000000
0.000000	45614.000000
0.000000	45614.000000
0.000000	45614.000000
0.000000	45614.000000
0.000000	45614.000000
0.000000	45614.000000
0.000000	45614.000000
0.000000	45614.000000
0.000000	45614.000000
0.000000	45614.000000
0.000000	45614.000000
0.000000	45614.000000
0.000000	45614.000000
0.000000	45614.000000
0.000000	45615.000000
0.000000	45615.000000
0.000000	45615.000000
0.000000	45615.000000
0.000000	45615.000000
0.000000	45615.000000
0.000000	45615.000000
0.000000	45615.000000
0.000000	45615.000000
0.000000	45615.000000
0.000000	45615.000000
0.000000	45615.000000
0.000000	45615.000000
0.000000	45615.000000
0.000000	45615.000000
0.000000	45615.000000
0.000000	45615.000000
0.000000	45616.000000
0.000000	45616.000000
0.000000	45616.000000
0.000000	45616.000000
0.000000	45616.000000
0.000000	45616.000000
0.000000	45616.000000
0.000000	45616.000000
0.000000	45616.000000
0.000000	45616.000000
0.000000	45616.000000
0.000000	45616.000000
0.000000	45616.000000
0.000000	45616.000000
0.000000	45616.000000
0.000000	45616.000000
0.000000	45616.000000
0.000000	45617.000000
0.000000	45617.000000
0.000000	45617.000000
0.000000	45617.000000
0.000000	45617.000000
0.000000	45617.000000
0.000000	45617.000000
0.000000	45617.000000
0.000000	45617.000000
0.000000	45617.000000
0.000000	45617.000000
0.000000	45617.000000
0.000000	45617.000000
0.000000	45617.000000
0.000000	45617.000000
0.000000	45617.000000
0.000000	45617.000000
0.000000	45618.000000
0.000000	45618.000000
0.000000	45618.000000
0.000000	45618.000000
0.000000	45618.000000
0.000000	45618.000000
0.000000	45618.000000
0.000000	45618.000000
0.000000	45618.000000
0.000000	45618.000000
0.000000	45618.000000
0.000000	45618.000000
0.000000	45618.000000
0.000000	45618.000000
0.000000	45618.000000
0.000000	45618.000000
0.000000	45618.000000
0.000000	45619.000000
0.000000	45619.000000
0.000000	45619.000000
0.000000	45619.000000
0.000000	45619.000000
0.000000	45619.000000
0.000000	45619.000000
0.000000	45619.000000
0.000000	45619.000000
0.000000	45619.000000
0.000000	45619.000000
0.000000	45619.000000
0.000000	45619.000000
0.000000	45619.000000
0.000000	45619.000000
0.000000	45619.000000
0.000000	45619.000000
0.000000	45620.000000
0.000000	45620.000000
0.000000	45620.000000
0.000000	45620.000000
0.000000	45620.000000
0.000000	45620.000000
0.000000	45620.000000
0.000000	45620.000000
0.000000	45620.000000
0.000000	45620.000000
0.000000	45620.000000
0.000000	45620.000000
0.000000	45620.000000
0.000000	45620.000000
0.000000	45620.000000
0.000000	45620.000000
0.000000	45620.000000
0.000000	45621.000000
0.000000	45621.000000
0.000000	45621.000000
0.000000	45621.000000
0.000000	45621.000000
0.000000	45621.000000
0.000000	45621.000000
0.000000	45621.000000
0.000000	45621.000000
0.000000	45621.000000
0.000000	45621.000000
0.000000	45621.000000
0.000000	45621.000000
0.000000	45621.000000
0.000000	45621.000000
0.000000	45621.000000
0.000000	45621.000000
0.000000	45622.000000
0.000000	45622.000000
0.000000	45622.000000
0.000000	45622.000000
0.000000	45622.000000
0.000000	45622.000000
0.000000	45622.000000
0.000000	45622.000000
0.000000	45622.000000
0.000000	45622.000000
0.000000	45622.000000
0.000000	45622.000000
0.000000	45622.000000
0.000000	45622.000000
0.000000	45622.000000
0.000000	45622.000000
0.000000	45622.000000
0.000000	45623.000000
0.000000	45623.000000
0.000000	45623.000000
0.000000	45623.000000
0.000000	45623.000000
0.000000	45623.000000
0.000000	45623.000000
0.000000	45623.000000
0.000000	45623.000000
0.000000	45623.000000
0.000000	45623.000000
0.000000	45623.000000
0.000000	45623.000000
0.000000	45623.000000
0.000000	45623.000000
0.000000	45623.000000
0.000000	45623.000000
0.000000	45624.000000
0.000000	45624.000000
0.000000	45624.000000
0.000000	45624.000000
0.000000	45624.000000
0.000000	45624.000000
0.000000	45624.000000
0.000000	45624.000000
0.000000	45624.000000
0.000000	45624.000000
0.000000	45624.000000
0.000000	45624.000000
0.000000	45624.000000
0.000000	45624.000000
0.000000	45624.000000
0.000000	45624.000000
0.000000	45624.000000
0.000000	45625.000000
0.000000	45625.000000
0.000000	45625.000000
0.000000	45625.000000
0.000000	45625.000000
0.000000	45625.000000
0.000000	45625.000000
0.000000	45625.000000
0.000000	45625.000000
0.000000	45625.000000
0.000000	45625.000000
0.000000	45625.000000
0.000000	45625.000000
0.000000	45625.000000
0.000000	45625.000000
0.000000	45625.000000
0.000000	45625.000000
0.000000	45626.000000
0.000000	45626.000000
0.000000	45626.000000
0.000000	45626.000000
0.000000	45626.000000
0.000000	45626.000000
0.000000	45626.000000
0.000000	45626.000000
0.000000	45626.000000
0.000000	45626.000000
0.000000	45626.000000
0.000000	45626.000000
0.000000	45626.000000
0.000000	45626.000000
0.000000	45626.000000
0.000000	45626.000000
0.000000	45626.000000
0.000000	45626.000000
0.000000	45627.000000
0.000000	45627.000000
0.000000	45627.000000
0.000000	45627.000000
0.000000	45627.000000
0.000000	45627.000000
0.000000	45627.000000
0.000000	45627.000000
0.000000	45627.000000
0.000000	45627.000000
0.000000	45627.000000
0.000000	45627.000000
0.000000	45627.000000
0.000000	45627.000000
0.000000	45627.000000
0.000000	45627.000000
0.000000	45627.000000
0.000000	45628.000000
0.000000	45628.000000
0.000000	45628.000000
0.000000	45628.000000
0.000000	45628.000000
0.000000	45628.000000
0.000000	45628.000000
0.000000	45628.000000
0.000000	45628.000000
0.000000	45628.000000
0.000000	45628.000000
0.000000	45628.000000
0.000000	45628.000000
0.000000	45628.000000
0.000000	45628.000000
0.000000	45628.000000
0.000000	45628.000000
0.000000	45629.000000
0.000000	45629.000000
0.000000	45629.000000
0.000000	45629.000000
0.000000	45629.000000
0.000000	45629.000000
0.000000	45629.000000
0.000000	45629.000000
0.000000	45629.000000
0.000000	45629.000000
0.000000	45629.000000
0.000000	45629.000000
0.000000	45629.000000
0.000000	45629.000000
0.000000	45629.000000
0.000000	45629.000000
0.000000	45629.000000
0.000000	45630.000000
0.000000	45630.000000
0.000000	45630.000000
0.000000	45630.000000
0.000000	45630.000000
0.000000	45630.000000
0.000000	45630.000000
0.000000	45630.000000
0.000000	45630.000000
0.000000	45630.000000
0.000000	45630.000000
0.000000	45630.000000
0.000000	45630.000000
0.000000	45630.000000
0.000000	45630.000000
0.000000	45630.000000
0.000000	45630.000000
0.000000	45631.000000
0.000000	45631.000000
0.000000	45631.000000
0.000000	45631.000000
0.000000	45631.000000
0.000000	45631.000000
0.000000	45631.000000
0.000000	45631.000000
0.000000	45631.000000
0.000000	45631.000000
0.000000	45631.000000
0.000000	45631.000000
0.000000	45631.000000
0.000000	45631.000000
0.000000	45631.000000
0.000000	45631.000000
0.000000	45631.000000
0.000000	45632.000000
0.000000	45632.000000
0.000000	45632.000000
0.000000	45632.000000
0.000000	45632.000000
0.000000	45632.000000
0.000000	45632.000000
0.000000	45632.000000
0.000000	45632.000000
0.000000	45632.000000
0.000000	45632.000000
0.000000	45632.000000
0.000000	45632.000000
0.000000	45632.000000
0.000000	45632.000000
0.000000	45632.000000
0.000000	45632.000000
0.000000	45633.000000
0.000000	45633.000000
0.000000	45633.000000
0.000000	45633.000000
0.000000	45633.000000
0.000000	45633.000000
0.000000	45633.000000
0.000000	45633.000000
