0.000000	45933.000000
0.000000	45933.000000
0.000000	45933.000000
0.000000	45933.000000
0.000000	45933.000000
0.000000	45933.000000
0.000000	45933.000000
0.000000	45933.000000
0.000000	45933.000000
0.000000	45933.000000
0.000000	45934.000000
0.000000	45934.000000
0.000000	45934.000000
0.000000	45934.000000
0.000000	45934.000000
0.000000	45934.000000
0.000000	45934.000000
0.000000	45934.000000
0.000000	45934.000000
0.000000	45934.000000
0.000000	45934.000000
0.000000	45934.000000
0.000000	45934.000000
0.000000	45934.000000
0.000000	45934.000000
0.000000	45934.000000
0.000000	45934.000000
0.000000	45935.000000
0.000000	45935.000000
0.000000	45935.000000
0.000000	45935.000000
0.000000	45935.000000
0.000000	45935.000000
0.000000	45935.000000
0.000000	45935.000000
0.000000	45935.000000
0.000000	45935.000000
0.000000	45935.000000
0.000000	45935.000000
0.000000	45935.000000
0.000000	45935.000000
0.000000	45935.000000
0.000000	45935.000000
0.000000	45935.000000
0.000000	45936.000000
0.000000	45936.000000
0.000000	45936.000000
0.000000	45936.000000
0.000000	45936.000000
0.000000	45936.000000
0.000000	45936.000000
0.000000	45936.000000
0.000000	45936.000000
0.000000	45936.000000
0.000000	45936.000000
0.000000	45936.000000
0.000000	45936.000000
0.000000	45936.000000
0.000000	45936.000000
0.000000	45936.000000
0.000000	45936.000000
0.000000	45937.000000
0.000000	45937.000000
0.000000	45937.000000
0.000000	45937.000000
0.000000	45937.000000
0.000000	45937.000000
0.000000	45937.000000
0.000000	45937.000000
0.000000	45937.000000
0.000000	45937.000000
0.000000	45937.000000
0.000000	45937.000000
0.000000	45937.000000
0.000000	45937.000000
0.000000	45937.000000
0.000000	45937.000000
0.000000	45937.000000
0.000000	45938.000000
0.000000	45938.000000
0.000000	45938.000000
0.000000	45938.000000
0.000000	45938.000000
0.000000	45938.000000
0.000000	45938.000000
0.000000	45938.000000
0.000000	45938.000000
0.000000	45938.000000
0.000000	45938.000000
0.000000	45938.000000
0.000000	45938.000000
0.000000	45938.000000
0.000000	45938.000000
0.000000	45938.000000
0.000000	45938.000000
0.000000	45939.000000
0.000000	45939.000000
0.000000	45939.000000
0.000000	45939.000000
0.000000	45939.000000
0.000000	45939.000000
0.000000	45939.000000
0.000000	45939.000000
0.000000	45939.000000
0.000000	45939.000000
0.000000	45939.000000
0.000000	45939.000000
0.000000	45939.000000
0.000000	45939.000000
0.000000	45939.000000
0.000000	45939.000000
0.000000	45939.000000
0.000000	45940.000000
0.000000	45940.000000
0.000000	45940.000000
0.000000	45940.000000
0.000000	45940.000000
0.000000	45940.000000
0.000000	45940.000000
0.000000	45940.000000
0.000000	45940.000000
0.000000	45940.000000
0.000000	45940.000000
0.000000	45940.000000
0.000000	45940.000000
0.000000	45940.000000
0.000000	45940.000000
0.000000	45940.000000
0.000000	45940.000000
0.000000	45941.000000
0.000000	45941.000000
0.000000	45941.000000
0.000000	45941.000000
0.000000	45941.000000
0.000000	45941.000000
0.000000	45941.000000
0.000000	45941.000000
0.000000	45941.000000
0.000000	45941.000000
0.000000	45941.000000
0.000000	45941.000000
0.000000	45941.000000
0.000000	45941.000000
0.000000	45941.000000
0.000000	45941.000000
0.000000	45941.000000
0.000000	45942.000000
0.000000	45942.000000
0.000000	45942.000000
0.000000	45942.000000
0.000000	45942.000000
0.000000	45942.000000
0.000000	45942.000000
0.000000	45942.000000
0.000000	45942.000000
0.000000	45942.000000
0.000000	45942.000000
0.000000	45942.000000
0.000000	45942.000000
0.000000	45942.000000
0.000000	45942.000000
0.000000	45942.000000
0.000000	45942.000000
0.000000	45942.000000
0.000000	45943.000000
0.000000	45943.000000
0.000000	45943.000000
0.000000	45943.000000
0.000000	45943.000000
0.000000	45943.000000
0.000000	45943.000000
0.000000	45943.000000
0.000000	45943.000000
0.000000	45943.000000
0.000000	45943.000000
0.000000	45943.000000
0.000000	45943.000000
0.000000	45943.000000
0.000000	45943.000000
0.000000	45943.000000
0.000000	45943.000000
0.000000	45944.000000
0.000000	45944.000000
0.000000	45944.000000
0.000000	45944.000000
0.000000	45944.000000
0.000000	45944.000000
0.000000	45944.000000
0.000000	45944.000000
0.000000	45944.000000
0.000000	45944.000000
0.000000	45944.000000
0.000000	45944.000000
0.000000	45944.000000
0.000000	45944.000000
0.000000	45944.000000
0.000000	45944.000000
0.000000	45944.000000
0.000000	45945.000000
0.000000	45945.000000
0.000000	45945.000000
0.000000	45945.000000
0.000000	45945.000000
0.000000	45945.000000
0.000000	45945.000000
0.000000	45945.000000
0.000000	45945.000000
0.000000	45945.000000
0.000000	45945.000000
0.000000	45945.000000
0.000000	45945.000000
0.000000	45945.000000
0.000000	45945.000000
0.000000	45945.000000
0.000000	45945.000000
0.000000	45946.000000
0.000000	45946.000000
0.000000	45946.000000
0.000000	45946.000000
0.000000	45946.000000
0.000000	45946.000000
0.000000	45946.000000
0.000000	45946.000000
0.000000	45946.000000
0.000000	45946.000000
0.000000	45946.000000
0.000000	45946.000000
0.000000	45946.000000
0.000000	45946.000000
0.000000	45946.000000
0.000000	45946.000000
0.000000	45946.000000
0.000000	45947.000000
0.000000	45947.000000
0.000000	45947.000000
0.000000	45947.000000
0.000000	45947.000000
0.000000	45947.000000
0.000000	45947.000000
0.000000	45947.000000
0.000000	45947.000000
0.000000	45947.000000
0.000000	45947.000000
0.000000	45947.000000
0.000000	45947.000000
0.000000	45947.000000
0.000000	45947.000000
0.000000	45947.000000
0.000000	45947.000000
0.000000	45948.000000
0.000000	45948.000000
0.000000	45948.000000
0.000000	45948.000000
0.000000	45948.000000
0.000000	45948.000000
0.000000	45948.000000
0.000000	45948.000000
0.000000	45948.000000
0.000000	45948.000000
0.000000	45948.000000
0.000000	45948.000000
0.000000	45948.000000
0.000000	45948.000000
0.000000	45948.000000
0.000000	45948.000000
0.000000	45948.000000
0.000000	45949.000000
0.000000	45949.000000
0.000000	45949.000000
0.000000	45949.000000
0.000000	45949.000000
0.000000	45949.000000
0.000000	45949.000000
0.000000	45949.000000
0.000000	45949.000000
0.000000	45949.000000
0.000000	45949.000000
0.000000	45949.000000
0.000000	45949.000000
0.000000	45949.000000
0.000000	45949.000000
0.000000	45949.000000
0.000000	45949.000000
0.000000	45950.000000
0.000000	45950.000000
0.000000	45950.000000
0.000000	45950.000000
0.000000	45950.000000
0.000000	45950.000000
0.000000	45950.000000
0.000000	45950.000000
0.000000	45950.000000
0.000000	45950.000000
0.000000	45950.000000
0.000000	45950.000000
0.000000	45950.000000
0.000000	45950.000000
0.000000	45950.000000
0.000000	45950.000000
0.000000	45950.000000
0.000000	45951.000000
0.000000	45951.000000
0.000000	45951.000000
0.000000	45951.000000
0.000000	45951.000000
0.000000	45951.000000
0.000000	45951.000000
0.000000	45951.000000
0.000000	45951.000000
0.000000	45951.000000
0.000000	45951.000000
0.000000	45951.000000
0.000000	45951.000000
0.000000	45951.000000
0.000000	45951.000000
0.000000	45951.000000
0.000000	45951.000000
0.000000	45952.000000
0.000000	45952.000000
0.000000	45952.000000
0.000000	45952.000000
0.000000	45952.000000
0.000000	45952.000000
0.000000	45952.000000
0.000000	45952.000000
0.000000	45952.000000
0.000000	45952.000000
0.000000	45952.000000
0.000000	45952.000000
0.000000	45952.000000
0.000000	45952.000000
0.000000	45952.000000
0.000000	45952.000000
0.000000	45952.000000
0.000000	45953.000000
0.000000	45953.000000
0.000000	45953.000000
0.000000	45953.000000
0.000000	45953.000000
0.000000	45953.000000
0.000000	45953.000000
0.000000	45953.000000
0.000000	45953.000000
0.000000	45953.000000
0.000000	45953.000000
0.000000	45953.000000
0.000000	45953.000000
0.000000	45953.000000
0.000000	45953.000000
0.000000	45953.000000
0.000000	45953.000000
0.000000	45954.000000
0.000000	45954.000000
0.000000	45954.000000
0.000000	45954.000000
0.000000	45954.000000
0.000000	45954.000000
0.000000	45954.000000
0.000000	45954.000000
0.000000	45954.000000
0.000000	45954.000000
0.000000	45954.000000
0.000000	45954.000000
0.000000	45954.000000
0.000000	45954.000000
0.000000	45954.000000
0.000000	45954.000000
0.000000	45954.000000
0.000000	45955.000000
0.000000	45955.000000
0.000000	45955.000000
0.000000	45955.000000
0.000000	45955.000000
0.000000	45955.000000
0.000000	45955.000000
0.000000	45955.000000
0.000000	45955.000000
0.000000	45955.000000
0.000000	45955.000000
0.000000	45955.000000
0.000000	45955.000000
0.000000	45955.000000
0.000000	45955.000000
0.000000	45955.000000
0.000000	45955.000000
0.000000	45956.000000
0.000000	45956.000000
0.000000	45956.000000
0.000000	45956.000000
0.000000	45956.000000
0.000000	45956.000000
0.000000	45956.000000
0.000000	45956.000000
0.000000	45956.000000
0.000000	45956.000000
0.000000	45956.000000
0.000000	45956.000000
0.000000	45956.000000
0.000000	45956.000000
0.000000	45956.000000
0.000000	45956.000000
0.000000	45956.000000
0.000000	45957.000000
0.000000	45957.000000
0.000000	45957.000000
0.000000	45957.000000
0.000000	45957.000000
0.000000	45957.000000
0.000000	45957.000000
0.000000	45957.000000
0.000000	45957.000000
0.000000	45957.000000
0.000000	45957.000000
0.000000	45957.000000
0.000000	45957.000000
0.000000	45957.000000
0.000000	45957.000000
0.000000	45957.000000
0.000000	45957.000000
0.000000	45958.000000
0.000000	45958.000000
0.000000	45958.000000
0.000000	45958.000000
0.000000	45958.000000
0.000000	45958.000000
0.000000	45958.000000
0.000000	45958.000000
0.000000	45958.000000
0.000000	45958.000000
0.000000	45958.000000
0.000000	45958.000000
0.000000	45958.000000
0.000000	45958.000000
0.000000	45958.000000
0.000000	45958.000000
0.000000	45958.000000
0.000000	45958.000000
0.000000	45959.000000
0.000000	45959.000000
0.000000	45959.000000
0.000000	45959.000000
0.000000	45959.000000
0.000000	45959.000000
0.000000	45959.000000
0.000000	45959.000000
0.000000	45959.000000
0.000000	45959.000000
0.000000	45959.000000
0.000000	45959.000000
0.000000	45959.000000
0.000000	45959.000000
0.000000	45959.000000
0.000000	45959.000000
0.000000	45959.000000
0.000000	50000.000000
0.000000	50000.000000
0.000000	50000.000000
0.000000	50000.000000
0.000000	50000.000000
0.000000	50000.000000
0.000000	50000.000000
0.000000	50000.000000
0.000000	50000.000000
0.000000	50000.000000
0.000000	50000.000000
0.000000	50000.000000
0.000000	50000.000000
0.000000	50000.000000
0.000000	50000.000000
0.000000	50000.000000
0.000000	50000.000000
0.000000	50001.000000
0.000000	50001.000000
0.000000	50001.000000
0.000000	50001.000000
0.000000	50001.000000
0.000000	50001.000000
0.000000	50001.000000
0.000000	50001.000000
0.000000	50001.000000
0.000000	50001.000000
0.000000	50001.000000
0.000000	50001.000000
0.000000	50001.000000
0.000000	50001.000000
0.000000	50001.000000
0.000000	50001.000000
0.000000	50001.000000
0.000000	50002.000000
0.000000	50002.000000
0.000000	50002.000000
0.000000	50002.000000
0.000000	50002.000000
0.000000	50002.000000
0.000000	50002.000000
0.000000	50002.000000
0.000000	50002.000000
0.000000	50002.000000
0.000000	50002.000000
0.000000	50002.000000
0.000000	50002.000000
0.000000	50002.000000
0.000000	50002.000000
0.000000	50002.000000
0.000000	50002.000000
0.000000	50003.000000
0.000000	50003.000000
0.000000	50003.000000
0.000000	50003.000000
0.000000	50003.000000
0.000000	50003.000000
0.000000	50003.000000
0.000000	50003.000000
0.000000	50003.000000
0.000000	50003.000000
0.000000	50003.000000
0.000000	50003.000000
0.000000	50003.000000
0.000000	50003.000000
0.000000	50003.000000
0.000000	50003.000000
0.000000	50003.000000
0.000000	50004.000000
0.000000	50004.000000
0.000000	50004.000000
0.000000	50004.000000
0.000000	50004.000000
0.000000	50004.000000
0.000000	50004.000000
0.000000	50004.000000
0.000000	50004.000000
0.000000	50004.000000
0.000000	50004.000000
0.000000	50004.000000
0.000000	50004.000000
0.000000	50004.000000
0.000000	50004.000000
0.000000	50004.000000
0.000000	50004.000000
0.000000	50005.000000
0.000000	50005.000000
0.000000	50005.000000
0.000000	50005.000000
0.000000	50005.000000
0.000000	50005.000000
0.000000	50005.000000
0.000000	50005.000000
0.000000	50005.000000
0.000000	50005.000000
0.000000	50005.000000
0.000000	50005.000000
0.000000	50005.000000
0.000000	50005.000000
0.000000	50005.000000
0.000000	50005.000000
0.000000	50005.000000
0.000000	50006.000000
0.000000	50006.000000
0.000000	50006.000000
0.000000	50006.000000
0.000000	50006.000000
0.000000	50006.000000
0.000000	50006.000000
0.000000	50006.000000
0.000000	50006.000000
0.000000	50006.000000
0.000000	50006.000000
0.000000	50006.000000
0.000000	50006.000000
0.000000	50006.000000
0.000000	50006.000000
0.000000	50006.000000
0.000000	50006.000000
0.000000	50007.000000
0.000000	50007.000000
0.000000	50007.000000
0.000000	50007.000000
0.000000	50007.000000
0.000000	50007.000000
0.000000	50007.000000
0.000000	50007.000000
0.000000	50007.000000
0.000000	50007.000000
0.000000	50007.000000
0.000000	50007.000000
0.000000	50007.000000
0.000000	50007.000000
0.000000	50007.000000
0.000000	50007.000000
0.000000	50007.000000
0.000000	50008.000000
0.000000	50008.000000
0.000000	50008.000000
0.000000	50008.000000
0.000000	50008.000000
0.000000	50008.000000
0.000000	50008.000000
0.000000	50008.000000
0.000000	50008.000000
0.000000	50008.000000
0.000000	50008.000000
0.000000	50008.000000
0.000000	50008.000000
0.000000	50008.000000
0.000000	50008.000000
0.000000	50008.000000
0.000000	50008.000000
0.000000	50009.000000
0.000000	50009.000000
0.000000	50009.000000
0.000000	50009.000000
0.000000	50009.000000
0.000000	50009.000000
0.000000	50009.000000
0.000000	50009.000000
0.000000	50009.000000
0.000000	50009.000000
0.000000	50009.000000
0.000000	50009.000000
0.000000	50009.000000
0.000000	50009.000000
0.000000	50009.000000
0.000000	50009.000000
0.000000	50009.000000
0.000000	50010.000000
0.000000	50010.000000
0.000000	50010.000000
0.000000	50010.000000
0.000000	50010.000000
0.000000	50010.000000
0.000000	50010.000000
0.000000	50010.000000
0.000000	50010.000000
0.000000	50010.000000
0.000000	50010.000000
0.000000	50010.000000
0.000000	50010.000000
0.000000	50010.000000
0.000000	50010.000000
0.000000	50010.000000
0.000000	50010.000000
0.000000	50011.000000
0.000000	50011.000000
0.000000	50011.000000
0.000000	50011.000000
0.000000	50011.000000
0.000000	50011.000000
0.000000	50011.000000
0.000000	50011.000000
0.000000	50011.000000
0.000000	50011.000000
0.000000	50011.000000
0.000000	50011.000000
0.000000	50011.000000
0.000000	50011.000000
0.000000	50011.000000
0.000000	50011.000000
0.000000	50011.000000
0.000000	50012.000000
0.000000	50012.000000
0.000000	50012.000000
0.000000	50012.000000
0.000000	50012.000000
0.000000	50012.000000
0.000000	50012.000000
0.000000	50012.000000
0.000000	50012.000000
0.000000	50012.000000
0.000000	50012.000000
0.000000	50012.000000
0.000000	50012.000000
0.000000	50012.000000
0.000000	50012.000000
0.000000	50012.000000
0.000000	50012.000000
0.000000	50013.000000
0.000000	50013.000000
0.000000	50013.000000
0.000000	50013.000000
0.000000	50013.000000
0.000000	50013.000000
0.000000	50013.000000
0.000000	50013.000000
0.000000	50013.000000
0.000000	50013.000000
0.000000	50013.000000
0.000000	50013.000000
0.000000	50013.000000
0.000000	50013.000000
0.000000	50013.000000
0.000000	50013.000000
0.000000	50013.000000
0.000000	50013.000000
0.000000	50014.000000
0.000000	50014.000000
0.000000	50014.000000
0.000000	50014.000000
0.000000	50014.000000
0.000000	50014.000000
0.000000	50014.000000
0.000000	50014.000000
0.000000	50014.000000
0.000000	50014.000000
0.000000	50014.000000
0.000000	50014.000000
0.000000	50014.000000
0.000000	50014.000000
0.000000	50014.000000
0.000000	50014.000000
0.000000	50014.000000
0.000000	50015.000000
0.000000	50015.000000
0.000000	50015.000000
0.000000	50015.000000
0.000000	50015.000000
0.000000	50015.000000
0.000000	50015.000000
0.000000	50015.000000
0.000000	50015.000000
0.000000	50015.000000
0.000000	50015.000000
0.000000	50015.000000
0.000000	50015.000000
0.000000	50015.000000
0.000000	50015.000000
0.000000	50015.000000
0.000000	50015.000000
0.000000	50016.000000
0.000000	50016.000000
0.000000	50016.000000
0.000000	50016.000000
0.000000	50016.000000
0.000000	50016.000000
0.000000	50016.000000
0.000000	50016.000000
0.000000	50016.000000
0.000000	50016.000000
0.000000	50016.000000
0.000000	50016.000000
0.000000	50016.000000
0.000000	50016.000000
0.000000	50016.000000
0.000000	50016.000000
0.000000	50016.000000
0.000000	50017.000000
0.000000	50017.000000
0.000000	50017.000000
0.000000	50017.000000
0.000000	50017.000000
0.000000	50017.000000
0.000000	50017.000000
0.000000	50017.000000
0.000000	50017.000000
0.000000	50017.000000
0.000000	50017.000000
0.000000	50017.000000
0.000000	50017.000000
0.000000	50017.000000
0.000000	50017.000000
0.000000	50017.000000
0.000000	50017.000000
0.000000	50018.000000
0.000000	50018.000000
0.000000	50018.000000
0.000000	50018.000000
0.000000	50018.000000
0.000000	50018.000000
0.000000	50018.000000
0.000000	50018.000000
0.000000	50018.000000
0.000000	50018.000000
0.000000	50018.000000
0.000000	50018.000000
0.000000	50018.000000
0.000000	50018.000000
0.000000	50018.000000
0.000000	50018.000000
0.000000	50018.000000
0.000000	50019.000000
0.000000	50019.000000
0.000000	50019.000000
0.000000	50019.000000
0.000000	50019.000000
0.000000	50019.000000
0.000000	50019.000000
0.000000	50019.000000
0.000000	50019.000000
0.000000	50019.000000
0.000000	50019.000000
0.000000	50019.000000
0.000000	50019.000000
0.000000	50019.000000
0.000000	50019.000000
0.000000	50019.000000
0.000000	50019.000000
0.000000	50020.000000
0.000000	50020.000000
0.000000	50020.000000
0.000000	50020.000000
0.000000	50020.000000
0.000000	50020.000000
0.000000	50020.000000
0.000000	50020.000000
0.000000	50020.000000
0.000000	50020.000000
0.000000	50020.000000
0.000000	50020.000000
0.000000	50020.000000
0.000000	50020.000000
0.000000	50020.000000
0.000000	50020.000000
0.000000	50020.000000
0.000000	50021.000000
0.000000	50021.000000
0.000000	50021.000000
0.000000	50021.000000
0.000000	50021.000000
0.000000	50021.000000
0.000000	50021.000000
0.000000	50021.000000
0.000000	50021.000000
0.000000	50021.000000
0.000000	50021.000000
0.000000	50021.000000
0.000000	50021.000000
0.000000	50021.000000
0.000000	50021.000000
0.000000	50021.000000
0.000000	50021.000000
0.000000	50022.000000
0.000000	50022.000000
0.000000	50022.000000
0.000000	50022.000000
0.000000	50022.000000
0.000000	50022.000000
0.000000	50022.000000
0.000000	50022.000000
0.000000	50022.000000
0.000000	50022.000000
0.000000	50022.000000
0.000000	50022.000000
0.000000	50022.000000
0.000000	50022.000000
0.000000	50022.000000
0.000000	50022.000000
0.000000	50022.000000
0.000000	50023.000000
0.000000	50023.000000
0.000000	50023.000000
0.000000	50023.000000
0.000000	50023.000000
0.000000	50023.000000
0.000000	50023.000000
0.000000	50023.000000
0.000000	50023.000000
0.000000	50023.000000
0.000000	50023.000000
0.000000	50023.000000
0.000000	50023.000000
0.000000	50023.000000
0.000000	50023.000000
0.000000	50023.000000
0.000000	50023.000000
0.000000	50024.000000
0.000000	50024.000000
0.000000	50024.000000
0.000000	50024.000000
0.000000	50024.000000
0.000000	50024.000000
0.000000	50024.000000
0.000000	50024.000000
0.000000	50024.000000
0.000000	50024.000000
0.000000	50024.000000
0.000000	50024.000000
0.000000	50024.000000
0.000000	50024.000000
0.000000	50024.000000
0.000000	50024.000000
0.000000	50024.000000
0.000000	50025.000000
0.000000	50025.000000
0.000000	50025.000000
0.000000	50025.000000
0.000000	50025.000000
0.000000	50025.000000
0.000000	50025.000000
0.000000	50025.000000
0.000000	50025.000000
0.000000	50025.000000
0.000000	50025.000000
0.000000	50025.000000
0.000000	50025.000000
0.000000	50025.000000
0.000000	50025.000000
0.000000	50025.000000
0.000000	50025.000000
0.000000	50026.000000
0.000000	50026.000000
0.000000	50026.000000
0.000000	50026.000000
0.000000	50026.000000
0.000000	50026.000000
0.000000	50026.000000
0.000000	50026.000000
0.000000	50026.000000
0.000000	50026.000000
0.000000	50026.000000
0.000000	50026.000000
0.000000	50026.000000
0.000000	50026.000000
0.000000	50026.000000
0.000000	50026.000000
0.000000	50026.000000
0.000000	50027.000000
0.000000	50027.000000
0.000000	50027.000000
0.000000	50027.000000
0.000000	50027.000000
0.000000	50027.000000
0.000000	50027.000000
0.000000	50027.000000
0.000000	50027.000000
0.000000	50027.000000
0.000000	50027.000000
0.000000	50027.000000
0.000000	50027.000000
0.000000	50027.000000
0.000000	50027.000000
0.000000	50027.000000
0.000000	50027.000000
0.000000	50027.000000
0.000000	50028.000000
0.000000	50028.000000
0.000000	50028.000000
0.000000	50028.000000
0.000000	50028.000000
0.000000	50028.000000
0.000000	50028.000000
0.000000	50028.000000
0.000000	50028.000000
0.000000	50028.000000
0.000000	50028.000000
0.000000	50028.000000
0.000000	50028.000000
0.000000	50028.000000
0.000000	50028.000000
0.000000	50028.000000
0.000000	50029.000000
0.000000	50029.000000
0.000000	50029.000000
0.000000	50029.000000
0.000000	50029.000000
0.000000	50029.000000
0.000000	50029.000000
0.000000	50029.000000
0.000000	50029.000000
0.000000	50029.000000
0.000000	50029.000000
0.000000	50029.000000
0.000000	50029.000000
0.000000	50029.000000
0.000000	50029.000000
0.000000	50029.000000
0.000000	50029.000000
0.000000	50029.000000
0.000000	50030.000000
0.000000	50030.000000
0.000000	50030.000000
0.000000	50030.000000
0.000000	50030.000000
0.000000	50030.000000
0.000000	50030.000000
0.000000	50030.000000
0.000000	50030.000000
0.000000	50030.000000
0.000000	50030.000000
0.000000	50030.000000
0.000000	50030.000000
0.000000	50030.000000
0.000000	50030.000000
0.000000	50030.000000
0.000000	50030.000000
0.000000	50031.000000
0.000000	50031.000000
0.000000	50031.000000
0.000000	50031.000000
0.000000	50031.000000
0.000000	50031.000000
0.000000	50031.000000
0.000000	50031.000000
0.000000	50031.000000
0.000000	50031.000000
0.000000	50031.000000
0.000000	50031.000000
0.000000	50031.000000
0.000000	50031.000000
0.000000	50031.000000
0.000000	50031.000000
0.000000	50031.000000
0.000000	50032.000000
0.000000	50032.000000
0.000000	50032.000000
0.000000	50032.000000
0.000000	50032.000000
0.000000	50032.000000
0.000000	50032.000000
0.000000	50032.000000
0.000000	50032.000000
0.000000	50032.000000
0.000000	50032.000000
0.000000	50032.000000
0.000000	50032.000000
0.000000	50032.000000
0.000000	50032.000000
0.000000	50032.000000
0.000000	50032.000000
0.000000	50033.000000
0.000000	50033.000000
0.000000	50033.000000
0.000000	50033.000000
0.000000	50033.000000
0.000000	50033.000000
0.000000	50033.000000
0.000000	50033.000000
0.000000	50033.000000
0.000000	50033.000000
0.000000	50033.000000
0.000000	50033.000000
0.000000	50033.000000
0.000000	50033.000000
0.000000	50033.000000
0.000000	50033.000000
0.000000	50033.000000
0.000000	50034.000000
0.000000	50034.000000
0.000000	50034.000000
0.000000	50034.000000
0.000000	50034.000000
0.000000	50034.000000
0.000000	50034.000000
0.000000	50034.000000
0.000000	50034.000000
0.000000	50034.000000
0.000000	50034.000000
0.000000	50034.000000
0.000000	50034.000000
0.000000	50034.000000
0.000000	50034.000000
0.000000	50034.000000
0.000000	50034.000000
0.000000	50035.000000
0.000000	50035.000000
0.000000	50035.000000
0.000000	50035.000000
0.000000	50035.000000
0.000000	50035.000000
0.000000	50035.000000
0.000000	50035.000000
0.000000	50035.000000
0.000000	50035.000000
0.000000	50035.000000
0.000000	50035.000000
0.000000	50035.000000
0.000000	50035.000000
0.000000	50035.000000
0.000000	50035.000000
0.000000	50035.000000
0.000000	50036.000000
0.000000	50036.000000
0.000000	50036.000000
0.000000	50036.000000
0.000000	50036.000000
0.000000	50036.000000
0.000000	50036.000000
0.000000	50036.000000
0.000000	50036.000000
0.000000	50036.000000
0.000000	50036.000000
0.000000	50036.000000
0.000000	50036.000000
0.000000	50036.000000
0.000000	50036.000000
0.000000	50036.000000
0.000000	50036.000000
0.000000	50037.000000
0.000000	50037.000000
0.000000	50037.000000
0.000000	50037.000000
0.000000	50037.000000
0.000000	50037.000000
0.000000	50037.000000
0.000000	50037.000000
0.000000	50037.000000
0.000000	50037.000000
0.000000	50037.000000
0.000000	50037.000000
0.000000	50037.000000
0.000000	50037.000000
0.000000	50037.000000
0.000000	50037.000000
0.000000	50037.000000
0.000000	50038.000000
0.000000	50038.000000
0.000000	50038.000000
0.000000	50038.000000
0.000000	50038.000000
0.000000	50038.000000
0.000000	50038.000000
0.000000	50038.000000
0.000000	50038.000000
0.000000	50038.000000
0.000000	50038.000000
0.000000	50038.000000
0.000000	50038.000000
0.000000	50038.000000
0.000000	50038.000000
0.000000	50038.000000
0.000000	50038.000000
0.000000	50039.000000
0.000000	50039.000000
0.000000	50039.000000
0.000000	50039.000000
0.000000	50039.000000
0.000000	50039.000000
0.000000	50039.000000
0.000000	50039.000000
0.000000	50039.000000
0.000000	50039.000000
0.000000	50039.000000
0.000000	50039.000000
0.000000	50039.000000
0.000000	50039.000000
0.000000	50039.000000
0.000000	50039.000000
0.000000	50039.000000
0.000000	50040.000000
0.000000	50040.000000
0.000000	50040.000000
0.000000	50040.000000
0.000000	50040.000000
0.000000	50040.000000
0.000000	50040.000000
0.000000	50040.000000
0.000000	50040.000000
0.000000	50040.000000
0.000000	50040.000000
0.000000	50040.000000
0.000000	50040.000000
0.000000	50040.000000
0.000000	50040.000000
0.000000	50040.000000
0.000000	50040.000000
0.000000	50041.000000
0.000000	50041.000000
0.000000	50041.000000
0.000000	50041.000000
0.000000	50041.000000
0.000000	50041.000000
0.000000	50041.000000
0.000000	50041.000000
0.000000	50041.000000
0.000000	50041.000000
0.000000	50041.000000
0.000000	50041.000000
0.000000	50041.000000
0.000000	50041.000000
0.000000	50041.000000
0.000000	50041.000000
0.000000	50041.000000
0.000000	50042.000000
0.000000	50042.000000
0.000000	50042.000000
0.000000	50042.000000
0.000000	50042.000000
0.000000	50042.000000
0.000000	50042.000000
0.000000	50042.000000
0.000000	50042.000000
0.000000	50042.000000
0.000000	50042.000000
0.000000	50042.000000
0.000000	50042.000000
0.000000	50042.000000
0.000000	50042.000000
0.000000	50042.000000
0.000000	50042.000000
0.000000	50042.000000
0.000000	50043.000000
0.000000	50043.000000
0.000000	50043.000000
0.000000	50043.000000
0.000000	50043.000000
0.000000	50043.000000
0.000000	50043.000000
0.000000	50043.000000
0.000000	50043.000000
0.000000	50043.000000
0.000000	50043.000000
0.000000	50043.000000
0.000000	50043.000000
0.000000	50043.000000
0.000000	50043.000000
0.000000	50043.000000
0.000000	50043.000000
0.000000	50044.000000
0.000000	50044.000000
0.000000	50044.000000
0.000000	50044.000000
0.000000	50044.000000
0.000000	50044.000000
0.000000	50044.000000
0.000000	50044.000000
0.000000	50044.000000
0.000000	50044.000000
0.000000	50044.000000
0.000000	50044.000000
0.000000	50044.000000
0.000000	50044.000000
0.000000	50044.000000
0.000000	50044.000000
0.000000	50044.000000
0.000000	50045.000000
0.000000	50045.000000
0.000000	50045.000000
0.000000	50045.000000
0.000000	50045.000000
0.000000	50045.000000
0.000000	50045.000000
0.000000	50045.000000
0.000000	50045.000000
0.000000	50045.000000
0.000000	50045.000000
0.000000	50045.000000
0.000000	50045.000000
0.000000	50045.000000
0.000000	50045.000000
0.000000	50045.000000
0.000000	50045.000000
0.000000	50046.000000
0.000000	50046.000000
0.000000	50046.000000
0.000000	50046.000000
0.000000	50046.000000
0.000000	50046.000000
0.000000	50046.000000
0.000000	50046.000000
0.000000	50046.000000
0.000000	50046.000000
0.000000	50046.000000
0.000000	50046.000000
0.000000	50046.000000
0.000000	50046.000000
0.000000	50046.000000
0.000000	50046.000000
0.000000	50046.000000
0.000000	50047.000000
0.000000	50047.000000
0.000000	50047.000000
0.000000	50047.000000
0.000000	50047.000000
0.000000	50047.000000
0.000000	50047.000000
0.000000	50047.000000
0.000000	50047.000000
0.000000	50047.000000
0.000000	50047.000000
0.000000	50047.000000
0.000000	50047.000000
0.000000	50047.000000
0.000000	50047.000000
0.000000	50047.000000
0.000000	50047.000000
0.000000	50048.000000
0.000000	50048.000000
0.000000	50048.000000
0.000000	50048.000000
0.000000	50048.000000
0.000000	50048.000000
0.000000	50048.000000
0.000000	50048.000000
0.000000	50048.000000
0.000000	50048.000000
0.000000	50048.000000
0.000000	50048.000000
0.000000	50048.000000
0.000000	50048.000000
0.000000	50048.000000
0.000000	50048.000000
0.000000	50048.000000
0.000000	50049.000000
0.000000	50049.000000
0.000000	50049.000000
0.000000	50049.000000
0.000000	50049.000000
0.000000	50049.000000
0.000000	50049.000000
0.000000	50049.000000
0.000000	50049.000000
0.000000	50049.000000
0.000000	50049.000000
0.000000	50049.000000
0.000000	50049.000000
0.000000	50049.000000
0.000000	50049.000000
0.000000	50049.000000
0.000000	50049.000000
0.000000	50050.000000
0.000000	50050.000000
0.000000	50050.000000
0.000000	50050.000000
0.000000	50050.000000
0.000000	50050.000000
0.000000	50050.000000
0.000000	50050.000000
0.000000	50050.000000
0.000000	50050.000000
0.000000	50050.000000
0.000000	50050.000000
0.000000	50050.000000
0.000000	50050.000000
0.000000	50050.000000
0.000000	50050.000000
0.000000	50050.000000
0.000000	50051.000000
0.000000	50051.000000
0.000000	50051.000000
0.000000	50051.000000
0.000000	50051.000000
0.000000	50051.000000
0.000000	50051.000000
0.000000	50051.000000
0.000000	50051.000000
0.000000	50051.000000
0.000000	50051.000000
0.000000	50051.000000
0.000000	50051.000000
0.000000	50051.000000
0.000000	50051.000000
0.000000	50051.000000
0.000000	50051.000000
0.000000	50052.000000
0.000000	50052.000000
0.000000	50052.000000
0.000000	50052.000000
0.000000	50052.000000
0.000000	50052.000000
0.000000	50052.000000
0.000000	50052.000000
0.000000	50052.000000
0.000000	50052.000000
0.000000	50052.000000
0.000000	50052.000000
0.000000	50052.000000
0.000000	50052.000000
0.000000	50052.000000
0.000000	50052.000000
0.000000	50052.000000
0.000000	50053.000000
0.000000	50053.000000
0.000000	50053.000000
0.000000	50053.000000
0.000000	50053.000000
0.000000	50053.000000
0.000000	50053.000000
0.000000	50053.000000
0.000000	50053.000000
0.000000	50053.000000
0.000000	50053.000000
0.000000	50053.000000
0.000000	50053.000000
0.000000	50053.000000
0.000000	50053.000000
0.000000	50053.000000
0.000000	50053.000000
0.000000	50054.000000
0.000000	50054.000000
0.000000	50054.000000
0.000000	50054.000000
0.000000	50054.000000
0.000000	50054.000000
0.000000	50054.000000
0.000000	50054.000000
0.000000	50054.000000
0.000000	50054.000000
0.000000	50054.000000
0.000000	50054.000000
0.000000	50054.000000
0.000000	50054.000000
0.000000	50054.000000
0.000000	50054.000000
0.000000	50054.000000
0.000000	50055.000000
0.000000	50055.000000
0.000000	50055.000000
0.000000	50055.000000
0.000000	50055.000000
0.000000	50055.000000
0.000000	50055.000000
0.000000	50055.000000
0.000000	50055.000000
0.000000	50055.000000
0.000000	50055.000000
0.000000	50055.000000
0.000000	50055.000000
0.000000	50055.000000
0.000000	50055.000000
0.000000	50055.000000
0.000000	50055.000000
0.000000	50056.000000
0.000000	50056.000000
0.000000	50056.000000
0.000000	50056.000000
0.000000	50056.000000
0.000000	50056.000000
0.000000	50056.000000
0.000000	50056.000000
0.000000	50056.000000
0.000000	50056.000000
0.000000	50056.000000
0.000000	50056.000000
0.000000	50056.000000
0.000000	50056.000000
0.000000	50056.000000
0.000000	50056.000000
0.000000	50056.000000
0.000000	50057.000000
0.000000	50057.000000
0.000000	50057.000000
0.000000	50057.000000
0.000000	50057.000000
0.000000	50057.000000
0.000000	50057.000000
0.000000	50057.000000
0.000000	50057.000000
0.000000	50057.000000
0.000000	50057.000000
0.000000	50057.000000
0.000000	50057.000000
0.000000	50057.000000
0.000000	50057.000000
0.000000	50057.000000
0.000000	50057.000000
0.000000	50058.000000
0.000000	50058.000000
0.000000	50058.000000
0.000000	50058.000000
0.000000	50058.000000
0.000000	50058.000000
0.000000	50058.000000
0.000000	50058.000000
0.000000	50058.000000
0.000000	50058.000000
0.000000	50058.000000
0.000000	50058.000000
0.000000	50058.000000
0.000000	50058.000000
0.000000	50058.000000
0.000000	50058.000000
0.000000	50058.000000
0.000000	50058.000000
0.000000	50059.000000
0.000000	50059.000000
0.000000	50059.000000
0.000000	50059.000000
0.000000	50059.000000
0.000000	50059.000000
0.000000	50059.000000
0.000000	50059.000000
0.000000	50059.000000
0.000000	50059.000000
0.000000	50059.000000
0.000000	50059.000000
0.000000	50059.000000
0.000000	50059.000000
0.000000	50059.000000
0.000000	50059.000000
0.000000	50059.000000
0.000000	50100.000000
0.000000	50100.000000
0.000000	50100.000000
0.000000	50100.000000
0.000000	50100.000000
0.000000	50100.000000
0.000000	50100.000000
0.000000	50100.000000
0.000000	50100.000000
0.000000	50100.000000
0.000000	50100.000000
0.000000	50100.000000
0.000000	50100.000000
0.000000	50100.000000
0.000000	50100.000000
0.000000	50100.000000
0.000000	50100.000000
0.000000	50101.000000
0.000000	50101.000000
0.000000	50101.000000
0.000000	50101.000000
0.000000	50101.000000
0.000000	50101.000000
0.000000	50101.000000
0.000000	50101.000000
0.000000	50101.000000
0.000000	50101.000000
0.000000	50101.000000
0.000000	50101.000000
0.000000	50101.000000
0.000000	50101.000000
0.000000	50101.000000
0.000000	50101.000000
0.000000	50101.000000
0.000000	50102.000000
0.000000	50102.000000
0.000000	50102.000000
0.000000	50102.000000
0.000000	50102.000000
0.000000	50102.000000
0.000000	50102.000000
0.000000	50102.000000
0.000000	50102.000000
0.000000	50102.000000
0.000000	50102.000000
0.000000	50102.000000
0.000000	50102.000000
0.000000	50102.000000
0.000000	50102.000000
0.000000	50102.000000
0.000000	50102.000000
0.000000	50103.000000
0.000000	50103.000000
0.000000	50103.000000
0.000000	50103.000000
0.000000	50103.000000
0.000000	50103.000000
0.000000	50103.000000
0.000000	50103.000000
0.000000	50103.000000
0.000000	50103.000000
0.000000	50103.000000
0.000000	50103.000000
0.000000	50103.000000
0.000000	50103.000000
0.000000	50103.000000
0.000000	50103.000000
0.000000	50103.000000
0.000000	50104.000000
0.000000	50104.000000
0.000000	50104.000000
0.000000	50104.000000
0.000000	50104.000000
0.000000	50104.000000
0.000000	50104.000000
0.000000	50104.000000
0.000000	50104.000000
0.000000	50104.000000
0.000000	50104.000000
0.000000	50104.000000
0.000000	50104.000000
0.000000	50104.000000
0.000000	50104.000000
0.000000	50104.000000
0.000000	50104.000000
0.000000	50105.000000
0.000000	50105.000000
0.000000	50105.000000
0.000000	50105.000000
0.000000	50105.000000
0.000000	50105.000000
0.000000	50105.000000
0.000000	50105.000000
0.000000	50105.000000
0.000000	50105.000000
0.000000	50105.000000
0.000000	50105.000000
0.000000	50105.000000
0.000000	50105.000000
0.000000	50105.000000
0.000000	50105.000000
0.000000	50105.000000
0.000000	50106.000000
0.000000	50106.000000
0.000000	50106.000000
0.000000	50106.000000
0.000000	50106.000000
0.000000	50106.000000
0.000000	50106.000000
0.000000	50106.000000
0.000000	50106.000000
0.000000	50106.000000
0.000000	50106.000000
0.000000	50106.000000
0.000000	50106.000000
0.000000	50106.000000
0.000000	50106.000000
0.000000	50106.000000
0.000000	50106.000000
0.000000	50107.000000
0.000000	50107.000000
0.000000	50107.000000
0.000000	50107.000000
0.000000	50107.000000
0.000000	50107.000000
0.000000	50107.000000
0.000000	50107.000000
0.000000	50107.000000
0.000000	50107.000000
0.000000	50107.000000
0.000000	50107.000000
0.000000	50107.000000
0.000000	50107.000000
0.000000	50107.000000
0.000000	50107.000000
0.000000	50107.000000
0.000000	50108.000000
0.000000	50108.000000
0.000000	50108.000000
0.000000	50108.000000
0.000000	50108.000000
0.000000	50108.000000
0.000000	50108.000000
0.000000	50108.000000
0.000000	50108.000000
0.000000	50108.000000
0.000000	50108.000000
0.000000	50108.000000
0.000000	50108.000000
0.000000	50108.000000
0.000000	50108.000000
0.000000	50108.000000
0.000000	50108.000000
0.000000	50109.000000
0.000000	50109.000000
0.000000	50109.000000
0.000000	50109.000000
0.000000	50109.000000
0.000000	50109.000000
0.000000	50109.000000
0.000000	50109.000000
0.000000	50109.000000
0.000000	50109.000000
0.000000	50109.000000
0.000000	50109.000000
0.000000	50109.000000
0.000000	50109.000000
0.000000	50109.000000
0.000000	50109.000000
0.000000	50109.000000
0.000000	50110.000000
0.000000	50110.000000
0.000000	50110.000000
0.000000	50110.000000
0.000000	50110.000000
0.000000	50110.000000
0.000000	50110.000000
0.000000	50110.000000
0.000000	50110.000000
0.000000	50110.000000
0.000000	50110.000000
0.000000	50110.000000
0.000000	50110.000000
0.000000	50110.000000
0.000000	50110.000000
0.000000	50110.000000
0.000000	50110.000000
0.000000	50111.000000
0.000000	50111.000000
0.000000	50111.000000
0.000000	50111.000000
0.000000	50111.000000
0.000000	50111.000000
0.000000	50111.000000
0.000000	50111.000000
0.000000	50111.000000
0.000000	50111.000000
0.000000	50111.000000
0.000000	50111.000000
0.000000	50111.000000
0.000000	50111.000000
0.000000	50111.000000
0.000000	50111.000000
0.000000	50111.000000
0.000000	50112.000000
0.000000	50112.000000
0.000000	50112.000000
0.000000	50112.000000
0.000000	50112.000000
0.000000	50112.000000
0.000000	50112.000000
0.000000	50112.000000
0.000000	50112.000000
0.000000	50112.000000
0.000000	50112.000000
0.000000	50112.000000
0.000000	50112.000000
0.000000	50112.000000
0.000000	50112.000000
0.000000	50112.000000
0.000000	50112.000000
0.000000	50112.000000
0.000000	50113.000000
0.000000	50113.000000
0.000000	50113.000000
0.000000	50113.000000
0.000000	50113.000000
0.000000	50113.000000
0.000000	50113.000000
0.000000	50113.000000
0.000000	50113.000000
0.000000	50113.000000
0.000000	50113.000000
0.000000	50113.000000
0.000000	50113.000000
0.000000	50113.000000
0.000000	50113.000000
0.000000	50113.000000
0.000000	50113.000000
0.000000	50114.000000
0.000000	50114.000000
0.000000	50114.000000
0.000000	50114.000000
0.000000	50114.000000
0.000000	50114.000000
0.000000	50114.000000
0.000000	50114.000000
0.000000	50114.000000
0.000000	50114.000000
0.000000	50114.000000
0.000000	50114.000000
0.000000	50114.000000
0.000000	50114.000000
0.000000	50114.000000
0.000000	50114.000000
0.000000	50114.000000
0.000000	50115.000000
0.000000	50115.000000
0.000000	50115.000000
0.000000	50115.000000
0.000000	50115.000000
0.000000	50115.000000
0.000000	50115.000000
0.000000	50115.000000
0.000000	50115.000000
0.000000	50115.000000
0.000000	50115.000000
0.000000	50115.000000
0.000000	50115.000000
0.000000	50115.000000
0.000000	50115.000000
0.000000	50115.000000
0.000000	50115.000000
0.000000	50116.000000
0.000000	50116.000000
0.000000	50116.000000
0.000000	50116.000000
0.000000	50116.000000
0.000000	50116.000000
0.000000	50116.000000
0.000000	50116.000000
0.000000	50116.000000
0.000000	50116.000000
0.000000	50116.000000
0.000000	50116.000000
0.000000	50116.000000
0.000000	50116.000000
0.000000	50116.000000
0.000000	50116.000000
0.000000	50116.000000
0.000000	50117.000000
0.000000	50117.000000
0.000000	50117.000000
0.000000	50117.000000
0.000000	50117.000000
0.000000	50117.000000
0.000000	50117.000000
0.000000	50117.000000
0.000000	50117.000000
0.000000	50117.000000
0.000000	50117.000000
0.000000	50117.000000
0.000000	50117.000000
0.000000	50117.000000
0.000000	50117.000000
0.000000	50117.000000
0.000000	50117.000000
0.000000	50118.000000
0.000000	50118.000000
0.000000	50118.000000
0.000000	50118.000000
0.000000	50118.000000
0.000000	50118.000000
0.000000	50118.000000
0.000000	50118.000000
0.000000	50118.000000
0.000000	50118.000000
0.000000	50118.000000
0.000000	50118.000000
0.000000	50118.000000
0.000000	50118.000000
0.000000	50118.000000
0.000000	50118.000000
0.000000	50118.000000
0.000000	50119.000000
0.000000	50119.000000
0.000000	50119.000000
0.000000	50119.000000
0.000000	50119.000000
0.000000	50119.000000
0.000000	50119.000000
0.000000	50119.000000
0.000000	50119.000000
0.000000	50119.000000
0.000000	50119.000000
0.000000	50119.000000
0.000000	50119.000000
0.000000	50119.000000
0.000000	50119.000000
0.000000	50119.000000
0.000000	50119.000000
0.000000	50120.000000
0.000000	50120.000000
0.000000	50120.000000
0.000000	50120.000000
0.000000	50120.000000
0.000000	50120.000000
0.000000	50120.000000
0.000000	50120.000000
0.000000	50120.000000
0.000000	50120.000000
0.000000	50120.000000
0.000000	50120.000000
0.000000	50120.000000
0.000000	50120.000000
0.000000	50120.000000
0.000000	50120.000000
0.000000	50120.000000
0.000000	50121.000000
0.000000	50121.000000
0.000000	50121.000000
0.000000	50121.000000
0.000000	50121.000000
0.000000	50121.000000
0.000000	50121.000000
0.000000	50121.000000
0.000000	50121.000000
0.000000	50121.000000
0.000000	50121.000000
0.000000	50121.000000
0.000000	50121.000000
0.000000	50121.000000
0.000000	50121.000000
0.000000	50121.000000
0.000000	50121.000000
0.000000	50122.000000
0.000000	50122.000000
0.000000	50122.000000
0.000000	50122.000000
0.000000	50122.000000
0.000000	50122.000000
0.000000	50122.000000
0.000000	50122.000000
0.000000	50122.000000
0.000000	50122.000000
0.000000	50122.000000
0.000000	50122.000000
0.000000	50122.000000
0.000000	50122.000000
0.000000	50122.000000
0.000000	50122.000000
0.000000	50122.000000
0.000000	50123.000000
0.000000	50123.000000
0.000000	50123.000000
0.000000	50123.000000
0.000000	50123.000000
0.000000	50123.000000
0.000000	50123.000000
0.000000	50123.000000
0.000000	50123.000000
0.000000	50123.000000
0.000000	50123.000000
0.000000	50123.000000
0.000000	50123.000000
0.000000	50123.000000
0.000000	50123.000000
0.000000	50123.000000
0.000000	50123.000000
0.000000	50124.000000
0.000000	50124.000000
0.000000	50124.000000
0.000000	50124.000000
0.000000	50124.000000
0.000000	50124.000000
0.000000	50124.000000
0.000000	50124.000000
0.000000	50124.000000
0.000000	50124.000000
0.000000	50124.000000
0.000000	50124.000000
0.000000	50124.000000
0.000000	50124.000000
0.000000	50124.000000
0.000000	50124.000000
0.000000	50124.000000
0.000000	50125.000000
0.000000	50125.000000
0.000000	50125.000000
0.000000	50125.000000
0.000000	50125.000000
0.000000	50125.000000
0.000000	50125.000000
0.000000	50125.000000
0.000000	50125.000000
0.000000	50125.000000
0.000000	50125.000000
0.000000	50125.000000
0.000000	50125.000000
0.000000	50125.000000
0.000000	50125.000000
0.000000	50125.000000
0.000000	50125.000000
0.000000	50126.000000
0.000000	50126.000000
0.000000	50126.000000
0.000000	50126.000000
0.000000	50126.000000
0.000000	50126.000000
0.000000	50126.000000
0.000000	50126.000000
0.000000	50126.000000
0.000000	50126.000000
0.000000	50126.000000
0.000000	50126.000000
0.000000	50126.000000
0.000000	50126.000000
0.000000	50126.000000
0.000000	50126.000000
0.000000	50126.000000
0.000000	50127.000000
0.000000	50127.000000
0.000000	50127.000000
0.000000	50127.000000
0.000000	50127.000000
0.000000	50127.000000
0.000000	50127.000000
0.000000	50127.000000
0.000000	50127.000000
0.000000	50127.000000
0.000000	50127.000000
0.000000	50127.000000
0.000000	50127.000000
0.000000	50127.000000
0.000000	50127.000000
0.000000	50127.000000
0.000000	50127.000000
0.000000	50127.000000
0.000000	50128.000000
0.000000	50128.000000
0.000000	50128.000000
0.000000	50128.000000
0.000000	50128.000000
0.000000	50128.000000
0.000000	50128.000000
0.000000	50128.000000
0.000000	50128.000000
0.000000	50128.000000
0.000000	50128.000000
0.000000	50128.000000
0.000000	50128.000000
0.000000	50128.000000
0.000000	50128.000000
0.000000	50128.000000
0.000000	50128.000000
0.000000	50129.000000
0.000000	50129.000000
0.000000	50129.000000
0.000000	50129.000000
0.000000	50129.000000
0.000000	50129.000000
0.000000	50129.000000
0.000000	50129.000000
0.000000	50129.000000
0.000000	50129.000000
0.000000	50129.000000
0.000000	50129.000000
0.000000	50129.000000
0.000000	50129.000000
0.000000	50129.000000
0.000000	50129.000000
0.000000	50129.000000
0.000000	50130.000000
0.000000	50130.000000
0.000000	50130.000000
0.000000	50130.000000
0.000000	50130.000000
0.000000	50130.000000
0.000000	50130.000000
0.000000	50130.000000
0.000000	50130.000000
0.000000	50130.000000
0.000000	50130.000000
0.000000	50130.000000
0.000000	50130.000000
0.000000	50130.000000
0.000000	50130.000000
0.000000	50130.000000
0.000000	50130.000000
0.000000	50131.000000
0.000000	50131.000000
0.000000	50131.000000
0.000000	50131.000000
0.000000	50131.000000
0.000000	50131.000000
0.000000	50131.000000
0.000000	50131.000000
0.000000	50131.000000
0.000000	50131.000000
0.000000	50131.000000
0.000000	50131.000000
0.000000	50131.000000
0.000000	50131.000000
0.000000	50131.000000
0.000000	50131.000000
0.000000	50131.000000
0.000000	50132.000000
0.000000	50132.000000
0.000000	50132.000000
0.000000	50132.000000
0.000000	50132.000000
0.000000	50132.000000
0.000000	50132.000000
0.000000	50132.000000
0.000000	50132.000000
0.000000	50132.000000
0.000000	50132.000000
0.000000	50132.000000
0.000000	50132.000000
0.000000	50132.000000
0.000000	50132.000000
0.000000	50132.000000
0.000000	50132.000000
0.000000	50133.000000
0.000000	50133.000000
0.000000	50133.000000
0.000000	50133.000000
0.000000	50133.000000
0.000000	50133.000000
0.000000	50133.000000
0.000000	50133.000000
0.000000	50133.000000
0.000000	50133.000000
0.000000	50133.000000
0.000000	50133.000000
0.000000	50133.000000
0.000000	50133.000000
0.000000	50133.000000
0.000000	50133.000000
0.000000	50133.000000
0.000000	50134.000000
0.000000	50134.000000
0.000000	50134.000000
0.000000	50134.000000
0.000000	50134.000000
0.000000	50134.000000
0.000000	50134.000000
0.000000	50134.000000
0.000000	50134.000000
0.000000	50134.000000
0.000000	50134.000000
0.000000	50134.000000
0.000000	50134.000000
0.000000	50134.000000
0.000000	50134.000000
0.000000	50134.000000
0.000000	50134.000000
0.000000	50135.000000
0.000000	50135.000000
0.000000	50135.000000
0.000000	50135.000000
0.000000	50135.000000
0.000000	50135.000000
0.000000	50135.000000
0.000000	50135.000000
0.000000	50135.000000
0.000000	50135.000000
0.000000	50135.000000
0.000000	50135.000000
0.000000	50135.000000
0.000000	50135.000000
0.000000	50135.000000
0.000000	50135.000000
0.000000	50135.000000
0.000000	50136.000000
0.000000	50136.000000
0.000000	50136.000000
0.000000	50136.000000
0.000000	50136.000000
0.000000	50136.000000
0.000000	50136.000000
0.000000	50136.000000
0.000000	50136.000000
0.000000	50136.000000
0.000000	50136.000000
0.000000	50136.000000
0.000000	50136.000000
0.000000	50136.000000
0.000000	50136.000000
0.000000	50136.000000
0.000000	50136.000000
0.000000	50137.000000
0.000000	50137.000000
0.000000	50137.000000
0.000000	50137.000000
0.000000	50137.000000
0.000000	50137.000000
0.000000	50137.000000
0.000000	50137.000000
0.000000	50137.000000
0.000000	50137.000000
0.000000	50137.000000
0.000000	50137.000000
0.000000	50137.000000
0.000000	50137.000000
0.000000	50137.000000
0.000000	50137.000000
0.000000	50137.000000
0.000000	50138.000000
0.000000	50138.000000
0.000000	50138.000000
0.000000	50138.000000
0.000000	50138.000000
0.000000	50138.000000
0.000000	50138.000000
0.000000	50138.000000
0.000000	50138.000000
0.000000	50138.000000
0.000000	50138.000000
0.000000	50138.000000
0.000000	50138.000000
0.000000	50138.000000
0.000000	50138.000000
0.000000	50138.000000
0.000000	50138.000000
0.000000	50139.000000
0.000000	50139.000000
0.000000	50139.000000
0.000000	50139.000000
0.000000	50139.000000
0.000000	50139.000000
0.000000	50139.000000
0.000000	50139.000000
0.000000	50139.000000
0.000000	50139.000000
0.000000	50139.000000
0.000000	50139.000000
0.000000	50139.000000
0.000000	50139.000000
0.000000	50139.000000
0.000000	50139.000000
0.000000	50139.000000
0.000000	50140.000000
0.000000	50140.000000
0.000000	50140.000000
0.000000	50140.000000
0.000000	50140.000000
0.000000	50140.000000
0.000000	50140.000000
0.000000	50140.000000
0.000000	50140.000000
0.000000	50140.000000
0.000000	50140.000000
0.000000	50140.000000
0.000000	50140.000000
0.000000	50140.000000
0.000000	50140.000000
0.000000	50140.000000
0.000000	50140.000000
0.000000	50141.000000
0.000000	50141.000000
0.000000	50141.000000
0.000000	50141.000000
0.000000	50141.000000
0.000000	50141.000000
0.000000	50141.000000
0.000000	50141.000000
0.000000	50141.000000
0.000000	50141.000000
0.000000	50141.000000
0.000000	50141.000000
0.000000	50141.000000
0.000000	50141.000000
0.000000	50141.000000
0.000000	50141.000000
0.000000	50141.000000
0.000000	50142.000000
0.000000	50142.000000
0.000000	50142.000000
0.000000	50142.000000
0.000000	50142.000000
0.000000	50142.000000
0.000000	50142.000000
0.000000	50142.000000
0.000000	50142.000000
0.000000	50142.000000
0.000000	50142.000000
0.000000	50142.000000
0.000000	50142.000000
0.000000	50142.000000
0.000000	50142.000000
0.000000	50142.000000
0.000000	50142.000000
0.000000	50142.000000
0.000000	50143.000000
0.000000	50143.000000
0.000000	50143.000000
0.000000	50143.000000
0.000000	50143.000000
0.000000	50143.000000
0.000000	50143.000000
0.000000	50143.000000
0.000000	50143.000000
0.000000	50143.000000
0.000000	50143.000000
0.000000	50143.000000
0.000000	50143.000000
0.000000	50143.000000
0.000000	50143.000000
0.000000	50143.000000
0.000000	50143.000000
0.000000	50144.000000
0.000000	50144.000000
0.000000	50144.000000
0.000000	50144.000000
0.000000	50144.000000
0.000000	50144.000000
0.000000	50144.000000
0.000000	50144.000000
0.000000	50144.000000
0.000000	50144.000000
0.000000	50144.000000
0.000000	50144.000000
0.000000	50144.000000
0.000000	50144.000000
0.000000	50144.000000
0.000000	50144.000000
0.000000	50144.000000
0.000000	50145.000000
0.000000	50145.000000
0.000000	50145.000000
0.000000	50145.000000
0.000000	50145.000000
0.000000	50145.000000
0.000000	50145.000000
0.000000	50145.000000
0.000000	50145.000000
0.000000	50145.000000
0.000000	50145.000000
0.000000	50145.000000
0.000000	50145.000000
0.000000	50145.000000
0.000000	50145.000000
0.000000	50145.000000
0.000000	50145.000000
0.000000	50146.000000
0.000000	50146.000000
0.000000	50146.000000
0.000000	50146.000000
0.000000	50146.000000
0.000000	50146.000000
0.000000	50146.000000
0.000000	50146.000000
0.000000	50146.000000
0.000000	50146.000000
0.000000	50146.000000
0.000000	50146.000000
0.000000	50146.000000
0.000000	50146.000000
0.000000	50146.000000
0.000000	50146.000000
0.000000	50146.000000
0.000000	50147.000000
0.000000	50147.000000
0.000000	50147.000000
0.000000	50147.000000
0.000000	50147.000000
0.000000	50147.000000
0.000000	50147.000000
0.000000	50147.000000
0.000000	50147.000000
0.000000	50147.000000
0.000000	50147.000000
0.000000	50147.000000
0.000000	50147.000000
0.000000	50147.000000
0.000000	50147.000000
0.000000	50147.000000
0.000000	50147.000000
0.000000	50148.000000
0.000000	50148.000000
0.000000	50148.000000
0.000000	50148.000000
0.000000	50148.000000
0.000000	50148.000000
0.000000	50148.000000
0.000000	50148.000000
0.000000	50148.000000
0.000000	50148.000000
0.000000	50148.000000
0.000000	50148.000000
0.000000	50148.000000
0.000000	50148.000000
0.000000	50148.000000
0.000000	50148.000000
0.000000	50148.000000
0.000000	50149.000000
0.000000	50149.000000
0.000000	50149.000000
0.000000	50149.000000
0.000000	50149.000000
0.000000	50149.000000
0.000000	50149.000000
0.000000	50149.000000
0.000000	50149.000000
0.000000	50149.000000
0.000000	50149.000000
0.000000	50149.000000
0.000000	50149.000000
0.000000	50149.000000
0.000000	50149.000000
0.000000	50149.000000
0.000000	50149.000000
0.000000	50150.000000
0.000000	50150.000000
0.000000	50150.000000
0.000000	50150.000000
0.000000	50150.000000
0.000000	50150.000000
0.000000	50150.000000
0.000000	50150.000000
0.000000	50150.000000
0.000000	50150.000000
0.000000	50150.000000
0.000000	50150.000000
0.000000	50150.000000
0.000000	50150.000000
0.000000	50150.000000
0.000000	50150.000000
0.000000	50150.000000
0.000000	50151.000000
0.000000	50151.000000
0.000000	50151.000000
0.000000	50151.000000
0.000000	50151.000000
0.000000	50151.000000
0.000000	50151.000000
0.000000	50151.000000
0.000000	50151.000000
0.000000	50151.000000
0.000000	50151.000000
0.000000	50151.000000
0.000000	50151.000000
0.000000	50151.000000
0.000000	50151.000000
0.000000	50151.000000
0.000000	50151.000000
0.000000	50152.000000
0.000000	50152.000000
0.000000	50152.000000
0.000000	50152.000000
0.000000	50152.000000
0.000000	50152.000000
0.000000	50152.000000
0.000000	50152.000000
0.000000	50152.000000
0.000000	50152.000000
0.000000	50152.000000
0.000000	50152.000000
0.000000	50152.000000
0.000000	50152.000000
0.000000	50152.000000
0.000000	50152.000000
0.000000	50152.000000
0.000000	50153.000000
0.000000	50153.000000
0.000000	50153.000000
0.000000	50153.000000
0.000000	50153.000000
0.000000	50153.000000
0.000000	50153.000000
0.000000	50153.000000
0.000000	50153.000000
0.000000	50153.000000
0.000000	50153.000000
0.000000	50153.000000
0.000000	50153.000000
0.000000	50153.000000
0.000000	50153.000000
0.000000	50153.000000
0.000000	50153.000000
0.000000	50154.000000
0.000000	50154.000000
0.000000	50154.000000
0.000000	50154.000000
0.000000	50154.000000
0.000000	50154.000000
0.000000	50154.000000
0.000000	50154.000000
0.000000	50154.000000
0.000000	50154.000000
0.000000	50154.000000
0.000000	50154.000000
0.000000	50154.000000
0.000000	50154.000000
0.000000	50154.000000
0.000000	50154.000000
0.000000	50154.000000
0.000000	50155.000000
0.000000	50155.000000
0.000000	50155.000000
0.000000	50155.000000
0.000000	50155.000000
0.000000	50155.000000
0.000000	50155.000000
0.000000	50155.000000
0.000000	50155.000000
0.000000	50155.000000
0.000000	50155.000000
0.000000	50155.000000
0.000000	50155.000000
0.000000	50155.000000
0.000000	50155.000000
0.000000	50155.000000
0.000000	50155.000000
0.000000	50156.000000
0.000000	50156.000000
0.000000	50156.000000
0.000000	50156.000000
0.000000	50156.000000
0.000000	50156.000000
0.000000	50156.000000
0.000000	50156.000000
0.000000	50156.000000
0.000000	50156.000000
0.000000	50156.000000
0.000000	50156.000000
0.000000	50156.000000
0.000000	50156.000000
0.000000	50156.000000
0.000000	50156.000000
0.000000	50156.000000
0.000000	50157.000000
0.000000	50157.000000
0.000000	50157.000000
0.000000	50157.000000
0.000000	50157.000000
0.000000	50157.000000
0.000000	50157.000000
0.000000	50157.000000
0.000000	50157.000000
0.000000	50157.000000
0.000000	50157.000000
0.000000	50157.000000
0.000000	50157.000000
0.000000	50157.000000
0.000000	50157.000000
0.000000	50157.000000
0.000000	50157.000000
0.000000	50157.000000
0.000000	50158.000000
0.000000	50158.000000
0.000000	50158.000000
0.000000	50158.000000
0.000000	50158.000000
0.000000	50158.000000
0.000000	50158.000000
0.000000	50158.000000
0.000000	50158.000000
0.000000	50158.000000
0.000000	50158.000000
0.000000	50158.000000
0.000000	50158.000000
0.000000	50158.000000
0.000000	50158.000000
0.000000	50158.000000
0.000000	50158.000000
0.000000	50159.000000
0.000000	50159.000000
0.000000	50159.000000
0.000000	50159.000000
0.000000	50159.000000
0.000000	50159.000000
0.000000	50159.000000
0.000000	50159.000000
0.000000	50159.000000
0.000000	50159.000000
0.000000	50159.000000
0.000000	50159.000000
0.000000	50159.000000
0.000000	50159.000000
0.000000	50159.000000
0.000000	50159.000000
0.000000	50159.000000
0.000000	50200.000000
0.000000	50200.000000
0.000000	50200.000000
0.000000	50200.000000
0.000000	50200.000000
0.000000	50200.000000
0.000000	50200.000000
0.000000	50200.000000
0.000000	50200.000000
0.000000	50200.000000
0.000000	50200.000000
0.000000	50200.000000
0.000000	50200.000000
0.000000	50200.000000
0.000000	50200.000000
0.000000	50200.000000
0.000000	50200.000000
0.000000	50201.000000
0.000000	50201.000000
0.000000	50201.000000
0.000000	50201.000000
0.000000	50201.000000
0.000000	50201.000000
0.000000	50201.000000
0.000000	50201.000000
0.000000	50201.000000
0.000000	50201.000000
0.000000	50201.000000
0.000000	50201.000000
0.000000	50201.000000
0.000000	50201.000000
0.000000	50201.000000
0.000000	50201.000000
0.000000	50201.000000
0.000000	50202.000000
0.000000	50202.000000
0.000000	50202.000000
0.000000	50202.000000
0.000000	50202.000000
0.000000	50202.000000
0.000000	50202.000000
0.000000	50202.000000
0.000000	50202.000000
0.000000	50202.000000
0.000000	50202.000000
0.000000	50202.000000
0.000000	50202.000000
0.000000	50202.000000
0.000000	50202.000000
0.000000	50202.000000
0.000000	50202.000000
0.000000	50203.000000
0.000000	50203.000000
0.000000	50203.000000
0.000000	50203.000000
0.000000	50203.000000
0.000000	50203.000000
0.000000	50203.000000
0.000000	50203.000000
0.000000	50203.000000
0.000000	50203.000000
0.000000	50203.000000
0.000000	50203.000000
0.000000	50203.000000
0.000000	50203.000000
0.000000	50203.000000
0.000000	50203.000000
0.000000	50203.000000
0.000000	50204.000000
0.000000	50204.000000
0.000000	50204.000000
0.000000	50204.000000
0.000000	50204.000000
0.000000	50204.000000
0.000000	50204.000000
0.000000	50204.000000
0.000000	50204.000000
0.000000	50204.000000
0.000000	50204.000000
0.000000	50204.000000
0.000000	50204.000000
0.000000	50204.000000
0.000000	50204.000000
0.000000	50204.000000
0.000000	50204.000000
0.000000	50205.000000
0.000000	50205.000000
0.000000	50205.000000
0.000000	50205.000000
0.000000	50205.000000
0.000000	50205.000000
0.000000	50205.000000
0.000000	50205.000000
0.000000	50205.000000
0.000000	50205.000000
0.000000	50205.000000
0.000000	50205.000000
0.000000	50205.000000
0.000000	50205.000000
0.000000	50205.000000
0.000000	50205.000000
0.000000	50205.000000
0.000000	50206.000000
0.000000	50206.000000
0.000000	50206.000000
0.000000	50206.000000
0.000000	50206.000000
0.000000	50206.000000
0.000000	50206.000000
0.000000	50206.000000
0.000000	50206.000000
0.000000	50206.000000
0.000000	50206.000000
0.000000	50206.000000
0.000000	50206.000000
0.000000	50206.000000
0.000000	50206.000000
0.000000	50206.000000
0.000000	50206.000000
0.000000	50207.000000
0.000000	50207.000000
0.000000	50207.000000
0.000000	50207.000000
0.000000	50207.000000
0.000000	50207.000000
0.000000	50207.000000
0.000000	50207.000000
0.000000	50207.000000
0.000000	50207.000000
0.000000	50207.000000
0.000000	50207.000000
0.000000	50207.000000
0.000000	50207.000000
0.000000	50207.000000
0.000000	50207.000000
0.000000	50207.000000
0.000000	50208.000000
0.000000	50208.000000
0.000000	50208.000000
0.000000	50208.000000
0.000000	50208.000000
0.000000	50208.000000
0.000000	50208.000000
0.000000	50208.000000
0.000000	50208.000000
0.000000	50208.000000
0.000000	50208.000000
0.000000	50208.000000
0.000000	50208.000000
0.000000	50208.000000
0.000000	50208.000000
0.000000	50208.000000
0.000000	50208.000000
0.000000	50209.000000
0.000000	50209.000000
0.000000	50209.000000
0.000000	50209.000000
0.000000	50209.000000
0.000000	50209.000000
0.000000	50209.000000
0.000000	50209.000000
0.000000	50209.000000
0.000000	50209.000000
0.000000	50209.000000
0.000000	50209.000000
0.000000	50209.000000
0.000000	50209.000000
0.000000	50209.000000
0.000000	50209.000000
0.000000	50209.000000
0.000000	50210.000000
0.000000	50210.000000
0.000000	50210.000000
0.000000	50210.000000
0.000000	50210.000000
0.000000	50210.000000
0.000000	50210.000000
0.000000	50210.000000
0.000000	50210.000000
0.000000	50210.000000
0.000000	50210.000000
0.000000	50210.000000
0.000000	50210.000000
0.000000	50210.000000
0.000000	50210.000000
0.000000	50210.000000
0.000000	50210.000000
0.000000	50211.000000
0.000000	50211.000000
0.000000	50211.000000
0.000000	50211.000000
0.000000	50211.000000
0.000000	50211.000000
0.000000	50211.000000
0.000000	50211.000000
0.000000	50211.000000
0.000000	50211.000000
0.000000	50211.000000
0.000000	50211.000000
0.000000	50211.000000
0.000000	50211.000000
0.000000	50211.000000
0.000000	50211.000000
0.000000	50211.000000
0.000000	50212.000000
0.000000	50212.000000
0.000000	50212.000000
0.000000	50212.000000
0.000000	50212.000000
0.000000	50212.000000
0.000000	50212.000000
0.000000	50212.000000
0.000000	50212.000000
0.000000	50212.000000
0.000000	50212.000000
0.000000	50212.000000
0.000000	50212.000000
0.000000	50212.000000
0.000000	50212.000000
0.000000	50212.000000
0.000000	50212.000000
0.000000	50213.000000
0.000000	50213.000000
0.000000	50213.000000
0.000000	50213.000000
0.000000	50213.000000
0.000000	50213.000000
0.000000	50213.000000
0.000000	50213.000000
0.000000	50213.000000
0.000000	50213.000000
0.000000	50213.000000
0.000000	50213.000000
0.000000	50213.000000
0.000000	50213.000000
0.000000	50213.000000
0.000000	50213.000000
0.000000	50213.000000
0.000000	50213.000000
0.000000	50214.000000
0.000000	50214.000000
0.000000	50214.000000
0.000000	50214.000000
0.000000	50214.000000
0.000000	50214.000000
0.000000	50214.000000
0.000000	50214.000000
0.000000	50214.000000
0.000000	50214.000000
0.000000	50214.000000
0.000000	50214.000000
0.000000	50214.000000
0.000000	50214.000000
0.000000	50214.000000
0.000000	50214.000000
0.000000	50214.000000
0.000000	50215.000000
0.000000	50215.000000
0.000000	50215.000000
0.000000	50215.000000
0.000000	50215.000000
0.000000	50215.000000
0.000000	50215.000000
0.000000	50215.000000
0.000000	50215.000000
0.000000	50215.000000
0.000000	50215.000000
0.000000	50215.000000
0.000000	50215.000000
0.000000	50215.000000
0.000000	50215.000000
0.000000	50215.000000
0.000000	50215.000000
0.000000	50216.000000
0.000000	50216.000000
0.000000	50216.000000
0.000000	50216.000000
0.000000	50216.000000
0.000000	50216.000000
0.000000	50216.000000
0.000000	50216.000000
0.000000	50216.000000
0.000000	50216.000000
0.000000	50216.000000
0.000000	50216.000000
0.000000	50216.000000
0.000000	50216.000000
0.000000	50216.000000
0.000000	50216.000000
0.000000	50216.000000
0.000000	50217.000000
0.000000	50217.000000
0.000000	50217.000000
0.000000	50217.000000
0.000000	50217.000000
0.000000	50217.000000
0.000000	50217.000000
0.000000	50217.000000
0.000000	50217.000000
0.000000	50217.000000
0.000000	50217.000000
0.000000	50217.000000
0.000000	50217.000000
0.000000	50217.000000
0.000000	50217.000000
0.000000	50217.000000
0.000000	50217.000000
0.000000	50218.000000
0.000000	50218.000000
0.000000	50218.000000
0.000000	50218.000000
0.000000	50218.000000
0.000000	50218.000000
0.000000	50218.000000
0.000000	50218.000000
0.000000	50218.000000
0.000000	50218.000000
0.000000	50218.000000
0.000000	50218.000000
0.000000	50218.000000
0.000000	50218.000000
0.000000	50218.000000
0.000000	50218.000000
0.000000	50218.000000
0.000000	50219.000000
0.000000	50219.000000
0.000000	50219.000000
0.000000	50219.000000
0.000000	50219.000000
0.000000	50219.000000
0.000000	50219.000000
0.000000	50219.000000
0.000000	50219.000000
0.000000	50219.000000
0.000000	50219.000000
0.000000	50219.000000
0.000000	50219.000000
0.000000	50219.000000
0.000000	50219.000000
0.000000	50219.000000
0.000000	50219.000000
0.000000	50220.000000
0.000000	50220.000000
0.000000	50220.000000
0.000000	50220.000000
0.000000	50220.000000
0.000000	50220.000000
0.000000	50220.000000
0.000000	50220.000000
0.000000	50220.000000
0.000000	50220.000000
0.000000	50220.000000
0.000000	50220.000000
0.000000	50220.000000
0.000000	50220.000000
0.000000	50220.000000
0.000000	50220.000000
0.000000	50220.000000
0.000000	50221.000000
0.000000	50221.000000
0.000000	50221.000000
0.000000	50221.000000
0.000000	50221.000000
0.000000	50221.000000
0.000000	50221.000000
0.000000	50221.000000
0.000000	50221.000000
0.000000	50221.000000
0.000000	50221.000000
0.000000	50221.000000
0.000000	50221.000000
0.000000	50221.000000
0.000000	50221.000000
0.000000	50221.000000
0.000000	50221.000000
0.000000	50222.000000
0.000000	50222.000000
0.000000	50222.000000
0.000000	50222.000000
0.000000	50222.000000
0.000000	50222.000000
0.000000	50222.000000
0.000000	50222.000000
0.000000	50222.000000
0.000000	50222.000000
0.000000	50222.000000
0.000000	50222.000000
0.000000	50222.000000
0.000000	50222.000000
0.000000	50222.000000
0.000000	50222.000000
0.000000	50222.000000
0.000000	50223.000000
0.000000	50223.000000
0.000000	50223.000000
0.000000	50223.000000
0.000000	50223.000000
0.000000	50223.000000
0.000000	50223.000000
0.000000	50223.000000
0.000000	50223.000000
0.000000	50223.000000
0.000000	50223.000000
0.000000	50223.000000
0.000000	50223.000000
0.000000	50223.000000
0.000000	50223.000000
0.000000	50223.000000
0.000000	50223.000000
0.000000	50224.000000
0.000000	50224.000000
0.000000	50224.000000
0.000000	50224.000000
0.000000	50224.000000
0.000000	50224.000000
0.000000	50224.000000
0.000000	50224.000000
0.000000	50224.000000
0.000000	50224.000000
0.000000	50224.000000
0.000000	50224.000000
0.000000	50224.000000
0.000000	50224.000000
0.000000	50224.000000
0.000000	50224.000000
0.000000	50224.000000
0.000000	50225.000000
0.000000	50225.000000
0.000000	50225.000000
0.000000	50225.000000
0.000000	50225.000000
0.000000	50225.000000
0.000000	50225.000000
0.000000	50225.000000
0.000000	50225.000000
0.000000	50225.000000
0.000000	50225.000000
0.000000	50225.000000
0.000000	50225.000000
0.000000	50225.000000
0.000000	50225.000000
0.000000	50225.000000
0.000000	50225.000000
0.000000	50226.000000
0.000000	50226.000000
0.000000	50226.000000
0.000000	50226.000000
0.000000	50226.000000
0.000000	50226.000000
0.000000	50226.000000
0.000000	50226.000000
0.000000	50226.000000
0.000000	50226.000000
0.000000	50226.000000
0.000000	50226.000000
0.000000	50226.000000
0.000000	50226.000000
0.000000	50226.000000
0.000000	50226.000000
0.000000	50226.000000
0.000000	50227.000000
0.000000	50227.000000
0.000000	50227.000000
0.000000	50227.000000
0.000000	50227.000000
0.000000	50227.000000
0.000000	50227.000000
0.000000	50227.000000
0.000000	50227.000000
0.000000	50227.000000
0.000000	50227.000000
0.000000	50227.000000
0.000000	50227.000000
0.000000	50227.000000
0.000000	50227.000000
0.000000	50227.000000
0.000000	50227.000000
0.000000	50227.000000
0.000000	50228.000000
0.000000	50228.000000
0.000000	50228.000000
0.000000	50228.000000
0.000000	50228.000000
0.000000	50228.000000
0.000000	50228.000000
0.000000	50228.000000
0.000000	50228.000000
0.000000	50228.000000
0.000000	50228.000000
0.000000	50228.000000
0.000000	50228.000000
0.000000	50228.000000
0.000000	50228.000000
0.000000	50228.000000
0.000000	50228.000000
0.000000	50229.000000
0.000000	50229.000000
0.000000	50229.000000
0.000000	50229.000000
0.000000	50229.000000
0.000000	50229.000000
0.000000	50229.000000
0.000000	50229.000000
0.000000	50229.000000
0.000000	50229.000000
0.000000	50229.000000
0.000000	50229.000000
0.000000	50229.000000
0.000000	50229.000000
0.000000	50229.000000
0.000000	50229.000000
0.000000	50229.000000
0.000000	50230.000000
0.000000	50230.000000
0.000000	50230.000000
0.000000	50230.000000
0.000000	50230.000000
0.000000	50230.000000
0.000000	50230.000000
0.000000	50230.000000
0.000000	50230.000000
0.000000	50230.000000
0.000000	50230.000000
0.000000	50230.000000
0.000000	50230.000000
0.000000	50230.000000
0.000000	50230.000000
0.000000	50230.000000
0.000000	50230.000000
0.000000	50231.000000
0.000000	50231.000000
0.000000	50231.000000
0.000000	50231.000000
0.000000	50231.000000
0.000000	50231.000000
0.000000	50231.000000
0.000000	50231.000000
0.000000	50231.000000
0.000000	50231.000000
0.000000	50231.000000
0.000000	50231.000000
0.000000	50231.000000
0.000000	50231.000000
0.000000	50231.000000
0.000000	50231.000000
0.000000	50231.000000
0.000000	50232.000000
0.000000	50232.000000
0.000000	50232.000000
0.000000	50232.000000
0.000000	50232.000000
0.000000	50232.000000
0.000000	50232.000000
0.000000	50232.000000
0.000000	50232.000000
0.000000	50232.000000
0.000000	50232.000000
0.000000	50232.000000
0.000000	50232.000000
0.000000	50232.000000
0.000000	50232.000000
0.000000	50232.000000
0.000000	50232.000000
0.000000	50233.000000
0.000000	50233.000000
0.000000	50233.000000
0.000000	50233.000000
0.000000	50233.000000
0.000000	50233.000000
0.000000	50233.000000
