0.000000	41542.000000
0.000000	41542.000000
0.000000	41542.000000
0.000000	41542.000000
0.000000	41542.000000
0.000000	41542.000000
0.000000	41542.000000
0.000000	41542.000000
0.000000	41542.000000
0.000000	41542.000000
0.000000	41543.000000
0.000000	41543.000000
0.000000	41543.000000
0.000000	41543.000000
0.000000	41543.000000
0.000000	41543.000000
0.000000	41543.000000
0.000000	41543.000000
0.000000	41543.000000
0.000000	41543.000000
0.000000	41543.000000
0.000000	41543.000000
0.000000	41543.000000
0.000000	41543.000000
0.000000	41543.000000
0.000000	41543.000000
0.000000	41543.000000
0.000000	41544.000000
0.000000	41544.000000
0.000000	41544.000000
0.000000	41544.000000
0.000000	41544.000000
0.000000	41544.000000
0.000000	41544.000000
0.000000	41544.000000
0.000000	41544.000000
0.000000	41544.000000
0.000000	41544.000000
0.000000	41544.000000
0.000000	41544.000000
0.000000	41544.000000
0.000000	41544.000000
0.000000	41544.000000
0.000000	41544.000000
0.000000	41545.000000
0.000000	41545.000000
0.000000	41545.000000
0.000000	41545.000000
0.000000	41545.000000
0.000000	41545.000000
0.000000	41545.000000
0.000000	41545.000000
0.000000	41545.000000
0.000000	41545.000000
0.000000	41545.000000
0.000000	41545.000000
0.000000	41545.000000
0.000000	41545.000000
0.000000	41545.000000
0.000000	41545.000000
0.000000	41545.000000
0.000000	41546.000000
0.000000	41546.000000
0.000000	41546.000000
0.000000	41546.000000
0.000000	41546.000000
0.000000	41546.000000
0.000000	41546.000000
0.000000	41546.000000
0.000000	41546.000000
0.000000	41546.000000
0.000000	41546.000000
0.000000	41546.000000
0.000000	41546.000000
0.000000	41546.000000
0.000000	41546.000000
0.000000	41546.000000
0.000000	41546.000000
0.000000	41547.000000
0.000000	41547.000000
0.000000	41547.000000
0.000000	41547.000000
0.000000	41547.000000
0.000000	41547.000000
0.000000	41547.000000
0.000000	41547.000000
0.000000	41547.000000
0.000000	41547.000000
0.000000	41547.000000
0.000000	41547.000000
0.000000	41547.000000
0.000000	41547.000000
0.000000	41547.000000
0.000000	41547.000000
0.000000	41547.000000
0.000000	41548.000000
0.000000	41548.000000
0.000000	41548.000000
0.000000	41548.000000
0.000000	41548.000000
0.000000	41548.000000
0.000000	41548.000000
0.000000	41548.000000
0.000000	41548.000000
0.000000	41548.000000
0.000000	41548.000000
0.000000	41548.000000
0.000000	41548.000000
0.000000	41548.000000
0.000000	41548.000000
0.000000	41548.000000
0.000000	41548.000000
0.000000	41549.000000
0.000000	41549.000000
0.000000	41549.000000
0.000000	41549.000000
0.000000	41549.000000
0.000000	41549.000000
0.000000	41549.000000
0.000000	41549.000000
0.000000	41549.000000
0.000000	41549.000000
0.000000	41549.000000
0.000000	41549.000000
0.000000	41549.000000
0.000000	41549.000000
0.000000	41549.000000
0.000000	41549.000000
0.000000	41549.000000
0.000000	41550.000000
0.000000	41550.000000
0.000000	41550.000000
0.000000	41550.000000
0.000000	41550.000000
0.000000	41550.000000
0.000000	41550.000000
0.000000	41550.000000
0.000000	41550.000000
0.000000	41550.000000
0.000000	41550.000000
0.000000	41550.000000
0.000000	41550.000000
0.000000	41550.000000
0.000000	41550.000000
0.000000	41550.000000
0.000000	41550.000000
0.000000	41551.000000
0.000000	41551.000000
0.000000	41551.000000
0.000000	41551.000000
0.000000	41551.000000
0.000000	41551.000000
0.000000	41551.000000
0.000000	41551.000000
0.000000	41551.000000
0.000000	41551.000000
0.000000	41551.000000
0.000000	41551.000000
0.000000	41551.000000
0.000000	41551.000000
0.000000	41551.000000
0.000000	41551.000000
0.000000	41551.000000
0.000000	41552.000000
0.000000	41552.000000
0.000000	41552.000000
0.000000	41552.000000
0.000000	41552.000000
0.000000	41552.000000
0.000000	41552.000000
0.000000	41552.000000
0.000000	41552.000000
0.000000	41552.000000
0.000000	41552.000000
0.000000	41552.000000
0.000000	41552.000000
0.000000	41552.000000
0.000000	41552.000000
0.000000	41552.000000
0.000000	41552.000000
0.000000	41553.000000
0.000000	41553.000000
0.000000	41553.000000
0.000000	41553.000000
0.000000	41553.000000
0.000000	41553.000000
0.000000	41553.000000
0.000000	41553.000000
0.000000	41553.000000
0.000000	41553.000000
0.000000	41553.000000
0.000000	41553.000000
0.000000	41553.000000
0.000000	41553.000000
0.000000	41553.000000
0.000000	41553.000000
0.000000	41553.000000
0.000000	41553.000000
0.000000	41554.000000
0.000000	41554.000000
0.000000	41554.000000
0.000000	41554.000000
0.000000	41554.000000
0.000000	41554.000000
0.000000	41554.000000
0.000000	41554.000000
0.000000	41554.000000
0.000000	41554.000000
0.000000	41554.000000
0.000000	41554.000000
0.000000	41554.000000
0.000000	41554.000000
0.000000	41554.000000
0.000000	41554.000000
0.000000	41554.000000
0.000000	41555.000000
0.000000	41555.000000
0.000000	41555.000000
0.000000	41555.000000
0.000000	41555.000000
0.000000	41555.000000
0.000000	41555.000000
0.000000	41555.000000
0.000000	41555.000000
0.000000	41555.000000
0.000000	41555.000000
0.000000	41555.000000
0.000000	41555.000000
0.000000	41555.000000
0.000000	41555.000000
0.000000	41555.000000
0.000000	41555.000000
0.000000	41556.000000
0.000000	41556.000000
0.000000	41556.000000
0.000000	41556.000000
0.000000	41556.000000
0.000000	41556.000000
0.000000	41556.000000
0.000000	41556.000000
0.000000	41556.000000
0.000000	41556.000000
0.000000	41556.000000
0.000000	41556.000000
0.000000	41556.000000
0.000000	41556.000000
0.000000	41556.000000
0.000000	41556.000000
0.000000	41556.000000
0.000000	41557.000000
0.000000	41557.000000
0.000000	41557.000000
0.000000	41557.000000
0.000000	41557.000000
0.000000	41557.000000
0.000000	41557.000000
0.000000	41557.000000
0.000000	41557.000000
0.000000	41557.000000
0.000000	41557.000000
0.000000	41557.000000
0.000000	41557.000000
0.000000	41557.000000
0.000000	41557.000000
0.000000	41557.000000
0.000000	41557.000000
0.000000	41558.000000
0.000000	41558.000000
0.000000	41558.000000
0.000000	41558.000000
0.000000	41558.000000
0.000000	41558.000000
0.000000	41558.000000
0.000000	41558.000000
0.000000	41558.000000
0.000000	41558.000000
0.000000	41558.000000
0.000000	41558.000000
0.000000	41558.000000
0.000000	41558.000000
0.000000	41558.000000
0.000000	41558.000000
0.000000	41558.000000
0.000000	41559.000000
0.000000	41559.000000
0.000000	41559.000000
0.000000	41559.000000
0.000000	41559.000000
0.000000	41559.000000
0.000000	41559.000000
0.000000	41559.000000
0.000000	41559.000000
0.000000	41559.000000
0.000000	41559.000000
0.000000	41559.000000
0.000000	41559.000000
0.000000	41559.000000
0.000000	41559.000000
0.000000	41559.000000
0.000000	41559.000000
0.000000	41600.000000
0.000000	41600.000000
0.000000	41600.000000
0.000000	41600.000000
0.000000	41600.000000
0.000000	41600.000000
0.000000	41600.000000
0.000000	41600.000000
0.000000	41600.000000
0.000000	41600.000000
0.000000	41600.000000
0.000000	41600.000000
0.000000	41600.000000
0.000000	41600.000000
0.000000	41600.000000
0.000000	41600.000000
0.000000	41600.000000
0.000000	41601.000000
0.000000	41601.000000
0.000000	41601.000000
0.000000	41601.000000
0.000000	41601.000000
0.000000	41601.000000
0.000000	41601.000000
0.000000	41601.000000
0.000000	41601.000000
0.000000	41601.000000
0.000000	41601.000000
0.000000	41601.000000
0.000000	41601.000000
0.000000	41601.000000
0.000000	41601.000000
0.000000	41601.000000
0.000000	41601.000000
0.000000	41602.000000
0.000000	41602.000000
0.000000	41602.000000
0.000000	41602.000000
0.000000	41602.000000
0.000000	41602.000000
0.000000	41602.000000
0.000000	41602.000000
0.000000	41602.000000
0.000000	41602.000000
0.000000	41602.000000
0.000000	41602.000000
0.000000	41602.000000
0.000000	41602.000000
0.000000	41602.000000
0.000000	41602.000000
0.000000	41602.000000
0.000000	41603.000000
0.000000	41603.000000
0.000000	41603.000000
0.000000	41603.000000
0.000000	41603.000000
0.000000	41603.000000
0.000000	41603.000000
0.000000	41603.000000
0.000000	41603.000000
0.000000	41603.000000
0.000000	41603.000000
0.000000	41603.000000
0.000000	41603.000000
0.000000	41603.000000
0.000000	41603.000000
0.000000	41603.000000
0.000000	41603.000000
0.000000	41604.000000
0.000000	41604.000000
0.000000	41604.000000
0.000000	41604.000000
0.000000	41604.000000
0.000000	41604.000000
0.000000	41604.000000
0.000000	41604.000000
0.000000	41604.000000
0.000000	41604.000000
0.000000	41604.000000
0.000000	41604.000000
0.000000	41604.000000
0.000000	41604.000000
0.000000	41604.000000
0.000000	41604.000000
0.000000	41604.000000
0.000000	41605.000000
0.000000	41605.000000
0.000000	41605.000000
0.000000	41605.000000
0.000000	41605.000000
0.000000	41605.000000
0.000000	41605.000000
0.000000	41605.000000
0.000000	41605.000000
0.000000	41605.000000
0.000000	41605.000000
0.000000	41605.000000
0.000000	41605.000000
0.000000	41605.000000
0.000000	41605.000000
0.000000	41605.000000
0.000000	41605.000000
0.000000	41606.000000
0.000000	41606.000000
0.000000	41606.000000
0.000000	41606.000000
0.000000	41606.000000
0.000000	41606.000000
0.000000	41606.000000
0.000000	41606.000000
0.000000	41606.000000
0.000000	41606.000000
0.000000	41606.000000
0.000000	41606.000000
0.000000	41606.000000
0.000000	41606.000000
0.000000	41606.000000
0.000000	41606.000000
0.000000	41606.000000
0.000000	41607.000000
0.000000	41607.000000
0.000000	41607.000000
0.000000	41607.000000
0.000000	41607.000000
0.000000	41607.000000
0.000000	41607.000000
0.000000	41607.000000
0.000000	41607.000000
0.000000	41607.000000
0.000000	41607.000000
0.000000	41607.000000
0.000000	41607.000000
0.000000	41607.000000
0.000000	41607.000000
0.000000	41607.000000
0.000000	41607.000000
0.000000	41608.000000
0.000000	41608.000000
0.000000	41608.000000
0.000000	41608.000000
0.000000	41608.000000
0.000000	41608.000000
0.000000	41608.000000
0.000000	41608.000000
0.000000	41608.000000
0.000000	41608.000000
0.000000	41608.000000
0.000000	41608.000000
0.000000	41608.000000
0.000000	41608.000000
0.000000	41608.000000
0.000000	41608.000000
0.000000	41608.000000
0.000000	41608.000000
0.000000	41609.000000
0.000000	41609.000000
0.000000	41609.000000
0.000000	41609.000000
0.000000	41609.000000
0.000000	41609.000000
0.000000	41609.000000
0.000000	41609.000000
0.000000	41609.000000
0.000000	41609.000000
0.000000	41609.000000
0.000000	41609.000000
0.000000	41609.000000
0.000000	41609.000000
0.000000	41609.000000
0.000000	41609.000000
0.000000	41609.000000
0.000000	41610.000000
0.000000	41610.000000
0.000000	41610.000000
0.000000	41610.000000
0.000000	41610.000000
0.000000	41610.000000
0.000000	41610.000000
0.000000	41610.000000
0.000000	41610.000000
0.000000	41610.000000
0.000000	41610.000000
0.000000	41610.000000
0.000000	41610.000000
0.000000	41610.000000
0.000000	41610.000000
0.000000	41610.000000
0.000000	41610.000000
0.000000	41611.000000
0.000000	41611.000000
0.000000	41611.000000
0.000000	41611.000000
0.000000	41611.000000
0.000000	41611.000000
0.000000	41611.000000
0.000000	41611.000000
0.000000	41611.000000
0.000000	41611.000000
0.000000	41611.000000
0.000000	41611.000000
0.000000	41611.000000
0.000000	41611.000000
0.000000	41611.000000
0.000000	41611.000000
0.000000	41611.000000
0.000000	41612.000000
0.000000	41612.000000
0.000000	41612.000000
0.000000	41612.000000
0.000000	41612.000000
0.000000	41612.000000
0.000000	41612.000000
0.000000	41612.000000
0.000000	41612.000000
0.000000	41612.000000
0.000000	41612.000000
0.000000	41612.000000
0.000000	41612.000000
0.000000	41612.000000
0.000000	41612.000000
0.000000	41612.000000
0.000000	41612.000000
0.000000	41613.000000
0.000000	41613.000000
0.000000	41613.000000
0.000000	41613.000000
0.000000	41613.000000
0.000000	41613.000000
0.000000	41613.000000
0.000000	41613.000000
0.000000	41613.000000
0.000000	41613.000000
0.000000	41613.000000
0.000000	41613.000000
0.000000	41613.000000
0.000000	41613.000000
0.000000	41613.000000
0.000000	41613.000000
0.000000	41613.000000
0.000000	41614.000000
0.000000	41614.000000
0.000000	41614.000000
0.000000	41614.000000
0.000000	41614.000000
0.000000	41614.000000
0.000000	41614.000000
0.000000	41614.000000
0.000000	41614.000000
0.000000	41614.000000
0.000000	41614.000000
0.000000	41614.000000
0.000000	41614.000000
0.000000	41614.000000
0.000000	41614.000000
0.000000	41614.000000
0.000000	41614.000000
0.000000	41615.000000
0.000000	41615.000000
0.000000	41615.000000
0.000000	41615.000000
0.000000	41615.000000
0.000000	41615.000000
0.000000	41615.000000
0.000000	41615.000000
0.000000	41615.000000
0.000000	41615.000000
0.000000	41615.000000
0.000000	41615.000000
0.000000	41615.000000
0.000000	41615.000000
0.000000	41615.000000
0.000000	41615.000000
0.000000	41615.000000
0.000000	41616.000000
0.000000	41616.000000
0.000000	41616.000000
0.000000	41616.000000
0.000000	41616.000000
0.000000	41616.000000
0.000000	41616.000000
0.000000	41616.000000
0.000000	41616.000000
0.000000	41616.000000
0.000000	41616.000000
0.000000	41616.000000
0.000000	41616.000000
0.000000	41616.000000
0.000000	41616.000000
0.000000	41616.000000
0.000000	41616.000000
0.000000	41617.000000
0.000000	41617.000000
0.000000	41617.000000
0.000000	41617.000000
0.000000	41617.000000
0.000000	41617.000000
0.000000	41617.000000
0.000000	41617.000000
0.000000	41617.000000
0.000000	41617.000000
0.000000	41617.000000
0.000000	41617.000000
0.000000	41617.000000
0.000000	41617.000000
0.000000	41617.000000
0.000000	41617.000000
0.000000	41617.000000
0.000000	41618.000000
0.000000	41618.000000
0.000000	41618.000000
0.000000	41618.000000
0.000000	41618.000000
0.000000	41618.000000
0.000000	41618.000000
0.000000	41618.000000
0.000000	41618.000000
0.000000	41618.000000
0.000000	41618.000000
0.000000	41618.000000
0.000000	41618.000000
0.000000	41618.000000
0.000000	41618.000000
0.000000	41618.000000
0.000000	41618.000000
0.000000	41619.000000
0.000000	41619.000000
0.000000	41619.000000
0.000000	41619.000000
0.000000	41619.000000
0.000000	41619.000000
0.000000	41619.000000
0.000000	41619.000000
0.000000	41619.000000
0.000000	41619.000000
0.000000	41619.000000
0.000000	41619.000000
0.000000	41619.000000
0.000000	41619.000000
0.000000	41619.000000
0.000000	41619.000000
0.000000	41619.000000
0.000000	41620.000000
0.000000	41620.000000
0.000000	41620.000000
0.000000	41620.000000
0.000000	41620.000000
0.000000	41620.000000
0.000000	41620.000000
0.000000	41620.000000
0.000000	41620.000000
0.000000	41620.000000
0.000000	41620.000000
0.000000	41620.000000
0.000000	41620.000000
0.000000	41620.000000
0.000000	41620.000000
0.000000	41620.000000
0.000000	41620.000000
0.000000	41621.000000
0.000000	41621.000000
0.000000	41621.000000
0.000000	41621.000000
0.000000	41621.000000
0.000000	41621.000000
0.000000	41621.000000
0.000000	41621.000000
0.000000	41621.000000
0.000000	41621.000000
0.000000	41621.000000
0.000000	41621.000000
0.000000	41621.000000
0.000000	41621.000000
0.000000	41621.000000
0.000000	41621.000000
0.000000	41621.000000
0.000000	41622.000000
0.000000	41622.000000
0.000000	41622.000000
0.000000	41622.000000
0.000000	41622.000000
0.000000	41622.000000
0.000000	41622.000000
0.000000	41622.000000
0.000000	41622.000000
0.000000	41622.000000
0.000000	41622.000000
0.000000	41622.000000
0.000000	41622.000000
0.000000	41622.000000
0.000000	41622.000000
0.000000	41622.000000
0.000000	41622.000000
0.000000	41623.000000
0.000000	41623.000000
0.000000	41623.000000
0.000000	41623.000000
0.000000	41623.000000
0.000000	41623.000000
0.000000	41623.000000
0.000000	41623.000000
0.000000	41623.000000
0.000000	41623.000000
0.000000	41623.000000
0.000000	41623.000000
0.000000	41623.000000
0.000000	41623.000000
0.000000	41623.000000
0.000000	41623.000000
0.000000	41623.000000
0.000000	41624.000000
0.000000	41624.000000
0.000000	41624.000000
0.000000	41624.000000
0.000000	41624.000000
0.000000	41624.000000
0.000000	41624.000000
0.000000	41624.000000
0.000000	41624.000000
0.000000	41624.000000
0.000000	41624.000000
0.000000	41624.000000
0.000000	41624.000000
0.000000	41624.000000
0.000000	41624.000000
0.000000	41624.000000
0.000000	41624.000000
0.000000	41624.000000
0.000000	41625.000000
0.000000	41625.000000
0.000000	41625.000000
0.000000	41625.000000
0.000000	41625.000000
0.000000	41625.000000
0.000000	41625.000000
0.000000	41625.000000
0.000000	41625.000000
0.000000	41625.000000
0.000000	41625.000000
0.000000	41625.000000
0.000000	41625.000000
0.000000	41625.000000
0.000000	41625.000000
0.000000	41625.000000
0.000000	41625.000000
0.000000	41626.000000
0.000000	41626.000000
0.000000	41626.000000
0.000000	41626.000000
0.000000	41626.000000
0.000000	41626.000000
0.000000	41626.000000
0.000000	41626.000000
0.000000	41626.000000
0.000000	41626.000000
0.000000	41626.000000
0.000000	41626.000000
0.000000	41626.000000
0.000000	41626.000000
0.000000	41626.000000
0.000000	41626.000000
0.000000	41626.000000
0.000000	41627.000000
0.000000	41627.000000
0.000000	41627.000000
0.000000	41627.000000
0.000000	41627.000000
0.000000	41627.000000
0.000000	41627.000000
0.000000	41627.000000
0.000000	41627.000000
0.000000	41627.000000
0.000000	41627.000000
0.000000	41627.000000
0.000000	41627.000000
0.000000	41627.000000
0.000000	41627.000000
0.000000	41627.000000
0.000000	41627.000000
0.000000	41628.000000
0.000000	41628.000000
0.000000	41628.000000
0.000000	41628.000000
0.000000	41628.000000
0.000000	41628.000000
0.000000	41628.000000
0.000000	41628.000000
0.000000	41628.000000
0.000000	41628.000000
0.000000	41628.000000
0.000000	41628.000000
0.000000	41628.000000
0.000000	41628.000000
0.000000	41628.000000
0.000000	41628.000000
0.000000	41628.000000
0.000000	41629.000000
0.000000	41629.000000
0.000000	41629.000000
0.000000	41629.000000
0.000000	41629.000000
0.000000	41629.000000
0.000000	41629.000000
0.000000	41629.000000
0.000000	41629.000000
0.000000	41629.000000
0.000000	41629.000000
0.000000	41629.000000
0.000000	41629.000000
0.000000	41629.000000
0.000000	41629.000000
0.000000	41629.000000
0.000000	41629.000000
0.000000	41630.000000
0.000000	41630.000000
0.000000	41630.000000
0.000000	41630.000000
0.000000	41630.000000
0.000000	41630.000000
0.000000	41630.000000
0.000000	41630.000000
0.000000	41630.000000
0.000000	41630.000000
0.000000	41630.000000
0.000000	41630.000000
0.000000	41630.000000
0.000000	41630.000000
0.000000	41630.000000
0.000000	41630.000000
0.000000	41630.000000
0.000000	41631.000000
0.000000	41631.000000
0.000000	41631.000000
0.000000	41631.000000
0.000000	41631.000000
0.000000	41631.000000
0.000000	41631.000000
0.000000	41631.000000
0.000000	41631.000000
0.000000	41631.000000
0.000000	41631.000000
0.000000	41631.000000
0.000000	41631.000000
0.000000	41631.000000
0.000000	41631.000000
0.000000	41631.000000
0.000000	41631.000000
0.000000	41632.000000
0.000000	41632.000000
0.000000	41632.000000
0.000000	41632.000000
0.000000	41632.000000
0.000000	41632.000000
0.000000	41632.000000
0.000000	41632.000000
0.000000	41632.000000
0.000000	41632.000000
0.000000	41632.000000
0.000000	41632.000000
0.000000	41632.000000
0.000000	41632.000000
0.000000	41632.000000
0.000000	41632.000000
0.000000	41632.000000
0.000000	41633.000000
0.000000	41633.000000
0.000000	41633.000000
0.000000	41633.000000
0.000000	41633.000000
0.000000	41633.000000
0.000000	41633.000000
0.000000	41633.000000
0.000000	41633.000000
0.000000	41633.000000
0.000000	41633.000000
0.000000	41633.000000
0.000000	41633.000000
0.000000	41633.000000
0.000000	41633.000000
0.000000	41633.000000
0.000000	41633.000000
0.000000	41634.000000
0.000000	41634.000000
0.000000	41634.000000
0.000000	41634.000000
0.000000	41634.000000
0.000000	41634.000000
0.000000	41634.000000
0.000000	41634.000000
0.000000	41634.000000
0.000000	41634.000000
0.000000	41634.000000
0.000000	41634.000000
0.000000	41634.000000
0.000000	41634.000000
0.000000	41634.000000
0.000000	41634.000000
0.000000	41634.000000
0.000000	41635.000000
0.000000	41635.000000
0.000000	41635.000000
0.000000	41635.000000
0.000000	41635.000000
0.000000	41635.000000
0.000000	41635.000000
0.000000	41635.000000
0.000000	41635.000000
0.000000	41635.000000
0.000000	41635.000000
0.000000	41635.000000
0.000000	41635.000000
0.000000	41635.000000
0.000000	41635.000000
0.000000	41635.000000
0.000000	41635.000000
0.000000	41636.000000
0.000000	41636.000000
0.000000	41636.000000
0.000000	41636.000000
0.000000	41636.000000
0.000000	41636.000000
0.000000	41636.000000
0.000000	41636.000000
0.000000	41636.000000
0.000000	41636.000000
0.000000	41636.000000
0.000000	41636.000000
0.000000	41636.000000
0.000000	41636.000000
0.000000	41636.000000
0.000000	41636.000000
0.000000	41636.000000
0.000000	41637.000000
0.000000	41637.000000
0.000000	41637.000000
0.000000	41637.000000
0.000000	41637.000000
0.000000	41637.000000
0.000000	41637.000000
0.000000	41637.000000
0.000000	41637.000000
0.000000	41637.000000
0.000000	41637.000000
0.000000	41637.000000
0.000000	41637.000000
0.000000	41637.000000
0.000000	41637.000000
0.000000	41637.000000
0.000000	41637.000000
0.000000	41638.000000
0.000000	41638.000000
0.000000	41638.000000
0.000000	41638.000000
0.000000	41638.000000
0.000000	41638.000000
0.000000	41638.000000
0.000000	41638.000000
0.000000	41638.000000
0.000000	41638.000000
0.000000	41638.000000
0.000000	41638.000000
0.000000	41638.000000
0.000000	41638.000000
0.000000	41638.000000
0.000000	41638.000000
0.000000	41638.000000
0.000000	41639.000000
0.000000	41639.000000
0.000000	41639.000000
0.000000	41639.000000
0.000000	41639.000000
0.000000	41639.000000
0.000000	41639.000000
0.000000	41639.000000
0.000000	41639.000000
0.000000	41639.000000
0.000000	41639.000000
0.000000	41639.000000
0.000000	41639.000000
0.000000	41639.000000
0.000000	41639.000000
0.000000	41639.000000
0.000000	41639.000000
0.000000	41639.000000
0.000000	41640.000000
0.000000	41640.000000
0.000000	41640.000000
0.000000	41640.000000
0.000000	41640.000000
0.000000	41640.000000
0.000000	41640.000000
0.000000	41640.000000
0.000000	41640.000000
0.000000	41640.000000
0.000000	41640.000000
0.000000	41640.000000
0.000000	41640.000000
0.000000	41640.000000
0.000000	41640.000000
0.000000	41640.000000
0.000000	41640.000000
0.000000	41641.000000
0.000000	41641.000000
0.000000	41641.000000
0.000000	41641.000000
0.000000	41641.000000
0.000000	41641.000000
0.000000	41641.000000
0.000000	41641.000000
0.000000	41641.000000
0.000000	41641.000000
0.000000	41641.000000
0.000000	41641.000000
0.000000	41641.000000
0.000000	41641.000000
0.000000	41641.000000
0.000000	41641.000000
0.000000	41641.000000
0.000000	41642.000000
0.000000	41642.000000
0.000000	41642.000000
0.000000	41642.000000
0.000000	41642.000000
0.000000	41642.000000
0.000000	41642.000000
0.000000	41642.000000
0.000000	41642.000000
0.000000	41642.000000
0.000000	41642.000000
0.000000	41642.000000
0.000000	41642.000000
0.000000	41642.000000
0.000000	41642.000000
0.000000	41642.000000
0.000000	41642.000000
0.000000	41643.000000
0.000000	41643.000000
0.000000	41643.000000
0.000000	41643.000000
0.000000	41643.000000
0.000000	41643.000000
0.000000	41643.000000
0.000000	41643.000000
0.000000	41643.000000
0.000000	41643.000000
0.000000	41643.000000
0.000000	41643.000000
0.000000	41643.000000
0.000000	41643.000000
0.000000	41643.000000
0.000000	41643.000000
0.000000	41643.000000
0.000000	41644.000000
0.000000	41644.000000
0.000000	41644.000000
0.000000	41644.000000
0.000000	41644.000000
0.000000	41644.000000
0.000000	41644.000000
0.000000	41644.000000
0.000000	41644.000000
0.000000	41644.000000
0.000000	41644.000000
0.000000	41644.000000
0.000000	41644.000000
0.000000	41644.000000
0.000000	41644.000000
0.000000	41644.000000
0.000000	41644.000000
0.000000	41645.000000
0.000000	41645.000000
0.000000	41645.000000
0.000000	41645.000000
0.000000	41645.000000
0.000000	41645.000000
0.000000	41645.000000
0.000000	41645.000000
0.000000	41645.000000
0.000000	41645.000000
0.000000	41645.000000
0.000000	41645.000000
0.000000	41645.000000
0.000000	41645.000000
0.000000	41645.000000
0.000000	41645.000000
0.000000	41645.000000
0.000000	41646.000000
0.000000	41646.000000
0.000000	41646.000000
0.000000	41646.000000
0.000000	41646.000000
0.000000	41646.000000
0.000000	41646.000000
0.000000	41646.000000
0.000000	41646.000000
0.000000	41646.000000
0.000000	41646.000000
0.000000	41646.000000
0.000000	41646.000000
0.000000	41646.000000
0.000000	41646.000000
0.000000	41646.000000
0.000000	41646.000000
0.000000	41647.000000
0.000000	41647.000000
0.000000	41647.000000
0.000000	41647.000000
0.000000	41647.000000
0.000000	41647.000000
0.000000	41647.000000
0.000000	41647.000000
0.000000	41647.000000
0.000000	41647.000000
0.000000	41647.000000
0.000000	41647.000000
0.000000	41647.000000
0.000000	41647.000000
0.000000	41647.000000
0.000000	41647.000000
0.000000	41647.000000
0.000000	41648.000000
0.000000	41648.000000
0.000000	41648.000000
0.000000	41648.000000
0.000000	41648.000000
0.000000	41648.000000
0.000000	41648.000000
0.000000	41648.000000
0.000000	41648.000000
0.000000	41648.000000
0.000000	41648.000000
0.000000	41648.000000
0.000000	41648.000000
0.000000	41648.000000
0.000000	41648.000000
0.000000	41648.000000
0.000000	41648.000000
0.000000	41649.000000
0.000000	41649.000000
0.000000	41649.000000
0.000000	41649.000000
0.000000	41649.000000
0.000000	41649.000000
0.000000	41649.000000
0.000000	41649.000000
0.000000	41649.000000
0.000000	41649.000000
0.000000	41649.000000
0.000000	41649.000000
0.000000	41649.000000
0.000000	41649.000000
0.000000	41649.000000
0.000000	41649.000000
0.000000	41649.000000
0.000000	41650.000000
0.000000	41650.000000
0.000000	41650.000000
0.000000	41650.000000
0.000000	41650.000000
0.000000	41650.000000
0.000000	41650.000000
0.000000	41650.000000
0.000000	41650.000000
0.000000	41650.000000
0.000000	41650.000000
0.000000	41650.000000
0.000000	41650.000000
0.000000	41650.000000
0.000000	41650.000000
0.000000	41650.000000
0.000000	41650.000000
0.000000	41651.000000
0.000000	41651.000000
0.000000	41651.000000
0.000000	41651.000000
0.000000	41651.000000
0.000000	41651.000000
0.000000	41651.000000
0.000000	41651.000000
0.000000	41651.000000
0.000000	41651.000000
0.000000	41651.000000
0.000000	41651.000000
0.000000	41651.000000
0.000000	41651.000000
0.000000	41651.000000
0.000000	41651.000000
0.000000	41651.000000
0.000000	41652.000000
0.000000	41652.000000
0.000000	41652.000000
0.000000	41652.000000
0.000000	41652.000000
0.000000	41652.000000
0.000000	41652.000000
0.000000	41652.000000
0.000000	41652.000000
0.000000	41652.000000
0.000000	41652.000000
0.000000	41652.000000
0.000000	41652.000000
0.000000	41652.000000
0.000000	41652.000000
0.000000	41652.000000
0.000000	41652.000000
0.000000	41653.000000
0.000000	41653.000000
0.000000	41653.000000
0.000000	41653.000000
0.000000	41653.000000
0.000000	41653.000000
0.000000	41653.000000
0.000000	41653.000000
0.000000	41653.000000
0.000000	41653.000000
0.000000	41653.000000
0.000000	41653.000000
0.000000	41653.000000
0.000000	41653.000000
0.000000	41653.000000
0.000000	41653.000000
0.000000	41653.000000
0.000000	41654.000000
0.000000	41654.000000
0.000000	41654.000000
0.000000	41654.000000
0.000000	41654.000000
0.000000	41654.000000
0.000000	41654.000000
0.000000	41654.000000
0.000000	41654.000000
0.000000	41654.000000
0.000000	41654.000000
0.000000	41654.000000
0.000000	41654.000000
0.000000	41654.000000
0.000000	41654.000000
0.000000	41654.000000
0.000000	41654.000000
0.000000	41654.000000
0.000000	41655.000000
0.000000	41655.000000
0.000000	41655.000000
0.000000	41655.000000
0.000000	41655.000000
0.000000	41655.000000
0.000000	41655.000000
0.000000	41655.000000
0.000000	41655.000000
0.000000	41655.000000
0.000000	41655.000000
0.000000	41655.000000
0.000000	41655.000000
0.000000	41655.000000
0.000000	41655.000000
0.000000	41655.000000
0.000000	41655.000000
0.000000	41656.000000
0.000000	41656.000000
0.000000	41656.000000
0.000000	41656.000000
0.000000	41656.000000
0.000000	41656.000000
0.000000	41656.000000
0.000000	41656.000000
0.000000	41656.000000
0.000000	41656.000000
0.000000	41656.000000
0.000000	41656.000000
0.000000	41656.000000
0.000000	41656.000000
0.000000	41656.000000
0.000000	41656.000000
0.000000	41656.000000
0.000000	41657.000000
0.000000	41657.000000
0.000000	41657.000000
0.000000	41657.000000
0.000000	41657.000000
0.000000	41657.000000
0.000000	41657.000000
0.000000	41657.000000
0.000000	41657.000000
0.000000	41657.000000
0.000000	41657.000000
0.000000	41657.000000
0.000000	41657.000000
0.000000	41657.000000
0.000000	41657.000000
0.000000	41657.000000
0.000000	41657.000000
0.000000	41658.000000
0.000000	41658.000000
0.000000	41658.000000
0.000000	41658.000000
0.000000	41658.000000
0.000000	41658.000000
0.000000	41658.000000
0.000000	41658.000000
0.000000	41658.000000
0.000000	41658.000000
0.000000	41658.000000
0.000000	41658.000000
0.000000	41658.000000
0.000000	41658.000000
0.000000	41658.000000
0.000000	41658.000000
0.000000	41658.000000
0.000000	41659.000000
0.000000	41659.000000
0.000000	41659.000000
0.000000	41659.000000
0.000000	41659.000000
0.000000	41659.000000
0.000000	41659.000000
0.000000	41659.000000
0.000000	41659.000000
0.000000	41659.000000
0.000000	41659.000000
0.000000	41659.000000
0.000000	41659.000000
0.000000	41659.000000
0.000000	41659.000000
0.000000	41659.000000
0.000000	41659.000000
0.000000	41700.000000
0.000000	41700.000000
0.000000	41700.000000
0.000000	41700.000000
0.000000	41700.000000
0.000000	41700.000000
0.000000	41700.000000
0.000000	41700.000000
0.000000	41700.000000
0.000000	41700.000000
0.000000	41700.000000
0.000000	41700.000000
0.000000	41700.000000
0.000000	41700.000000
0.000000	41700.000000
0.000000	41700.000000
0.000000	41700.000000
0.000000	41701.000000
0.000000	41701.000000
0.000000	41701.000000
0.000000	41701.000000
0.000000	41701.000000
0.000000	41701.000000
0.000000	41701.000000
0.000000	41701.000000
0.000000	41701.000000
0.000000	41701.000000
0.000000	41701.000000
0.000000	41701.000000
0.000000	41701.000000
0.000000	41701.000000
0.000000	41701.000000
0.000000	41701.000000
0.000000	41701.000000
0.000000	41702.000000
0.000000	41702.000000
0.000000	41702.000000
0.000000	41702.000000
0.000000	41702.000000
0.000000	41702.000000
0.000000	41702.000000
0.000000	41702.000000
0.000000	41702.000000
0.000000	41702.000000
0.000000	41702.000000
0.000000	41702.000000
0.000000	41702.000000
0.000000	41702.000000
0.000000	41702.000000
0.000000	41702.000000
0.000000	41702.000000
0.000000	41703.000000
0.000000	41703.000000
0.000000	41703.000000
0.000000	41703.000000
0.000000	41703.000000
0.000000	41703.000000
0.000000	41703.000000
0.000000	41703.000000
0.000000	41703.000000
0.000000	41703.000000
0.000000	41703.000000
0.000000	41703.000000
0.000000	41703.000000
0.000000	41703.000000
0.000000	41703.000000
0.000000	41703.000000
0.000000	41703.000000
0.000000	41704.000000
0.000000	41704.000000
0.000000	41704.000000
0.000000	41704.000000
0.000000	41704.000000
0.000000	41704.000000
0.000000	41704.000000
0.000000	41704.000000
0.000000	41704.000000
0.000000	41704.000000
0.000000	41704.000000
0.000000	41704.000000
0.000000	41704.000000
0.000000	41704.000000
0.000000	41704.000000
0.000000	41704.000000
0.000000	41704.000000
0.000000	41705.000000
0.000000	41705.000000
0.000000	41705.000000
0.000000	41705.000000
0.000000	41705.000000
0.000000	41705.000000
0.000000	41705.000000
0.000000	41705.000000
0.000000	41705.000000
0.000000	41705.000000
0.000000	41705.000000
0.000000	41705.000000
0.000000	41705.000000
0.000000	41705.000000
0.000000	41705.000000
0.000000	41705.000000
0.000000	41705.000000
0.000000	41706.000000
0.000000	41706.000000
0.000000	41706.000000
0.000000	41706.000000
0.000000	41706.000000
0.000000	41706.000000
0.000000	41706.000000
0.000000	41706.000000
0.000000	41706.000000
0.000000	41706.000000
0.000000	41706.000000
0.000000	41706.000000
0.000000	41706.000000
0.000000	41706.000000
0.000000	41706.000000
0.000000	41706.000000
0.000000	41706.000000
0.000000	41707.000000
0.000000	41707.000000
0.000000	41707.000000
0.000000	41707.000000
0.000000	41707.000000
0.000000	41707.000000
0.000000	41707.000000
0.000000	41707.000000
0.000000	41707.000000
0.000000	41707.000000
0.000000	41707.000000
0.000000	41707.000000
0.000000	41707.000000
0.000000	41707.000000
0.000000	41707.000000
0.000000	41707.000000
0.000000	41707.000000
0.000000	41708.000000
0.000000	41708.000000
0.000000	41708.000000
0.000000	41708.000000
0.000000	41708.000000
0.000000	41708.000000
0.000000	41708.000000
0.000000	41708.000000
0.000000	41708.000000
0.000000	41708.000000
0.000000	41708.000000
0.000000	41708.000000
0.000000	41708.000000
0.000000	41708.000000
0.000000	41708.000000
0.000000	41708.000000
0.000000	41708.000000
0.000000	41708.000000
0.000000	41709.000000
0.000000	41709.000000
0.000000	41709.000000
0.000000	41709.000000
0.000000	41709.000000
0.000000	41709.000000
0.000000	41709.000000
0.000000	41709.000000
0.000000	41709.000000
0.000000	41709.000000
0.000000	41709.000000
0.000000	41709.000000
0.000000	41709.000000
0.000000	41709.000000
0.000000	41709.000000
0.000000	41709.000000
0.000000	41709.000000
0.000000	41710.000000
0.000000	41710.000000
0.000000	41710.000000
0.000000	41710.000000
0.000000	41710.000000
0.000000	41710.000000
0.000000	41710.000000
0.000000	41710.000000
0.000000	41710.000000
0.000000	41710.000000
0.000000	41710.000000
0.000000	41710.000000
0.000000	41710.000000
0.000000	41710.000000
0.000000	41710.000000
0.000000	41710.000000
0.000000	41710.000000
0.000000	41711.000000
0.000000	41711.000000
0.000000	41711.000000
0.000000	41711.000000
0.000000	41711.000000
0.000000	41711.000000
0.000000	41711.000000
0.000000	41711.000000
0.000000	41711.000000
0.000000	41711.000000
0.000000	41711.000000
0.000000	41711.000000
0.000000	41711.000000
0.000000	41711.000000
0.000000	41711.000000
0.000000	41711.000000
0.000000	41711.000000
0.000000	41712.000000
0.000000	41712.000000
0.000000	41712.000000
0.000000	41712.000000
0.000000	41712.000000
0.000000	41712.000000
0.000000	41712.000000
0.000000	41712.000000
0.000000	41712.000000
0.000000	41712.000000
0.000000	41712.000000
0.000000	41712.000000
0.000000	41712.000000
0.000000	41712.000000
0.000000	41712.000000
0.000000	41712.000000
0.000000	41712.000000
0.000000	41713.000000
0.000000	41713.000000
0.000000	41713.000000
0.000000	41713.000000
0.000000	41713.000000
0.000000	41713.000000
0.000000	41713.000000
0.000000	41713.000000
0.000000	41713.000000
0.000000	41713.000000
0.000000	41713.000000
0.000000	41713.000000
0.000000	41713.000000
0.000000	41713.000000
0.000000	41713.000000
0.000000	41713.000000
0.000000	41713.000000
0.000000	41714.000000
0.000000	41714.000000
0.000000	41714.000000
0.000000	41714.000000
0.000000	41714.000000
0.000000	41714.000000
0.000000	41714.000000
0.000000	41714.000000
0.000000	41714.000000
0.000000	41714.000000
0.000000	41714.000000
0.000000	41714.000000
0.000000	41714.000000
0.000000	41714.000000
0.000000	41714.000000
0.000000	41714.000000
0.000000	41714.000000
0.000000	41715.000000
0.000000	41715.000000
0.000000	41715.000000
0.000000	41715.000000
0.000000	41715.000000
0.000000	41715.000000
0.000000	41715.000000
0.000000	41715.000000
0.000000	41715.000000
0.000000	41715.000000
0.000000	41715.000000
0.000000	41715.000000
0.000000	41715.000000
0.000000	41715.000000
0.000000	41715.000000
0.000000	41715.000000
0.000000	41715.000000
0.000000	41716.000000
0.000000	41716.000000
0.000000	41716.000000
0.000000	41716.000000
0.000000	41716.000000
0.000000	41716.000000
0.000000	41716.000000
0.000000	41716.000000
0.000000	41716.000000
0.000000	41716.000000
0.000000	41716.000000
0.000000	41716.000000
0.000000	41716.000000
0.000000	41716.000000
0.000000	41716.000000
0.000000	41716.000000
0.000000	41716.000000
0.000000	41717.000000
0.000000	41717.000000
0.000000	41717.000000
0.000000	41717.000000
0.000000	41717.000000
0.000000	41717.000000
0.000000	41717.000000
0.000000	41717.000000
0.000000	41717.000000
0.000000	41717.000000
0.000000	41717.000000
0.000000	41717.000000
0.000000	41717.000000
0.000000	41717.000000
0.000000	41717.000000
0.000000	41717.000000
0.000000	41717.000000
0.000000	41718.000000
0.000000	41718.000000
0.000000	41718.000000
0.000000	41718.000000
0.000000	41718.000000
0.000000	41718.000000
0.000000	41718.000000
0.000000	41718.000000
0.000000	41718.000000
0.000000	41718.000000
0.000000	41718.000000
0.000000	41718.000000
0.000000	41718.000000
0.000000	41718.000000
0.000000	41718.000000
0.000000	41718.000000
0.000000	41718.000000
0.000000	41719.000000
0.000000	41719.000000
0.000000	41719.000000
0.000000	41719.000000
0.000000	41719.000000
0.000000	41719.000000
0.000000	41719.000000
0.000000	41719.000000
0.000000	41719.000000
0.000000	41719.000000
0.000000	41719.000000
0.000000	41719.000000
0.000000	41719.000000
0.000000	41719.000000
0.000000	41719.000000
0.000000	41719.000000
0.000000	41719.000000
0.000000	41720.000000
0.000000	41720.000000
0.000000	41720.000000
0.000000	41720.000000
0.000000	41720.000000
0.000000	41720.000000
0.000000	41720.000000
0.000000	41720.000000
0.000000	41720.000000
0.000000	41720.000000
0.000000	41720.000000
0.000000	41720.000000
0.000000	41720.000000
0.000000	41720.000000
0.000000	41720.000000
0.000000	41720.000000
0.000000	41720.000000
0.000000	41721.000000
0.000000	41721.000000
0.000000	41721.000000
0.000000	41721.000000
0.000000	41721.000000
0.000000	41721.000000
0.000000	41721.000000
0.000000	41721.000000
0.000000	41721.000000
0.000000	41721.000000
0.000000	41721.000000
0.000000	41721.000000
0.000000	41721.000000
0.000000	41721.000000
0.000000	41721.000000
0.000000	41721.000000
0.000000	41721.000000
0.000000	41722.000000
0.000000	41722.000000
0.000000	41722.000000
0.000000	41722.000000
0.000000	41722.000000
0.000000	41722.000000
0.000000	41722.000000
0.000000	41722.000000
0.000000	41722.000000
0.000000	41722.000000
0.000000	41722.000000
0.000000	41722.000000
0.000000	41722.000000
0.000000	41722.000000
0.000000	41722.000000
0.000000	41722.000000
0.000000	41722.000000
0.000000	41723.000000
0.000000	41723.000000
0.000000	41723.000000
0.000000	41723.000000
0.000000	41723.000000
0.000000	41723.000000
0.000000	41723.000000
0.000000	41723.000000
0.000000	41723.000000
0.000000	41723.000000
0.000000	41723.000000
0.000000	41723.000000
0.000000	41723.000000
0.000000	41723.000000
0.000000	41723.000000
0.000000	41723.000000
0.000000	41723.000000
0.000000	41724.000000
0.000000	41724.000000
0.000000	41724.000000
0.000000	41724.000000
0.000000	41724.000000
0.000000	41724.000000
0.000000	41724.000000
0.000000	41724.000000
0.000000	41724.000000
0.000000	41724.000000
0.000000	41724.000000
0.000000	41724.000000
0.000000	41724.000000
0.000000	41724.000000
0.000000	41724.000000
0.000000	41724.000000
0.000000	41724.000000
0.000000	41724.000000
0.000000	41725.000000
0.000000	41725.000000
0.000000	41725.000000
0.000000	41725.000000
0.000000	41725.000000
0.000000	41725.000000
0.000000	41725.000000
0.000000	41725.000000
0.000000	41725.000000
0.000000	41725.000000
0.000000	41725.000000
0.000000	41725.000000
0.000000	41725.000000
0.000000	41725.000000
0.000000	41725.000000
0.000000	41725.000000
0.000000	41725.000000
0.000000	41726.000000
0.000000	41726.000000
0.000000	41726.000000
0.000000	41726.000000
0.000000	41726.000000
0.000000	41726.000000
0.000000	41726.000000
0.000000	41726.000000
0.000000	41726.000000
0.000000	41726.000000
0.000000	41726.000000
0.000000	41726.000000
0.000000	41726.000000
0.000000	41726.000000
0.000000	41726.000000
0.000000	41726.000000
0.000000	41726.000000
0.000000	41727.000000
0.000000	41727.000000
0.000000	41727.000000
0.000000	41727.000000
0.000000	41727.000000
0.000000	41727.000000
0.000000	41727.000000
0.000000	41727.000000
0.000000	41727.000000
0.000000	41727.000000
0.000000	41727.000000
0.000000	41727.000000
0.000000	41727.000000
0.000000	41727.000000
0.000000	41727.000000
0.000000	41727.000000
0.000000	41727.000000
0.000000	41728.000000
0.000000	41728.000000
0.000000	41728.000000
0.000000	41728.000000
0.000000	41728.000000
0.000000	41728.000000
0.000000	41728.000000
0.000000	41728.000000
0.000000	41728.000000
0.000000	41728.000000
0.000000	41728.000000
0.000000	41728.000000
0.000000	41728.000000
0.000000	41728.000000
0.000000	41728.000000
0.000000	41728.000000
0.000000	41728.000000
0.000000	41729.000000
0.000000	41729.000000
0.000000	41729.000000
0.000000	41729.000000
0.000000	41729.000000
0.000000	41729.000000
0.000000	41729.000000
0.000000	41729.000000
0.000000	41729.000000
0.000000	41729.000000
0.000000	41729.000000
0.000000	41729.000000
0.000000	41729.000000
0.000000	41729.000000
0.000000	41729.000000
0.000000	41729.000000
0.000000	41729.000000
0.000000	41730.000000
0.000000	41730.000000
0.000000	41730.000000
0.000000	41730.000000
0.000000	41730.000000
0.000000	41730.000000
0.000000	41730.000000
0.000000	41730.000000
0.000000	41730.000000
0.000000	41730.000000
0.000000	41730.000000
0.000000	41730.000000
0.000000	41730.000000
0.000000	41730.000000
0.000000	41730.000000
0.000000	41730.000000
0.000000	41730.000000
0.000000	41731.000000
0.000000	41731.000000
0.000000	41731.000000
0.000000	41731.000000
0.000000	41731.000000
0.000000	41731.000000
0.000000	41731.000000
0.000000	41731.000000
0.000000	41731.000000
0.000000	41731.000000
0.000000	41731.000000
0.000000	41731.000000
0.000000	41731.000000
0.000000	41731.000000
0.000000	41731.000000
0.000000	41731.000000
0.000000	41731.000000
0.000000	41732.000000
0.000000	41732.000000
0.000000	41732.000000
0.000000	41732.000000
0.000000	41732.000000
0.000000	41732.000000
0.000000	41732.000000
0.000000	41732.000000
0.000000	41732.000000
0.000000	41732.000000
0.000000	41732.000000
0.000000	41732.000000
0.000000	41732.000000
0.000000	41732.000000
0.000000	41732.000000
0.000000	41732.000000
0.000000	41732.000000
0.000000	41733.000000
0.000000	41733.000000
0.000000	41733.000000
0.000000	41733.000000
0.000000	41733.000000
0.000000	41733.000000
0.000000	41733.000000
0.000000	41733.000000
0.000000	41733.000000
0.000000	41733.000000
0.000000	41733.000000
0.000000	41733.000000
0.000000	41733.000000
0.000000	41733.000000
0.000000	41733.000000
0.000000	41733.000000
0.000000	41733.000000
0.000000	41734.000000
0.000000	41734.000000
0.000000	41734.000000
0.000000	41734.000000
0.000000	41734.000000
0.000000	41734.000000
0.000000	41734.000000
0.000000	41734.000000
0.000000	41734.000000
0.000000	41734.000000
0.000000	41734.000000
0.000000	41734.000000
0.000000	41734.000000
0.000000	41734.000000
0.000000	41734.000000
0.000000	41734.000000
0.000000	41734.000000
0.000000	41735.000000
0.000000	41735.000000
0.000000	41735.000000
0.000000	41735.000000
0.000000	41735.000000
0.000000	41735.000000
0.000000	41735.000000
0.000000	41735.000000
0.000000	41735.000000
0.000000	41735.000000
0.000000	41735.000000
0.000000	41735.000000
0.000000	41735.000000
0.000000	41735.000000
0.000000	41735.000000
0.000000	41735.000000
0.000000	41735.000000
0.000000	41736.000000
0.000000	41736.000000
0.000000	41736.000000
0.000000	41736.000000
0.000000	41736.000000
0.000000	41736.000000
0.000000	41736.000000
0.000000	41736.000000
0.000000	41736.000000
0.000000	41736.000000
0.000000	41736.000000
0.000000	41736.000000
0.000000	41736.000000
0.000000	41736.000000
0.000000	41736.000000
0.000000	41736.000000
0.000000	41736.000000
0.000000	41737.000000
0.000000	41737.000000
0.000000	41737.000000
0.000000	41737.000000
0.000000	41737.000000
0.000000	41737.000000
0.000000	41737.000000
0.000000	41737.000000
0.000000	41737.000000
0.000000	41737.000000
0.000000	41737.000000
0.000000	41737.000000
0.000000	41737.000000
0.000000	41737.000000
0.000000	41737.000000
0.000000	41737.000000
0.000000	41737.000000
0.000000	41738.000000
0.000000	41738.000000
0.000000	41738.000000
0.000000	41738.000000
0.000000	41738.000000
0.000000	41738.000000
0.000000	41738.000000
0.000000	41738.000000
0.000000	41738.000000
0.000000	41738.000000
0.000000	41738.000000
0.000000	41738.000000
0.000000	41738.000000
0.000000	41738.000000
0.000000	41738.000000
0.000000	41738.000000
0.000000	41738.000000
0.000000	41738.000000
0.000000	41739.000000
0.000000	41739.000000
0.000000	41739.000000
0.000000	41739.000000
0.000000	41739.000000
0.000000	41739.000000
0.000000	41739.000000
0.000000	41739.000000
0.000000	41739.000000
0.000000	41739.000000
0.000000	41739.000000
0.000000	41739.000000
0.000000	41739.000000
0.000000	41739.000000
0.000000	41739.000000
0.000000	41739.000000
0.000000	41739.000000
0.000000	41740.000000
0.000000	41740.000000
0.000000	41740.000000
0.000000	41740.000000
0.000000	41740.000000
0.000000	41740.000000
0.000000	41740.000000
0.000000	41740.000000
0.000000	41740.000000
0.000000	41740.000000
0.000000	41740.000000
0.000000	41740.000000
0.000000	41740.000000
0.000000	41740.000000
0.000000	41740.000000
0.000000	41740.000000
0.000000	41740.000000
0.000000	41741.000000
0.000000	41741.000000
0.000000	41741.000000
0.000000	41741.000000
0.000000	41741.000000
0.000000	41741.000000
0.000000	41741.000000
0.000000	41741.000000
0.000000	41741.000000
0.000000	41741.000000
0.000000	41741.000000
0.000000	41741.000000
0.000000	41741.000000
0.000000	41741.000000
0.000000	41741.000000
0.000000	41741.000000
0.000000	41741.000000
0.000000	41742.000000
0.000000	41742.000000
0.000000	41742.000000
0.000000	41742.000000
0.000000	41742.000000
0.000000	41742.000000
0.000000	41742.000000
0.000000	41742.000000
0.000000	41742.000000
0.000000	41742.000000
0.000000	41742.000000
0.000000	41742.000000
0.000000	41742.000000
0.000000	41742.000000
0.000000	41742.000000
0.000000	41742.000000
0.000000	41742.000000
0.000000	41743.000000
0.000000	41743.000000
0.000000	41743.000000
0.000000	41743.000000
0.000000	41743.000000
0.000000	41743.000000
0.000000	41743.000000
0.000000	41743.000000
0.000000	41743.000000
0.000000	41743.000000
0.000000	41743.000000
0.000000	41743.000000
0.000000	41743.000000
0.000000	41743.000000
0.000000	41743.000000
0.000000	41743.000000
0.000000	41743.000000
0.000000	41744.000000
0.000000	41744.000000
0.000000	41744.000000
0.000000	41744.000000
0.000000	41744.000000
0.000000	41744.000000
0.000000	41744.000000
0.000000	41744.000000
0.000000	41744.000000
0.000000	41744.000000
0.000000	41744.000000
0.000000	41744.000000
0.000000	41744.000000
0.000000	41744.000000
0.000000	41744.000000
0.000000	41744.000000
0.000000	41744.000000
0.000000	41745.000000
0.000000	41745.000000
0.000000	41745.000000
0.000000	41745.000000
0.000000	41745.000000
0.000000	41745.000000
0.000000	41745.000000
0.000000	41745.000000
0.000000	41745.000000
0.000000	41745.000000
0.000000	41745.000000
0.000000	41745.000000
0.000000	41745.000000
0.000000	41745.000000
0.000000	41745.000000
0.000000	41745.000000
0.000000	41745.000000
0.000000	41746.000000
0.000000	41746.000000
0.000000	41746.000000
0.000000	41746.000000
0.000000	41746.000000
0.000000	41746.000000
0.000000	41746.000000
0.000000	41746.000000
0.000000	41746.000000
0.000000	41746.000000
0.000000	41746.000000
0.000000	41746.000000
0.000000	41746.000000
0.000000	41746.000000
0.000000	41746.000000
0.000000	41746.000000
0.000000	41746.000000
0.000000	41747.000000
0.000000	41747.000000
0.000000	41747.000000
0.000000	41747.000000
0.000000	41747.000000
0.000000	41747.000000
0.000000	41747.000000
0.000000	41747.000000
0.000000	41747.000000
0.000000	41747.000000
0.000000	41747.000000
0.000000	41747.000000
0.000000	41747.000000
0.000000	41747.000000
0.000000	41747.000000
0.000000	41747.000000
0.000000	41747.000000
0.000000	41748.000000
0.000000	41748.000000
0.000000	41748.000000
0.000000	41748.000000
0.000000	41748.000000
0.000000	41748.000000
0.000000	41748.000000
0.000000	41748.000000
0.000000	41748.000000
0.000000	41748.000000
0.000000	41748.000000
0.000000	41748.000000
0.000000	41748.000000
0.000000	41748.000000
0.000000	41748.000000
0.000000	41748.000000
0.000000	41748.000000
0.000000	41749.000000
0.000000	41749.000000
0.000000	41749.000000
0.000000	41749.000000
0.000000	41749.000000
0.000000	41749.000000
0.000000	41749.000000
0.000000	41749.000000
0.000000	41749.000000
0.000000	41749.000000
0.000000	41749.000000
0.000000	41749.000000
0.000000	41749.000000
0.000000	41749.000000
0.000000	41749.000000
0.000000	41749.000000
0.000000	41749.000000
0.000000	41750.000000
0.000000	41750.000000
0.000000	41750.000000
0.000000	41750.000000
0.000000	41750.000000
0.000000	41750.000000
0.000000	41750.000000
0.000000	41750.000000
0.000000	41750.000000
0.000000	41750.000000
0.000000	41750.000000
0.000000	41750.000000
0.000000	41750.000000
0.000000	41750.000000
0.000000	41750.000000
0.000000	41750.000000
0.000000	41750.000000
0.000000	41751.000000
0.000000	41751.000000
0.000000	41751.000000
0.000000	41751.000000
0.000000	41751.000000
0.000000	41751.000000
0.000000	41751.000000
0.000000	41751.000000
0.000000	41751.000000
0.000000	41751.000000
0.000000	41751.000000
0.000000	41751.000000
0.000000	41751.000000
0.000000	41751.000000
0.000000	41751.000000
0.000000	41751.000000
0.000000	41751.000000
0.000000	41752.000000
0.000000	41752.000000
0.000000	41752.000000
0.000000	41752.000000
0.000000	41752.000000
0.000000	41752.000000
0.000000	41752.000000
0.000000	41752.000000
0.000000	41752.000000
0.000000	41752.000000
0.000000	41752.000000
0.000000	41752.000000
0.000000	41752.000000
0.000000	41752.000000
0.000000	41752.000000
0.000000	41752.000000
0.000000	41752.000000
0.000000	41753.000000
0.000000	41753.000000
0.000000	41753.000000
0.000000	41753.000000
0.000000	41753.000000
0.000000	41753.000000
0.000000	41753.000000
0.000000	41753.000000
0.000000	41753.000000
0.000000	41753.000000
0.000000	41753.000000
0.000000	41753.000000
0.000000	41753.000000
0.000000	41753.000000
0.000000	41753.000000
0.000000	41753.000000
0.000000	41753.000000
0.000000	41753.000000
0.000000	41754.000000
0.000000	41754.000000
0.000000	41754.000000
0.000000	41754.000000
0.000000	41754.000000
0.000000	41754.000000
0.000000	41754.000000
0.000000	41754.000000
0.000000	41754.000000
0.000000	41754.000000
0.000000	41754.000000
0.000000	41754.000000
0.000000	41754.000000
0.000000	41754.000000
0.000000	41754.000000
0.000000	41754.000000
0.000000	41754.000000
0.000000	41755.000000
0.000000	41755.000000
0.000000	41755.000000
0.000000	41755.000000
0.000000	41755.000000
0.000000	41755.000000
0.000000	41755.000000
0.000000	41755.000000
0.000000	41755.000000
0.000000	41755.000000
0.000000	41755.000000
0.000000	41755.000000
0.000000	41755.000000
0.000000	41755.000000
0.000000	41755.000000
0.000000	41755.000000
0.000000	41755.000000
0.000000	41756.000000
0.000000	41756.000000
0.000000	41756.000000
0.000000	41756.000000
0.000000	41756.000000
0.000000	41756.000000
0.000000	41756.000000
0.000000	41756.000000
0.000000	41756.000000
0.000000	41756.000000
0.000000	41756.000000
0.000000	41756.000000
0.000000	41756.000000
0.000000	41756.000000
0.000000	41756.000000
0.000000	41756.000000
0.000000	41756.000000
0.000000	41757.000000
0.000000	41757.000000
0.000000	41757.000000
0.000000	41757.000000
0.000000	41757.000000
0.000000	41757.000000
0.000000	41757.000000
0.000000	41757.000000
0.000000	41757.000000
0.000000	41757.000000
0.000000	41757.000000
0.000000	41757.000000
0.000000	41757.000000
0.000000	41757.000000
0.000000	41757.000000
0.000000	41757.000000
0.000000	41757.000000
0.000000	41758.000000
0.000000	41758.000000
0.000000	41758.000000
0.000000	41758.000000
0.000000	41758.000000
0.000000	41758.000000
0.000000	41758.000000
0.000000	41758.000000
0.000000	41758.000000
0.000000	41758.000000
0.000000	41758.000000
0.000000	41758.000000
0.000000	41758.000000
0.000000	41758.000000
0.000000	41758.000000
0.000000	41758.000000
0.000000	41758.000000
0.000000	41759.000000
0.000000	41759.000000
0.000000	41759.000000
0.000000	41759.000000
0.000000	41759.000000
0.000000	41759.000000
0.000000	41759.000000
0.000000	41759.000000
0.000000	41759.000000
0.000000	41759.000000
0.000000	41759.000000
0.000000	41759.000000
0.000000	41759.000000
0.000000	41759.000000
0.000000	41759.000000
0.000000	41759.000000
0.000000	41759.000000
0.000000	41800.000000
0.000000	41800.000000
0.000000	41800.000000
0.000000	41800.000000
0.000000	41800.000000
0.000000	41800.000000
0.000000	41800.000000
0.000000	41800.000000
0.000000	41800.000000
0.000000	41800.000000
0.000000	41800.000000
0.000000	41800.000000
0.000000	41800.000000
0.000000	41800.000000
0.000000	41800.000000
0.000000	41800.000000
0.000000	41800.000000
0.000000	41801.000000
0.000000	41801.000000
0.000000	41801.000000
0.000000	41801.000000
0.000000	41801.000000
0.000000	41801.000000
0.000000	41801.000000
0.000000	41801.000000
0.000000	41801.000000
0.000000	41801.000000
0.000000	41801.000000
0.000000	41801.000000
0.000000	41801.000000
0.000000	41801.000000
0.000000	41801.000000
0.000000	41801.000000
0.000000	41801.000000
0.000000	41802.000000
0.000000	41802.000000
0.000000	41802.000000
0.000000	41802.000000
0.000000	41802.000000
0.000000	41802.000000
0.000000	41802.000000
0.000000	41802.000000
0.000000	41802.000000
0.000000	41802.000000
0.000000	41802.000000
0.000000	41802.000000
0.000000	41802.000000
0.000000	41802.000000
0.000000	41802.000000
0.000000	41802.000000
0.000000	41802.000000
0.000000	41803.000000
0.000000	41803.000000
0.000000	41803.000000
0.000000	41803.000000
0.000000	41803.000000
0.000000	41803.000000
0.000000	41803.000000
0.000000	41803.000000
0.000000	41803.000000
0.000000	41803.000000
0.000000	41803.000000
0.000000	41803.000000
0.000000	41803.000000
0.000000	41803.000000
0.000000	41803.000000
0.000000	41803.000000
0.000000	41803.000000
0.000000	41804.000000
0.000000	41804.000000
0.000000	41804.000000
0.000000	41804.000000
0.000000	41804.000000
0.000000	41804.000000
0.000000	41804.000000
0.000000	41804.000000
0.000000	41804.000000
0.000000	41804.000000
0.000000	41804.000000
0.000000	41804.000000
0.000000	41804.000000
0.000000	41804.000000
0.000000	41804.000000
0.000000	41804.000000
0.000000	41804.000000
0.000000	41805.000000
0.000000	41805.000000
0.000000	41805.000000
0.000000	41805.000000
0.000000	41805.000000
0.000000	41805.000000
0.000000	41805.000000
0.000000	41805.000000
0.000000	41805.000000
0.000000	41805.000000
0.000000	41805.000000
0.000000	41805.000000
0.000000	41805.000000
0.000000	41805.000000
0.000000	41805.000000
0.000000	41805.000000
0.000000	41805.000000
0.000000	41806.000000
0.000000	41806.000000
0.000000	41806.000000
0.000000	41806.000000
0.000000	41806.000000
0.000000	41806.000000
0.000000	41806.000000
0.000000	41806.000000
0.000000	41806.000000
0.000000	41806.000000
0.000000	41806.000000
0.000000	41806.000000
0.000000	41806.000000
0.000000	41806.000000
0.000000	41806.000000
0.000000	41806.000000
0.000000	41806.000000
0.000000	41807.000000
0.000000	41807.000000
0.000000	41807.000000
0.000000	41807.000000
0.000000	41807.000000
0.000000	41807.000000
0.000000	41807.000000
0.000000	41807.000000
0.000000	41807.000000
0.000000	41807.000000
0.000000	41807.000000
0.000000	41807.000000
0.000000	41807.000000
0.000000	41807.000000
0.000000	41807.000000
0.000000	41807.000000
0.000000	41807.000000
0.000000	41808.000000
0.000000	41808.000000
0.000000	41808.000000
0.000000	41808.000000
0.000000	41808.000000
0.000000	41808.000000
0.000000	41808.000000
0.000000	41808.000000
0.000000	41808.000000
0.000000	41808.000000
0.000000	41808.000000
0.000000	41808.000000
0.000000	41808.000000
0.000000	41808.000000
0.000000	41808.000000
0.000000	41808.000000
0.000000	41808.000000
0.000000	41808.000000
0.000000	41809.000000
0.000000	41809.000000
0.000000	41809.000000
0.000000	41809.000000
0.000000	41809.000000
0.000000	41809.000000
0.000000	41809.000000
0.000000	41809.000000
0.000000	41809.000000
0.000000	41809.000000
0.000000	41809.000000
0.000000	41809.000000
0.000000	41809.000000
0.000000	41809.000000
0.000000	41809.000000
0.000000	41809.000000
0.000000	41809.000000
0.000000	41810.000000
0.000000	41810.000000
0.000000	41810.000000
0.000000	41810.000000
0.000000	41810.000000
0.000000	41810.000000
0.000000	41810.000000
0.000000	41810.000000
0.000000	41810.000000
0.000000	41810.000000
0.000000	41810.000000
0.000000	41810.000000
0.000000	41810.000000
0.000000	41810.000000
0.000000	41810.000000
0.000000	41810.000000
0.000000	41810.000000
0.000000	41811.000000
0.000000	41811.000000
0.000000	41811.000000
0.000000	41811.000000
0.000000	41811.000000
0.000000	41811.000000
0.000000	41811.000000
0.000000	41811.000000
0.000000	41811.000000
0.000000	41811.000000
0.000000	41811.000000
0.000000	41811.000000
0.000000	41811.000000
0.000000	41811.000000
0.000000	41811.000000
0.000000	41811.000000
0.000000	41811.000000
0.000000	41812.000000
0.000000	41812.000000
0.000000	41812.000000
0.000000	41812.000000
0.000000	41812.000000
0.000000	41812.000000
0.000000	41812.000000
0.000000	41812.000000
0.000000	41812.000000
0.000000	41812.000000
0.000000	41812.000000
0.000000	41812.000000
0.000000	41812.000000
0.000000	41812.000000
0.000000	41812.000000
0.000000	41812.000000
0.000000	41812.000000
0.000000	41813.000000
0.000000	41813.000000
0.000000	41813.000000
0.000000	41813.000000
0.000000	41813.000000
0.000000	41813.000000
0.000000	41813.000000
0.000000	41813.000000
0.000000	41813.000000
0.000000	41813.000000
0.000000	41813.000000
0.000000	41813.000000
0.000000	41813.000000
0.000000	41813.000000
0.000000	41813.000000
0.000000	41813.000000
0.000000	41813.000000
0.000000	41814.000000
0.000000	41814.000000
0.000000	41814.000000
0.000000	41814.000000
0.000000	41814.000000
0.000000	41814.000000
0.000000	41814.000000
0.000000	41814.000000
0.000000	41814.000000
0.000000	41814.000000
0.000000	41814.000000
0.000000	41814.000000
0.000000	41814.000000
0.000000	41814.000000
0.000000	41814.000000
0.000000	41814.000000
0.000000	41814.000000
0.000000	41815.000000
0.000000	41815.000000
0.000000	41815.000000
0.000000	41815.000000
0.000000	41815.000000
0.000000	41815.000000
0.000000	41815.000000
0.000000	41815.000000
0.000000	41815.000000
0.000000	41815.000000
0.000000	41815.000000
0.000000	41815.000000
0.000000	41815.000000
0.000000	41815.000000
0.000000	41815.000000
0.000000	41815.000000
0.000000	41815.000000
0.000000	41816.000000
0.000000	41816.000000
0.000000	41816.000000
0.000000	41816.000000
0.000000	41816.000000
0.000000	41816.000000
0.000000	41816.000000
0.000000	41816.000000
0.000000	41816.000000
0.000000	41816.000000
0.000000	41816.000000
0.000000	41816.000000
0.000000	41816.000000
0.000000	41816.000000
0.000000	41816.000000
0.000000	41816.000000
0.000000	41816.000000
0.000000	41817.000000
0.000000	41817.000000
0.000000	41817.000000
0.000000	41817.000000
0.000000	41817.000000
0.000000	41817.000000
0.000000	41817.000000
0.000000	41817.000000
0.000000	41817.000000
0.000000	41817.000000
0.000000	41817.000000
0.000000	41817.000000
0.000000	41817.000000
0.000000	41817.000000
0.000000	41817.000000
0.000000	41817.000000
0.000000	41817.000000
0.000000	41818.000000
0.000000	41818.000000
0.000000	41818.000000
0.000000	41818.000000
0.000000	41818.000000
0.000000	41818.000000
0.000000	41818.000000
0.000000	41818.000000
0.000000	41818.000000
0.000000	41818.000000
0.000000	41818.000000
0.000000	41818.000000
0.000000	41818.000000
0.000000	41818.000000
0.000000	41818.000000
0.000000	41818.000000
0.000000	41818.000000
0.000000	41819.000000
0.000000	41819.000000
0.000000	41819.000000
0.000000	41819.000000
0.000000	41819.000000
0.000000	41819.000000
0.000000	41819.000000
0.000000	41819.000000
0.000000	41819.000000
0.000000	41819.000000
0.000000	41819.000000
0.000000	41819.000000
0.000000	41819.000000
0.000000	41819.000000
0.000000	41819.000000
0.000000	41819.000000
0.000000	41819.000000
0.000000	41820.000000
0.000000	41820.000000
0.000000	41820.000000
0.000000	41820.000000
0.000000	41820.000000
0.000000	41820.000000
0.000000	41820.000000
0.000000	41820.000000
0.000000	41820.000000
0.000000	41820.000000
0.000000	41820.000000
0.000000	41820.000000
0.000000	41820.000000
0.000000	41820.000000
0.000000	41820.000000
0.000000	41820.000000
0.000000	41820.000000
0.000000	41821.000000
0.000000	41821.000000
0.000000	41821.000000
0.000000	41821.000000
0.000000	41821.000000
0.000000	41821.000000
0.000000	41821.000000
0.000000	41821.000000
0.000000	41821.000000
0.000000	41821.000000
0.000000	41821.000000
0.000000	41821.000000
0.000000	41821.000000
0.000000	41821.000000
0.000000	41821.000000
0.000000	41821.000000
0.000000	41821.000000
0.000000	41822.000000
0.000000	41822.000000
0.000000	41822.000000
0.000000	41822.000000
0.000000	41822.000000
0.000000	41822.000000
0.000000	41822.000000
0.000000	41822.000000
0.000000	41822.000000
0.000000	41822.000000
0.000000	41822.000000
0.000000	41822.000000
0.000000	41822.000000
0.000000	41822.000000
0.000000	41822.000000
0.000000	41822.000000
0.000000	41822.000000
0.000000	41823.000000
0.000000	41823.000000
0.000000	41823.000000
0.000000	41823.000000
0.000000	41823.000000
0.000000	41823.000000
0.000000	41823.000000
0.000000	41823.000000
0.000000	41823.000000
0.000000	41823.000000
0.000000	41823.000000
0.000000	41823.000000
0.000000	41823.000000
0.000000	41823.000000
0.000000	41823.000000
0.000000	41823.000000
0.000000	41823.000000
0.000000	41823.000000
0.000000	41824.000000
0.000000	41824.000000
0.000000	41824.000000
0.000000	41824.000000
0.000000	41824.000000
0.000000	41824.000000
0.000000	41824.000000
0.000000	41824.000000
0.000000	41824.000000
0.000000	41824.000000
0.000000	41824.000000
0.000000	41824.000000
0.000000	41824.000000
0.000000	41824.000000
0.000000	41824.000000
0.000000	41824.000000
0.000000	41824.000000
0.000000	41825.000000
0.000000	41825.000000
0.000000	41825.000000
0.000000	41825.000000
0.000000	41825.000000
0.000000	41825.000000
0.000000	41825.000000
0.000000	41825.000000
0.000000	41825.000000
0.000000	41825.000000
0.000000	41825.000000
0.000000	41825.000000
0.000000	41825.000000
0.000000	41825.000000
0.000000	41825.000000
0.000000	41825.000000
0.000000	41825.000000
0.000000	41826.000000
0.000000	41826.000000
0.000000	41826.000000
0.000000	41826.000000
0.000000	41826.000000
0.000000	41826.000000
0.000000	41826.000000
0.000000	41826.000000
0.000000	41826.000000
0.000000	41826.000000
0.000000	41826.000000
0.000000	41826.000000
0.000000	41826.000000
0.000000	41826.000000
0.000000	41826.000000
0.000000	41826.000000
0.000000	41826.000000
0.000000	41827.000000
0.000000	41827.000000
0.000000	41827.000000
0.000000	41827.000000
0.000000	41827.000000
0.000000	41827.000000
0.000000	41827.000000
0.000000	41827.000000
0.000000	41827.000000
0.000000	41827.000000
0.000000	41827.000000
0.000000	41827.000000
0.000000	41827.000000
0.000000	41827.000000
0.000000	41827.000000
0.000000	41827.000000
0.000000	41827.000000
0.000000	41828.000000
0.000000	41828.000000
0.000000	41828.000000
0.000000	41828.000000
0.000000	41828.000000
0.000000	41828.000000
0.000000	41828.000000
0.000000	41828.000000
0.000000	41828.000000
0.000000	41828.000000
0.000000	41828.000000
0.000000	41828.000000
0.000000	41828.000000
0.000000	41828.000000
0.000000	41828.000000
0.000000	41828.000000
0.000000	41828.000000
0.000000	41829.000000
0.000000	41829.000000
0.000000	41829.000000
0.000000	41829.000000
0.000000	41829.000000
0.000000	41829.000000
0.000000	41829.000000
0.000000	41829.000000
0.000000	41829.000000
0.000000	41829.000000
0.000000	41829.000000
0.000000	41829.000000
0.000000	41829.000000
0.000000	41829.000000
0.000000	41829.000000
0.000000	41829.000000
0.000000	41829.000000
0.000000	41830.000000
0.000000	41830.000000
0.000000	41830.000000
0.000000	41830.000000
0.000000	41830.000000
0.000000	41830.000000
0.000000	41830.000000
0.000000	41830.000000
0.000000	41830.000000
0.000000	41830.000000
0.000000	41830.000000
0.000000	41830.000000
0.000000	41830.000000
0.000000	41830.000000
0.000000	41830.000000
0.000000	41830.000000
0.000000	41830.000000
0.000000	41831.000000
0.000000	41831.000000
0.000000	41831.000000
0.000000	41831.000000
0.000000	41831.000000
0.000000	41831.000000
0.000000	41831.000000
0.000000	41831.000000
0.000000	41831.000000
0.000000	41831.000000
0.000000	41831.000000
0.000000	41831.000000
0.000000	41831.000000
0.000000	41831.000000
0.000000	41831.000000
0.000000	41831.000000
0.000000	41831.000000
0.000000	41832.000000
0.000000	41832.000000
0.000000	41832.000000
0.000000	41832.000000
0.000000	41832.000000
0.000000	41832.000000
0.000000	41832.000000
0.000000	41832.000000
0.000000	41832.000000
0.000000	41832.000000
0.000000	41832.000000
0.000000	41832.000000
0.000000	41832.000000
0.000000	41832.000000
0.000000	41832.000000
0.000000	41832.000000
0.000000	41832.000000
0.000000	41833.000000
0.000000	41833.000000
0.000000	41833.000000
0.000000	41833.000000
0.000000	41833.000000
0.000000	41833.000000
0.000000	41833.000000
0.000000	41833.000000
0.000000	41833.000000
0.000000	41833.000000
0.000000	41833.000000
0.000000	41833.000000
0.000000	41833.000000
0.000000	41833.000000
0.000000	41833.000000
0.000000	41833.000000
0.000000	41833.000000
0.000000	41834.000000
0.000000	41834.000000
0.000000	41834.000000
0.000000	41834.000000
0.000000	41834.000000
0.000000	41834.000000
0.000000	41834.000000
0.000000	41834.000000
0.000000	41834.000000
0.000000	41834.000000
0.000000	41834.000000
0.000000	41834.000000
0.000000	41834.000000
0.000000	41834.000000
0.000000	41834.000000
0.000000	41834.000000
0.000000	41834.000000
0.000000	41835.000000
0.000000	41835.000000
0.000000	41835.000000
0.000000	41835.000000
0.000000	41835.000000
0.000000	41835.000000
0.000000	41835.000000
0.000000	41835.000000
0.000000	41835.000000
0.000000	41835.000000
0.000000	41835.000000
0.000000	41835.000000
0.000000	41835.000000
0.000000	41835.000000
0.000000	41835.000000
0.000000	41835.000000
0.000000	41835.000000
0.000000	41836.000000
0.000000	41836.000000
0.000000	41836.000000
0.000000	41836.000000
0.000000	41836.000000
0.000000	41836.000000
0.000000	41836.000000
0.000000	41836.000000
0.000000	41836.000000
0.000000	41836.000000
0.000000	41836.000000
0.000000	41836.000000
0.000000	41836.000000
0.000000	41836.000000
0.000000	41836.000000
0.000000	41836.000000
0.000000	41836.000000
0.000000	41837.000000
0.000000	41837.000000
0.000000	41837.000000
0.000000	41837.000000
0.000000	41837.000000
0.000000	41837.000000
0.000000	41837.000000
0.000000	41837.000000
0.000000	41837.000000
0.000000	41837.000000
0.000000	41837.000000
0.000000	41837.000000
0.000000	41837.000000
0.000000	41837.000000
0.000000	41837.000000
0.000000	41837.000000
0.000000	41837.000000
0.000000	41838.000000
0.000000	41838.000000
0.000000	41838.000000
0.000000	41838.000000
0.000000	41838.000000
0.000000	41838.000000
0.000000	41838.000000
0.000000	41838.000000
0.000000	41838.000000
0.000000	41838.000000
0.000000	41838.000000
0.000000	41838.000000
0.000000	41838.000000
0.000000	41838.000000
0.000000	41838.000000
0.000000	41838.000000
0.000000	41838.000000
0.000000	41838.000000
0.000000	41839.000000
0.000000	41839.000000
0.000000	41839.000000
0.000000	41839.000000
0.000000	41839.000000
0.000000	41839.000000
0.000000	41839.000000
0.000000	41839.000000
0.000000	41839.000000
0.000000	41839.000000
0.000000	41839.000000
0.000000	41839.000000
0.000000	41839.000000
0.000000	41839.000000
0.000000	41839.000000
0.000000	41839.000000
0.000000	41839.000000
0.000000	41840.000000
0.000000	41840.000000
0.000000	41840.000000
0.000000	41840.000000
0.000000	41840.000000
0.000000	41840.000000
0.000000	41840.000000
0.000000	41840.000000
0.000000	41840.000000
0.000000	41840.000000
0.000000	41840.000000
0.000000	41840.000000
0.000000	41840.000000
0.000000	41840.000000
0.000000	41840.000000
0.000000	41840.000000
0.000000	41840.000000
0.000000	41841.000000
0.000000	41841.000000
0.000000	41841.000000
0.000000	41841.000000
0.000000	41841.000000
0.000000	41841.000000
0.000000	41841.000000
0.000000	41841.000000
0.000000	41841.000000
0.000000	41841.000000
0.000000	41841.000000
0.000000	41841.000000
0.000000	41841.000000
0.000000	41841.000000
0.000000	41841.000000
0.000000	41841.000000
0.000000	41841.000000
0.000000	41842.000000
0.000000	41842.000000
0.000000	41842.000000
0.000000	41842.000000
0.000000	41842.000000
0.000000	41842.000000
0.000000	41842.000000
