0.000000	120936.000000
0.000000	120936.000000
0.000000	120936.000000
0.000000	120936.000000
0.000000	120936.000000
0.000000	120936.000000
0.000000	120936.000000
0.000000	120936.000000
0.000000	120936.000000
0.000000	120937.000000
0.000000	120937.000000
0.000000	120937.000000
0.000000	120937.000000
0.000000	120937.000000
0.000000	120937.000000
0.000000	120937.000000
0.000000	120937.000000
0.000000	120937.000000
0.000000	120937.000000
0.000000	120937.000000
0.000000	120937.000000
0.000000	120937.000000
0.000000	120937.000000
0.000000	120937.000000
0.000000	120937.000000
0.000000	120937.000000
0.000000	120938.000000
0.000000	120938.000000
0.000000	120938.000000
0.000000	120938.000000
0.000000	120938.000000
0.000000	120938.000000
0.000000	120938.000000
0.000000	120938.000000
0.000000	120938.000000
0.000000	120938.000000
0.000000	120938.000000
0.000000	120938.000000
0.000000	120938.000000
0.000000	120938.000000
0.000000	120938.000000
0.000000	120938.000000
0.000000	120938.000000
0.000000	120939.000000
0.000000	120939.000000
0.000000	120939.000000
0.000000	120939.000000
0.000000	120939.000000
0.000000	120939.000000
0.000000	120939.000000
0.000000	120939.000000
0.000000	120939.000000
0.000000	120939.000000
0.000000	120939.000000
0.000000	120939.000000
0.000000	120939.000000
0.000000	120939.000000
0.000000	120939.000000
0.000000	120939.000000
0.000000	120939.000000
0.000000	120940.000000
0.000000	120940.000000
0.000000	120940.000000
0.000000	120940.000000
0.000000	120940.000000
0.000000	120940.000000
0.000000	120940.000000
0.000000	120940.000000
0.000000	120940.000000
0.000000	120940.000000
0.000000	120940.000000
0.000000	120940.000000
0.000000	120940.000000
0.000000	120940.000000
0.000000	120940.000000
0.000000	120940.000000
0.000000	120940.000000
0.000000	120941.000000
0.000000	120941.000000
0.000000	120941.000000
0.000000	120941.000000
0.000000	120941.000000
0.000000	120941.000000
0.000000	120941.000000
0.000000	120941.000000
0.000000	120941.000000
0.000000	120941.000000
0.000000	120941.000000
0.000000	120941.000000
0.000000	120941.000000
0.000000	120941.000000
0.000000	120941.000000
0.000000	120941.000000
0.000000	120941.000000
0.000000	120941.000000
0.000000	120942.000000
0.000000	120942.000000
0.000000	120942.000000
0.000000	120942.000000
0.000000	120942.000000
0.000000	120942.000000
0.000000	120942.000000
0.000000	120942.000000
0.000000	120942.000000
0.000000	120942.000000
0.000000	120942.000000
0.000000	120942.000000
0.000000	120942.000000
0.000000	120942.000000
0.000000	120942.000000
0.000000	120942.000000
0.000000	120942.000000
0.000000	120943.000000
0.000000	120943.000000
0.000000	120943.000000
0.000000	120943.000000
0.000000	120943.000000
0.000000	120943.000000
0.000000	120943.000000
0.000000	120943.000000
0.000000	120943.000000
0.000000	120943.000000
0.000000	120943.000000
0.000000	120943.000000
0.000000	120943.000000
0.000000	120943.000000
0.000000	120943.000000
0.000000	120943.000000
0.000000	120943.000000
0.000000	120944.000000
0.000000	120944.000000
0.000000	120944.000000
0.000000	120944.000000
0.000000	120944.000000
0.000000	120944.000000
0.000000	120944.000000
0.000000	120944.000000
0.000000	120944.000000
0.000000	120944.000000
0.000000	120944.000000
0.000000	120944.000000
0.000000	120944.000000
0.000000	120944.000000
0.000000	120944.000000
0.000000	120944.000000
0.000000	120944.000000
0.000000	120945.000000
0.000000	120945.000000
0.000000	120945.000000
0.000000	120945.000000
0.000000	120945.000000
0.000000	120945.000000
0.000000	120945.000000
0.000000	120945.000000
0.000000	120945.000000
0.000000	120945.000000
0.000000	120945.000000
0.000000	120945.000000
0.000000	120945.000000
0.000000	120945.000000
0.000000	120945.000000
0.000000	120945.000000
0.000000	120945.000000
0.000000	120946.000000
0.000000	120946.000000
0.000000	120946.000000
0.000000	120946.000000
0.000000	120946.000000
0.000000	120946.000000
0.000000	120946.000000
0.000000	120946.000000
0.000000	120946.000000
0.000000	120946.000000
0.000000	120946.000000
0.000000	120946.000000
0.000000	120946.000000
0.000000	120946.000000
0.000000	120946.000000
0.000000	120946.000000
0.000000	120946.000000
0.000000	120947.000000
0.000000	120947.000000
0.000000	120947.000000
0.000000	120947.000000
0.000000	120947.000000
0.000000	120947.000000
0.000000	120947.000000
0.000000	120947.000000
0.000000	120947.000000
0.000000	120947.000000
0.000000	120947.000000
0.000000	120947.000000
0.000000	120947.000000
0.000000	120947.000000
0.000000	120947.000000
0.000000	120947.000000
0.000000	120947.000000
0.000000	120948.000000
0.000000	120948.000000
0.000000	120948.000000
0.000000	120948.000000
0.000000	120948.000000
0.000000	120948.000000
0.000000	120948.000000
0.000000	120948.000000
0.000000	120948.000000
0.000000	120948.000000
0.000000	120948.000000
0.000000	120948.000000
0.000000	120948.000000
0.000000	120948.000000
0.000000	120948.000000
0.000000	120948.000000
0.000000	120948.000000
0.000000	120949.000000
0.000000	120949.000000
0.000000	120949.000000
0.000000	120949.000000
0.000000	120949.000000
0.000000	120949.000000
0.000000	120949.000000
0.000000	120949.000000
0.000000	120949.000000
0.000000	120949.000000
0.000000	120949.000000
0.000000	120949.000000
0.000000	120949.000000
0.000000	120949.000000
0.000000	120949.000000
0.000000	120949.000000
0.000000	120949.000000
0.000000	120950.000000
0.000000	120950.000000
0.000000	120950.000000
0.000000	120950.000000
0.000000	120950.000000
0.000000	120950.000000
0.000000	120950.000000
0.000000	120950.000000
0.000000	120950.000000
0.000000	120950.000000
0.000000	120950.000000
0.000000	120950.000000
0.000000	120950.000000
0.000000	120950.000000
0.000000	120950.000000
0.000000	120950.000000
0.000000	120950.000000
0.000000	120951.000000
0.000000	120951.000000
0.000000	120951.000000
0.000000	120951.000000
0.000000	120951.000000
0.000000	120951.000000
0.000000	120951.000000
0.000000	120951.000000
0.000000	120951.000000
0.000000	120951.000000
0.000000	120951.000000
0.000000	120951.000000
0.000000	120951.000000
0.000000	120951.000000
0.000000	120951.000000
0.000000	120951.000000
0.000000	120951.000000
0.000000	120952.000000
0.000000	120952.000000
0.000000	120952.000000
0.000000	120952.000000
0.000000	120952.000000
0.000000	120952.000000
0.000000	120952.000000
0.000000	120952.000000
0.000000	120952.000000
0.000000	120952.000000
0.000000	120952.000000
0.000000	120952.000000
0.000000	120952.000000
0.000000	120952.000000
0.000000	120952.000000
0.000000	120952.000000
0.000000	120952.000000
0.000000	120953.000000
0.000000	120953.000000
0.000000	120953.000000
0.000000	120953.000000
0.000000	120953.000000
0.000000	120953.000000
0.000000	120953.000000
0.000000	120953.000000
0.000000	120953.000000
0.000000	120953.000000
0.000000	120953.000000
0.000000	120953.000000
0.000000	120953.000000
0.000000	120953.000000
0.000000	120953.000000
0.000000	120953.000000
0.000000	120953.000000
0.000000	120954.000000
0.000000	120954.000000
0.000000	120954.000000
0.000000	120954.000000
0.000000	120954.000000
0.000000	120954.000000
0.000000	120954.000000
0.000000	120954.000000
0.000000	120954.000000
0.000000	120954.000000
0.000000	120954.000000
0.000000	120954.000000
0.000000	120954.000000
0.000000	120954.000000
0.000000	120954.000000
0.000000	120954.000000
0.000000	120954.000000
0.000000	120955.000000
0.000000	120955.000000
0.000000	120955.000000
0.000000	120955.000000
0.000000	120955.000000
0.000000	120955.000000
0.000000	120955.000000
0.000000	120955.000000
0.000000	120955.000000
0.000000	120955.000000
0.000000	120955.000000
0.000000	120955.000000
0.000000	120955.000000
0.000000	120955.000000
0.000000	120955.000000
0.000000	120955.000000
0.000000	120955.000000
0.000000	120956.000000
0.000000	120956.000000
0.000000	120956.000000
0.000000	120956.000000
0.000000	120956.000000
0.000000	120956.000000
0.000000	120956.000000
0.000000	120956.000000
0.000000	120956.000000
0.000000	120956.000000
0.000000	120956.000000
0.000000	120956.000000
0.000000	120956.000000
0.000000	120956.000000
0.000000	120956.000000
0.000000	120956.000000
0.000000	120956.000000
0.000000	120957.000000
0.000000	120957.000000
0.000000	120957.000000
0.000000	120957.000000
0.000000	120957.000000
0.000000	120957.000000
0.000000	120957.000000
0.000000	120957.000000
0.000000	120957.000000
0.000000	120957.000000
0.000000	120957.000000
0.000000	120957.000000
0.000000	120957.000000
0.000000	120957.000000
0.000000	120957.000000
0.000000	120957.000000
0.000000	120957.000000
0.000000	120957.000000
0.000000	120958.000000
0.000000	120958.000000
0.000000	120958.000000
0.000000	120958.000000
0.000000	120958.000000
0.000000	120958.000000
0.000000	120958.000000
0.000000	120958.000000
0.000000	120958.000000
0.000000	120958.000000
0.000000	120958.000000
0.000000	120958.000000
0.000000	120958.000000
0.000000	120958.000000
0.000000	120958.000000
0.000000	120958.000000
0.000000	120958.000000
0.000000	120959.000000
0.000000	120959.000000
0.000000	120959.000000
0.000000	120959.000000
0.000000	120959.000000
0.000000	120959.000000
0.000000	120959.000000
0.000000	120959.000000
0.000000	120959.000000
0.000000	120959.000000
0.000000	120959.000000
0.000000	120959.000000
0.000000	120959.000000
0.000000	120959.000000
0.000000	120959.000000
0.000000	120959.000000
0.000000	120959.000000
0.000000	121000.000000
0.000000	121000.000000
0.000000	121000.000000
0.000000	121000.000000
0.000000	121000.000000
0.000000	121000.000000
0.000000	121000.000000
0.000000	121000.000000
0.000000	121000.000000
0.000000	121000.000000
0.000000	121000.000000
0.000000	121000.000000
0.000000	121000.000000
0.000000	121000.000000
0.000000	121000.000000
0.000000	121000.000000
0.000000	121001.000000
0.000000	121001.000000
0.000000	121001.000000
0.000000	121001.000000
0.000000	121001.000000
0.000000	121001.000000
0.000000	121001.000000
0.000000	121001.000000
0.000000	121001.000000
0.000000	121001.000000
0.000000	121001.000000
0.000000	121001.000000
0.000000	121001.000000
0.000000	121001.000000
0.000000	121001.000000
0.000000	121001.000000
0.000000	121001.000000
0.000000	121002.000000
0.000000	121002.000000
0.000000	121002.000000
0.000000	121002.000000
0.000000	121002.000000
0.000000	121002.000000
0.000000	121002.000000
0.000000	121002.000000
0.000000	121002.000000
0.000000	121002.000000
0.000000	121002.000000
0.000000	121002.000000
0.000000	121002.000000
0.000000	121002.000000
0.000000	121002.000000
0.000000	121002.000000
0.000000	121002.000000
0.000000	121002.000000
0.000000	121003.000000
0.000000	121003.000000
0.000000	121003.000000
0.000000	121003.000000
0.000000	121003.000000
0.000000	121003.000000
0.000000	121003.000000
0.000000	121003.000000
0.000000	121003.000000
0.000000	121003.000000
0.000000	121003.000000
0.000000	121003.000000
0.000000	121003.000000
0.000000	121003.000000
0.000000	121003.000000
0.000000	121003.000000
0.000000	121003.000000
0.000000	121004.000000
0.000000	121004.000000
0.000000	121004.000000
0.000000	121004.000000
0.000000	121004.000000
0.000000	121004.000000
0.000000	121004.000000
0.000000	121004.000000
0.000000	121004.000000
0.000000	121004.000000
0.000000	121004.000000
0.000000	121004.000000
0.000000	121004.000000
0.000000	121004.000000
0.000000	121004.000000
0.000000	121004.000000
0.000000	121004.000000
0.000000	121005.000000
0.000000	121005.000000
0.000000	121005.000000
0.000000	121005.000000
0.000000	121005.000000
0.000000	121005.000000
0.000000	121005.000000
0.000000	121005.000000
0.000000	121005.000000
0.000000	121005.000000
0.000000	121005.000000
0.000000	121005.000000
0.000000	121005.000000
0.000000	121005.000000
0.000000	121005.000000
0.000000	121005.000000
0.000000	121005.000000
0.000000	121006.000000
0.000000	121006.000000
0.000000	121006.000000
0.000000	121006.000000
0.000000	121006.000000
0.000000	121006.000000
0.000000	121006.000000
0.000000	121006.000000
0.000000	121006.000000
0.000000	121006.000000
0.000000	121006.000000
0.000000	121006.000000
0.000000	121006.000000
0.000000	121006.000000
0.000000	121006.000000
0.000000	121006.000000
0.000000	121006.000000
0.000000	121007.000000
0.000000	121007.000000
0.000000	121007.000000
0.000000	121007.000000
0.000000	121007.000000
0.000000	121007.000000
0.000000	121007.000000
0.000000	121007.000000
0.000000	121007.000000
0.000000	121007.000000
0.000000	121007.000000
0.000000	121007.000000
0.000000	121007.000000
0.000000	121007.000000
0.000000	121007.000000
0.000000	121007.000000
0.000000	121007.000000
0.000000	121008.000000
0.000000	121008.000000
0.000000	121008.000000
0.000000	121008.000000
0.000000	121008.000000
0.000000	121008.000000
0.000000	121008.000000
0.000000	121008.000000
0.000000	121008.000000
0.000000	121008.000000
0.000000	121008.000000
0.000000	121008.000000
0.000000	121008.000000
0.000000	121008.000000
0.000000	121008.000000
0.000000	121008.000000
0.000000	121008.000000
0.000000	121009.000000
0.000000	121009.000000
0.000000	121009.000000
0.000000	121009.000000
0.000000	121009.000000
0.000000	121009.000000
0.000000	121009.000000
0.000000	121009.000000
0.000000	121009.000000
0.000000	121009.000000
0.000000	121009.000000
0.000000	121009.000000
0.000000	121009.000000
0.000000	121009.000000
0.000000	121009.000000
0.000000	121009.000000
0.000000	121009.000000
0.000000	121010.000000
0.000000	121010.000000
0.000000	121010.000000
0.000000	121010.000000
0.000000	121010.000000
0.000000	121010.000000
0.000000	121010.000000
0.000000	121010.000000
0.000000	121010.000000
0.000000	121010.000000
0.000000	121010.000000
0.000000	121010.000000
0.000000	121010.000000
0.000000	121010.000000
0.000000	121010.000000
0.000000	121010.000000
0.000000	121010.000000
0.000000	121011.000000
0.000000	121011.000000
0.000000	121011.000000
0.000000	121011.000000
0.000000	121011.000000
0.000000	121011.000000
0.000000	121011.000000
0.000000	121011.000000
0.000000	121011.000000
0.000000	121011.000000
0.000000	121011.000000
0.000000	121011.000000
0.000000	121011.000000
0.000000	121011.000000
0.000000	121011.000000
0.000000	121011.000000
0.000000	121011.000000
0.000000	121012.000000
0.000000	121012.000000
0.000000	121012.000000
0.000000	121012.000000
0.000000	121012.000000
0.000000	121012.000000
0.000000	121012.000000
0.000000	121012.000000
0.000000	121012.000000
0.000000	121012.000000
0.000000	121012.000000
0.000000	121012.000000
0.000000	121012.000000
0.000000	121012.000000
0.000000	121012.000000
0.000000	121012.000000
0.000000	121012.000000
0.000000	121012.000000
0.000000	121013.000000
0.000000	121013.000000
0.000000	121013.000000
0.000000	121013.000000
0.000000	121013.000000
0.000000	121013.000000
0.000000	121013.000000
0.000000	121013.000000
0.000000	121013.000000
0.000000	121013.000000
0.000000	121013.000000
0.000000	121013.000000
0.000000	121013.000000
0.000000	121013.000000
0.000000	121013.000000
0.000000	121013.000000
0.000000	121013.000000
0.000000	121014.000000
0.000000	121014.000000
0.000000	121014.000000
0.000000	121014.000000
0.000000	121014.000000
0.000000	121014.000000
0.000000	121014.000000
0.000000	121014.000000
0.000000	121014.000000
0.000000	121014.000000
0.000000	121014.000000
0.000000	121014.000000
0.000000	121014.000000
0.000000	121014.000000
0.000000	121014.000000
0.000000	121014.000000
0.000000	121014.000000
0.000000	121015.000000
0.000000	121015.000000
0.000000	121015.000000
0.000000	121015.000000
0.000000	121015.000000
0.000000	121015.000000
0.000000	121015.000000
0.000000	121015.000000
0.000000	121015.000000
0.000000	121015.000000
0.000000	121015.000000
0.000000	121015.000000
0.000000	121015.000000
0.000000	121015.000000
0.000000	121015.000000
0.000000	121015.000000
0.000000	121015.000000
0.000000	121016.000000
0.000000	121016.000000
0.000000	121016.000000
0.000000	121016.000000
0.000000	121016.000000
0.000000	121016.000000
0.000000	121016.000000
0.000000	121016.000000
0.000000	121016.000000
0.000000	121016.000000
0.000000	121016.000000
0.000000	121016.000000
0.000000	121016.000000
0.000000	121016.000000
0.000000	121016.000000
0.000000	121016.000000
0.000000	121016.000000
0.000000	121017.000000
0.000000	121017.000000
0.000000	121017.000000
0.000000	121017.000000
0.000000	121017.000000
0.000000	121017.000000
0.000000	121017.000000
0.000000	121017.000000
0.000000	121017.000000
0.000000	121017.000000
0.000000	121017.000000
0.000000	121017.000000
0.000000	121017.000000
0.000000	121017.000000
0.000000	121017.000000
0.000000	121017.000000
0.000000	121017.000000
0.000000	121018.000000
0.000000	121018.000000
0.000000	121018.000000
0.000000	121018.000000
0.000000	121018.000000
0.000000	121018.000000
0.000000	121018.000000
0.000000	121018.000000
0.000000	121018.000000
0.000000	121018.000000
0.000000	121018.000000
0.000000	121018.000000
0.000000	121018.000000
0.000000	121018.000000
0.000000	121018.000000
0.000000	121018.000000
0.000000	121018.000000
0.000000	121019.000000
0.000000	121019.000000
0.000000	121019.000000
0.000000	121019.000000
0.000000	121019.000000
0.000000	121019.000000
0.000000	121019.000000
0.000000	121019.000000
0.000000	121019.000000
0.000000	121019.000000
0.000000	121019.000000
0.000000	121019.000000
0.000000	121019.000000
0.000000	121019.000000
0.000000	121019.000000
0.000000	121019.000000
0.000000	121019.000000
0.000000	121020.000000
0.000000	121020.000000
0.000000	121020.000000
0.000000	121020.000000
0.000000	121020.000000
0.000000	121020.000000
0.000000	121020.000000
0.000000	121020.000000
0.000000	121020.000000
0.000000	121020.000000
0.000000	121020.000000
0.000000	121020.000000
0.000000	121020.000000
0.000000	121020.000000
0.000000	121020.000000
0.000000	121020.000000
0.000000	121020.000000
0.000000	121021.000000
0.000000	121021.000000
0.000000	121021.000000
0.000000	121021.000000
0.000000	121021.000000
0.000000	121021.000000
0.000000	121021.000000
0.000000	121021.000000
0.000000	121021.000000
0.000000	121021.000000
0.000000	121021.000000
0.000000	121021.000000
0.000000	121021.000000
0.000000	121021.000000
0.000000	121021.000000
0.000000	121021.000000
0.000000	121021.000000
0.000000	121022.000000
0.000000	121022.000000
0.000000	121022.000000
0.000000	121022.000000
0.000000	121022.000000
0.000000	121022.000000
0.000000	121022.000000
0.000000	121022.000000
0.000000	121022.000000
0.000000	121022.000000
0.000000	121022.000000
0.000000	121022.000000
0.000000	121022.000000
0.000000	121022.000000
0.000000	121022.000000
0.000000	121022.000000
0.000000	121022.000000
0.000000	121023.000000
0.000000	121023.000000
0.000000	121023.000000
0.000000	121023.000000
0.000000	121023.000000
0.000000	121023.000000
0.000000	121023.000000
0.000000	121023.000000
0.000000	121023.000000
0.000000	121023.000000
0.000000	121023.000000
0.000000	121023.000000
0.000000	121023.000000
0.000000	121023.000000
0.000000	121023.000000
0.000000	121023.000000
0.000000	121023.000000
0.000000	121024.000000
0.000000	121024.000000
0.000000	121024.000000
0.000000	121024.000000
0.000000	121024.000000
0.000000	121024.000000
0.000000	121024.000000
0.000000	121024.000000
0.000000	121024.000000
0.000000	121024.000000
0.000000	121024.000000
0.000000	121024.000000
0.000000	121024.000000
0.000000	121024.000000
0.000000	121024.000000
0.000000	121024.000000
0.000000	121024.000000
0.000000	121025.000000
0.000000	121025.000000
0.000000	121025.000000
0.000000	121025.000000
0.000000	121025.000000
0.000000	121025.000000
0.000000	121025.000000
0.000000	121025.000000
0.000000	121025.000000
0.000000	121025.000000
0.000000	121025.000000
0.000000	121025.000000
0.000000	121025.000000
0.000000	121025.000000
0.000000	121025.000000
0.000000	121025.000000
0.000000	121025.000000
0.000000	121026.000000
0.000000	121026.000000
0.000000	121026.000000
0.000000	121026.000000
0.000000	121026.000000
0.000000	121026.000000
0.000000	121026.000000
0.000000	121026.000000
0.000000	121026.000000
0.000000	121026.000000
0.000000	121026.000000
0.000000	121026.000000
0.000000	121026.000000
0.000000	121026.000000
0.000000	121026.000000
0.000000	121026.000000
0.000000	121026.000000
0.000000	121027.000000
0.000000	121027.000000
0.000000	121027.000000
0.000000	121027.000000
0.000000	121027.000000
0.000000	121027.000000
0.000000	121027.000000
0.000000	121027.000000
0.000000	121027.000000
0.000000	121027.000000
0.000000	121027.000000
0.000000	121027.000000
0.000000	121027.000000
0.000000	121027.000000
0.000000	121027.000000
0.000000	121027.000000
0.000000	121027.000000
0.000000	121027.000000
0.000000	121028.000000
0.000000	121028.000000
0.000000	121028.000000
0.000000	121028.000000
0.000000	121028.000000
0.000000	121028.000000
0.000000	121028.000000
0.000000	121028.000000
0.000000	121028.000000
0.000000	121028.000000
0.000000	121028.000000
0.000000	121028.000000
0.000000	121028.000000
0.000000	121028.000000
0.000000	121028.000000
0.000000	121028.000000
0.000000	121028.000000
0.000000	121029.000000
0.000000	121029.000000
0.000000	121029.000000
0.000000	121029.000000
0.000000	121029.000000
0.000000	121029.000000
0.000000	121029.000000
0.000000	121029.000000
0.000000	121029.000000
0.000000	121029.000000
0.000000	121029.000000
0.000000	121029.000000
0.000000	121029.000000
0.000000	121029.000000
0.000000	121029.000000
0.000000	121029.000000
0.000000	121029.000000
0.000000	121030.000000
0.000000	121030.000000
0.000000	121030.000000
0.000000	121030.000000
0.000000	121030.000000
0.000000	121030.000000
0.000000	121030.000000
0.000000	121030.000000
0.000000	121030.000000
0.000000	121030.000000
0.000000	121030.000000
0.000000	121030.000000
0.000000	121030.000000
0.000000	121030.000000
0.000000	121030.000000
0.000000	121030.000000
0.000000	121030.000000
0.000000	121031.000000
0.000000	121031.000000
0.000000	121031.000000
0.000000	121031.000000
0.000000	121031.000000
0.000000	121031.000000
0.000000	121031.000000
0.000000	121031.000000
0.000000	121031.000000
0.000000	121031.000000
0.000000	121031.000000
0.000000	121031.000000
0.000000	121031.000000
0.000000	121031.000000
0.000000	121031.000000
0.000000	121031.000000
0.000000	121031.000000
0.000000	121032.000000
0.000000	121032.000000
0.000000	121032.000000
0.000000	121032.000000
0.000000	121032.000000
0.000000	121032.000000
0.000000	121032.000000
0.000000	121032.000000
0.000000	121032.000000
0.000000	121032.000000
0.000000	121032.000000
0.000000	121032.000000
0.000000	121032.000000
0.000000	121032.000000
0.000000	121032.000000
0.000000	121032.000000
0.000000	121032.000000
0.000000	121033.000000
0.000000	121033.000000
0.000000	121033.000000
0.000000	121033.000000
0.000000	121033.000000
0.000000	121033.000000
0.000000	121033.000000
0.000000	121033.000000
0.000000	121033.000000
0.000000	121033.000000
0.000000	121033.000000
0.000000	121033.000000
0.000000	121033.000000
0.000000	121033.000000
0.000000	121033.000000
0.000000	121033.000000
0.000000	121033.000000
0.000000	121034.000000
0.000000	121034.000000
0.000000	121034.000000
0.000000	121034.000000
0.000000	121034.000000
0.000000	121034.000000
0.000000	121034.000000
0.000000	121034.000000
0.000000	121034.000000
0.000000	121034.000000
0.000000	121034.000000
0.000000	121034.000000
0.000000	121034.000000
0.000000	121034.000000
0.000000	121034.000000
0.000000	121034.000000
0.000000	121034.000000
0.000000	121035.000000
0.000000	121035.000000
0.000000	121035.000000
0.000000	121035.000000
0.000000	121035.000000
0.000000	121035.000000
0.000000	121035.000000
0.000000	121035.000000
0.000000	121035.000000
0.000000	121035.000000
0.000000	121035.000000
0.000000	121035.000000
0.000000	121035.000000
0.000000	121035.000000
0.000000	121035.000000
0.000000	121035.000000
0.000000	121035.000000
0.000000	121036.000000
0.000000	121036.000000
0.000000	121036.000000
0.000000	121036.000000
0.000000	121036.000000
0.000000	121036.000000
0.000000	121036.000000
0.000000	121036.000000
0.000000	121036.000000
0.000000	121036.000000
0.000000	121036.000000
0.000000	121036.000000
0.000000	121036.000000
0.000000	121036.000000
0.000000	121036.000000
0.000000	121036.000000
0.000000	121036.000000
0.000000	121037.000000
0.000000	121037.000000
0.000000	121037.000000
0.000000	121037.000000
0.000000	121037.000000
0.000000	121037.000000
0.000000	121037.000000
0.000000	121037.000000
0.000000	121037.000000
0.000000	121037.000000
0.000000	121037.000000
0.000000	121037.000000
0.000000	121037.000000
0.000000	121037.000000
0.000000	121037.000000
0.000000	121037.000000
0.000000	121037.000000
0.000000	121038.000000
0.000000	121038.000000
0.000000	121038.000000
0.000000	121038.000000
0.000000	121038.000000
0.000000	121038.000000
0.000000	121038.000000
0.000000	121038.000000
0.000000	121038.000000
0.000000	121038.000000
0.000000	121038.000000
0.000000	121038.000000
0.000000	121038.000000
0.000000	121038.000000
0.000000	121038.000000
0.000000	121038.000000
0.000000	121038.000000
0.000000	121039.000000
0.000000	121039.000000
0.000000	121039.000000
0.000000	121039.000000
0.000000	121039.000000
0.000000	121039.000000
0.000000	121039.000000
0.000000	121039.000000
0.000000	121039.000000
0.000000	121039.000000
0.000000	121039.000000
0.000000	121039.000000
0.000000	121039.000000
0.000000	121039.000000
0.000000	121039.000000
0.000000	121039.000000
0.000000	121040.000000
0.000000	121040.000000
0.000000	121040.000000
0.000000	121040.000000
0.000000	121040.000000
0.000000	121040.000000
0.000000	121040.000000
0.000000	121040.000000
0.000000	121040.000000
0.000000	121040.000000
0.000000	121040.000000
0.000000	121040.000000
0.000000	121040.000000
0.000000	121040.000000
0.000000	121040.000000
0.000000	121040.000000
0.000000	121040.000000
0.000000	121040.000000
0.000000	121041.000000
0.000000	121041.000000
0.000000	121041.000000
0.000000	121041.000000
0.000000	121041.000000
0.000000	121041.000000
0.000000	121041.000000
0.000000	121041.000000
0.000000	121041.000000
0.000000	121041.000000
0.000000	121041.000000
0.000000	121041.000000
0.000000	121041.000000
0.000000	121041.000000
0.000000	121041.000000
0.000000	121041.000000
0.000000	121041.000000
0.000000	121042.000000
0.000000	121042.000000
0.000000	121042.000000
0.000000	121042.000000
0.000000	121042.000000
0.000000	121042.000000
0.000000	121042.000000
0.000000	121042.000000
0.000000	121042.000000
0.000000	121042.000000
0.000000	121042.000000
0.000000	121042.000000
0.000000	121042.000000
0.000000	121042.000000
0.000000	121042.000000
0.000000	121042.000000
0.000000	121042.000000
0.000000	121042.000000
0.000000	121043.000000
0.000000	121043.000000
0.000000	121043.000000
0.000000	121043.000000
0.000000	121043.000000
0.000000	121043.000000
0.000000	121043.000000
0.000000	121043.000000
0.000000	121043.000000
0.000000	121043.000000
0.000000	121043.000000
0.000000	121043.000000
0.000000	121043.000000
0.000000	121043.000000
0.000000	121043.000000
0.000000	121043.000000
0.000000	121043.000000
0.000000	121044.000000
0.000000	121044.000000
0.000000	121044.000000
0.000000	121044.000000
0.000000	121044.000000
0.000000	121044.000000
0.000000	121044.000000
0.000000	121044.000000
0.000000	121044.000000
0.000000	121044.000000
0.000000	121044.000000
0.000000	121044.000000
0.000000	121044.000000
0.000000	121044.000000
0.000000	121044.000000
0.000000	121044.000000
0.000000	121044.000000
0.000000	121045.000000
0.000000	121045.000000
0.000000	121045.000000
0.000000	121045.000000
0.000000	121045.000000
0.000000	121045.000000
0.000000	121045.000000
0.000000	121045.000000
0.000000	121045.000000
0.000000	121045.000000
0.000000	121045.000000
0.000000	121045.000000
0.000000	121045.000000
0.000000	121045.000000
0.000000	121045.000000
0.000000	121045.000000
0.000000	121045.000000
0.000000	121046.000000
0.000000	121046.000000
0.000000	121046.000000
0.000000	121046.000000
0.000000	121046.000000
0.000000	121046.000000
0.000000	121046.000000
0.000000	121046.000000
0.000000	121046.000000
0.000000	121046.000000
0.000000	121046.000000
0.000000	121046.000000
0.000000	121046.000000
0.000000	121046.000000
0.000000	121046.000000
0.000000	121046.000000
0.000000	121046.000000
0.000000	121047.000000
0.000000	121047.000000
0.000000	121047.000000
0.000000	121047.000000
0.000000	121047.000000
0.000000	121047.000000
0.000000	121047.000000
0.000000	121047.000000
0.000000	121047.000000
0.000000	121047.000000
0.000000	121047.000000
0.000000	121047.000000
0.000000	121047.000000
0.000000	121047.000000
0.000000	121047.000000
0.000000	121047.000000
0.000000	121047.000000
0.000000	121048.000000
0.000000	121048.000000
0.000000	121048.000000
0.000000	121048.000000
0.000000	121048.000000
0.000000	121048.000000
0.000000	121048.000000
0.000000	121048.000000
0.000000	121048.000000
0.000000	121048.000000
0.000000	121048.000000
0.000000	121048.000000
0.000000	121048.000000
0.000000	121048.000000
0.000000	121048.000000
0.000000	121048.000000
0.000000	121048.000000
0.000000	121049.000000
0.000000	121049.000000
0.000000	121049.000000
0.000000	121049.000000
0.000000	121049.000000
0.000000	121049.000000
0.000000	121049.000000
0.000000	121049.000000
0.000000	121049.000000
0.000000	121049.000000
0.000000	121049.000000
0.000000	121049.000000
0.000000	121049.000000
0.000000	121049.000000
0.000000	121049.000000
0.000000	121049.000000
0.000000	121049.000000
0.000000	121050.000000
0.000000	121050.000000
0.000000	121050.000000
0.000000	121050.000000
0.000000	121050.000000
0.000000	121050.000000
0.000000	121050.000000
0.000000	121050.000000
0.000000	121050.000000
0.000000	121050.000000
0.000000	121050.000000
0.000000	121050.000000
0.000000	121050.000000
0.000000	121050.000000
0.000000	121050.000000
0.000000	121050.000000
0.000000	121050.000000
0.000000	121051.000000
0.000000	121051.000000
0.000000	121051.000000
0.000000	121051.000000
0.000000	121051.000000
0.000000	121051.000000
0.000000	121051.000000
0.000000	121051.000000
0.000000	121051.000000
0.000000	121051.000000
0.000000	121051.000000
0.000000	121051.000000
0.000000	121051.000000
0.000000	121051.000000
0.000000	121051.000000
0.000000	121051.000000
0.000000	121051.000000
0.000000	121052.000000
0.000000	121052.000000
0.000000	121052.000000
0.000000	121052.000000
0.000000	121052.000000
0.000000	121052.000000
0.000000	121052.000000
0.000000	121052.000000
0.000000	121052.000000
0.000000	121052.000000
0.000000	121052.000000
0.000000	121052.000000
0.000000	121052.000000
0.000000	121052.000000
0.000000	121052.000000
0.000000	121052.000000
0.000000	121052.000000
0.000000	121053.000000
0.000000	121053.000000
0.000000	121053.000000
0.000000	121053.000000
0.000000	121053.000000
0.000000	121053.000000
0.000000	121053.000000
0.000000	121053.000000
0.000000	121053.000000
0.000000	121053.000000
0.000000	121053.000000
0.000000	121053.000000
0.000000	121053.000000
0.000000	121053.000000
0.000000	121053.000000
0.000000	121053.000000
0.000000	121053.000000
0.000000	121054.000000
0.000000	121054.000000
0.000000	121054.000000
0.000000	121054.000000
0.000000	121054.000000
0.000000	121054.000000
0.000000	121054.000000
0.000000	121054.000000
0.000000	121054.000000
0.000000	121054.000000
0.000000	121054.000000
0.000000	121054.000000
0.000000	121054.000000
0.000000	121054.000000
0.000000	121054.000000
0.000000	121054.000000
0.000000	121054.000000
0.000000	121055.000000
0.000000	121055.000000
0.000000	121055.000000
0.000000	121055.000000
0.000000	121055.000000
0.000000	121055.000000
0.000000	121055.000000
0.000000	121055.000000
0.000000	121055.000000
0.000000	121055.000000
0.000000	121055.000000
0.000000	121055.000000
0.000000	121055.000000
0.000000	121055.000000
0.000000	121055.000000
0.000000	121055.000000
0.000000	121055.000000
0.000000	121056.000000
0.000000	121056.000000
0.000000	121056.000000
0.000000	121056.000000
0.000000	121056.000000
0.000000	121056.000000
0.000000	121056.000000
0.000000	121056.000000
0.000000	121056.000000
0.000000	121056.000000
0.000000	121056.000000
0.000000	121056.000000
0.000000	121056.000000
0.000000	121056.000000
0.000000	121056.000000
0.000000	121056.000000
0.000000	121056.000000
0.000000	121057.000000
0.000000	121057.000000
0.000000	121057.000000
0.000000	121057.000000
0.000000	121057.000000
0.000000	121057.000000
0.000000	121057.000000
0.000000	121057.000000
0.000000	121057.000000
0.000000	121057.000000
0.000000	121057.000000
0.000000	121057.000000
0.000000	121057.000000
0.000000	121057.000000
0.000000	121057.000000
0.000000	121057.000000
0.000000	121057.000000
0.000000	121057.000000
0.000000	121058.000000
0.000000	121058.000000
0.000000	121058.000000
0.000000	121058.000000
0.000000	121058.000000
0.000000	121058.000000
0.000000	121058.000000
0.000000	121058.000000
0.000000	121058.000000
0.000000	121058.000000
0.000000	121058.000000
0.000000	121058.000000
0.000000	121058.000000
0.000000	121058.000000
0.000000	121058.000000
0.000000	121058.000000
0.000000	121058.000000
0.000000	121059.000000
0.000000	121059.000000
0.000000	121059.000000
0.000000	121059.000000
0.000000	121059.000000
0.000000	121059.000000
0.000000	121059.000000
0.000000	121059.000000
0.000000	121059.000000
0.000000	121059.000000
0.000000	121059.000000
0.000000	121059.000000
0.000000	121059.000000
0.000000	121059.000000
0.000000	121059.000000
0.000000	121059.000000
0.000000	121059.000000
0.000000	121100.000000
0.000000	121100.000000
0.000000	121100.000000
0.000000	121100.000000
0.000000	121100.000000
0.000000	121100.000000
0.000000	121100.000000
0.000000	121100.000000
0.000000	121100.000000
0.000000	121100.000000
0.000000	121100.000000
0.000000	121100.000000
0.000000	121100.000000
0.000000	121100.000000
0.000000	121100.000000
0.000000	121100.000000
0.000000	121100.000000
0.000000	121101.000000
0.000000	121101.000000
0.000000	121101.000000
0.000000	121101.000000
0.000000	121101.000000
0.000000	121101.000000
0.000000	121101.000000
0.000000	121101.000000
0.000000	121101.000000
0.000000	121101.000000
0.000000	121101.000000
0.000000	121101.000000
0.000000	121101.000000
0.000000	121101.000000
0.000000	121101.000000
0.000000	121101.000000
0.000000	121101.000000
0.000000	121102.000000
0.000000	121102.000000
0.000000	121102.000000
0.000000	121102.000000
0.000000	121102.000000
0.000000	121102.000000
0.000000	121102.000000
0.000000	121102.000000
0.000000	121102.000000
0.000000	121102.000000
0.000000	121102.000000
0.000000	121102.000000
0.000000	121102.000000
0.000000	121102.000000
0.000000	121102.000000
0.000000	121102.000000
0.000000	121102.000000
0.000000	121103.000000
0.000000	121103.000000
0.000000	121103.000000
0.000000	121103.000000
0.000000	121103.000000
0.000000	121103.000000
0.000000	121103.000000
0.000000	121103.000000
0.000000	121103.000000
0.000000	121103.000000
0.000000	121103.000000
0.000000	121103.000000
0.000000	121103.000000
0.000000	121103.000000
0.000000	121103.000000
0.000000	121103.000000
0.000000	121103.000000
0.000000	121104.000000
0.000000	121104.000000
0.000000	121104.000000
0.000000	121104.000000
0.000000	121104.000000
0.000000	121104.000000
0.000000	121104.000000
0.000000	121104.000000
0.000000	121104.000000
0.000000	121104.000000
0.000000	121104.000000
0.000000	121104.000000
0.000000	121104.000000
0.000000	121104.000000
0.000000	121104.000000
0.000000	121104.000000
0.000000	121104.000000
0.000000	121105.000000
0.000000	121105.000000
0.000000	121105.000000
0.000000	121105.000000
0.000000	121105.000000
0.000000	121105.000000
0.000000	121105.000000
0.000000	121105.000000
0.000000	121105.000000
0.000000	121105.000000
0.000000	121105.000000
0.000000	121105.000000
0.000000	121105.000000
0.000000	121105.000000
0.000000	121105.000000
0.000000	121105.000000
0.000000	121105.000000
0.000000	121106.000000
0.000000	121106.000000
0.000000	121106.000000
0.000000	121106.000000
0.000000	121106.000000
0.000000	121106.000000
0.000000	121106.000000
0.000000	121106.000000
0.000000	121106.000000
0.000000	121106.000000
0.000000	121106.000000
0.000000	121106.000000
0.000000	121106.000000
0.000000	121106.000000
0.000000	121106.000000
0.000000	121106.000000
0.000000	121106.000000
0.000000	121107.000000
0.000000	121107.000000
0.000000	121107.000000
0.000000	121107.000000
0.000000	121107.000000
0.000000	121107.000000
0.000000	121107.000000
0.000000	121107.000000
0.000000	121107.000000
0.000000	121107.000000
0.000000	121107.000000
0.000000	121107.000000
0.000000	121107.000000
0.000000	121107.000000
0.000000	121107.000000
0.000000	121107.000000
0.000000	121107.000000
0.000000	121108.000000
0.000000	121108.000000
0.000000	121108.000000
0.000000	121108.000000
0.000000	121108.000000
0.000000	121108.000000
0.000000	121108.000000
0.000000	121108.000000
0.000000	121108.000000
0.000000	121108.000000
0.000000	121108.000000
0.000000	121108.000000
0.000000	121108.000000
0.000000	121108.000000
0.000000	121108.000000
0.000000	121108.000000
0.000000	121108.000000
0.000000	121109.000000
0.000000	121109.000000
0.000000	121109.000000
0.000000	121109.000000
0.000000	121109.000000
0.000000	121109.000000
0.000000	121109.000000
0.000000	121109.000000
0.000000	121109.000000
0.000000	121109.000000
0.000000	121109.000000
0.000000	121109.000000
0.000000	121109.000000
0.000000	121109.000000
0.000000	121109.000000
0.000000	121109.000000
0.000000	121109.000000
0.000000	121110.000000
0.000000	121110.000000
0.000000	121110.000000
0.000000	121110.000000
0.000000	121110.000000
0.000000	121110.000000
0.000000	121110.000000
0.000000	121110.000000
0.000000	121110.000000
0.000000	121110.000000
0.000000	121110.000000
0.000000	121110.000000
0.000000	121110.000000
0.000000	121110.000000
0.000000	121110.000000
0.000000	121110.000000
0.000000	121110.000000
0.000000	121111.000000
0.000000	121111.000000
0.000000	121111.000000
0.000000	121111.000000
0.000000	121111.000000
0.000000	121111.000000
0.000000	121111.000000
0.000000	121111.000000
0.000000	121111.000000
0.000000	121111.000000
0.000000	121111.000000
0.000000	121111.000000
0.000000	121111.000000
0.000000	121111.000000
0.000000	121111.000000
0.000000	121111.000000
0.000000	121111.000000
0.000000	121112.000000
0.000000	121112.000000
0.000000	121112.000000
0.000000	121112.000000
0.000000	121112.000000
0.000000	121112.000000
0.000000	121112.000000
0.000000	121112.000000
0.000000	121112.000000
0.000000	121112.000000
0.000000	121112.000000
0.000000	121112.000000
0.000000	121112.000000
0.000000	121112.000000
0.000000	121112.000000
0.000000	121112.000000
0.000000	121112.000000
0.000000	121112.000000
0.000000	121113.000000
0.000000	121113.000000
0.000000	121113.000000
0.000000	121113.000000
0.000000	121113.000000
0.000000	121113.000000
0.000000	121113.000000
0.000000	121113.000000
0.000000	121113.000000
0.000000	121113.000000
0.000000	121113.000000
0.000000	121113.000000
0.000000	121113.000000
0.000000	121113.000000
0.000000	121113.000000
0.000000	121113.000000
0.000000	121113.000000
0.000000	121114.000000
0.000000	121114.000000
0.000000	121114.000000
0.000000	121114.000000
0.000000	121114.000000
0.000000	121114.000000
0.000000	121114.000000
0.000000	121114.000000
0.000000	121114.000000
0.000000	121114.000000
0.000000	121114.000000
0.000000	121114.000000
0.000000	121114.000000
0.000000	121114.000000
0.000000	121114.000000
0.000000	121114.000000
0.000000	121114.000000
0.000000	121115.000000
0.000000	121115.000000
0.000000	121115.000000
0.000000	121115.000000
0.000000	121115.000000
0.000000	121115.000000
0.000000	121115.000000
0.000000	121115.000000
0.000000	121115.000000
0.000000	121115.000000
0.000000	121115.000000
0.000000	121115.000000
0.000000	121115.000000
0.000000	121115.000000
0.000000	121115.000000
0.000000	121115.000000
0.000000	121115.000000
0.000000	121116.000000
0.000000	121116.000000
0.000000	121116.000000
0.000000	121116.000000
0.000000	121116.000000
0.000000	121116.000000
0.000000	121116.000000
0.000000	121116.000000
0.000000	121116.000000
0.000000	121116.000000
0.000000	121116.000000
0.000000	121116.000000
0.000000	121116.000000
0.000000	121116.000000
0.000000	121116.000000
0.000000	121116.000000
0.000000	121116.000000
0.000000	121117.000000
0.000000	121117.000000
0.000000	121117.000000
0.000000	121117.000000
0.000000	121117.000000
0.000000	121117.000000
0.000000	121117.000000
0.000000	121117.000000
0.000000	121117.000000
0.000000	121117.000000
0.000000	121117.000000
0.000000	121117.000000
0.000000	121117.000000
0.000000	121117.000000
0.000000	121117.000000
0.000000	121117.000000
0.000000	121117.000000
0.000000	121118.000000
0.000000	121118.000000
0.000000	121118.000000
0.000000	121118.000000
0.000000	121118.000000
0.000000	121118.000000
0.000000	121118.000000
0.000000	121118.000000
0.000000	121118.000000
0.000000	121118.000000
0.000000	121118.000000
0.000000	121118.000000
0.000000	121118.000000
0.000000	121118.000000
0.000000	121118.000000
0.000000	121118.000000
0.000000	121118.000000
0.000000	121119.000000
0.000000	121119.000000
0.000000	121119.000000
0.000000	121119.000000
0.000000	121119.000000
0.000000	121119.000000
0.000000	121119.000000
0.000000	121119.000000
0.000000	121119.000000
0.000000	121119.000000
0.000000	121119.000000
0.000000	121119.000000
0.000000	121119.000000
0.000000	121119.000000
0.000000	121119.000000
0.000000	121119.000000
0.000000	121119.000000
0.000000	121120.000000
0.000000	121120.000000
0.000000	121120.000000
0.000000	121120.000000
0.000000	121120.000000
0.000000	121120.000000
0.000000	121120.000000
0.000000	121120.000000
0.000000	121120.000000
0.000000	121120.000000
0.000000	121120.000000
0.000000	121120.000000
0.000000	121120.000000
0.000000	121120.000000
0.000000	121120.000000
0.000000	121120.000000
0.000000	121120.000000
0.000000	121121.000000
0.000000	121121.000000
0.000000	121121.000000
0.000000	121121.000000
0.000000	121121.000000
0.000000	121121.000000
0.000000	121121.000000
0.000000	121121.000000
0.000000	121121.000000
0.000000	121121.000000
0.000000	121121.000000
0.000000	121121.000000
0.000000	121121.000000
0.000000	121121.000000
0.000000	121121.000000
0.000000	121121.000000
0.000000	121121.000000
0.000000	121122.000000
0.000000	121122.000000
0.000000	121122.000000
0.000000	121122.000000
0.000000	121122.000000
0.000000	121122.000000
0.000000	121122.000000
0.000000	121122.000000
0.000000	121122.000000
0.000000	121122.000000
0.000000	121122.000000
0.000000	121122.000000
0.000000	121122.000000
0.000000	121122.000000
0.000000	121122.000000
0.000000	121122.000000
0.000000	121122.000000
0.000000	121123.000000
0.000000	121123.000000
0.000000	121123.000000
0.000000	121123.000000
0.000000	121123.000000
0.000000	121123.000000
0.000000	121123.000000
0.000000	121123.000000
0.000000	121123.000000
0.000000	121123.000000
0.000000	121123.000000
0.000000	121123.000000
0.000000	121123.000000
0.000000	121123.000000
0.000000	121123.000000
0.000000	121123.000000
0.000000	121123.000000
0.000000	121124.000000
0.000000	121124.000000
0.000000	121124.000000
0.000000	121124.000000
0.000000	121124.000000
0.000000	121124.000000
0.000000	121124.000000
0.000000	121124.000000
0.000000	121124.000000
0.000000	121124.000000
0.000000	121124.000000
0.000000	121124.000000
0.000000	121124.000000
0.000000	121124.000000
0.000000	121124.000000
0.000000	121124.000000
0.000000	121124.000000
0.000000	121125.000000
0.000000	121125.000000
0.000000	121125.000000
0.000000	121125.000000
0.000000	121125.000000
0.000000	121125.000000
0.000000	121125.000000
0.000000	121125.000000
0.000000	121125.000000
0.000000	121125.000000
0.000000	121125.000000
0.000000	121125.000000
0.000000	121125.000000
0.000000	121125.000000
0.000000	121125.000000
0.000000	121125.000000
0.000000	121125.000000
0.000000	121126.000000
0.000000	121126.000000
0.000000	121126.000000
0.000000	121126.000000
0.000000	121126.000000
0.000000	121126.000000
0.000000	121126.000000
0.000000	121126.000000
0.000000	121126.000000
0.000000	121126.000000
0.000000	121126.000000
0.000000	121126.000000
0.000000	121126.000000
0.000000	121126.000000
0.000000	121126.000000
0.000000	121126.000000
0.000000	121126.000000
0.000000	121127.000000
0.000000	121127.000000
0.000000	121127.000000
0.000000	121127.000000
0.000000	121127.000000
0.000000	121127.000000
0.000000	121127.000000
0.000000	121127.000000
0.000000	121127.000000
0.000000	121127.000000
0.000000	121127.000000
0.000000	121127.000000
0.000000	121127.000000
0.000000	121127.000000
0.000000	121127.000000
0.000000	121127.000000
0.000000	121127.000000
0.000000	121127.000000
0.000000	121128.000000
0.000000	121128.000000
0.000000	121128.000000
0.000000	121128.000000
0.000000	121128.000000
0.000000	121128.000000
0.000000	121128.000000
0.000000	121128.000000
0.000000	121128.000000
0.000000	121128.000000
0.000000	121128.000000
0.000000	121128.000000
0.000000	121128.000000
0.000000	121128.000000
0.000000	121128.000000
0.000000	121128.000000
0.000000	121128.000000
0.000000	121129.000000
0.000000	121129.000000
0.000000	121129.000000
0.000000	121129.000000
0.000000	121129.000000
0.000000	121129.000000
0.000000	121129.000000
0.000000	121129.000000
0.000000	121129.000000
0.000000	121129.000000
0.000000	121129.000000
0.000000	121129.000000
0.000000	121129.000000
0.000000	121129.000000
0.000000	121129.000000
0.000000	121129.000000
0.000000	121129.000000
0.000000	121130.000000
0.000000	121130.000000
0.000000	121130.000000
0.000000	121130.000000
0.000000	121130.000000
0.000000	121130.000000
0.000000	121130.000000
0.000000	121130.000000
0.000000	121130.000000
0.000000	121130.000000
0.000000	121130.000000
0.000000	121130.000000
0.000000	121130.000000
0.000000	121130.000000
0.000000	121130.000000
0.000000	121130.000000
0.000000	121130.000000
0.000000	121131.000000
0.000000	121131.000000
0.000000	121131.000000
0.000000	121131.000000
0.000000	121131.000000
0.000000	121131.000000
0.000000	121131.000000
0.000000	121131.000000
0.000000	121131.000000
0.000000	121131.000000
0.000000	121131.000000
0.000000	121131.000000
0.000000	121131.000000
0.000000	121131.000000
0.000000	121131.000000
0.000000	121131.000000
0.000000	121131.000000
0.000000	121132.000000
0.000000	121132.000000
0.000000	121132.000000
0.000000	121132.000000
0.000000	121132.000000
0.000000	121132.000000
0.000000	121132.000000
0.000000	121132.000000
0.000000	121132.000000
0.000000	121132.000000
0.000000	121132.000000
0.000000	121132.000000
0.000000	121132.000000
0.000000	121132.000000
0.000000	121132.000000
0.000000	121132.000000
0.000000	121132.000000
0.000000	121133.000000
0.000000	121133.000000
0.000000	121133.000000
0.000000	121133.000000
0.000000	121133.000000
0.000000	121133.000000
0.000000	121133.000000
0.000000	121133.000000
0.000000	121133.000000
0.000000	121133.000000
0.000000	121133.000000
0.000000	121133.000000
0.000000	121133.000000
0.000000	121133.000000
0.000000	121133.000000
0.000000	121133.000000
0.000000	121133.000000
0.000000	121134.000000
0.000000	121134.000000
0.000000	121134.000000
0.000000	121134.000000
0.000000	121134.000000
0.000000	121134.000000
0.000000	121134.000000
0.000000	121134.000000
0.000000	121134.000000
0.000000	121134.000000
0.000000	121134.000000
0.000000	121134.000000
0.000000	121134.000000
0.000000	121134.000000
0.000000	121134.000000
0.000000	121135.000000
0.000000	121135.000000
0.000000	121135.000000
0.000000	121135.000000
0.000000	121135.000000
0.000000	121135.000000
0.000000	121135.000000
0.000000	121135.000000
0.000000	121135.000000
0.000000	121135.000000
0.000000	121135.000000
0.000000	121135.000000
0.000000	121135.000000
0.000000	121135.000000
0.000000	121135.000000
0.000000	121135.000000
0.000000	121135.000000
0.000000	121135.000000
0.000000	121135.000000
0.000000	121136.000000
0.000000	121136.000000
0.000000	121136.000000
0.000000	121136.000000
0.000000	121136.000000
0.000000	121136.000000
0.000000	121136.000000
0.000000	121136.000000
0.000000	121136.000000
0.000000	121136.000000
0.000000	121136.000000
0.000000	121136.000000
0.000000	121136.000000
0.000000	121136.000000
0.000000	121136.000000
0.000000	121136.000000
0.000000	121136.000000
0.000000	121137.000000
0.000000	121137.000000
0.000000	121137.000000
0.000000	121137.000000
0.000000	121137.000000
0.000000	121137.000000
0.000000	121137.000000
0.000000	121137.000000
0.000000	121137.000000
0.000000	121137.000000
0.000000	121137.000000
0.000000	121137.000000
0.000000	121137.000000
0.000000	121137.000000
0.000000	121137.000000
0.000000	121137.000000
0.000000	121137.000000
0.000000	121138.000000
0.000000	121138.000000
0.000000	121138.000000
0.000000	121138.000000
0.000000	121138.000000
0.000000	121138.000000
0.000000	121138.000000
0.000000	121138.000000
0.000000	121138.000000
0.000000	121138.000000
0.000000	121138.000000
0.000000	121138.000000
0.000000	121138.000000
0.000000	121138.000000
0.000000	121138.000000
0.000000	121138.000000
0.000000	121138.000000
0.000000	121139.000000
0.000000	121139.000000
0.000000	121139.000000
0.000000	121139.000000
0.000000	121139.000000
0.000000	121139.000000
0.000000	121139.000000
0.000000	121139.000000
0.000000	121139.000000
0.000000	121139.000000
0.000000	121139.000000
0.000000	121139.000000
0.000000	121139.000000
0.000000	121139.000000
0.000000	121139.000000
0.000000	121139.000000
0.000000	121139.000000
0.000000	121140.000000
0.000000	121140.000000
0.000000	121140.000000
0.000000	121140.000000
0.000000	121140.000000
0.000000	121140.000000
0.000000	121140.000000
0.000000	121140.000000
0.000000	121140.000000
0.000000	121140.000000
0.000000	121140.000000
0.000000	121140.000000
0.000000	121140.000000
0.000000	121140.000000
0.000000	121140.000000
0.000000	121140.000000
0.000000	121140.000000
0.000000	121141.000000
0.000000	121141.000000
0.000000	121141.000000
0.000000	121141.000000
0.000000	121141.000000
0.000000	121141.000000
0.000000	121141.000000
0.000000	121141.000000
0.000000	121141.000000
0.000000	121141.000000
0.000000	121141.000000
0.000000	121141.000000
0.000000	121141.000000
0.000000	121141.000000
0.000000	121141.000000
0.000000	121141.000000
0.000000	121141.000000
0.000000	121142.000000
0.000000	121142.000000
0.000000	121142.000000
0.000000	121142.000000
0.000000	121142.000000
0.000000	121142.000000
0.000000	121142.000000
0.000000	121142.000000
0.000000	121142.000000
0.000000	121142.000000
0.000000	121142.000000
0.000000	121142.000000
0.000000	121142.000000
0.000000	121142.000000
0.000000	121142.000000
0.000000	121142.000000
0.000000	121142.000000
0.000000	121143.000000
0.000000	121143.000000
0.000000	121143.000000
0.000000	121143.000000
0.000000	121143.000000
0.000000	121143.000000
0.000000	121143.000000
0.000000	121143.000000
0.000000	121143.000000
0.000000	121143.000000
0.000000	121143.000000
0.000000	121143.000000
0.000000	121143.000000
0.000000	121143.000000
0.000000	121143.000000
0.000000	121143.000000
0.000000	121143.000000
0.000000	121143.000000
0.000000	121144.000000
0.000000	121144.000000
0.000000	121144.000000
0.000000	121144.000000
0.000000	121144.000000
0.000000	121144.000000
0.000000	121144.000000
0.000000	121144.000000
0.000000	121144.000000
0.000000	121144.000000
0.000000	121144.000000
0.000000	121144.000000
0.000000	121144.000000
0.000000	121144.000000
0.000000	121144.000000
0.000000	121144.000000
0.000000	121144.000000
0.000000	121145.000000
0.000000	121145.000000
0.000000	121145.000000
0.000000	121145.000000
0.000000	121145.000000
0.000000	121145.000000
0.000000	121145.000000
0.000000	121145.000000
0.000000	121145.000000
0.000000	121145.000000
0.000000	121145.000000
0.000000	121145.000000
0.000000	121145.000000
0.000000	121145.000000
0.000000	121145.000000
0.000000	121145.000000
0.000000	121145.000000
0.000000	121146.000000
0.000000	121146.000000
0.000000	121146.000000
0.000000	121146.000000
0.000000	121146.000000
0.000000	121146.000000
0.000000	121146.000000
0.000000	121146.000000
0.000000	121146.000000
0.000000	121146.000000
0.000000	121146.000000
0.000000	121146.000000
0.000000	121146.000000
0.000000	121146.000000
0.000000	121146.000000
0.000000	121146.000000
0.000000	121146.000000
0.000000	121147.000000
0.000000	121147.000000
0.000000	121147.000000
0.000000	121147.000000
0.000000	121147.000000
0.000000	121147.000000
0.000000	121147.000000
0.000000	121147.000000
0.000000	121147.000000
0.000000	121147.000000
0.000000	121147.000000
0.000000	121147.000000
0.000000	121147.000000
0.000000	121147.000000
0.000000	121147.000000
0.000000	121147.000000
0.000000	121147.000000
0.000000	121148.000000
0.000000	121148.000000
0.000000	121148.000000
0.000000	121148.000000
0.000000	121148.000000
0.000000	121148.000000
0.000000	121148.000000
0.000000	121148.000000
0.000000	121148.000000
0.000000	121148.000000
0.000000	121148.000000
0.000000	121148.000000
0.000000	121148.000000
0.000000	121148.000000
0.000000	121148.000000
0.000000	121148.000000
0.000000	121148.000000
0.000000	121149.000000
0.000000	121149.000000
0.000000	121149.000000
0.000000	121149.000000
0.000000	121149.000000
0.000000	121149.000000
0.000000	121149.000000
0.000000	121149.000000
0.000000	121149.000000
0.000000	121149.000000
0.000000	121149.000000
0.000000	121149.000000
0.000000	121149.000000
0.000000	121149.000000
0.000000	121149.000000
0.000000	121149.000000
0.000000	121149.000000
0.000000	121150.000000
0.000000	121150.000000
0.000000	121150.000000
0.000000	121150.000000
0.000000	121150.000000
0.000000	121150.000000
0.000000	121150.000000
0.000000	121150.000000
0.000000	121150.000000
0.000000	121150.000000
0.000000	121150.000000
0.000000	121150.000000
0.000000	121150.000000
0.000000	121150.000000
0.000000	121150.000000
0.000000	121150.000000
0.000000	121150.000000
0.000000	121151.000000
0.000000	121151.000000
0.000000	121151.000000
0.000000	121151.000000
0.000000	121151.000000
0.000000	121151.000000
0.000000	121151.000000
0.000000	121151.000000
0.000000	121151.000000
0.000000	121151.000000
0.000000	121151.000000
0.000000	121151.000000
0.000000	121151.000000
0.000000	121151.000000
0.000000	121151.000000
0.000000	121151.000000
0.000000	121151.000000
0.000000	121152.000000
0.000000	121152.000000
0.000000	121152.000000
0.000000	121152.000000
0.000000	121152.000000
0.000000	121152.000000
0.000000	121152.000000
0.000000	121152.000000
0.000000	121152.000000
0.000000	121152.000000
0.000000	121152.000000
0.000000	121152.000000
0.000000	121152.000000
0.000000	121152.000000
0.000000	121152.000000
0.000000	121152.000000
0.000000	121152.000000
0.000000	121153.000000
0.000000	121153.000000
0.000000	121153.000000
0.000000	121153.000000
0.000000	121153.000000
0.000000	121153.000000
0.000000	121153.000000
0.000000	121153.000000
0.000000	121153.000000
0.000000	121153.000000
0.000000	121153.000000
0.000000	121153.000000
0.000000	121153.000000
0.000000	121153.000000
0.000000	121153.000000
0.000000	121153.000000
0.000000	121153.000000
0.000000	121154.000000
0.000000	121154.000000
0.000000	121154.000000
0.000000	121154.000000
0.000000	121154.000000
0.000000	121154.000000
0.000000	121154.000000
0.000000	121154.000000
0.000000	121154.000000
0.000000	121154.000000
0.000000	121154.000000
0.000000	121154.000000
0.000000	121154.000000
0.000000	121154.000000
0.000000	121154.000000
0.000000	121154.000000
0.000000	121154.000000
0.000000	121155.000000
0.000000	121155.000000
0.000000	121155.000000
0.000000	121155.000000
0.000000	121155.000000
0.000000	121155.000000
0.000000	121155.000000
0.000000	121155.000000
0.000000	121155.000000
0.000000	121155.000000
0.000000	121155.000000
0.000000	121155.000000
0.000000	121155.000000
0.000000	121155.000000
0.000000	121155.000000
0.000000	121155.000000
0.000000	121155.000000
0.000000	121156.000000
0.000000	121156.000000
0.000000	121156.000000
0.000000	121156.000000
0.000000	121156.000000
0.000000	121156.000000
0.000000	121156.000000
0.000000	121156.000000
0.000000	121156.000000
0.000000	121156.000000
0.000000	121156.000000
0.000000	121156.000000
0.000000	121156.000000
0.000000	121156.000000
0.000000	121156.000000
0.000000	121156.000000
0.000000	121156.000000
0.000000	121157.000000
0.000000	121157.000000
0.000000	121157.000000
0.000000	121157.000000
0.000000	121157.000000
0.000000	121157.000000
0.000000	121157.000000
0.000000	121157.000000
0.000000	121157.000000
0.000000	121157.000000
0.000000	121157.000000
0.000000	121157.000000
0.000000	121157.000000
0.000000	121157.000000
0.000000	121157.000000
0.000000	121157.000000
0.000000	121157.000000
0.000000	121158.000000
0.000000	121158.000000
0.000000	121158.000000
0.000000	121158.000000
0.000000	121158.000000
0.000000	121158.000000
0.000000	121158.000000
0.000000	121158.000000
0.000000	121158.000000
0.000000	121158.000000
0.000000	121158.000000
0.000000	121158.000000
0.000000	121158.000000
0.000000	121158.000000
0.000000	121158.000000
0.000000	121158.000000
0.000000	121158.000000
0.000000	121158.000000
0.000000	121159.000000
0.000000	121159.000000
0.000000	121159.000000
0.000000	121159.000000
0.000000	121159.000000
0.000000	121159.000000
0.000000	121159.000000
0.000000	121159.000000
0.000000	121159.000000
0.000000	121159.000000
0.000000	121159.000000
0.000000	121159.000000
0.000000	121159.000000
0.000000	121159.000000
0.000000	121159.000000
0.000000	121159.000000
0.000000	121159.000000
0.000000	121200.000000
0.000000	121200.000000
0.000000	121200.000000
0.000000	121200.000000
0.000000	121200.000000
0.000000	121200.000000
0.000000	121200.000000
0.000000	121200.000000
0.000000	121200.000000
0.000000	121200.000000
0.000000	121200.000000
0.000000	121200.000000
0.000000	121200.000000
0.000000	121200.000000
0.000000	121200.000000
0.000000	121200.000000
0.000000	121201.000000
0.000000	121201.000000
0.000000	121201.000000
0.000000	121201.000000
0.000000	121201.000000
0.000000	121201.000000
0.000000	121201.000000
0.000000	121201.000000
0.000000	121201.000000
0.000000	121201.000000
0.000000	121201.000000
0.000000	121201.000000
0.000000	121201.000000
0.000000	121201.000000
0.000000	121201.000000
0.000000	121201.000000
0.000000	121201.000000
0.000000	121201.000000
0.000000	121202.000000
0.000000	121202.000000
0.000000	121202.000000
0.000000	121202.000000
0.000000	121202.000000
0.000000	121202.000000
0.000000	121202.000000
0.000000	121202.000000
0.000000	121202.000000
0.000000	121202.000000
0.000000	121202.000000
0.000000	121202.000000
0.000000	121202.000000
0.000000	121202.000000
0.000000	121202.000000
0.000000	121202.000000
0.000000	121202.000000
0.000000	121203.000000
0.000000	121203.000000
0.000000	121203.000000
0.000000	121203.000000
0.000000	121203.000000
0.000000	121203.000000
0.000000	121203.000000
0.000000	121203.000000
0.000000	121203.000000
0.000000	121203.000000
0.000000	121203.000000
0.000000	121203.000000
0.000000	121203.000000
0.000000	121203.000000
0.000000	121203.000000
0.000000	121203.000000
0.000000	121203.000000
0.000000	121204.000000
0.000000	121204.000000
0.000000	121204.000000
0.000000	121204.000000
0.000000	121204.000000
0.000000	121204.000000
0.000000	121204.000000
0.000000	121204.000000
0.000000	121204.000000
0.000000	121204.000000
0.000000	121204.000000
0.000000	121204.000000
0.000000	121204.000000
0.000000	121204.000000
0.000000	121204.000000
0.000000	121204.000000
0.000000	121204.000000
0.000000	121205.000000
0.000000	121205.000000
0.000000	121205.000000
0.000000	121205.000000
0.000000	121205.000000
0.000000	121205.000000
0.000000	121205.000000
0.000000	121205.000000
0.000000	121205.000000
0.000000	121205.000000
0.000000	121205.000000
0.000000	121205.000000
0.000000	121205.000000
0.000000	121205.000000
0.000000	121205.000000
0.000000	121205.000000
0.000000	121205.000000
0.000000	121206.000000
0.000000	121206.000000
0.000000	121206.000000
0.000000	121206.000000
0.000000	121206.000000
0.000000	121206.000000
0.000000	121206.000000
0.000000	121206.000000
0.000000	121206.000000
0.000000	121206.000000
0.000000	121206.000000
0.000000	121206.000000
0.000000	121206.000000
0.000000	121206.000000
0.000000	121206.000000
0.000000	121206.000000
0.000000	121206.000000
0.000000	121207.000000
0.000000	121207.000000
0.000000	121207.000000
0.000000	121207.000000
0.000000	121207.000000
0.000000	121207.000000
0.000000	121207.000000
0.000000	121207.000000
0.000000	121207.000000
0.000000	121207.000000
0.000000	121207.000000
0.000000	121207.000000
0.000000	121207.000000
0.000000	121207.000000
0.000000	121207.000000
0.000000	121207.000000
0.000000	121207.000000
0.000000	121208.000000
0.000000	121208.000000
0.000000	121208.000000
0.000000	121208.000000
0.000000	121208.000000
0.000000	121208.000000
0.000000	121208.000000
0.000000	121208.000000
0.000000	121208.000000
0.000000	121208.000000
0.000000	121208.000000
0.000000	121208.000000
0.000000	121208.000000
0.000000	121208.000000
0.000000	121208.000000
0.000000	121208.000000
0.000000	121208.000000
0.000000	121209.000000
0.000000	121209.000000
0.000000	121209.000000
0.000000	121209.000000
0.000000	121209.000000
0.000000	121209.000000
0.000000	121209.000000
0.000000	121209.000000
0.000000	121209.000000
0.000000	121209.000000
0.000000	121209.000000
0.000000	121209.000000
0.000000	121209.000000
0.000000	121209.000000
0.000000	121209.000000
0.000000	121209.000000
0.000000	121209.000000
0.000000	121210.000000
0.000000	121210.000000
0.000000	121210.000000
0.000000	121210.000000
0.000000	121210.000000
0.000000	121210.000000
0.000000	121210.000000
0.000000	121210.000000
0.000000	121210.000000
0.000000	121210.000000
0.000000	121210.000000
0.000000	121210.000000
0.000000	121210.000000
0.000000	121210.000000
0.000000	121210.000000
0.000000	121210.000000
0.000000	121210.000000
0.000000	121211.000000
0.000000	121211.000000
0.000000	121211.000000
0.000000	121211.000000
0.000000	121211.000000
0.000000	121211.000000
0.000000	121211.000000
0.000000	121211.000000
0.000000	121211.000000
0.000000	121211.000000
0.000000	121211.000000
0.000000	121211.000000
0.000000	121211.000000
0.000000	121211.000000
0.000000	121211.000000
0.000000	121211.000000
0.000000	121211.000000
0.000000	121212.000000
0.000000	121212.000000
0.000000	121212.000000
0.000000	121212.000000
0.000000	121212.000000
0.000000	121212.000000
0.000000	121212.000000
0.000000	121212.000000
0.000000	121212.000000
0.000000	121212.000000
0.000000	121212.000000
0.000000	121212.000000
0.000000	121212.000000
0.000000	121212.000000
0.000000	121212.000000
0.000000	121212.000000
0.000000	121212.000000
0.000000	121213.000000
0.000000	121213.000000
0.000000	121213.000000
0.000000	121213.000000
0.000000	121213.000000
0.000000	121213.000000
0.000000	121213.000000
0.000000	121213.000000
0.000000	121213.000000
0.000000	121213.000000
0.000000	121213.000000
0.000000	121213.000000
0.000000	121213.000000
0.000000	121213.000000
0.000000	121213.000000
0.000000	121213.000000
0.000000	121213.000000
0.000000	121213.000000
0.000000	121214.000000
0.000000	121214.000000
0.000000	121214.000000
0.000000	121214.000000
0.000000	121214.000000
0.000000	121214.000000
0.000000	121214.000000
0.000000	121214.000000
0.000000	121214.000000
0.000000	121214.000000
0.000000	121214.000000
0.000000	121214.000000
0.000000	121214.000000
0.000000	121214.000000
0.000000	121214.000000
0.000000	121214.000000
0.000000	121214.000000
0.000000	121215.000000
0.000000	121215.000000
0.000000	121215.000000
0.000000	121215.000000
0.000000	121215.000000
0.000000	121215.000000
0.000000	121215.000000
0.000000	121215.000000
0.000000	121215.000000
0.000000	121215.000000
0.000000	121215.000000
0.000000	121215.000000
0.000000	121215.000000
0.000000	121215.000000
0.000000	121215.000000
0.000000	121215.000000
0.000000	121215.000000
0.000000	121216.000000
0.000000	121216.000000
0.000000	121216.000000
0.000000	121216.000000
0.000000	121216.000000
0.000000	121216.000000
0.000000	121216.000000
0.000000	121216.000000
0.000000	121216.000000
0.000000	121216.000000
0.000000	121216.000000
0.000000	121216.000000
0.000000	121216.000000
0.000000	121216.000000
0.000000	121216.000000
0.000000	121216.000000
0.000000	121216.000000
0.000000	121217.000000
0.000000	121217.000000
0.000000	121217.000000
0.000000	121217.000000
0.000000	121217.000000
0.000000	121217.000000
0.000000	121217.000000
0.000000	121217.000000
0.000000	121217.000000
0.000000	121217.000000
0.000000	121217.000000
0.000000	121217.000000
0.000000	121217.000000
0.000000	121217.000000
0.000000	121217.000000
0.000000	121217.000000
0.000000	121217.000000
0.000000	121218.000000
0.000000	121218.000000
0.000000	121218.000000
0.000000	121218.000000
0.000000	121218.000000
0.000000	121218.000000
0.000000	121218.000000
0.000000	121218.000000
0.000000	121218.000000
0.000000	121218.000000
0.000000	121218.000000
0.000000	121218.000000
0.000000	121218.000000
0.000000	121218.000000
0.000000	121218.000000
0.000000	121218.000000
0.000000	121218.000000
0.000000	121219.000000
0.000000	121219.000000
0.000000	121219.000000
0.000000	121219.000000
0.000000	121219.000000
0.000000	121219.000000
0.000000	121219.000000
0.000000	121219.000000
0.000000	121219.000000
0.000000	121219.000000
0.000000	121219.000000
0.000000	121219.000000
0.000000	121219.000000
0.000000	121219.000000
0.000000	121219.000000
0.000000	121219.000000
0.000000	121219.000000
0.000000	121220.000000
0.000000	121220.000000
0.000000	121220.000000
0.000000	121220.000000
0.000000	121220.000000
0.000000	121220.000000
0.000000	121220.000000
0.000000	121220.000000
0.000000	121220.000000
0.000000	121220.000000
0.000000	121220.000000
0.000000	121220.000000
0.000000	121220.000000
0.000000	121220.000000
0.000000	121220.000000
0.000000	121221.000000
0.000000	121221.000000
0.000000	121221.000000
0.000000	121221.000000
0.000000	121221.000000
0.000000	121221.000000
0.000000	121221.000000
0.000000	121221.000000
0.000000	121221.000000
0.000000	121221.000000
0.000000	121221.000000
0.000000	121221.000000
0.000000	121221.000000
0.000000	121221.000000
0.000000	121221.000000
0.000000	121221.000000
0.000000	121221.000000
0.000000	121221.000000
0.000000	121221.000000
0.000000	121222.000000
0.000000	121222.000000
0.000000	121222.000000
0.000000	121222.000000
0.000000	121222.000000
0.000000	121222.000000
0.000000	121222.000000
0.000000	121222.000000
0.000000	121222.000000
0.000000	121222.000000
0.000000	121222.000000
0.000000	121222.000000
0.000000	121222.000000
0.000000	121222.000000
0.000000	121222.000000
0.000000	121222.000000
0.000000	121222.000000
0.000000	121223.000000
0.000000	121223.000000
0.000000	121223.000000
0.000000	121223.000000
0.000000	121223.000000
0.000000	121223.000000
0.000000	121223.000000
0.000000	121223.000000
0.000000	121223.000000
0.000000	121223.000000
0.000000	121223.000000
0.000000	121223.000000
0.000000	121223.000000
0.000000	121223.000000
0.000000	121223.000000
0.000000	121223.000000
0.000000	121223.000000
0.000000	121224.000000
0.000000	121224.000000
0.000000	121224.000000
0.000000	121224.000000
0.000000	121224.000000
0.000000	121224.000000
0.000000	121224.000000
0.000000	121224.000000
0.000000	121224.000000
0.000000	121224.000000
0.000000	121224.000000
0.000000	121224.000000
0.000000	121224.000000
0.000000	121224.000000
0.000000	121224.000000
0.000000	121224.000000
0.000000	121224.000000
0.000000	121225.000000
0.000000	121225.000000
0.000000	121225.000000
0.000000	121225.000000
0.000000	121225.000000
0.000000	121225.000000
0.000000	121225.000000
0.000000	121225.000000
0.000000	121225.000000
0.000000	121225.000000
0.000000	121225.000000
0.000000	121225.000000
0.000000	121225.000000
0.000000	121225.000000
0.000000	121225.000000
0.000000	121225.000000
0.000000	121225.000000
0.000000	121226.000000
0.000000	121226.000000
0.000000	121226.000000
0.000000	121226.000000
0.000000	121226.000000
0.000000	121226.000000
0.000000	121226.000000
0.000000	121226.000000
0.000000	121226.000000
0.000000	121226.000000
0.000000	121226.000000
0.000000	121226.000000
0.000000	121226.000000
0.000000	121226.000000
0.000000	121226.000000
0.000000	121226.000000
0.000000	121226.000000
0.000000	121227.000000
0.000000	121227.000000
0.000000	121227.000000
0.000000	121227.000000
0.000000	121227.000000
0.000000	121227.000000
0.000000	121227.000000
0.000000	121227.000000
0.000000	121227.000000
0.000000	121227.000000
0.000000	121227.000000
0.000000	121227.000000
0.000000	121227.000000
0.000000	121227.000000
0.000000	121227.000000
0.000000	121227.000000
0.000000	121227.000000
0.000000	121227.000000
0.000000	121228.000000
0.000000	121228.000000
0.000000	121228.000000
0.000000	121228.000000
0.000000	121228.000000
0.000000	121228.000000
0.000000	121228.000000
0.000000	121228.000000
0.000000	121228.000000
0.000000	121228.000000
0.000000	121228.000000
0.000000	121228.000000
0.000000	121228.000000
0.000000	121228.000000
0.000000	121228.000000
0.000000	121228.000000
0.000000	121228.000000
0.000000	121229.000000
0.000000	121229.000000
0.000000	121229.000000
0.000000	121229.000000
0.000000	121229.000000
0.000000	121229.000000
0.000000	121229.000000
0.000000	121229.000000
0.000000	121229.000000
0.000000	121229.000000
0.000000	121229.000000
0.000000	121229.000000
0.000000	121229.000000
0.000000	121229.000000
0.000000	121229.000000
0.000000	121229.000000
0.000000	121229.000000
0.000000	121230.000000
0.000000	121230.000000
0.000000	121230.000000
0.000000	121230.000000
0.000000	121230.000000
0.000000	121230.000000
0.000000	121230.000000
0.000000	121230.000000
0.000000	121230.000000
0.000000	121230.000000
0.000000	121230.000000
0.000000	121230.000000
0.000000	121230.000000
0.000000	121230.000000
0.000000	121230.000000
0.000000	121230.000000
0.000000	121230.000000
0.000000	121231.000000
0.000000	121231.000000
0.000000	121231.000000
0.000000	121231.000000
0.000000	121231.000000
0.000000	121231.000000
0.000000	121231.000000
0.000000	121231.000000
0.000000	121231.000000
0.000000	121231.000000
0.000000	121231.000000
0.000000	121231.000000
0.000000	121231.000000
0.000000	121231.000000
0.000000	121231.000000
0.000000	121231.000000
0.000000	121231.000000
0.000000	121232.000000
0.000000	121232.000000
0.000000	121232.000000
0.000000	121232.000000
0.000000	121232.000000
0.000000	121232.000000
0.000000	121232.000000
0.000000	121232.000000
0.000000	121232.000000
0.000000	121232.000000
0.000000	121232.000000
0.000000	121232.000000
0.000000	121232.000000
0.000000	121232.000000
0.000000	121232.000000
0.000000	121232.000000
0.000000	121232.000000
0.000000	121233.000000
0.000000	121233.000000
0.000000	121233.000000
0.000000	121233.000000
0.000000	121233.000000
0.000000	121233.000000
0.000000	121233.000000
0.000000	121233.000000
0.000000	121233.000000
0.000000	121233.000000
0.000000	121233.000000
0.000000	121233.000000
0.000000	121233.000000
0.000000	121233.000000
0.000000	121233.000000
0.000000	121233.000000
0.000000	121233.000000
0.000000	121234.000000
0.000000	121234.000000
0.000000	121234.000000
0.000000	121234.000000
0.000000	121234.000000
0.000000	121234.000000
0.000000	121234.000000
0.000000	121234.000000
0.000000	121234.000000
0.000000	121234.000000
0.000000	121234.000000
0.000000	121234.000000
0.000000	121234.000000
0.000000	121234.000000
0.000000	121234.000000
0.000000	121234.000000
0.000000	121234.000000
0.000000	121235.000000
0.000000	121235.000000
0.000000	121235.000000
0.000000	121235.000000
0.000000	121235.000000
0.000000	121235.000000
0.000000	121235.000000
0.000000	121235.000000
0.000000	121235.000000
0.000000	121235.000000
0.000000	121235.000000
0.000000	121235.000000
0.000000	121235.000000
0.000000	121235.000000
0.000000	121235.000000
0.000000	121235.000000
0.000000	121235.000000
0.000000	121236.000000
0.000000	121236.000000
0.000000	121236.000000
0.000000	121236.000000
0.000000	121236.000000
0.000000	121236.000000
0.000000	121236.000000
0.000000	121236.000000
