0.000000	40342.000000
0.000000	40342.000000
0.000000	40342.000000
0.000000	40342.000000
0.000000	40343.000000
0.000000	40343.000000
0.000000	40343.000000
0.000000	40343.000000
0.000000	40343.000000
0.000000	40343.000000
0.000000	40343.000000
0.000000	40343.000000
0.000000	40343.000000
0.000000	40343.000000
0.000000	40343.000000
0.000000	40343.000000
0.000000	40343.000000
0.000000	40343.000000
0.000000	40343.000000
0.000000	40343.000000
0.000000	40343.000000
0.000000	40344.000000
0.000000	40344.000000
0.000000	40344.000000
0.000000	40344.000000
0.000000	40344.000000
0.000000	40344.000000
0.000000	40344.000000
0.000000	40344.000000
0.000000	40344.000000
0.000000	40344.000000
0.000000	40344.000000
0.000000	40344.000000
0.000000	40344.000000
0.000000	40344.000000
0.000000	40344.000000
0.000000	40344.000000
0.000000	40344.000000
0.000000	40345.000000
0.000000	40345.000000
0.000000	40345.000000
0.000000	40345.000000
0.000000	40345.000000
0.000000	40345.000000
0.000000	40345.000000
0.000000	40345.000000
0.000000	40345.000000
0.000000	40345.000000
0.000000	40345.000000
0.000000	40345.000000
0.000000	40345.000000
0.000000	40345.000000
0.000000	40345.000000
0.000000	40345.000000
0.000000	40345.000000
0.000000	40346.000000
0.000000	40346.000000
0.000000	40346.000000
0.000000	40346.000000
0.000000	40346.000000
0.000000	40346.000000
0.000000	40346.000000
0.000000	40346.000000
0.000000	40346.000000
0.000000	40346.000000
0.000000	40346.000000
0.000000	40346.000000
0.000000	40346.000000
0.000000	40346.000000
0.000000	40346.000000
0.000000	40346.000000
0.000000	40346.000000
0.000000	40347.000000
0.000000	40347.000000
0.000000	40347.000000
0.000000	40347.000000
0.000000	40347.000000
0.000000	40347.000000
0.000000	40347.000000
0.000000	40347.000000
0.000000	40347.000000
0.000000	40347.000000
0.000000	40347.000000
0.000000	40347.000000
0.000000	40347.000000
0.000000	40347.000000
0.000000	40347.000000
0.000000	40347.000000
0.000000	40347.000000
0.000000	40348.000000
0.000000	40348.000000
0.000000	40348.000000
0.000000	40348.000000
0.000000	40348.000000
0.000000	40348.000000
0.000000	40348.000000
0.000000	40348.000000
0.000000	40348.000000
0.000000	40348.000000
0.000000	40348.000000
0.000000	40348.000000
0.000000	40348.000000
0.000000	40348.000000
0.000000	40348.000000
0.000000	40348.000000
0.000000	40348.000000
0.000000	40349.000000
0.000000	40349.000000
0.000000	40349.000000
0.000000	40349.000000
0.000000	40349.000000
0.000000	40349.000000
0.000000	40349.000000
0.000000	40349.000000
0.000000	40349.000000
0.000000	40349.000000
0.000000	40349.000000
0.000000	40349.000000
0.000000	40349.000000
0.000000	40349.000000
0.000000	40349.000000
0.000000	40349.000000
0.000000	40349.000000
0.000000	40350.000000
0.000000	40350.000000
0.000000	40350.000000
0.000000	40350.000000
0.000000	40350.000000
0.000000	40350.000000
0.000000	40350.000000
0.000000	40350.000000
0.000000	40350.000000
0.000000	40350.000000
0.000000	40350.000000
0.000000	40350.000000
0.000000	40350.000000
0.000000	40350.000000
0.000000	40350.000000
0.000000	40350.000000
0.000000	40350.000000
0.000000	40350.000000
0.000000	40351.000000
0.000000	40351.000000
0.000000	40351.000000
0.000000	40351.000000
0.000000	40351.000000
0.000000	40351.000000
0.000000	40351.000000
0.000000	40351.000000
0.000000	40351.000000
0.000000	40351.000000
0.000000	40351.000000
0.000000	40351.000000
0.000000	40351.000000
0.000000	40351.000000
0.000000	40351.000000
0.000000	40351.000000
0.000000	40351.000000
0.000000	40352.000000
0.000000	40352.000000
0.000000	40352.000000
0.000000	40352.000000
0.000000	40352.000000
0.000000	40352.000000
0.000000	40352.000000
0.000000	40352.000000
0.000000	40352.000000
0.000000	40352.000000
0.000000	40352.000000
0.000000	40352.000000
0.000000	40352.000000
0.000000	40352.000000
0.000000	40352.000000
0.000000	40352.000000
0.000000	40352.000000
0.000000	40353.000000
0.000000	40353.000000
0.000000	40353.000000
0.000000	40353.000000
0.000000	40353.000000
0.000000	40353.000000
0.000000	40353.000000
0.000000	40353.000000
0.000000	40353.000000
0.000000	40353.000000
0.000000	40353.000000
0.000000	40353.000000
0.000000	40353.000000
0.000000	40353.000000
0.000000	40353.000000
0.000000	40353.000000
0.000000	40353.000000
0.000000	40354.000000
0.000000	40354.000000
0.000000	40354.000000
0.000000	40354.000000
0.000000	40354.000000
0.000000	40354.000000
0.000000	40354.000000
0.000000	40354.000000
0.000000	40354.000000
0.000000	40354.000000
0.000000	40354.000000
0.000000	40354.000000
0.000000	40354.000000
0.000000	40354.000000
0.000000	40354.000000
0.000000	40354.000000
0.000000	40354.000000
0.000000	40355.000000
0.000000	40355.000000
0.000000	40355.000000
0.000000	40355.000000
0.000000	40355.000000
0.000000	40355.000000
0.000000	40355.000000
0.000000	40355.000000
0.000000	40355.000000
0.000000	40355.000000
0.000000	40355.000000
0.000000	40355.000000
0.000000	40355.000000
0.000000	40355.000000
0.000000	40355.000000
0.000000	40355.000000
0.000000	40355.000000
0.000000	40356.000000
0.000000	40356.000000
0.000000	40356.000000
0.000000	40356.000000
0.000000	40356.000000
0.000000	40356.000000
0.000000	40356.000000
0.000000	40356.000000
0.000000	40356.000000
0.000000	40356.000000
0.000000	40356.000000
0.000000	40356.000000
0.000000	40356.000000
0.000000	40356.000000
0.000000	40356.000000
0.000000	40356.000000
0.000000	40356.000000
0.000000	40357.000000
0.000000	40357.000000
0.000000	40357.000000
0.000000	40357.000000
0.000000	40357.000000
0.000000	40357.000000
0.000000	40357.000000
0.000000	40357.000000
0.000000	40357.000000
0.000000	40357.000000
0.000000	40357.000000
0.000000	40357.000000
0.000000	40357.000000
0.000000	40357.000000
0.000000	40357.000000
0.000000	40357.000000
0.000000	40357.000000
0.000000	40358.000000
0.000000	40358.000000
0.000000	40358.000000
0.000000	40358.000000
0.000000	40358.000000
0.000000	40358.000000
0.000000	40358.000000
0.000000	40358.000000
0.000000	40358.000000
0.000000	40358.000000
0.000000	40358.000000
0.000000	40358.000000
0.000000	40358.000000
0.000000	40358.000000
0.000000	40358.000000
0.000000	40358.000000
0.000000	40358.000000
0.000000	40359.000000
0.000000	40359.000000
0.000000	40359.000000
0.000000	40359.000000
0.000000	40359.000000
0.000000	40359.000000
0.000000	40359.000000
0.000000	40359.000000
0.000000	40359.000000
0.000000	40359.000000
0.000000	40359.000000
0.000000	40359.000000
0.000000	40359.000000
0.000000	40359.000000
0.000000	40359.000000
0.000000	40359.000000
0.000000	40359.000000
0.000000	40400.000000
0.000000	40400.000000
0.000000	40400.000000
0.000000	40400.000000
0.000000	40400.000000
0.000000	40400.000000
0.000000	40400.000000
0.000000	40400.000000
0.000000	40400.000000
0.000000	40400.000000
0.000000	40400.000000
0.000000	40400.000000
0.000000	40400.000000
0.000000	40400.000000
0.000000	40400.000000
0.000000	40400.000000
0.000000	40400.000000
0.000000	40401.000000
0.000000	40401.000000
0.000000	40401.000000
0.000000	40401.000000
0.000000	40401.000000
0.000000	40401.000000
0.000000	40401.000000
0.000000	40401.000000
0.000000	40401.000000
0.000000	40401.000000
0.000000	40401.000000
0.000000	40401.000000
0.000000	40401.000000
0.000000	40401.000000
0.000000	40401.000000
0.000000	40401.000000
0.000000	40401.000000
0.000000	40402.000000
0.000000	40402.000000
0.000000	40402.000000
0.000000	40402.000000
0.000000	40402.000000
0.000000	40402.000000
0.000000	40402.000000
0.000000	40402.000000
0.000000	40402.000000
0.000000	40402.000000
0.000000	40402.000000
0.000000	40402.000000
0.000000	40402.000000
0.000000	40402.000000
0.000000	40402.000000
0.000000	40402.000000
0.000000	40402.000000
0.000000	40403.000000
0.000000	40403.000000
0.000000	40403.000000
0.000000	40403.000000
0.000000	40403.000000
0.000000	40403.000000
0.000000	40403.000000
0.000000	40403.000000
0.000000	40403.000000
0.000000	40403.000000
0.000000	40403.000000
0.000000	40403.000000
0.000000	40403.000000
0.000000	40403.000000
0.000000	40403.000000
0.000000	40403.000000
0.000000	40403.000000
0.000000	40404.000000
0.000000	40404.000000
0.000000	40404.000000
0.000000	40404.000000
0.000000	40404.000000
0.000000	40404.000000
0.000000	40404.000000
0.000000	40404.000000
0.000000	40404.000000
0.000000	40404.000000
0.000000	40404.000000
0.000000	40404.000000
0.000000	40404.000000
0.000000	40404.000000
0.000000	40404.000000
0.000000	40404.000000
0.000000	40404.000000
0.000000	40405.000000
0.000000	40405.000000
0.000000	40405.000000
0.000000	40405.000000
0.000000	40405.000000
0.000000	40405.000000
0.000000	40405.000000
0.000000	40405.000000
0.000000	40405.000000
0.000000	40405.000000
0.000000	40405.000000
0.000000	40405.000000
0.000000	40405.000000
0.000000	40405.000000
0.000000	40405.000000
0.000000	40405.000000
0.000000	40405.000000
0.000000	40405.000000
0.000000	40406.000000
0.000000	40406.000000
0.000000	40406.000000
0.000000	40406.000000
0.000000	40406.000000
0.000000	40406.000000
0.000000	40406.000000
0.000000	40406.000000
0.000000	40406.000000
0.000000	40406.000000
0.000000	40406.000000
0.000000	40406.000000
0.000000	40406.000000
0.000000	40406.000000
0.000000	40406.000000
0.000000	40406.000000
0.000000	40406.000000
0.000000	40407.000000
0.000000	40407.000000
0.000000	40407.000000
0.000000	40407.000000
0.000000	40407.000000
0.000000	40407.000000
0.000000	40407.000000
0.000000	40407.000000
0.000000	40407.000000
0.000000	40407.000000
0.000000	40407.000000
0.000000	40407.000000
0.000000	40407.000000
0.000000	40407.000000
0.000000	40407.000000
0.000000	40407.000000
0.000000	40407.000000
0.000000	40408.000000
0.000000	40408.000000
0.000000	40408.000000
0.000000	40408.000000
0.000000	40408.000000
0.000000	40408.000000
0.000000	40408.000000
0.000000	40408.000000
0.000000	40408.000000
0.000000	40408.000000
0.000000	40408.000000
0.000000	40408.000000
0.000000	40408.000000
0.000000	40408.000000
0.000000	40408.000000
0.000000	40408.000000
0.000000	40408.000000
0.000000	40409.000000
0.000000	40409.000000
0.000000	40409.000000
0.000000	40409.000000
0.000000	40409.000000
0.000000	40409.000000
0.000000	40409.000000
0.000000	40409.000000
0.000000	40409.000000
0.000000	40409.000000
0.000000	40409.000000
0.000000	40409.000000
0.000000	40409.000000
0.000000	40409.000000
0.000000	40409.000000
0.000000	40409.000000
0.000000	40409.000000
0.000000	40410.000000
0.000000	40410.000000
0.000000	40410.000000
0.000000	40410.000000
0.000000	40410.000000
0.000000	40410.000000
0.000000	40410.000000
0.000000	40410.000000
0.000000	40410.000000
0.000000	40410.000000
0.000000	40410.000000
0.000000	40410.000000
0.000000	40410.000000
0.000000	40410.000000
0.000000	40410.000000
0.000000	40410.000000
0.000000	40410.000000
0.000000	40411.000000
0.000000	40411.000000
0.000000	40411.000000
0.000000	40411.000000
0.000000	40411.000000
0.000000	40411.000000
0.000000	40411.000000
0.000000	40411.000000
0.000000	40411.000000
0.000000	40411.000000
0.000000	40411.000000
0.000000	40411.000000
0.000000	40411.000000
0.000000	40411.000000
0.000000	40411.000000
0.000000	40411.000000
0.000000	40411.000000
0.000000	40412.000000
0.000000	40412.000000
0.000000	40412.000000
0.000000	40412.000000
0.000000	40412.000000
0.000000	40412.000000
0.000000	40412.000000
0.000000	40412.000000
0.000000	40412.000000
0.000000	40412.000000
0.000000	40412.000000
0.000000	40412.000000
0.000000	40412.000000
0.000000	40412.000000
0.000000	40412.000000
0.000000	40412.000000
0.000000	40412.000000
0.000000	40413.000000
0.000000	40413.000000
0.000000	40413.000000
0.000000	40413.000000
0.000000	40413.000000
0.000000	40413.000000
0.000000	40413.000000
0.000000	40413.000000
0.000000	40413.000000
0.000000	40413.000000
0.000000	40413.000000
0.000000	40413.000000
0.000000	40413.000000
0.000000	40413.000000
0.000000	40413.000000
0.000000	40413.000000
0.000000	40413.000000
0.000000	40414.000000
0.000000	40414.000000
0.000000	40414.000000
0.000000	40414.000000
0.000000	40414.000000
0.000000	40414.000000
0.000000	40414.000000
0.000000	40414.000000
0.000000	40414.000000
0.000000	40414.000000
0.000000	40414.000000
0.000000	40414.000000
0.000000	40414.000000
0.000000	40414.000000
0.000000	40414.000000
0.000000	40414.000000
0.000000	40414.000000
0.000000	40415.000000
0.000000	40415.000000
0.000000	40415.000000
0.000000	40415.000000
0.000000	40415.000000
0.000000	40415.000000
0.000000	40415.000000
0.000000	40415.000000
0.000000	40415.000000
0.000000	40415.000000
0.000000	40415.000000
0.000000	40415.000000
0.000000	40415.000000
0.000000	40415.000000
0.000000	40415.000000
0.000000	40415.000000
0.000000	40415.000000
0.000000	40416.000000
0.000000	40416.000000
0.000000	40416.000000
0.000000	40416.000000
0.000000	40416.000000
0.000000	40416.000000
0.000000	40416.000000
0.000000	40416.000000
0.000000	40416.000000
0.000000	40416.000000
0.000000	40416.000000
0.000000	40416.000000
0.000000	40416.000000
0.000000	40416.000000
0.000000	40416.000000
0.000000	40416.000000
0.000000	40416.000000
0.000000	40417.000000
0.000000	40417.000000
0.000000	40417.000000
0.000000	40417.000000
0.000000	40417.000000
0.000000	40417.000000
0.000000	40417.000000
0.000000	40417.000000
0.000000	40417.000000
0.000000	40417.000000
0.000000	40417.000000
0.000000	40417.000000
0.000000	40417.000000
0.000000	40417.000000
0.000000	40417.000000
0.000000	40417.000000
0.000000	40417.000000
0.000000	40418.000000
0.000000	40418.000000
0.000000	40418.000000
0.000000	40418.000000
0.000000	40418.000000
0.000000	40418.000000
0.000000	40418.000000
0.000000	40418.000000
0.000000	40418.000000
0.000000	40418.000000
0.000000	40418.000000
0.000000	40418.000000
0.000000	40418.000000
0.000000	40418.000000
0.000000	40418.000000
0.000000	40418.000000
0.000000	40418.000000
0.000000	40419.000000
0.000000	40419.000000
0.000000	40419.000000
0.000000	40419.000000
0.000000	40419.000000
0.000000	40419.000000
0.000000	40419.000000
0.000000	40419.000000
0.000000	40419.000000
0.000000	40419.000000
0.000000	40419.000000
0.000000	40419.000000
0.000000	40419.000000
0.000000	40419.000000
0.000000	40419.000000
0.000000	40419.000000
0.000000	40419.000000
0.000000	40420.000000
0.000000	40420.000000
0.000000	40420.000000
0.000000	40420.000000
0.000000	40420.000000
0.000000	40420.000000
0.000000	40420.000000
0.000000	40420.000000
0.000000	40420.000000
0.000000	40420.000000
0.000000	40420.000000
0.000000	40420.000000
0.000000	40420.000000
0.000000	40420.000000
0.000000	40420.000000
0.000000	40420.000000
0.000000	40420.000000
0.000000	40420.000000
0.000000	40421.000000
0.000000	40421.000000
0.000000	40421.000000
0.000000	40421.000000
0.000000	40421.000000
0.000000	40421.000000
0.000000	40421.000000
0.000000	40421.000000
0.000000	40421.000000
0.000000	40421.000000
0.000000	40421.000000
0.000000	40421.000000
0.000000	40421.000000
0.000000	40421.000000
0.000000	40421.000000
0.000000	40421.000000
0.000000	40421.000000
0.000000	40422.000000
0.000000	40422.000000
0.000000	40422.000000
0.000000	40422.000000
0.000000	40422.000000
0.000000	40422.000000
0.000000	40422.000000
0.000000	40422.000000
0.000000	40422.000000
0.000000	40422.000000
0.000000	40422.000000
0.000000	40422.000000
0.000000	40422.000000
0.000000	40422.000000
0.000000	40422.000000
0.000000	40422.000000
0.000000	40422.000000
0.000000	40423.000000
0.000000	40423.000000
0.000000	40423.000000
0.000000	40423.000000
0.000000	40423.000000
0.000000	40423.000000
0.000000	40423.000000
0.000000	40423.000000
0.000000	40423.000000
0.000000	40423.000000
0.000000	40423.000000
0.000000	40423.000000
0.000000	40423.000000
0.000000	40423.000000
0.000000	40423.000000
0.000000	40423.000000
0.000000	40423.000000
0.000000	40424.000000
0.000000	40424.000000
0.000000	40424.000000
0.000000	40424.000000
0.000000	40424.000000
0.000000	40424.000000
0.000000	40424.000000
0.000000	40424.000000
0.000000	40424.000000
0.000000	40424.000000
0.000000	40424.000000
0.000000	40424.000000
0.000000	40424.000000
0.000000	40424.000000
0.000000	40424.000000
0.000000	40424.000000
0.000000	40424.000000
0.000000	40425.000000
0.000000	40425.000000
0.000000	40425.000000
0.000000	40425.000000
0.000000	40425.000000
0.000000	40425.000000
0.000000	40425.000000
0.000000	40425.000000
0.000000	40425.000000
0.000000	40425.000000
0.000000	40425.000000
0.000000	40425.000000
0.000000	40425.000000
0.000000	40425.000000
0.000000	40425.000000
0.000000	40425.000000
0.000000	40425.000000
0.000000	40426.000000
0.000000	40426.000000
0.000000	40426.000000
0.000000	40426.000000
0.000000	40426.000000
0.000000	40426.000000
0.000000	40426.000000
0.000000	40426.000000
0.000000	40426.000000
0.000000	40426.000000
0.000000	40426.000000
0.000000	40426.000000
0.000000	40426.000000
0.000000	40426.000000
0.000000	40426.000000
0.000000	40426.000000
0.000000	40426.000000
0.000000	40427.000000
0.000000	40427.000000
0.000000	40427.000000
0.000000	40427.000000
0.000000	40427.000000
0.000000	40427.000000
0.000000	40427.000000
0.000000	40427.000000
0.000000	40427.000000
0.000000	40427.000000
0.000000	40427.000000
0.000000	40427.000000
0.000000	40427.000000
0.000000	40427.000000
0.000000	40427.000000
0.000000	40427.000000
0.000000	40427.000000
0.000000	40428.000000
0.000000	40428.000000
0.000000	40428.000000
0.000000	40428.000000
0.000000	40428.000000
0.000000	40428.000000
0.000000	40428.000000
0.000000	40428.000000
0.000000	40428.000000
0.000000	40428.000000
0.000000	40428.000000
0.000000	40428.000000
0.000000	40428.000000
0.000000	40428.000000
0.000000	40428.000000
0.000000	40428.000000
0.000000	40428.000000
0.000000	40429.000000
0.000000	40429.000000
0.000000	40429.000000
0.000000	40429.000000
0.000000	40429.000000
0.000000	40429.000000
0.000000	40429.000000
0.000000	40429.000000
0.000000	40429.000000
0.000000	40429.000000
0.000000	40429.000000
0.000000	40429.000000
0.000000	40429.000000
0.000000	40429.000000
0.000000	40429.000000
0.000000	40429.000000
0.000000	40429.000000
0.000000	40430.000000
0.000000	40430.000000
0.000000	40430.000000
0.000000	40430.000000
0.000000	40430.000000
0.000000	40430.000000
0.000000	40430.000000
0.000000	40430.000000
0.000000	40430.000000
0.000000	40430.000000
0.000000	40430.000000
0.000000	40430.000000
0.000000	40430.000000
0.000000	40430.000000
0.000000	40430.000000
0.000000	40430.000000
0.000000	40430.000000
0.000000	40431.000000
0.000000	40431.000000
0.000000	40431.000000
0.000000	40431.000000
0.000000	40431.000000
0.000000	40431.000000
0.000000	40431.000000
0.000000	40431.000000
0.000000	40431.000000
0.000000	40431.000000
0.000000	40431.000000
0.000000	40431.000000
0.000000	40431.000000
0.000000	40431.000000
0.000000	40431.000000
0.000000	40431.000000
0.000000	40431.000000
0.000000	40432.000000
0.000000	40432.000000
0.000000	40432.000000
0.000000	40432.000000
0.000000	40432.000000
0.000000	40432.000000
0.000000	40432.000000
0.000000	40432.000000
0.000000	40432.000000
0.000000	40432.000000
0.000000	40432.000000
0.000000	40432.000000
0.000000	40432.000000
0.000000	40432.000000
0.000000	40432.000000
0.000000	40432.000000
0.000000	40432.000000
0.000000	40433.000000
0.000000	40433.000000
0.000000	40433.000000
0.000000	40433.000000
0.000000	40433.000000
0.000000	40433.000000
0.000000	40433.000000
0.000000	40433.000000
0.000000	40433.000000
0.000000	40433.000000
0.000000	40433.000000
0.000000	40433.000000
0.000000	40433.000000
0.000000	40433.000000
0.000000	40433.000000
0.000000	40433.000000
0.000000	40433.000000
0.000000	40434.000000
0.000000	40434.000000
0.000000	40434.000000
0.000000	40434.000000
0.000000	40434.000000
0.000000	40434.000000
0.000000	40434.000000
0.000000	40434.000000
0.000000	40434.000000
0.000000	40434.000000
0.000000	40434.000000
0.000000	40434.000000
0.000000	40434.000000
0.000000	40434.000000
0.000000	40434.000000
0.000000	40434.000000
0.000000	40434.000000
0.000000	40435.000000
0.000000	40435.000000
0.000000	40435.000000
0.000000	40435.000000
0.000000	40435.000000
0.000000	40435.000000
0.000000	40435.000000
0.000000	40435.000000
0.000000	40435.000000
0.000000	40435.000000
0.000000	40435.000000
0.000000	40435.000000
0.000000	40435.000000
0.000000	40435.000000
0.000000	40435.000000
0.000000	40435.000000
0.000000	40435.000000
0.000000	40435.000000
0.000000	40436.000000
0.000000	40436.000000
0.000000	40436.000000
0.000000	40436.000000
0.000000	40436.000000
0.000000	40436.000000
0.000000	40436.000000
0.000000	40436.000000
0.000000	40436.000000
0.000000	40436.000000
0.000000	40436.000000
0.000000	40436.000000
0.000000	40436.000000
0.000000	40436.000000
0.000000	40436.000000
0.000000	40436.000000
0.000000	40436.000000
0.000000	40437.000000
0.000000	40437.000000
0.000000	40437.000000
0.000000	40437.000000
0.000000	40437.000000
0.000000	40437.000000
0.000000	40437.000000
0.000000	40437.000000
0.000000	40437.000000
0.000000	40437.000000
0.000000	40437.000000
0.000000	40437.000000
0.000000	40437.000000
0.000000	40437.000000
0.000000	40437.000000
0.000000	40437.000000
0.000000	40437.000000
0.000000	40438.000000
0.000000	40438.000000
0.000000	40438.000000
0.000000	40438.000000
0.000000	40438.000000
0.000000	40438.000000
0.000000	40438.000000
0.000000	40438.000000
0.000000	40438.000000
0.000000	40438.000000
0.000000	40438.000000
0.000000	40438.000000
0.000000	40438.000000
0.000000	40438.000000
0.000000	40438.000000
0.000000	40438.000000
0.000000	40438.000000
0.000000	40439.000000
0.000000	40439.000000
0.000000	40439.000000
0.000000	40439.000000
0.000000	40439.000000
0.000000	40439.000000
0.000000	40439.000000
0.000000	40439.000000
0.000000	40439.000000
0.000000	40439.000000
0.000000	40439.000000
0.000000	40439.000000
0.000000	40439.000000
0.000000	40439.000000
0.000000	40439.000000
0.000000	40439.000000
0.000000	40439.000000
0.000000	40440.000000
0.000000	40440.000000
0.000000	40440.000000
0.000000	40440.000000
0.000000	40440.000000
0.000000	40440.000000
0.000000	40440.000000
0.000000	40440.000000
0.000000	40440.000000
0.000000	40440.000000
0.000000	40440.000000
0.000000	40440.000000
0.000000	40440.000000
0.000000	40440.000000
0.000000	40440.000000
0.000000	40440.000000
0.000000	40440.000000
0.000000	40441.000000
0.000000	40441.000000
0.000000	40441.000000
0.000000	40441.000000
0.000000	40441.000000
0.000000	40441.000000
0.000000	40441.000000
0.000000	40441.000000
0.000000	40441.000000
0.000000	40441.000000
0.000000	40441.000000
0.000000	40441.000000
0.000000	40441.000000
0.000000	40441.000000
0.000000	40441.000000
0.000000	40441.000000
0.000000	40441.000000
0.000000	40442.000000
0.000000	40442.000000
0.000000	40442.000000
0.000000	40442.000000
0.000000	40442.000000
0.000000	40442.000000
0.000000	40442.000000
0.000000	40442.000000
0.000000	40442.000000
0.000000	40442.000000
0.000000	40442.000000
0.000000	40442.000000
0.000000	40442.000000
0.000000	40442.000000
0.000000	40442.000000
0.000000	40442.000000
0.000000	40442.000000
0.000000	40443.000000
0.000000	40443.000000
0.000000	40443.000000
0.000000	40443.000000
0.000000	40443.000000
0.000000	40443.000000
0.000000	40443.000000
0.000000	40443.000000
0.000000	40443.000000
0.000000	40443.000000
0.000000	40443.000000
0.000000	40443.000000
0.000000	40443.000000
0.000000	40443.000000
0.000000	40443.000000
0.000000	40443.000000
0.000000	40443.000000
0.000000	40444.000000
0.000000	40444.000000
0.000000	40444.000000
0.000000	40444.000000
0.000000	40444.000000
0.000000	40444.000000
0.000000	40444.000000
0.000000	40444.000000
0.000000	40444.000000
0.000000	40444.000000
0.000000	40444.000000
0.000000	40444.000000
0.000000	40444.000000
0.000000	40444.000000
0.000000	40444.000000
0.000000	40444.000000
0.000000	40444.000000
0.000000	40445.000000
0.000000	40445.000000
0.000000	40445.000000
0.000000	40445.000000
0.000000	40445.000000
0.000000	40445.000000
0.000000	40445.000000
0.000000	40445.000000
0.000000	40445.000000
0.000000	40445.000000
0.000000	40445.000000
0.000000	40445.000000
0.000000	40445.000000
0.000000	40445.000000
0.000000	40445.000000
0.000000	40445.000000
0.000000	40445.000000
0.000000	40446.000000
0.000000	40446.000000
0.000000	40446.000000
0.000000	40446.000000
0.000000	40446.000000
0.000000	40446.000000
0.000000	40446.000000
0.000000	40446.000000
0.000000	40446.000000
0.000000	40446.000000
0.000000	40446.000000
0.000000	40446.000000
0.000000	40446.000000
0.000000	40446.000000
0.000000	40446.000000
0.000000	40446.000000
0.000000	40446.000000
0.000000	40447.000000
0.000000	40447.000000
0.000000	40447.000000
0.000000	40447.000000
0.000000	40447.000000
0.000000	40447.000000
0.000000	40447.000000
0.000000	40447.000000
0.000000	40447.000000
0.000000	40447.000000
0.000000	40447.000000
0.000000	40447.000000
0.000000	40447.000000
0.000000	40447.000000
0.000000	40447.000000
0.000000	40447.000000
0.000000	40447.000000
0.000000	40448.000000
0.000000	40448.000000
0.000000	40448.000000
0.000000	40448.000000
0.000000	40448.000000
0.000000	40448.000000
0.000000	40448.000000
0.000000	40448.000000
0.000000	40448.000000
0.000000	40448.000000
0.000000	40448.000000
0.000000	40448.000000
0.000000	40448.000000
0.000000	40448.000000
0.000000	40448.000000
0.000000	40448.000000
0.000000	40448.000000
0.000000	40449.000000
0.000000	40449.000000
0.000000	40449.000000
0.000000	40449.000000
0.000000	40449.000000
0.000000	40449.000000
0.000000	40449.000000
0.000000	40449.000000
0.000000	40449.000000
0.000000	40449.000000
0.000000	40449.000000
0.000000	40449.000000
0.000000	40449.000000
0.000000	40449.000000
0.000000	40449.000000
0.000000	40449.000000
0.000000	40449.000000
0.000000	40450.000000
0.000000	40450.000000
0.000000	40450.000000
0.000000	40450.000000
0.000000	40450.000000
0.000000	40450.000000
0.000000	40450.000000
0.000000	40450.000000
0.000000	40450.000000
0.000000	40450.000000
0.000000	40450.000000
0.000000	40450.000000
0.000000	40450.000000
0.000000	40450.000000
0.000000	40450.000000
0.000000	40450.000000
0.000000	40450.000000
0.000000	40450.000000
0.000000	40451.000000
0.000000	40451.000000
0.000000	40451.000000
0.000000	40451.000000
0.000000	40451.000000
0.000000	40451.000000
0.000000	40451.000000
0.000000	40451.000000
0.000000	40451.000000
0.000000	40451.000000
0.000000	40451.000000
0.000000	40451.000000
0.000000	40451.000000
0.000000	40451.000000
0.000000	40451.000000
0.000000	40451.000000
0.000000	40451.000000
0.000000	40452.000000
0.000000	40452.000000
0.000000	40452.000000
0.000000	40452.000000
0.000000	40452.000000
0.000000	40452.000000
0.000000	40452.000000
0.000000	40452.000000
0.000000	40452.000000
0.000000	40452.000000
0.000000	40452.000000
0.000000	40452.000000
0.000000	40452.000000
0.000000	40452.000000
0.000000	40452.000000
0.000000	40452.000000
0.000000	40452.000000
0.000000	40453.000000
0.000000	40453.000000
0.000000	40453.000000
0.000000	40453.000000
0.000000	40453.000000
0.000000	40453.000000
0.000000	40453.000000
0.000000	40453.000000
0.000000	40453.000000
0.000000	40453.000000
0.000000	40453.000000
0.000000	40453.000000
0.000000	40453.000000
0.000000	40453.000000
0.000000	40453.000000
0.000000	40453.000000
0.000000	40453.000000
0.000000	40454.000000
0.000000	40454.000000
0.000000	40454.000000
0.000000	40454.000000
0.000000	40454.000000
0.000000	40454.000000
0.000000	40454.000000
0.000000	40454.000000
0.000000	40454.000000
0.000000	40454.000000
0.000000	40454.000000
0.000000	40454.000000
0.000000	40454.000000
0.000000	40454.000000
0.000000	40454.000000
0.000000	40454.000000
0.000000	40454.000000
0.000000	40455.000000
0.000000	40455.000000
0.000000	40455.000000
0.000000	40455.000000
0.000000	40455.000000
0.000000	40455.000000
0.000000	40455.000000
0.000000	40455.000000
0.000000	40455.000000
0.000000	40455.000000
0.000000	40455.000000
0.000000	40455.000000
0.000000	40455.000000
0.000000	40455.000000
0.000000	40455.000000
0.000000	40455.000000
0.000000	40455.000000
0.000000	40456.000000
0.000000	40456.000000
0.000000	40456.000000
0.000000	40456.000000
0.000000	40456.000000
0.000000	40456.000000
0.000000	40456.000000
0.000000	40456.000000
0.000000	40456.000000
0.000000	40456.000000
0.000000	40456.000000
0.000000	40456.000000
0.000000	40456.000000
0.000000	40456.000000
0.000000	40456.000000
0.000000	40456.000000
0.000000	40456.000000
0.000000	40457.000000
0.000000	40457.000000
0.000000	40457.000000
0.000000	40457.000000
0.000000	40457.000000
0.000000	40457.000000
0.000000	40457.000000
0.000000	40457.000000
0.000000	40457.000000
0.000000	40457.000000
0.000000	40457.000000
0.000000	40457.000000
0.000000	40457.000000
0.000000	40457.000000
0.000000	40457.000000
0.000000	40457.000000
0.000000	40457.000000
0.000000	40458.000000
0.000000	40458.000000
0.000000	40458.000000
0.000000	40458.000000
0.000000	40458.000000
0.000000	40458.000000
0.000000	40458.000000
0.000000	40458.000000
0.000000	40458.000000
0.000000	40458.000000
0.000000	40458.000000
0.000000	40458.000000
0.000000	40458.000000
0.000000	40458.000000
0.000000	40458.000000
0.000000	40458.000000
0.000000	40458.000000
0.000000	40459.000000
0.000000	40459.000000
0.000000	40459.000000
0.000000	40459.000000
0.000000	40459.000000
0.000000	40459.000000
0.000000	40459.000000
0.000000	40459.000000
0.000000	40459.000000
0.000000	40459.000000
0.000000	40459.000000
0.000000	40459.000000
0.000000	40459.000000
0.000000	40459.000000
0.000000	40459.000000
0.000000	40459.000000
0.000000	40459.000000
0.000000	40500.000000
0.000000	40500.000000
0.000000	40500.000000
0.000000	40500.000000
0.000000	40500.000000
0.000000	40500.000000
0.000000	40500.000000
0.000000	40500.000000
0.000000	40500.000000
0.000000	40500.000000
0.000000	40500.000000
0.000000	40500.000000
0.000000	40500.000000
0.000000	40500.000000
0.000000	40500.000000
0.000000	40500.000000
0.000000	40500.000000
0.000000	40501.000000
0.000000	40501.000000
0.000000	40501.000000
0.000000	40501.000000
0.000000	40501.000000
0.000000	40501.000000
0.000000	40501.000000
0.000000	40501.000000
0.000000	40501.000000
0.000000	40501.000000
0.000000	40501.000000
0.000000	40501.000000
0.000000	40501.000000
0.000000	40501.000000
0.000000	40501.000000
0.000000	40501.000000
0.000000	40501.000000
0.000000	40502.000000
0.000000	40502.000000
0.000000	40502.000000
0.000000	40502.000000
0.000000	40502.000000
0.000000	40502.000000
0.000000	40502.000000
0.000000	40502.000000
0.000000	40502.000000
0.000000	40502.000000
0.000000	40502.000000
0.000000	40502.000000
0.000000	40502.000000
0.000000	40502.000000
0.000000	40502.000000
0.000000	40502.000000
0.000000	40502.000000
0.000000	40503.000000
0.000000	40503.000000
0.000000	40503.000000
0.000000	40503.000000
0.000000	40503.000000
0.000000	40503.000000
0.000000	40503.000000
0.000000	40503.000000
0.000000	40503.000000
0.000000	40503.000000
0.000000	40503.000000
0.000000	40503.000000
0.000000	40503.000000
0.000000	40503.000000
0.000000	40503.000000
0.000000	40503.000000
0.000000	40503.000000
0.000000	40504.000000
0.000000	40504.000000
0.000000	40504.000000
0.000000	40504.000000
0.000000	40504.000000
0.000000	40504.000000
0.000000	40504.000000
0.000000	40504.000000
0.000000	40504.000000
0.000000	40504.000000
0.000000	40504.000000
0.000000	40504.000000
0.000000	40504.000000
0.000000	40504.000000
0.000000	40504.000000
0.000000	40504.000000
0.000000	40504.000000
0.000000	40505.000000
0.000000	40505.000000
0.000000	40505.000000
0.000000	40505.000000
0.000000	40505.000000
0.000000	40505.000000
0.000000	40505.000000
0.000000	40505.000000
0.000000	40505.000000
0.000000	40505.000000
0.000000	40505.000000
0.000000	40505.000000
0.000000	40505.000000
0.000000	40505.000000
0.000000	40505.000000
0.000000	40505.000000
0.000000	40505.000000
0.000000	40505.000000
0.000000	40506.000000
0.000000	40506.000000
0.000000	40506.000000
0.000000	40506.000000
0.000000	40506.000000
0.000000	40506.000000
0.000000	40506.000000
0.000000	40506.000000
0.000000	40506.000000
0.000000	40506.000000
0.000000	40506.000000
0.000000	40506.000000
0.000000	40506.000000
0.000000	40506.000000
0.000000	40506.000000
0.000000	40506.000000
0.000000	40506.000000
0.000000	40507.000000
0.000000	40507.000000
0.000000	40507.000000
0.000000	40507.000000
0.000000	40507.000000
0.000000	40507.000000
0.000000	40507.000000
0.000000	40507.000000
0.000000	40507.000000
0.000000	40507.000000
0.000000	40507.000000
0.000000	40507.000000
0.000000	40507.000000
0.000000	40507.000000
0.000000	40507.000000
0.000000	40507.000000
0.000000	40507.000000
0.000000	40508.000000
0.000000	40508.000000
0.000000	40508.000000
0.000000	40508.000000
0.000000	40508.000000
0.000000	40508.000000
0.000000	40508.000000
0.000000	40508.000000
0.000000	40508.000000
0.000000	40508.000000
0.000000	40508.000000
0.000000	40508.000000
0.000000	40508.000000
0.000000	40508.000000
0.000000	40508.000000
0.000000	40508.000000
0.000000	40508.000000
0.000000	40509.000000
0.000000	40509.000000
0.000000	40509.000000
0.000000	40509.000000
0.000000	40509.000000
0.000000	40509.000000
0.000000	40509.000000
0.000000	40509.000000
0.000000	40509.000000
0.000000	40509.000000
0.000000	40509.000000
0.000000	40509.000000
0.000000	40509.000000
0.000000	40509.000000
0.000000	40509.000000
0.000000	40509.000000
0.000000	40509.000000
0.000000	40510.000000
0.000000	40510.000000
0.000000	40510.000000
0.000000	40510.000000
0.000000	40510.000000
0.000000	40510.000000
0.000000	40510.000000
0.000000	40510.000000
0.000000	40510.000000
0.000000	40510.000000
0.000000	40510.000000
0.000000	40510.000000
0.000000	40510.000000
0.000000	40510.000000
0.000000	40510.000000
0.000000	40510.000000
0.000000	40510.000000
0.000000	40511.000000
0.000000	40511.000000
0.000000	40511.000000
0.000000	40511.000000
0.000000	40511.000000
0.000000	40511.000000
0.000000	40511.000000
0.000000	40511.000000
0.000000	40511.000000
0.000000	40511.000000
0.000000	40511.000000
0.000000	40511.000000
0.000000	40511.000000
0.000000	40511.000000
0.000000	40511.000000
0.000000	40511.000000
0.000000	40511.000000
0.000000	40512.000000
0.000000	40512.000000
0.000000	40512.000000
0.000000	40512.000000
0.000000	40512.000000
0.000000	40512.000000
0.000000	40512.000000
0.000000	40512.000000
0.000000	40512.000000
0.000000	40512.000000
0.000000	40512.000000
0.000000	40512.000000
0.000000	40512.000000
0.000000	40512.000000
0.000000	40512.000000
0.000000	40512.000000
0.000000	40512.000000
0.000000	40513.000000
0.000000	40513.000000
0.000000	40513.000000
0.000000	40513.000000
0.000000	40513.000000
0.000000	40513.000000
0.000000	40513.000000
0.000000	40513.000000
0.000000	40513.000000
0.000000	40513.000000
0.000000	40513.000000
0.000000	40513.000000
0.000000	40513.000000
0.000000	40513.000000
0.000000	40513.000000
0.000000	40513.000000
0.000000	40513.000000
0.000000	40514.000000
0.000000	40514.000000
0.000000	40514.000000
0.000000	40514.000000
0.000000	40514.000000
0.000000	40514.000000
0.000000	40514.000000
0.000000	40514.000000
0.000000	40514.000000
0.000000	40514.000000
0.000000	40514.000000
0.000000	40514.000000
0.000000	40514.000000
0.000000	40514.000000
0.000000	40514.000000
0.000000	40514.000000
0.000000	40514.000000
0.000000	40515.000000
0.000000	40515.000000
0.000000	40515.000000
0.000000	40515.000000
0.000000	40515.000000
0.000000	40515.000000
0.000000	40515.000000
0.000000	40515.000000
0.000000	40515.000000
0.000000	40515.000000
0.000000	40515.000000
0.000000	40515.000000
0.000000	40515.000000
0.000000	40515.000000
0.000000	40515.000000
0.000000	40515.000000
0.000000	40515.000000
0.000000	40516.000000
0.000000	40516.000000
0.000000	40516.000000
0.000000	40516.000000
0.000000	40516.000000
0.000000	40516.000000
0.000000	40516.000000
0.000000	40516.000000
0.000000	40516.000000
0.000000	40516.000000
0.000000	40516.000000
0.000000	40516.000000
0.000000	40516.000000
0.000000	40516.000000
0.000000	40516.000000
0.000000	40516.000000
0.000000	40516.000000
0.000000	40517.000000
0.000000	40517.000000
0.000000	40517.000000
0.000000	40517.000000
0.000000	40517.000000
0.000000	40517.000000
0.000000	40517.000000
0.000000	40517.000000
0.000000	40517.000000
0.000000	40517.000000
0.000000	40517.000000
0.000000	40517.000000
0.000000	40517.000000
0.000000	40517.000000
0.000000	40517.000000
0.000000	40517.000000
0.000000	40517.000000
0.000000	40518.000000
0.000000	40518.000000
0.000000	40518.000000
0.000000	40518.000000
0.000000	40518.000000
0.000000	40518.000000
0.000000	40518.000000
0.000000	40518.000000
0.000000	40518.000000
0.000000	40518.000000
0.000000	40518.000000
0.000000	40518.000000
0.000000	40518.000000
0.000000	40518.000000
0.000000	40518.000000
0.000000	40518.000000
0.000000	40518.000000
0.000000	40519.000000
0.000000	40519.000000
0.000000	40519.000000
0.000000	40519.000000
0.000000	40519.000000
0.000000	40519.000000
0.000000	40519.000000
0.000000	40519.000000
0.000000	40519.000000
0.000000	40519.000000
0.000000	40519.000000
0.000000	40519.000000
0.000000	40519.000000
0.000000	40519.000000
0.000000	40519.000000
0.000000	40519.000000
0.000000	40519.000000
0.000000	40520.000000
0.000000	40520.000000
0.000000	40520.000000
0.000000	40520.000000
0.000000	40520.000000
0.000000	40520.000000
0.000000	40520.000000
0.000000	40520.000000
0.000000	40520.000000
0.000000	40520.000000
0.000000	40520.000000
0.000000	40520.000000
0.000000	40520.000000
0.000000	40520.000000
0.000000	40520.000000
0.000000	40520.000000
0.000000	40520.000000
0.000000	40520.000000
0.000000	40521.000000
0.000000	40521.000000
0.000000	40521.000000
0.000000	40521.000000
0.000000	40521.000000
0.000000	40521.000000
0.000000	40521.000000
0.000000	40521.000000
0.000000	40521.000000
0.000000	40521.000000
0.000000	40521.000000
0.000000	40521.000000
0.000000	40521.000000
0.000000	40521.000000
0.000000	40521.000000
0.000000	40521.000000
0.000000	40521.000000
0.000000	40522.000000
0.000000	40522.000000
0.000000	40522.000000
0.000000	40522.000000
0.000000	40522.000000
0.000000	40522.000000
0.000000	40522.000000
0.000000	40522.000000
0.000000	40522.000000
0.000000	40522.000000
0.000000	40522.000000
0.000000	40522.000000
0.000000	40522.000000
0.000000	40522.000000
0.000000	40522.000000
0.000000	40522.000000
0.000000	40522.000000
0.000000	40523.000000
0.000000	40523.000000
0.000000	40523.000000
0.000000	40523.000000
0.000000	40523.000000
0.000000	40523.000000
0.000000	40523.000000
0.000000	40523.000000
0.000000	40523.000000
0.000000	40523.000000
0.000000	40523.000000
0.000000	40523.000000
0.000000	40523.000000
0.000000	40523.000000
0.000000	40523.000000
0.000000	40523.000000
0.000000	40523.000000
0.000000	40524.000000
0.000000	40524.000000
0.000000	40524.000000
0.000000	40524.000000
0.000000	40524.000000
0.000000	40524.000000
0.000000	40524.000000
0.000000	40524.000000
0.000000	40524.000000
0.000000	40524.000000
0.000000	40524.000000
0.000000	40524.000000
0.000000	40524.000000
0.000000	40524.000000
0.000000	40524.000000
0.000000	40524.000000
0.000000	40524.000000
0.000000	40525.000000
0.000000	40525.000000
0.000000	40525.000000
0.000000	40525.000000
0.000000	40525.000000
0.000000	40525.000000
0.000000	40525.000000
0.000000	40525.000000
0.000000	40525.000000
0.000000	40525.000000
0.000000	40525.000000
0.000000	40525.000000
0.000000	40525.000000
0.000000	40525.000000
0.000000	40525.000000
0.000000	40525.000000
0.000000	40525.000000
0.000000	40526.000000
0.000000	40526.000000
0.000000	40526.000000
0.000000	40526.000000
0.000000	40526.000000
0.000000	40526.000000
0.000000	40526.000000
0.000000	40526.000000
0.000000	40526.000000
0.000000	40526.000000
0.000000	40526.000000
0.000000	40526.000000
0.000000	40526.000000
0.000000	40526.000000
0.000000	40526.000000
0.000000	40526.000000
0.000000	40526.000000
0.000000	40527.000000
0.000000	40527.000000
0.000000	40527.000000
0.000000	40527.000000
0.000000	40527.000000
0.000000	40527.000000
0.000000	40527.000000
0.000000	40527.000000
0.000000	40527.000000
0.000000	40527.000000
0.000000	40527.000000
0.000000	40527.000000
0.000000	40527.000000
0.000000	40527.000000
0.000000	40527.000000
0.000000	40527.000000
0.000000	40527.000000
0.000000	40528.000000
0.000000	40528.000000
0.000000	40528.000000
0.000000	40528.000000
0.000000	40528.000000
0.000000	40528.000000
0.000000	40528.000000
0.000000	40528.000000
0.000000	40528.000000
0.000000	40528.000000
0.000000	40528.000000
0.000000	40528.000000
0.000000	40528.000000
0.000000	40528.000000
0.000000	40528.000000
0.000000	40528.000000
0.000000	40528.000000
0.000000	40529.000000
0.000000	40529.000000
0.000000	40529.000000
0.000000	40529.000000
0.000000	40529.000000
0.000000	40529.000000
0.000000	40529.000000
0.000000	40529.000000
0.000000	40529.000000
0.000000	40529.000000
0.000000	40529.000000
0.000000	40529.000000
0.000000	40529.000000
0.000000	40529.000000
0.000000	40529.000000
0.000000	40529.000000
0.000000	40529.000000
0.000000	40530.000000
0.000000	40530.000000
0.000000	40530.000000
0.000000	40530.000000
0.000000	40530.000000
0.000000	40530.000000
0.000000	40530.000000
0.000000	40530.000000
0.000000	40530.000000
0.000000	40530.000000
0.000000	40530.000000
0.000000	40530.000000
0.000000	40530.000000
0.000000	40530.000000
0.000000	40530.000000
0.000000	40530.000000
0.000000	40530.000000
0.000000	40531.000000
0.000000	40531.000000
0.000000	40531.000000
0.000000	40531.000000
0.000000	40531.000000
0.000000	40531.000000
0.000000	40531.000000
0.000000	40531.000000
0.000000	40531.000000
0.000000	40531.000000
0.000000	40531.000000
0.000000	40531.000000
0.000000	40531.000000
0.000000	40531.000000
0.000000	40531.000000
0.000000	40531.000000
0.000000	40531.000000
0.000000	40532.000000
0.000000	40532.000000
0.000000	40532.000000
0.000000	40532.000000
0.000000	40532.000000
0.000000	40532.000000
0.000000	40532.000000
0.000000	40532.000000
0.000000	40532.000000
0.000000	40532.000000
0.000000	40532.000000
0.000000	40532.000000
0.000000	40532.000000
0.000000	40532.000000
0.000000	40532.000000
0.000000	40532.000000
0.000000	40532.000000
0.000000	40533.000000
0.000000	40533.000000
0.000000	40533.000000
0.000000	40533.000000
0.000000	40533.000000
0.000000	40533.000000
0.000000	40533.000000
0.000000	40533.000000
0.000000	40533.000000
0.000000	40533.000000
0.000000	40533.000000
0.000000	40533.000000
0.000000	40533.000000
0.000000	40533.000000
0.000000	40533.000000
0.000000	40533.000000
0.000000	40533.000000
0.000000	40534.000000
0.000000	40534.000000
0.000000	40534.000000
0.000000	40534.000000
0.000000	40534.000000
0.000000	40534.000000
0.000000	40534.000000
0.000000	40534.000000
0.000000	40534.000000
0.000000	40534.000000
0.000000	40534.000000
0.000000	40534.000000
0.000000	40534.000000
0.000000	40534.000000
0.000000	40534.000000
0.000000	40534.000000
0.000000	40534.000000
0.000000	40535.000000
0.000000	40535.000000
0.000000	40535.000000
0.000000	40535.000000
0.000000	40535.000000
0.000000	40535.000000
0.000000	40535.000000
0.000000	40535.000000
0.000000	40535.000000
0.000000	40535.000000
0.000000	40535.000000
0.000000	40535.000000
0.000000	40535.000000
0.000000	40535.000000
0.000000	40535.000000
0.000000	40535.000000
0.000000	40535.000000
0.000000	40536.000000
0.000000	40536.000000
0.000000	40536.000000
0.000000	40536.000000
0.000000	40536.000000
0.000000	40536.000000
0.000000	40536.000000
0.000000	40536.000000
0.000000	40536.000000
0.000000	40536.000000
0.000000	40536.000000
0.000000	40536.000000
0.000000	40536.000000
0.000000	40536.000000
0.000000	40536.000000
0.000000	40536.000000
0.000000	40536.000000
0.000000	40536.000000
0.000000	40537.000000
0.000000	40537.000000
0.000000	40537.000000
0.000000	40537.000000
0.000000	40537.000000
0.000000	40537.000000
0.000000	40537.000000
0.000000	40537.000000
0.000000	40537.000000
0.000000	40537.000000
0.000000	40537.000000
0.000000	40537.000000
0.000000	40537.000000
0.000000	40537.000000
0.000000	40537.000000
0.000000	40537.000000
0.000000	40537.000000
0.000000	40538.000000
0.000000	40538.000000
0.000000	40538.000000
0.000000	40538.000000
0.000000	40538.000000
0.000000	40538.000000
0.000000	40538.000000
0.000000	40538.000000
0.000000	40538.000000
0.000000	40538.000000
0.000000	40538.000000
0.000000	40538.000000
0.000000	40538.000000
0.000000	40538.000000
0.000000	40538.000000
0.000000	40538.000000
0.000000	40538.000000
0.000000	40539.000000
0.000000	40539.000000
0.000000	40539.000000
0.000000	40539.000000
0.000000	40539.000000
0.000000	40539.000000
0.000000	40539.000000
0.000000	40539.000000
0.000000	40539.000000
0.000000	40539.000000
0.000000	40539.000000
0.000000	40539.000000
0.000000	40539.000000
0.000000	40539.000000
0.000000	40539.000000
0.000000	40539.000000
0.000000	40539.000000
0.000000	40540.000000
0.000000	40540.000000
0.000000	40540.000000
0.000000	40540.000000
0.000000	40540.000000
0.000000	40540.000000
0.000000	40540.000000
0.000000	40540.000000
0.000000	40540.000000
0.000000	40540.000000
0.000000	40540.000000
0.000000	40540.000000
0.000000	40540.000000
0.000000	40540.000000
0.000000	40540.000000
0.000000	40540.000000
0.000000	40540.000000
0.000000	40541.000000
0.000000	40541.000000
0.000000	40541.000000
0.000000	40541.000000
0.000000	40541.000000
0.000000	40541.000000
0.000000	40541.000000
0.000000	40541.000000
0.000000	40541.000000
0.000000	40541.000000
0.000000	40541.000000
0.000000	40541.000000
0.000000	40541.000000
0.000000	40541.000000
0.000000	40541.000000
0.000000	40541.000000
0.000000	40541.000000
0.000000	40542.000000
0.000000	40542.000000
0.000000	40542.000000
0.000000	40542.000000
0.000000	40542.000000
0.000000	40542.000000
0.000000	40542.000000
0.000000	40542.000000
0.000000	40542.000000
0.000000	40542.000000
0.000000	40542.000000
0.000000	40542.000000
0.000000	40542.000000
0.000000	40542.000000
0.000000	40542.000000
0.000000	40542.000000
0.000000	40542.000000
0.000000	40543.000000
0.000000	40543.000000
0.000000	40543.000000
0.000000	40543.000000
0.000000	40543.000000
0.000000	40543.000000
0.000000	40543.000000
0.000000	40543.000000
0.000000	40543.000000
0.000000	40543.000000
0.000000	40543.000000
0.000000	40543.000000
0.000000	40543.000000
0.000000	40543.000000
0.000000	40543.000000
0.000000	40543.000000
0.000000	40543.000000
0.000000	40544.000000
0.000000	40544.000000
0.000000	40544.000000
0.000000	40544.000000
0.000000	40544.000000
0.000000	40544.000000
0.000000	40544.000000
0.000000	40544.000000
0.000000	40544.000000
0.000000	40544.000000
0.000000	40544.000000
0.000000	40544.000000
0.000000	40544.000000
0.000000	40544.000000
0.000000	40544.000000
0.000000	40544.000000
0.000000	40544.000000
0.000000	40545.000000
0.000000	40545.000000
0.000000	40545.000000
0.000000	40545.000000
0.000000	40545.000000
0.000000	40545.000000
0.000000	40545.000000
0.000000	40545.000000
0.000000	40545.000000
0.000000	40545.000000
0.000000	40545.000000
0.000000	40545.000000
0.000000	40545.000000
0.000000	40545.000000
0.000000	40545.000000
0.000000	40545.000000
0.000000	40545.000000
0.000000	40546.000000
0.000000	40546.000000
0.000000	40546.000000
0.000000	40546.000000
0.000000	40546.000000
0.000000	40546.000000
0.000000	40546.000000
0.000000	40546.000000
0.000000	40546.000000
0.000000	40546.000000
0.000000	40546.000000
0.000000	40546.000000
0.000000	40546.000000
0.000000	40546.000000
0.000000	40546.000000
0.000000	40546.000000
0.000000	40546.000000
0.000000	40547.000000
0.000000	40547.000000
0.000000	40547.000000
0.000000	40547.000000
0.000000	40547.000000
0.000000	40547.000000
0.000000	40547.000000
0.000000	40547.000000
0.000000	40547.000000
0.000000	40547.000000
0.000000	40547.000000
0.000000	40547.000000
0.000000	40547.000000
0.000000	40547.000000
0.000000	40547.000000
0.000000	40547.000000
0.000000	40547.000000
0.000000	40548.000000
0.000000	40548.000000
0.000000	40548.000000
0.000000	40548.000000
0.000000	40548.000000
0.000000	40548.000000
0.000000	40548.000000
0.000000	40548.000000
0.000000	40548.000000
0.000000	40548.000000
0.000000	40548.000000
0.000000	40548.000000
0.000000	40548.000000
0.000000	40548.000000
0.000000	40548.000000
0.000000	40548.000000
0.000000	40548.000000
0.000000	40549.000000
0.000000	40549.000000
0.000000	40549.000000
0.000000	40549.000000
0.000000	40549.000000
0.000000	40549.000000
0.000000	40549.000000
0.000000	40549.000000
0.000000	40549.000000
0.000000	40549.000000
0.000000	40549.000000
0.000000	40549.000000
0.000000	40549.000000
0.000000	40549.000000
0.000000	40549.000000
0.000000	40549.000000
0.000000	40549.000000
0.000000	40550.000000
0.000000	40550.000000
0.000000	40550.000000
0.000000	40550.000000
0.000000	40550.000000
0.000000	40550.000000
0.000000	40550.000000
0.000000	40550.000000
0.000000	40550.000000
0.000000	40550.000000
0.000000	40550.000000
0.000000	40550.000000
0.000000	40550.000000
0.000000	40550.000000
0.000000	40550.000000
0.000000	40550.000000
0.000000	40550.000000
0.000000	40551.000000
0.000000	40551.000000
0.000000	40551.000000
0.000000	40551.000000
0.000000	40551.000000
0.000000	40551.000000
0.000000	40551.000000
0.000000	40551.000000
0.000000	40551.000000
0.000000	40551.000000
0.000000	40551.000000
0.000000	40551.000000
0.000000	40551.000000
0.000000	40551.000000
0.000000	40551.000000
0.000000	40551.000000
0.000000	40551.000000
0.000000	40551.000000
0.000000	40552.000000
0.000000	40552.000000
0.000000	40552.000000
0.000000	40552.000000
0.000000	40552.000000
0.000000	40552.000000
0.000000	40552.000000
0.000000	40552.000000
0.000000	40552.000000
0.000000	40552.000000
0.000000	40552.000000
0.000000	40552.000000
0.000000	40552.000000
0.000000	40552.000000
0.000000	40552.000000
0.000000	40552.000000
0.000000	40552.000000
0.000000	40553.000000
0.000000	40553.000000
0.000000	40553.000000
0.000000	40553.000000
0.000000	40553.000000
0.000000	40553.000000
0.000000	40553.000000
0.000000	40553.000000
0.000000	40553.000000
0.000000	40553.000000
0.000000	40553.000000
0.000000	40553.000000
0.000000	40553.000000
0.000000	40553.000000
0.000000	40553.000000
0.000000	40553.000000
0.000000	40553.000000
0.000000	40554.000000
0.000000	40554.000000
0.000000	40554.000000
0.000000	40554.000000
0.000000	40554.000000
0.000000	40554.000000
0.000000	40554.000000
0.000000	40554.000000
0.000000	40554.000000
0.000000	40554.000000
0.000000	40554.000000
0.000000	40554.000000
0.000000	40554.000000
0.000000	40554.000000
0.000000	40554.000000
0.000000	40554.000000
0.000000	40554.000000
0.000000	40555.000000
0.000000	40555.000000
0.000000	40555.000000
0.000000	40555.000000
0.000000	40555.000000
0.000000	40555.000000
0.000000	40555.000000
0.000000	40555.000000
0.000000	40555.000000
0.000000	40555.000000
0.000000	40555.000000
0.000000	40555.000000
0.000000	40555.000000
0.000000	40555.000000
0.000000	40555.000000
0.000000	40555.000000
0.000000	40555.000000
0.000000	40556.000000
0.000000	40556.000000
0.000000	40556.000000
0.000000	40556.000000
0.000000	40556.000000
0.000000	40556.000000
0.000000	40556.000000
0.000000	40556.000000
0.000000	40556.000000
0.000000	40556.000000
0.000000	40556.000000
0.000000	40556.000000
0.000000	40556.000000
0.000000	40556.000000
0.000000	40556.000000
0.000000	40556.000000
0.000000	40556.000000
0.000000	40557.000000
0.000000	40557.000000
0.000000	40557.000000
0.000000	40557.000000
0.000000	40557.000000
0.000000	40557.000000
0.000000	40557.000000
0.000000	40557.000000
0.000000	40557.000000
0.000000	40557.000000
0.000000	40557.000000
0.000000	40557.000000
0.000000	40557.000000
0.000000	40557.000000
0.000000	40557.000000
0.000000	40557.000000
0.000000	40557.000000
0.000000	40558.000000
0.000000	40558.000000
0.000000	40558.000000
0.000000	40558.000000
0.000000	40558.000000
0.000000	40558.000000
0.000000	40558.000000
0.000000	40558.000000
0.000000	40558.000000
0.000000	40558.000000
0.000000	40558.000000
0.000000	40558.000000
0.000000	40558.000000
0.000000	40558.000000
0.000000	40558.000000
0.000000	40558.000000
0.000000	40558.000000
0.000000	40559.000000
0.000000	40559.000000
0.000000	40559.000000
0.000000	40559.000000
0.000000	40559.000000
0.000000	40559.000000
0.000000	40559.000000
0.000000	40559.000000
0.000000	40559.000000
0.000000	40559.000000
0.000000	40559.000000
0.000000	40559.000000
0.000000	40559.000000
0.000000	40559.000000
0.000000	40559.000000
0.000000	40559.000000
0.000000	40559.000000
0.000000	40600.000000
0.000000	40600.000000
0.000000	40600.000000
0.000000	40600.000000
0.000000	40600.000000
0.000000	40600.000000
0.000000	40600.000000
0.000000	40600.000000
0.000000	40600.000000
0.000000	40600.000000
0.000000	40600.000000
0.000000	40600.000000
0.000000	40600.000000
0.000000	40600.000000
0.000000	40600.000000
0.000000	40600.000000
0.000000	40600.000000
0.000000	40601.000000
0.000000	40601.000000
0.000000	40601.000000
0.000000	40601.000000
0.000000	40601.000000
0.000000	40601.000000
0.000000	40601.000000
0.000000	40601.000000
0.000000	40601.000000
0.000000	40601.000000
0.000000	40601.000000
0.000000	40601.000000
0.000000	40601.000000
0.000000	40601.000000
0.000000	40601.000000
0.000000	40601.000000
0.000000	40601.000000
0.000000	40602.000000
0.000000	40602.000000
0.000000	40602.000000
0.000000	40602.000000
0.000000	40602.000000
0.000000	40602.000000
0.000000	40602.000000
0.000000	40602.000000
0.000000	40602.000000
0.000000	40602.000000
0.000000	40602.000000
0.000000	40602.000000
0.000000	40602.000000
0.000000	40602.000000
0.000000	40602.000000
0.000000	40602.000000
0.000000	40602.000000
0.000000	40603.000000
0.000000	40603.000000
0.000000	40603.000000
0.000000	40603.000000
0.000000	40603.000000
0.000000	40603.000000
0.000000	40603.000000
0.000000	40603.000000
0.000000	40603.000000
0.000000	40603.000000
0.000000	40603.000000
0.000000	40603.000000
0.000000	40603.000000
0.000000	40603.000000
0.000000	40603.000000
0.000000	40603.000000
0.000000	40603.000000
0.000000	40604.000000
0.000000	40604.000000
0.000000	40604.000000
0.000000	40604.000000
0.000000	40604.000000
0.000000	40604.000000
0.000000	40604.000000
0.000000	40604.000000
0.000000	40604.000000
0.000000	40604.000000
0.000000	40604.000000
0.000000	40604.000000
0.000000	40604.000000
0.000000	40604.000000
0.000000	40604.000000
0.000000	40604.000000
0.000000	40604.000000
0.000000	40605.000000
0.000000	40605.000000
0.000000	40605.000000
0.000000	40605.000000
0.000000	40605.000000
0.000000	40605.000000
0.000000	40605.000000
0.000000	40605.000000
0.000000	40605.000000
0.000000	40605.000000
0.000000	40605.000000
0.000000	40605.000000
0.000000	40605.000000
0.000000	40605.000000
0.000000	40605.000000
0.000000	40605.000000
0.000000	40605.000000
0.000000	40606.000000
0.000000	40606.000000
0.000000	40606.000000
0.000000	40606.000000
0.000000	40606.000000
0.000000	40606.000000
0.000000	40606.000000
0.000000	40606.000000
0.000000	40606.000000
0.000000	40606.000000
0.000000	40606.000000
0.000000	40606.000000
0.000000	40606.000000
0.000000	40606.000000
0.000000	40606.000000
0.000000	40606.000000
0.000000	40606.000000
0.000000	40606.000000
0.000000	40607.000000
0.000000	40607.000000
0.000000	40607.000000
0.000000	40607.000000
0.000000	40607.000000
0.000000	40607.000000
0.000000	40607.000000
0.000000	40607.000000
0.000000	40607.000000
0.000000	40607.000000
0.000000	40607.000000
0.000000	40607.000000
0.000000	40607.000000
0.000000	40607.000000
0.000000	40607.000000
0.000000	40607.000000
0.000000	40607.000000
0.000000	40608.000000
0.000000	40608.000000
0.000000	40608.000000
0.000000	40608.000000
0.000000	40608.000000
0.000000	40608.000000
0.000000	40608.000000
0.000000	40608.000000
0.000000	40608.000000
0.000000	40608.000000
0.000000	40608.000000
0.000000	40608.000000
0.000000	40608.000000
0.000000	40608.000000
0.000000	40608.000000
0.000000	40608.000000
0.000000	40608.000000
0.000000	40609.000000
0.000000	40609.000000
0.000000	40609.000000
0.000000	40609.000000
0.000000	40609.000000
0.000000	40609.000000
0.000000	40609.000000
0.000000	40609.000000
0.000000	40609.000000
0.000000	40609.000000
0.000000	40609.000000
0.000000	40609.000000
0.000000	40609.000000
0.000000	40609.000000
0.000000	40609.000000
0.000000	40609.000000
0.000000	40609.000000
0.000000	40610.000000
0.000000	40610.000000
0.000000	40610.000000
0.000000	40610.000000
0.000000	40610.000000
0.000000	40610.000000
0.000000	40610.000000
0.000000	40610.000000
0.000000	40610.000000
0.000000	40610.000000
0.000000	40610.000000
0.000000	40610.000000
0.000000	40610.000000
0.000000	40610.000000
0.000000	40610.000000
0.000000	40610.000000
0.000000	40610.000000
0.000000	40611.000000
0.000000	40611.000000
0.000000	40611.000000
0.000000	40611.000000
0.000000	40611.000000
0.000000	40611.000000
0.000000	40611.000000
0.000000	40611.000000
0.000000	40611.000000
0.000000	40611.000000
0.000000	40611.000000
0.000000	40611.000000
0.000000	40611.000000
0.000000	40611.000000
0.000000	40611.000000
0.000000	40611.000000
0.000000	40611.000000
0.000000	40612.000000
0.000000	40612.000000
0.000000	40612.000000
0.000000	40612.000000
0.000000	40612.000000
0.000000	40612.000000
0.000000	40612.000000
0.000000	40612.000000
0.000000	40612.000000
0.000000	40612.000000
0.000000	40612.000000
0.000000	40612.000000
0.000000	40612.000000
0.000000	40612.000000
0.000000	40612.000000
0.000000	40612.000000
0.000000	40612.000000
0.000000	40613.000000
0.000000	40613.000000
0.000000	40613.000000
0.000000	40613.000000
0.000000	40613.000000
0.000000	40613.000000
0.000000	40613.000000
0.000000	40613.000000
0.000000	40613.000000
0.000000	40613.000000
0.000000	40613.000000
0.000000	40613.000000
0.000000	40613.000000
0.000000	40613.000000
0.000000	40613.000000
0.000000	40613.000000
0.000000	40613.000000
0.000000	40614.000000
0.000000	40614.000000
0.000000	40614.000000
0.000000	40614.000000
0.000000	40614.000000
0.000000	40614.000000
0.000000	40614.000000
0.000000	40614.000000
0.000000	40614.000000
0.000000	40614.000000
0.000000	40614.000000
0.000000	40614.000000
0.000000	40614.000000
0.000000	40614.000000
0.000000	40614.000000
0.000000	40614.000000
0.000000	40614.000000
0.000000	40615.000000
0.000000	40615.000000
0.000000	40615.000000
0.000000	40615.000000
0.000000	40615.000000
0.000000	40615.000000
0.000000	40615.000000
0.000000	40615.000000
0.000000	40615.000000
0.000000	40615.000000
0.000000	40615.000000
0.000000	40615.000000
0.000000	40615.000000
0.000000	40615.000000
0.000000	40615.000000
0.000000	40615.000000
0.000000	40615.000000
0.000000	40616.000000
0.000000	40616.000000
0.000000	40616.000000
0.000000	40616.000000
0.000000	40616.000000
0.000000	40616.000000
0.000000	40616.000000
0.000000	40616.000000
0.000000	40616.000000
0.000000	40616.000000
0.000000	40616.000000
0.000000	40616.000000
0.000000	40616.000000
0.000000	40616.000000
0.000000	40616.000000
0.000000	40616.000000
0.000000	40616.000000
0.000000	40617.000000
0.000000	40617.000000
0.000000	40617.000000
0.000000	40617.000000
0.000000	40617.000000
0.000000	40617.000000
0.000000	40617.000000
0.000000	40617.000000
0.000000	40617.000000
0.000000	40617.000000
0.000000	40617.000000
0.000000	40617.000000
0.000000	40617.000000
0.000000	40617.000000
0.000000	40617.000000
0.000000	40617.000000
0.000000	40617.000000
0.000000	40618.000000
0.000000	40618.000000
0.000000	40618.000000
0.000000	40618.000000
0.000000	40618.000000
0.000000	40618.000000
0.000000	40618.000000
0.000000	40618.000000
0.000000	40618.000000
0.000000	40618.000000
0.000000	40618.000000
0.000000	40618.000000
0.000000	40618.000000
0.000000	40618.000000
0.000000	40618.000000
0.000000	40618.000000
0.000000	40618.000000
0.000000	40619.000000
0.000000	40619.000000
0.000000	40619.000000
0.000000	40619.000000
0.000000	40619.000000
0.000000	40619.000000
0.000000	40619.000000
0.000000	40619.000000
0.000000	40619.000000
0.000000	40619.000000
0.000000	40619.000000
0.000000	40619.000000
0.000000	40619.000000
0.000000	40619.000000
0.000000	40619.000000
0.000000	40619.000000
0.000000	40619.000000
0.000000	40620.000000
0.000000	40620.000000
0.000000	40620.000000
0.000000	40620.000000
0.000000	40620.000000
0.000000	40620.000000
0.000000	40620.000000
0.000000	40620.000000
0.000000	40620.000000
0.000000	40620.000000
0.000000	40620.000000
0.000000	40620.000000
0.000000	40620.000000
0.000000	40620.000000
0.000000	40620.000000
0.000000	40620.000000
0.000000	40620.000000
0.000000	40620.000000
0.000000	40621.000000
0.000000	40621.000000
0.000000	40621.000000
0.000000	40621.000000
0.000000	40621.000000
0.000000	40621.000000
0.000000	40621.000000
0.000000	40621.000000
0.000000	40621.000000
0.000000	40621.000000
0.000000	40621.000000
0.000000	40621.000000
0.000000	40621.000000
0.000000	40621.000000
0.000000	40621.000000
0.000000	40621.000000
0.000000	40621.000000
0.000000	40622.000000
0.000000	40622.000000
0.000000	40622.000000
0.000000	40622.000000
0.000000	40622.000000
0.000000	40622.000000
0.000000	40622.000000
0.000000	40622.000000
0.000000	40622.000000
0.000000	40622.000000
0.000000	40622.000000
0.000000	40622.000000
0.000000	40622.000000
0.000000	40622.000000
0.000000	40622.000000
0.000000	40622.000000
0.000000	40622.000000
0.000000	40623.000000
0.000000	40623.000000
0.000000	40623.000000
0.000000	40623.000000
0.000000	40623.000000
0.000000	40623.000000
0.000000	40623.000000
0.000000	40623.000000
0.000000	40623.000000
0.000000	40623.000000
0.000000	40623.000000
0.000000	40623.000000
0.000000	40623.000000
0.000000	40623.000000
0.000000	40623.000000
0.000000	40623.000000
0.000000	40623.000000
0.000000	40624.000000
0.000000	40624.000000
0.000000	40624.000000
0.000000	40624.000000
0.000000	40624.000000
0.000000	40624.000000
0.000000	40624.000000
0.000000	40624.000000
0.000000	40624.000000
0.000000	40624.000000
0.000000	40624.000000
0.000000	40624.000000
0.000000	40624.000000
0.000000	40624.000000
0.000000	40624.000000
0.000000	40624.000000
0.000000	40624.000000
0.000000	40625.000000
0.000000	40625.000000
0.000000	40625.000000
0.000000	40625.000000
0.000000	40625.000000
0.000000	40625.000000
0.000000	40625.000000
0.000000	40625.000000
0.000000	40625.000000
0.000000	40625.000000
0.000000	40625.000000
0.000000	40625.000000
0.000000	40625.000000
0.000000	40625.000000
0.000000	40625.000000
0.000000	40625.000000
0.000000	40625.000000
0.000000	40626.000000
0.000000	40626.000000
0.000000	40626.000000
0.000000	40626.000000
0.000000	40626.000000
0.000000	40626.000000
0.000000	40626.000000
0.000000	40626.000000
0.000000	40626.000000
0.000000	40626.000000
0.000000	40626.000000
0.000000	40626.000000
0.000000	40626.000000
0.000000	40626.000000
0.000000	40626.000000
0.000000	40626.000000
0.000000	40626.000000
0.000000	40627.000000
0.000000	40627.000000
0.000000	40627.000000
0.000000	40627.000000
0.000000	40627.000000
0.000000	40627.000000
0.000000	40627.000000
0.000000	40627.000000
0.000000	40627.000000
0.000000	40627.000000
0.000000	40627.000000
0.000000	40627.000000
0.000000	40627.000000
0.000000	40627.000000
0.000000	40627.000000
0.000000	40627.000000
0.000000	40627.000000
0.000000	40628.000000
0.000000	40628.000000
0.000000	40628.000000
0.000000	40628.000000
0.000000	40628.000000
0.000000	40628.000000
0.000000	40628.000000
0.000000	40628.000000
0.000000	40628.000000
0.000000	40628.000000
0.000000	40628.000000
0.000000	40628.000000
0.000000	40628.000000
0.000000	40628.000000
0.000000	40628.000000
0.000000	40628.000000
0.000000	40628.000000
0.000000	40629.000000
0.000000	40629.000000
0.000000	40629.000000
0.000000	40629.000000
0.000000	40629.000000
0.000000	40629.000000
0.000000	40629.000000
0.000000	40629.000000
0.000000	40629.000000
0.000000	40629.000000
0.000000	40629.000000
0.000000	40629.000000
0.000000	40629.000000
0.000000	40629.000000
0.000000	40629.000000
0.000000	40629.000000
0.000000	40629.000000
0.000000	40630.000000
0.000000	40630.000000
0.000000	40630.000000
0.000000	40630.000000
0.000000	40630.000000
0.000000	40630.000000
0.000000	40630.000000
0.000000	40630.000000
0.000000	40630.000000
0.000000	40630.000000
0.000000	40630.000000
0.000000	40630.000000
0.000000	40630.000000
0.000000	40630.000000
0.000000	40630.000000
0.000000	40630.000000
0.000000	40630.000000
0.000000	40631.000000
0.000000	40631.000000
0.000000	40631.000000
0.000000	40631.000000
0.000000	40631.000000
0.000000	40631.000000
0.000000	40631.000000
0.000000	40631.000000
0.000000	40631.000000
0.000000	40631.000000
0.000000	40631.000000
0.000000	40631.000000
0.000000	40631.000000
0.000000	40631.000000
0.000000	40631.000000
0.000000	40631.000000
0.000000	40631.000000
0.000000	40632.000000
0.000000	40632.000000
0.000000	40632.000000
0.000000	40632.000000
0.000000	40632.000000
0.000000	40632.000000
0.000000	40632.000000
0.000000	40632.000000
0.000000	40632.000000
0.000000	40632.000000
0.000000	40632.000000
0.000000	40632.000000
0.000000	40632.000000
0.000000	40632.000000
0.000000	40632.000000
0.000000	40632.000000
0.000000	40632.000000
0.000000	40633.000000
0.000000	40633.000000
0.000000	40633.000000
0.000000	40633.000000
0.000000	40633.000000
0.000000	40633.000000
0.000000	40633.000000
0.000000	40633.000000
0.000000	40633.000000
0.000000	40633.000000
0.000000	40633.000000
0.000000	40633.000000
0.000000	40633.000000
0.000000	40633.000000
0.000000	40633.000000
0.000000	40633.000000
0.000000	40633.000000
0.000000	40634.000000
0.000000	40634.000000
0.000000	40634.000000
0.000000	40634.000000
0.000000	40634.000000
0.000000	40634.000000
0.000000	40634.000000
0.000000	40634.000000
0.000000	40634.000000
0.000000	40634.000000
0.000000	40634.000000
0.000000	40634.000000
0.000000	40634.000000
0.000000	40634.000000
0.000000	40634.000000
0.000000	40634.000000
0.000000	40634.000000
0.000000	40635.000000
0.000000	40635.000000
0.000000	40635.000000
0.000000	40635.000000
0.000000	40635.000000
0.000000	40635.000000
0.000000	40635.000000
0.000000	40635.000000
0.000000	40635.000000
0.000000	40635.000000
0.000000	40635.000000
0.000000	40635.000000
0.000000	40635.000000
0.000000	40635.000000
0.000000	40635.000000
0.000000	40635.000000
0.000000	40635.000000
0.000000	40635.000000
0.000000	40636.000000
0.000000	40636.000000
0.000000	40636.000000
0.000000	40636.000000
0.000000	40636.000000
0.000000	40636.000000
0.000000	40636.000000
0.000000	40636.000000
0.000000	40636.000000
0.000000	40636.000000
0.000000	40636.000000
0.000000	40636.000000
0.000000	40636.000000
0.000000	40636.000000
0.000000	40636.000000
0.000000	40636.000000
0.000000	40636.000000
0.000000	40637.000000
0.000000	40637.000000
0.000000	40637.000000
0.000000	40637.000000
0.000000	40637.000000
0.000000	40637.000000
0.000000	40637.000000
0.000000	40637.000000
0.000000	40637.000000
0.000000	40637.000000
0.000000	40637.000000
0.000000	40637.000000
0.000000	40637.000000
0.000000	40637.000000
0.000000	40637.000000
0.000000	40637.000000
0.000000	40637.000000
0.000000	40638.000000
0.000000	40638.000000
0.000000	40638.000000
0.000000	40638.000000
0.000000	40638.000000
0.000000	40638.000000
0.000000	40638.000000
0.000000	40638.000000
0.000000	40638.000000
0.000000	40638.000000
0.000000	40638.000000
0.000000	40638.000000
0.000000	40638.000000
0.000000	40638.000000
0.000000	40638.000000
0.000000	40638.000000
0.000000	40638.000000
0.000000	40639.000000
0.000000	40639.000000
0.000000	40639.000000
0.000000	40639.000000
0.000000	40639.000000
0.000000	40639.000000
0.000000	40639.000000
0.000000	40639.000000
0.000000	40639.000000
0.000000	40639.000000
0.000000	40639.000000
0.000000	40639.000000
0.000000	40639.000000
0.000000	40639.000000
0.000000	40639.000000
0.000000	40639.000000
0.000000	40639.000000
0.000000	40640.000000
0.000000	40640.000000
0.000000	40640.000000
0.000000	40640.000000
0.000000	40640.000000
0.000000	40640.000000
0.000000	40640.000000
0.000000	40640.000000
0.000000	40640.000000
0.000000	40640.000000
0.000000	40640.000000
0.000000	40640.000000
0.000000	40640.000000
0.000000	40640.000000
0.000000	40640.000000
0.000000	40640.000000
0.000000	40640.000000
0.000000	40641.000000
0.000000	40641.000000
0.000000	40641.000000
0.000000	40641.000000
0.000000	40641.000000
0.000000	40641.000000
0.000000	40641.000000
0.000000	40641.000000
0.000000	40641.000000
0.000000	40641.000000
0.000000	40641.000000
0.000000	40641.000000
0.000000	40641.000000
0.000000	40641.000000
0.000000	40641.000000
0.000000	40641.000000
0.000000	40641.000000
0.000000	40642.000000
0.000000	40642.000000
0.000000	40642.000000
0.000000	40642.000000
0.000000	40642.000000
0.000000	40642.000000
0.000000	40642.000000
