0.000000	10239.000000
0.000000	10239.000000
0.000000	10239.000000
0.000000	10239.000000
0.000000	10239.000000
0.000000	10239.000000
0.000000	10239.000000
0.000000	10239.000000
0.000000	10240.000000
0.000000	10240.000000
0.000000	10240.000000
0.000000	10240.000000
0.000000	10240.000000
0.000000	10240.000000
0.000000	10240.000000
0.000000	10240.000000
0.000000	10240.000000
0.000000	10240.000000
0.000000	10240.000000
0.000000	10240.000000
0.000000	10240.000000
0.000000	10240.000000
0.000000	10240.000000
0.000000	10240.000000
0.000000	10240.000000
0.000000	10240.000000
0.000000	10240.000000
0.000000	10241.000000
0.000000	10241.000000
0.000000	10241.000000
0.000000	10241.000000
0.000000	10241.000000
0.000000	10241.000000
0.000000	10241.000000
0.000000	10241.000000
0.000000	10241.000000
0.000000	10241.000000
0.000000	10241.000000
0.000000	10241.000000
0.000000	10241.000000
0.000000	10241.000000
0.000000	10241.000000
0.000000	10241.000000
0.000000	10241.000000
0.000000	10242.000000
0.000000	10242.000000
0.000000	10242.000000
0.000000	10242.000000
0.000000	10242.000000
0.000000	10242.000000
0.000000	10242.000000
0.000000	10242.000000
0.000000	10242.000000
0.000000	10242.000000
0.000000	10242.000000
0.000000	10242.000000
0.000000	10242.000000
0.000000	10242.000000
0.000000	10242.000000
0.000000	10242.000000
0.000000	10242.000000
0.000000	10243.000000
0.000000	10243.000000
0.000000	10243.000000
0.000000	10243.000000
0.000000	10243.000000
0.000000	10243.000000
0.000000	10243.000000
0.000000	10243.000000
0.000000	10243.000000
0.000000	10243.000000
0.000000	10243.000000
0.000000	10243.000000
0.000000	10243.000000
0.000000	10243.000000
0.000000	10243.000000
0.000000	10243.000000
0.000000	10243.000000
0.000000	10244.000000
0.000000	10244.000000
0.000000	10244.000000
0.000000	10244.000000
0.000000	10244.000000
0.000000	10244.000000
0.000000	10244.000000
0.000000	10244.000000
0.000000	10244.000000
0.000000	10244.000000
0.000000	10244.000000
0.000000	10244.000000
0.000000	10244.000000
0.000000	10244.000000
0.000000	10244.000000
0.000000	10244.000000
0.000000	10244.000000
0.000000	10245.000000
0.000000	10245.000000
0.000000	10245.000000
0.000000	10245.000000
0.000000	10245.000000
0.000000	10245.000000
0.000000	10245.000000
0.000000	10245.000000
0.000000	10245.000000
0.000000	10245.000000
0.000000	10245.000000
0.000000	10245.000000
0.000000	10245.000000
0.000000	10245.000000
0.000000	10245.000000
0.000000	10245.000000
0.000000	10245.000000
0.000000	10246.000000
0.000000	10246.000000
0.000000	10246.000000
0.000000	10246.000000
0.000000	10246.000000
0.000000	10246.000000
0.000000	10246.000000
0.000000	10246.000000
0.000000	10246.000000
0.000000	10246.000000
0.000000	10246.000000
0.000000	10246.000000
0.000000	10246.000000
0.000000	10246.000000
0.000000	10246.000000
0.000000	10246.000000
0.000000	10246.000000
0.000000	10247.000000
0.000000	10247.000000
0.000000	10247.000000
0.000000	10247.000000
0.000000	10247.000000
0.000000	10247.000000
0.000000	10247.000000
0.000000	10247.000000
0.000000	10247.000000
0.000000	10247.000000
0.000000	10247.000000
0.000000	10247.000000
0.000000	10247.000000
0.000000	10247.000000
0.000000	10247.000000
0.000000	10247.000000
0.000000	10247.000000
0.000000	10248.000000
0.000000	10248.000000
0.000000	10248.000000
0.000000	10248.000000
0.000000	10248.000000
0.000000	10248.000000
0.000000	10248.000000
0.000000	10248.000000
0.000000	10248.000000
0.000000	10248.000000
0.000000	10248.000000
0.000000	10248.000000
0.000000	10248.000000
0.000000	10248.000000
0.000000	10248.000000
0.000000	10248.000000
0.000000	10248.000000
0.000000	10249.000000
0.000000	10249.000000
0.000000	10249.000000
0.000000	10249.000000
0.000000	10249.000000
0.000000	10249.000000
0.000000	10249.000000
0.000000	10249.000000
0.000000	10249.000000
0.000000	10249.000000
0.000000	10249.000000
0.000000	10249.000000
0.000000	10249.000000
0.000000	10249.000000
0.000000	10249.000000
0.000000	10249.000000
0.000000	10249.000000
0.000000	10250.000000
0.000000	10250.000000
0.000000	10250.000000
0.000000	10250.000000
0.000000	10250.000000
0.000000	10250.000000
0.000000	10250.000000
0.000000	10250.000000
0.000000	10250.000000
0.000000	10250.000000
0.000000	10250.000000
0.000000	10250.000000
0.000000	10250.000000
0.000000	10250.000000
0.000000	10250.000000
0.000000	10250.000000
0.000000	10250.000000
0.000000	10251.000000
0.000000	10251.000000
0.000000	10251.000000
0.000000	10251.000000
0.000000	10251.000000
0.000000	10251.000000
0.000000	10251.000000
0.000000	10251.000000
0.000000	10251.000000
0.000000	10251.000000
0.000000	10251.000000
0.000000	10251.000000
0.000000	10251.000000
0.000000	10251.000000
0.000000	10251.000000
0.000000	10251.000000
0.000000	10251.000000
0.000000	10252.000000
0.000000	10252.000000
0.000000	10252.000000
0.000000	10252.000000
0.000000	10252.000000
0.000000	10252.000000
0.000000	10252.000000
0.000000	10252.000000
0.000000	10252.000000
0.000000	10252.000000
0.000000	10252.000000
0.000000	10252.000000
0.000000	10252.000000
0.000000	10252.000000
0.000000	10252.000000
0.000000	10252.000000
0.000000	10252.000000
0.000000	10253.000000
0.000000	10253.000000
0.000000	10253.000000
0.000000	10253.000000
0.000000	10253.000000
0.000000	10253.000000
0.000000	10253.000000
0.000000	10253.000000
0.000000	10253.000000
0.000000	10253.000000
0.000000	10253.000000
0.000000	10253.000000
0.000000	10253.000000
0.000000	10253.000000
0.000000	10253.000000
0.000000	10253.000000
0.000000	10253.000000
0.000000	10254.000000
0.000000	10254.000000
0.000000	10254.000000
0.000000	10254.000000
0.000000	10254.000000
0.000000	10254.000000
0.000000	10254.000000
0.000000	10254.000000
0.000000	10254.000000
0.000000	10254.000000
0.000000	10254.000000
0.000000	10254.000000
0.000000	10254.000000
0.000000	10254.000000
0.000000	10254.000000
0.000000	10254.000000
0.000000	10254.000000
0.000000	10254.000000
0.000000	10255.000000
0.000000	10255.000000
0.000000	10255.000000
0.000000	10255.000000
0.000000	10255.000000
0.000000	10255.000000
0.000000	10255.000000
0.000000	10255.000000
0.000000	10255.000000
0.000000	10255.000000
0.000000	10255.000000
0.000000	10255.000000
0.000000	10255.000000
0.000000	10255.000000
0.000000	10255.000000
0.000000	10255.000000
0.000000	10255.000000
0.000000	10256.000000
0.000000	10256.000000
0.000000	10256.000000
0.000000	10256.000000
0.000000	10256.000000
0.000000	10256.000000
0.000000	10256.000000
0.000000	10256.000000
0.000000	10256.000000
0.000000	10256.000000
0.000000	10256.000000
0.000000	10256.000000
0.000000	10256.000000
0.000000	10256.000000
0.000000	10256.000000
0.000000	10256.000000
0.000000	10256.000000
0.000000	10257.000000
0.000000	10257.000000
0.000000	10257.000000
0.000000	10257.000000
0.000000	10257.000000
0.000000	10257.000000
0.000000	10257.000000
0.000000	10257.000000
0.000000	10257.000000
0.000000	10257.000000
0.000000	10257.000000
0.000000	10257.000000
0.000000	10257.000000
0.000000	10257.000000
0.000000	10257.000000
0.000000	10257.000000
0.000000	10257.000000
0.000000	10258.000000
0.000000	10258.000000
0.000000	10258.000000
0.000000	10258.000000
0.000000	10258.000000
0.000000	10258.000000
0.000000	10258.000000
0.000000	10258.000000
0.000000	10258.000000
0.000000	10258.000000
0.000000	10258.000000
0.000000	10258.000000
0.000000	10258.000000
0.000000	10258.000000
0.000000	10258.000000
0.000000	10258.000000
0.000000	10258.000000
0.000000	10259.000000
0.000000	10259.000000
0.000000	10259.000000
0.000000	10259.000000
0.000000	10259.000000
0.000000	10259.000000
0.000000	10259.000000
0.000000	10259.000000
0.000000	10259.000000
0.000000	10259.000000
0.000000	10259.000000
0.000000	10259.000000
0.000000	10259.000000
0.000000	10259.000000
0.000000	10259.000000
0.000000	10259.000000
0.000000	10259.000000
0.000000	10300.000000
0.000000	10300.000000
0.000000	10300.000000
0.000000	10300.000000
0.000000	10300.000000
0.000000	10300.000000
0.000000	10300.000000
0.000000	10300.000000
0.000000	10300.000000
0.000000	10300.000000
0.000000	10300.000000
0.000000	10300.000000
0.000000	10300.000000
0.000000	10300.000000
0.000000	10300.000000
0.000000	10300.000000
0.000000	10300.000000
0.000000	10301.000000
0.000000	10301.000000
0.000000	10301.000000
0.000000	10301.000000
0.000000	10301.000000
0.000000	10301.000000
0.000000	10301.000000
0.000000	10301.000000
0.000000	10301.000000
0.000000	10301.000000
0.000000	10301.000000
0.000000	10301.000000
0.000000	10301.000000
0.000000	10301.000000
0.000000	10301.000000
0.000000	10301.000000
0.000000	10302.000000
0.000000	10302.000000
0.000000	10302.000000
0.000000	10302.000000
0.000000	10302.000000
0.000000	10302.000000
0.000000	10302.000000
0.000000	10302.000000
0.000000	10302.000000
0.000000	10302.000000
0.000000	10302.000000
0.000000	10302.000000
0.000000	10302.000000
0.000000	10302.000000
0.000000	10302.000000
0.000000	10302.000000
0.000000	10302.000000
0.000000	10302.000000
0.000000	10303.000000
0.000000	10303.000000
0.000000	10303.000000
0.000000	10303.000000
0.000000	10303.000000
0.000000	10303.000000
0.000000	10303.000000
0.000000	10303.000000
0.000000	10303.000000
0.000000	10303.000000
0.000000	10303.000000
0.000000	10303.000000
0.000000	10303.000000
0.000000	10303.000000
0.000000	10303.000000
0.000000	10303.000000
0.000000	10303.000000
0.000000	10304.000000
0.000000	10304.000000
0.000000	10304.000000
0.000000	10304.000000
0.000000	10304.000000
0.000000	10304.000000
0.000000	10304.000000
0.000000	10304.000000
0.000000	10304.000000
0.000000	10304.000000
0.000000	10304.000000
0.000000	10304.000000
0.000000	10304.000000
0.000000	10304.000000
0.000000	10304.000000
0.000000	10304.000000
0.000000	10304.000000
0.000000	10305.000000
0.000000	10305.000000
0.000000	10305.000000
0.000000	10305.000000
0.000000	10305.000000
0.000000	10305.000000
0.000000	10305.000000
0.000000	10305.000000
0.000000	10305.000000
0.000000	10305.000000
0.000000	10305.000000
0.000000	10305.000000
0.000000	10305.000000
0.000000	10305.000000
0.000000	10305.000000
0.000000	10305.000000
0.000000	10305.000000
0.000000	10306.000000
0.000000	10306.000000
0.000000	10306.000000
0.000000	10306.000000
0.000000	10306.000000
0.000000	10306.000000
0.000000	10306.000000
0.000000	10306.000000
0.000000	10306.000000
0.000000	10306.000000
0.000000	10306.000000
0.000000	10306.000000
0.000000	10306.000000
0.000000	10306.000000
0.000000	10306.000000
0.000000	10306.000000
0.000000	10306.000000
0.000000	10307.000000
0.000000	10307.000000
0.000000	10307.000000
0.000000	10307.000000
0.000000	10307.000000
0.000000	10307.000000
0.000000	10307.000000
0.000000	10307.000000
0.000000	10307.000000
0.000000	10307.000000
0.000000	10307.000000
0.000000	10307.000000
0.000000	10307.000000
0.000000	10307.000000
0.000000	10307.000000
0.000000	10307.000000
0.000000	10307.000000
0.000000	10308.000000
0.000000	10308.000000
0.000000	10308.000000
0.000000	10308.000000
0.000000	10308.000000
0.000000	10308.000000
0.000000	10308.000000
0.000000	10308.000000
0.000000	10308.000000
0.000000	10308.000000
0.000000	10308.000000
0.000000	10308.000000
0.000000	10308.000000
0.000000	10308.000000
0.000000	10308.000000
0.000000	10308.000000
0.000000	10309.000000
0.000000	10309.000000
0.000000	10309.000000
0.000000	10309.000000
0.000000	10309.000000
0.000000	10309.000000
0.000000	10309.000000
0.000000	10309.000000
0.000000	10309.000000
0.000000	10309.000000
0.000000	10309.000000
0.000000	10309.000000
0.000000	10309.000000
0.000000	10309.000000
0.000000	10309.000000
0.000000	10309.000000
0.000000	10309.000000
0.000000	10310.000000
0.000000	10310.000000
0.000000	10310.000000
0.000000	10310.000000
0.000000	10310.000000
0.000000	10310.000000
0.000000	10310.000000
0.000000	10310.000000
0.000000	10310.000000
0.000000	10310.000000
0.000000	10310.000000
0.000000	10310.000000
0.000000	10310.000000
0.000000	10310.000000
0.000000	10310.000000
0.000000	10310.000000
0.000000	10310.000000
0.000000	10310.000000
0.000000	10310.000000
0.000000	10311.000000
0.000000	10311.000000
0.000000	10311.000000
0.000000	10311.000000
0.000000	10311.000000
0.000000	10311.000000
0.000000	10311.000000
0.000000	10311.000000
0.000000	10311.000000
0.000000	10311.000000
0.000000	10311.000000
0.000000	10311.000000
0.000000	10311.000000
0.000000	10311.000000
0.000000	10311.000000
0.000000	10311.000000
0.000000	10311.000000
0.000000	10312.000000
0.000000	10312.000000
0.000000	10312.000000
0.000000	10312.000000
0.000000	10312.000000
0.000000	10312.000000
0.000000	10312.000000
0.000000	10312.000000
0.000000	10312.000000
0.000000	10312.000000
0.000000	10312.000000
0.000000	10312.000000
0.000000	10312.000000
0.000000	10312.000000
0.000000	10312.000000
0.000000	10312.000000
0.000000	10312.000000
0.000000	10313.000000
0.000000	10313.000000
0.000000	10313.000000
0.000000	10313.000000
0.000000	10313.000000
0.000000	10313.000000
0.000000	10313.000000
0.000000	10313.000000
0.000000	10313.000000
0.000000	10313.000000
0.000000	10313.000000
0.000000	10313.000000
0.000000	10313.000000
0.000000	10313.000000
0.000000	10313.000000
0.000000	10313.000000
0.000000	10313.000000
0.000000	10314.000000
0.000000	10314.000000
0.000000	10314.000000
0.000000	10314.000000
0.000000	10314.000000
0.000000	10314.000000
0.000000	10314.000000
0.000000	10314.000000
0.000000	10314.000000
0.000000	10314.000000
0.000000	10314.000000
0.000000	10314.000000
0.000000	10314.000000
0.000000	10314.000000
0.000000	10314.000000
0.000000	10314.000000
0.000000	10314.000000
0.000000	10315.000000
0.000000	10315.000000
0.000000	10315.000000
0.000000	10315.000000
0.000000	10315.000000
0.000000	10315.000000
0.000000	10315.000000
0.000000	10315.000000
0.000000	10315.000000
0.000000	10315.000000
0.000000	10315.000000
0.000000	10315.000000
0.000000	10315.000000
0.000000	10315.000000
0.000000	10315.000000
0.000000	10315.000000
0.000000	10315.000000
0.000000	10316.000000
0.000000	10316.000000
0.000000	10316.000000
0.000000	10316.000000
0.000000	10316.000000
0.000000	10316.000000
0.000000	10316.000000
0.000000	10316.000000
0.000000	10316.000000
0.000000	10316.000000
0.000000	10316.000000
0.000000	10316.000000
0.000000	10316.000000
0.000000	10316.000000
0.000000	10316.000000
0.000000	10316.000000
0.000000	10316.000000
0.000000	10317.000000
0.000000	10317.000000
0.000000	10317.000000
0.000000	10317.000000
0.000000	10317.000000
0.000000	10317.000000
0.000000	10317.000000
0.000000	10317.000000
0.000000	10317.000000
0.000000	10317.000000
0.000000	10317.000000
0.000000	10317.000000
0.000000	10317.000000
0.000000	10317.000000
0.000000	10317.000000
0.000000	10317.000000
0.000000	10317.000000
0.000000	10318.000000
0.000000	10318.000000
0.000000	10318.000000
0.000000	10318.000000
0.000000	10318.000000
0.000000	10318.000000
0.000000	10318.000000
0.000000	10318.000000
0.000000	10318.000000
0.000000	10318.000000
0.000000	10318.000000
0.000000	10318.000000
0.000000	10318.000000
0.000000	10318.000000
0.000000	10318.000000
0.000000	10318.000000
0.000000	10318.000000
0.000000	10319.000000
0.000000	10319.000000
0.000000	10319.000000
0.000000	10319.000000
0.000000	10319.000000
0.000000	10319.000000
0.000000	10319.000000
0.000000	10319.000000
0.000000	10319.000000
0.000000	10319.000000
0.000000	10319.000000
0.000000	10319.000000
0.000000	10319.000000
0.000000	10319.000000
0.000000	10319.000000
0.000000	10319.000000
0.000000	10319.000000
0.000000	10320.000000
0.000000	10320.000000
0.000000	10320.000000
0.000000	10320.000000
0.000000	10320.000000
0.000000	10320.000000
0.000000	10320.000000
0.000000	10320.000000
0.000000	10320.000000
0.000000	10320.000000
0.000000	10320.000000
0.000000	10320.000000
0.000000	10320.000000
0.000000	10320.000000
0.000000	10320.000000
0.000000	10321.000000
0.000000	10321.000000
0.000000	10321.000000
0.000000	10321.000000
0.000000	10321.000000
0.000000	10321.000000
0.000000	10321.000000
0.000000	10321.000000
0.000000	10321.000000
0.000000	10321.000000
0.000000	10321.000000
0.000000	10321.000000
0.000000	10321.000000
0.000000	10321.000000
0.000000	10321.000000
0.000000	10321.000000
0.000000	10321.000000
0.000000	10321.000000
0.000000	10321.000000
0.000000	10322.000000
0.000000	10322.000000
0.000000	10322.000000
0.000000	10322.000000
0.000000	10322.000000
0.000000	10322.000000
0.000000	10322.000000
0.000000	10322.000000
0.000000	10322.000000
0.000000	10322.000000
0.000000	10322.000000
0.000000	10322.000000
0.000000	10322.000000
0.000000	10322.000000
0.000000	10322.000000
0.000000	10322.000000
0.000000	10322.000000
0.000000	10323.000000
0.000000	10323.000000
0.000000	10323.000000
0.000000	10323.000000
0.000000	10323.000000
0.000000	10323.000000
0.000000	10323.000000
0.000000	10323.000000
0.000000	10323.000000
0.000000	10323.000000
0.000000	10323.000000
0.000000	10323.000000
0.000000	10323.000000
0.000000	10323.000000
0.000000	10323.000000
0.000000	10323.000000
0.000000	10323.000000
0.000000	10324.000000
0.000000	10324.000000
0.000000	10324.000000
0.000000	10324.000000
0.000000	10324.000000
0.000000	10324.000000
0.000000	10324.000000
0.000000	10324.000000
0.000000	10324.000000
0.000000	10324.000000
0.000000	10324.000000
0.000000	10324.000000
0.000000	10324.000000
0.000000	10324.000000
0.000000	10324.000000
0.000000	10324.000000
0.000000	10324.000000
0.000000	10324.000000
0.000000	10325.000000
0.000000	10325.000000
0.000000	10325.000000
0.000000	10325.000000
0.000000	10325.000000
0.000000	10325.000000
0.000000	10325.000000
0.000000	10325.000000
0.000000	10325.000000
0.000000	10325.000000
0.000000	10325.000000
0.000000	10325.000000
0.000000	10325.000000
0.000000	10325.000000
0.000000	10325.000000
0.000000	10325.000000
0.000000	10325.000000
0.000000	10326.000000
0.000000	10326.000000
0.000000	10326.000000
0.000000	10326.000000
0.000000	10326.000000
0.000000	10326.000000
0.000000	10326.000000
0.000000	10326.000000
0.000000	10326.000000
0.000000	10326.000000
0.000000	10326.000000
0.000000	10326.000000
0.000000	10326.000000
0.000000	10326.000000
0.000000	10326.000000
0.000000	10326.000000
0.000000	10326.000000
0.000000	10327.000000
0.000000	10327.000000
0.000000	10327.000000
0.000000	10327.000000
0.000000	10327.000000
0.000000	10327.000000
0.000000	10327.000000
0.000000	10327.000000
0.000000	10327.000000
0.000000	10327.000000
0.000000	10327.000000
0.000000	10327.000000
0.000000	10327.000000
0.000000	10327.000000
0.000000	10327.000000
0.000000	10327.000000
0.000000	10327.000000
0.000000	10328.000000
0.000000	10328.000000
0.000000	10328.000000
0.000000	10328.000000
0.000000	10328.000000
0.000000	10328.000000
0.000000	10328.000000
0.000000	10328.000000
0.000000	10328.000000
0.000000	10328.000000
0.000000	10328.000000
0.000000	10328.000000
0.000000	10328.000000
0.000000	10328.000000
0.000000	10328.000000
0.000000	10328.000000
0.000000	10328.000000
0.000000	10329.000000
0.000000	10329.000000
0.000000	10329.000000
0.000000	10329.000000
0.000000	10329.000000
0.000000	10329.000000
0.000000	10329.000000
0.000000	10329.000000
0.000000	10329.000000
0.000000	10329.000000
0.000000	10329.000000
0.000000	10329.000000
0.000000	10329.000000
0.000000	10329.000000
0.000000	10329.000000
0.000000	10329.000000
0.000000	10329.000000
0.000000	10330.000000
0.000000	10330.000000
0.000000	10330.000000
0.000000	10330.000000
0.000000	10330.000000
0.000000	10330.000000
0.000000	10330.000000
0.000000	10330.000000
0.000000	10330.000000
0.000000	10330.000000
0.000000	10330.000000
0.000000	10330.000000
0.000000	10330.000000
0.000000	10330.000000
0.000000	10330.000000
0.000000	10330.000000
0.000000	10330.000000
0.000000	10331.000000
0.000000	10331.000000
0.000000	10331.000000
0.000000	10331.000000
0.000000	10331.000000
0.000000	10331.000000
0.000000	10331.000000
0.000000	10331.000000
0.000000	10331.000000
0.000000	10331.000000
0.000000	10331.000000
0.000000	10331.000000
0.000000	10331.000000
0.000000	10331.000000
0.000000	10331.000000
0.000000	10331.000000
0.000000	10331.000000
0.000000	10332.000000
0.000000	10332.000000
0.000000	10332.000000
0.000000	10332.000000
0.000000	10332.000000
0.000000	10332.000000
0.000000	10332.000000
0.000000	10332.000000
0.000000	10332.000000
0.000000	10332.000000
0.000000	10332.000000
0.000000	10332.000000
0.000000	10332.000000
0.000000	10332.000000
0.000000	10332.000000
0.000000	10332.000000
0.000000	10332.000000
0.000000	10333.000000
0.000000	10333.000000
0.000000	10333.000000
0.000000	10333.000000
0.000000	10333.000000
0.000000	10333.000000
0.000000	10333.000000
0.000000	10333.000000
0.000000	10333.000000
0.000000	10333.000000
0.000000	10333.000000
0.000000	10333.000000
0.000000	10333.000000
0.000000	10333.000000
0.000000	10333.000000
0.000000	10333.000000
0.000000	10333.000000
0.000000	10334.000000
0.000000	10334.000000
0.000000	10334.000000
0.000000	10334.000000
0.000000	10334.000000
0.000000	10334.000000
0.000000	10334.000000
0.000000	10334.000000
0.000000	10334.000000
0.000000	10334.000000
0.000000	10334.000000
0.000000	10334.000000
0.000000	10334.000000
0.000000	10334.000000
0.000000	10334.000000
0.000000	10334.000000
0.000000	10334.000000
0.000000	10335.000000
0.000000	10335.000000
0.000000	10335.000000
0.000000	10335.000000
0.000000	10335.000000
0.000000	10335.000000
0.000000	10335.000000
0.000000	10335.000000
0.000000	10335.000000
0.000000	10335.000000
0.000000	10335.000000
0.000000	10335.000000
0.000000	10335.000000
0.000000	10335.000000
0.000000	10335.000000
0.000000	10335.000000
0.000000	10335.000000
0.000000	10336.000000
0.000000	10336.000000
0.000000	10336.000000
0.000000	10336.000000
0.000000	10336.000000
0.000000	10336.000000
0.000000	10336.000000
0.000000	10336.000000
0.000000	10336.000000
0.000000	10336.000000
0.000000	10336.000000
0.000000	10336.000000
0.000000	10336.000000
0.000000	10336.000000
0.000000	10336.000000
0.000000	10336.000000
0.000000	10336.000000
0.000000	10337.000000
0.000000	10337.000000
0.000000	10337.000000
0.000000	10337.000000
0.000000	10337.000000
0.000000	10337.000000
0.000000	10337.000000
0.000000	10337.000000
0.000000	10337.000000
0.000000	10337.000000
0.000000	10337.000000
0.000000	10337.000000
0.000000	10337.000000
0.000000	10337.000000
0.000000	10337.000000
0.000000	10337.000000
0.000000	10337.000000
0.000000	10338.000000
0.000000	10338.000000
0.000000	10338.000000
0.000000	10338.000000
0.000000	10338.000000
0.000000	10338.000000
0.000000	10338.000000
0.000000	10338.000000
0.000000	10338.000000
0.000000	10338.000000
0.000000	10338.000000
0.000000	10338.000000
0.000000	10338.000000
0.000000	10338.000000
0.000000	10338.000000
0.000000	10338.000000
0.000000	10338.000000
0.000000	10339.000000
0.000000	10339.000000
0.000000	10339.000000
0.000000	10339.000000
0.000000	10339.000000
0.000000	10339.000000
0.000000	10339.000000
0.000000	10339.000000
0.000000	10339.000000
0.000000	10339.000000
0.000000	10339.000000
0.000000	10339.000000
0.000000	10339.000000
0.000000	10339.000000
0.000000	10339.000000
0.000000	10339.000000
0.000000	10339.000000
0.000000	10339.000000
0.000000	10340.000000
0.000000	10340.000000
0.000000	10340.000000
0.000000	10340.000000
0.000000	10340.000000
0.000000	10340.000000
0.000000	10340.000000
0.000000	10340.000000
0.000000	10340.000000
0.000000	10340.000000
0.000000	10340.000000
0.000000	10340.000000
0.000000	10340.000000
0.000000	10340.000000
0.000000	10340.000000
0.000000	10340.000000
0.000000	10340.000000
0.000000	10341.000000
0.000000	10341.000000
0.000000	10341.000000
0.000000	10341.000000
0.000000	10341.000000
0.000000	10341.000000
0.000000	10341.000000
0.000000	10341.000000
0.000000	10341.000000
0.000000	10341.000000
0.000000	10341.000000
0.000000	10341.000000
0.000000	10341.000000
0.000000	10341.000000
0.000000	10341.000000
0.000000	10341.000000
0.000000	10341.000000
0.000000	10342.000000
0.000000	10342.000000
0.000000	10342.000000
0.000000	10342.000000
0.000000	10342.000000
0.000000	10342.000000
0.000000	10342.000000
0.000000	10342.000000
0.000000	10342.000000
0.000000	10342.000000
0.000000	10342.000000
0.000000	10342.000000
0.000000	10342.000000
0.000000	10342.000000
0.000000	10342.000000
0.000000	10342.000000
0.000000	10342.000000
0.000000	10343.000000
0.000000	10343.000000
0.000000	10343.000000
0.000000	10343.000000
0.000000	10343.000000
0.000000	10343.000000
0.000000	10343.000000
0.000000	10343.000000
0.000000	10343.000000
0.000000	10343.000000
0.000000	10343.000000
0.000000	10343.000000
0.000000	10343.000000
0.000000	10343.000000
0.000000	10343.000000
0.000000	10343.000000
0.000000	10343.000000
0.000000	10344.000000
0.000000	10344.000000
0.000000	10344.000000
0.000000	10344.000000
0.000000	10344.000000
0.000000	10344.000000
0.000000	10344.000000
0.000000	10344.000000
0.000000	10344.000000
0.000000	10344.000000
0.000000	10344.000000
0.000000	10344.000000
0.000000	10344.000000
0.000000	10344.000000
0.000000	10344.000000
0.000000	10344.000000
0.000000	10344.000000
0.000000	10345.000000
0.000000	10345.000000
0.000000	10345.000000
0.000000	10345.000000
0.000000	10345.000000
0.000000	10345.000000
0.000000	10345.000000
0.000000	10345.000000
0.000000	10345.000000
0.000000	10345.000000
0.000000	10345.000000
0.000000	10345.000000
0.000000	10345.000000
0.000000	10345.000000
0.000000	10345.000000
0.000000	10345.000000
0.000000	10345.000000
0.000000	10346.000000
0.000000	10346.000000
0.000000	10346.000000
0.000000	10346.000000
0.000000	10346.000000
0.000000	10346.000000
0.000000	10346.000000
0.000000	10346.000000
0.000000	10346.000000
0.000000	10346.000000
0.000000	10346.000000
0.000000	10346.000000
0.000000	10346.000000
0.000000	10346.000000
0.000000	10346.000000
0.000000	10346.000000
0.000000	10346.000000
0.000000	10347.000000
0.000000	10347.000000
0.000000	10347.000000
0.000000	10347.000000
0.000000	10347.000000
0.000000	10347.000000
0.000000	10347.000000
0.000000	10347.000000
0.000000	10347.000000
0.000000	10347.000000
0.000000	10347.000000
0.000000	10347.000000
0.000000	10347.000000
0.000000	10347.000000
0.000000	10347.000000
0.000000	10347.000000
0.000000	10347.000000
0.000000	10348.000000
0.000000	10348.000000
0.000000	10348.000000
0.000000	10348.000000
0.000000	10348.000000
0.000000	10348.000000
0.000000	10348.000000
0.000000	10348.000000
0.000000	10348.000000
0.000000	10348.000000
0.000000	10348.000000
0.000000	10348.000000
0.000000	10348.000000
0.000000	10348.000000
0.000000	10348.000000
0.000000	10348.000000
0.000000	10348.000000
0.000000	10349.000000
0.000000	10349.000000
0.000000	10349.000000
0.000000	10349.000000
0.000000	10349.000000
0.000000	10349.000000
0.000000	10349.000000
0.000000	10349.000000
0.000000	10349.000000
0.000000	10349.000000
0.000000	10349.000000
0.000000	10349.000000
0.000000	10349.000000
0.000000	10349.000000
0.000000	10349.000000
0.000000	10349.000000
0.000000	10349.000000
0.000000	10350.000000
0.000000	10350.000000
0.000000	10350.000000
0.000000	10350.000000
0.000000	10350.000000
0.000000	10350.000000
0.000000	10350.000000
0.000000	10350.000000
0.000000	10350.000000
0.000000	10350.000000
0.000000	10350.000000
0.000000	10350.000000
0.000000	10350.000000
0.000000	10350.000000
0.000000	10350.000000
0.000000	10350.000000
0.000000	10351.000000
0.000000	10351.000000
0.000000	10351.000000
0.000000	10351.000000
0.000000	10351.000000
0.000000	10351.000000
0.000000	10351.000000
0.000000	10351.000000
0.000000	10351.000000
0.000000	10351.000000
0.000000	10351.000000
0.000000	10351.000000
0.000000	10351.000000
0.000000	10351.000000
0.000000	10351.000000
0.000000	10351.000000
0.000000	10351.000000
0.000000	10351.000000
0.000000	10352.000000
0.000000	10352.000000
0.000000	10352.000000
0.000000	10352.000000
0.000000	10352.000000
0.000000	10352.000000
0.000000	10352.000000
0.000000	10352.000000
0.000000	10352.000000
0.000000	10352.000000
0.000000	10352.000000
0.000000	10352.000000
0.000000	10352.000000
0.000000	10352.000000
0.000000	10352.000000
0.000000	10352.000000
0.000000	10352.000000
0.000000	10353.000000
0.000000	10353.000000
0.000000	10353.000000
0.000000	10353.000000
0.000000	10353.000000
0.000000	10353.000000
0.000000	10353.000000
0.000000	10353.000000
0.000000	10353.000000
0.000000	10353.000000
0.000000	10353.000000
0.000000	10353.000000
0.000000	10353.000000
0.000000	10353.000000
0.000000	10353.000000
0.000000	10353.000000
0.000000	10353.000000
0.000000	10354.000000
0.000000	10354.000000
0.000000	10354.000000
0.000000	10354.000000
0.000000	10354.000000
0.000000	10354.000000
0.000000	10354.000000
0.000000	10354.000000
0.000000	10354.000000
0.000000	10354.000000
0.000000	10354.000000
0.000000	10354.000000
0.000000	10354.000000
0.000000	10354.000000
0.000000	10354.000000
0.000000	10354.000000
0.000000	10354.000000
0.000000	10354.000000
0.000000	10355.000000
0.000000	10355.000000
0.000000	10355.000000
0.000000	10355.000000
0.000000	10355.000000
0.000000	10355.000000
0.000000	10355.000000
0.000000	10355.000000
0.000000	10355.000000
0.000000	10355.000000
0.000000	10355.000000
0.000000	10355.000000
0.000000	10355.000000
0.000000	10355.000000
0.000000	10355.000000
0.000000	10355.000000
0.000000	10355.000000
0.000000	10356.000000
0.000000	10356.000000
0.000000	10356.000000
0.000000	10356.000000
0.000000	10356.000000
0.000000	10356.000000
0.000000	10356.000000
0.000000	10356.000000
0.000000	10356.000000
0.000000	10356.000000
0.000000	10356.000000
0.000000	10356.000000
0.000000	10356.000000
0.000000	10356.000000
0.000000	10356.000000
0.000000	10356.000000
0.000000	10356.000000
0.000000	10357.000000
0.000000	10357.000000
0.000000	10357.000000
0.000000	10357.000000
0.000000	10357.000000
0.000000	10357.000000
0.000000	10357.000000
0.000000	10357.000000
0.000000	10357.000000
0.000000	10357.000000
0.000000	10357.000000
0.000000	10357.000000
0.000000	10357.000000
0.000000	10357.000000
0.000000	10357.000000
0.000000	10357.000000
0.000000	10357.000000
0.000000	10358.000000
0.000000	10358.000000
0.000000	10358.000000
0.000000	10358.000000
0.000000	10358.000000
0.000000	10358.000000
0.000000	10358.000000
0.000000	10358.000000
0.000000	10358.000000
0.000000	10358.000000
0.000000	10358.000000
0.000000	10358.000000
0.000000	10358.000000
0.000000	10358.000000
0.000000	10358.000000
0.000000	10358.000000
0.000000	10358.000000
0.000000	10359.000000
0.000000	10359.000000
0.000000	10359.000000
0.000000	10359.000000
0.000000	10359.000000
0.000000	10359.000000
0.000000	10359.000000
0.000000	10359.000000
0.000000	10359.000000
0.000000	10359.000000
0.000000	10359.000000
0.000000	10359.000000
0.000000	10359.000000
0.000000	10359.000000
0.000000	10359.000000
0.000000	10359.000000
0.000000	10400.000000
0.000000	10400.000000
0.000000	10400.000000
0.000000	10400.000000
0.000000	10400.000000
0.000000	10400.000000
0.000000	10400.000000
0.000000	10400.000000
0.000000	10400.000000
0.000000	10400.000000
0.000000	10400.000000
0.000000	10400.000000
0.000000	10400.000000
0.000000	10400.000000
0.000000	10400.000000
0.000000	10400.000000
0.000000	10400.000000
0.000000	10400.000000
0.000000	10401.000000
0.000000	10401.000000
0.000000	10401.000000
0.000000	10401.000000
0.000000	10401.000000
0.000000	10401.000000
0.000000	10401.000000
0.000000	10401.000000
0.000000	10401.000000
0.000000	10401.000000
0.000000	10401.000000
0.000000	10401.000000
0.000000	10401.000000
0.000000	10401.000000
0.000000	10401.000000
0.000000	10401.000000
0.000000	10401.000000
0.000000	10402.000000
0.000000	10402.000000
0.000000	10402.000000
0.000000	10402.000000
0.000000	10402.000000
0.000000	10402.000000
0.000000	10402.000000
0.000000	10402.000000
0.000000	10402.000000
0.000000	10402.000000
0.000000	10402.000000
0.000000	10402.000000
0.000000	10402.000000
0.000000	10402.000000
0.000000	10402.000000
0.000000	10402.000000
0.000000	10402.000000
0.000000	10403.000000
0.000000	10403.000000
0.000000	10403.000000
0.000000	10403.000000
0.000000	10403.000000
0.000000	10403.000000
0.000000	10403.000000
0.000000	10403.000000
0.000000	10403.000000
0.000000	10403.000000
0.000000	10403.000000
0.000000	10403.000000
0.000000	10403.000000
0.000000	10403.000000
0.000000	10403.000000
0.000000	10404.000000
0.000000	10404.000000
0.000000	10404.000000
0.000000	10404.000000
0.000000	10404.000000
0.000000	10404.000000
0.000000	10404.000000
0.000000	10404.000000
0.000000	10404.000000
0.000000	10404.000000
0.000000	10404.000000
0.000000	10404.000000
0.000000	10404.000000
0.000000	10404.000000
0.000000	10404.000000
0.000000	10404.000000
0.000000	10404.000000
0.000000	10404.000000
0.000000	10404.000000
0.000000	10405.000000
0.000000	10405.000000
0.000000	10405.000000
0.000000	10405.000000
0.000000	10405.000000
0.000000	10405.000000
0.000000	10405.000000
0.000000	10405.000000
0.000000	10405.000000
0.000000	10405.000000
0.000000	10405.000000
0.000000	10405.000000
0.000000	10405.000000
0.000000	10405.000000
0.000000	10405.000000
0.000000	10405.000000
0.000000	10405.000000
0.000000	10406.000000
0.000000	10406.000000
0.000000	10406.000000
0.000000	10406.000000
0.000000	10406.000000
0.000000	10406.000000
0.000000	10406.000000
0.000000	10406.000000
0.000000	10406.000000
0.000000	10406.000000
0.000000	10406.000000
0.000000	10406.000000
0.000000	10406.000000
0.000000	10406.000000
0.000000	10406.000000
0.000000	10406.000000
0.000000	10406.000000
0.000000	10407.000000
0.000000	10407.000000
0.000000	10407.000000
0.000000	10407.000000
0.000000	10407.000000
0.000000	10407.000000
0.000000	10407.000000
0.000000	10407.000000
0.000000	10407.000000
0.000000	10407.000000
0.000000	10407.000000
0.000000	10407.000000
0.000000	10407.000000
0.000000	10407.000000
0.000000	10407.000000
0.000000	10407.000000
0.000000	10407.000000
0.000000	10408.000000
0.000000	10408.000000
0.000000	10408.000000
0.000000	10408.000000
0.000000	10408.000000
0.000000	10408.000000
0.000000	10408.000000
0.000000	10408.000000
0.000000	10408.000000
0.000000	10408.000000
0.000000	10408.000000
0.000000	10408.000000
0.000000	10408.000000
0.000000	10408.000000
0.000000	10408.000000
0.000000	10408.000000
0.000000	10408.000000
0.000000	10409.000000
0.000000	10409.000000
0.000000	10409.000000
0.000000	10409.000000
0.000000	10409.000000
0.000000	10409.000000
0.000000	10409.000000
0.000000	10409.000000
0.000000	10409.000000
0.000000	10409.000000
0.000000	10409.000000
0.000000	10409.000000
0.000000	10409.000000
0.000000	10409.000000
0.000000	10409.000000
0.000000	10409.000000
0.000000	10409.000000
0.000000	10409.000000
0.000000	10410.000000
0.000000	10410.000000
0.000000	10410.000000
0.000000	10410.000000
0.000000	10410.000000
0.000000	10410.000000
0.000000	10410.000000
0.000000	10410.000000
0.000000	10410.000000
0.000000	10410.000000
0.000000	10410.000000
0.000000	10410.000000
0.000000	10410.000000
0.000000	10410.000000
0.000000	10410.000000
0.000000	10410.000000
0.000000	10410.000000
0.000000	10411.000000
0.000000	10411.000000
0.000000	10411.000000
0.000000	10411.000000
0.000000	10411.000000
0.000000	10411.000000
0.000000	10411.000000
0.000000	10411.000000
0.000000	10411.000000
0.000000	10411.000000
0.000000	10411.000000
0.000000	10411.000000
0.000000	10411.000000
0.000000	10411.000000
0.000000	10411.000000
0.000000	10411.000000
0.000000	10411.000000
0.000000	10412.000000
0.000000	10412.000000
0.000000	10412.000000
0.000000	10412.000000
0.000000	10412.000000
0.000000	10412.000000
0.000000	10412.000000
0.000000	10412.000000
0.000000	10412.000000
0.000000	10412.000000
0.000000	10412.000000
0.000000	10412.000000
0.000000	10412.000000
0.000000	10412.000000
0.000000	10412.000000
0.000000	10412.000000
0.000000	10412.000000
0.000000	10413.000000
0.000000	10413.000000
0.000000	10413.000000
0.000000	10413.000000
0.000000	10413.000000
0.000000	10413.000000
0.000000	10413.000000
0.000000	10413.000000
0.000000	10413.000000
0.000000	10413.000000
0.000000	10413.000000
0.000000	10413.000000
0.000000	10413.000000
0.000000	10413.000000
0.000000	10413.000000
0.000000	10413.000000
0.000000	10413.000000
0.000000	10414.000000
0.000000	10414.000000
0.000000	10414.000000
0.000000	10414.000000
0.000000	10414.000000
0.000000	10414.000000
0.000000	10414.000000
0.000000	10414.000000
0.000000	10414.000000
0.000000	10414.000000
0.000000	10414.000000
0.000000	10414.000000
0.000000	10414.000000
0.000000	10414.000000
0.000000	10414.000000
0.000000	10414.000000
0.000000	10414.000000
0.000000	10415.000000
0.000000	10415.000000
0.000000	10415.000000
0.000000	10415.000000
0.000000	10415.000000
0.000000	10415.000000
0.000000	10415.000000
0.000000	10415.000000
0.000000	10415.000000
0.000000	10415.000000
0.000000	10415.000000
0.000000	10415.000000
0.000000	10415.000000
0.000000	10415.000000
0.000000	10415.000000
0.000000	10415.000000
0.000000	10415.000000
0.000000	10416.000000
0.000000	10416.000000
0.000000	10416.000000
0.000000	10416.000000
0.000000	10416.000000
0.000000	10416.000000
0.000000	10416.000000
0.000000	10416.000000
0.000000	10416.000000
0.000000	10416.000000
0.000000	10416.000000
0.000000	10416.000000
0.000000	10416.000000
0.000000	10416.000000
0.000000	10416.000000
0.000000	10416.000000
0.000000	10417.000000
0.000000	10417.000000
0.000000	10417.000000
0.000000	10417.000000
0.000000	10417.000000
0.000000	10417.000000
0.000000	10417.000000
0.000000	10417.000000
0.000000	10417.000000
0.000000	10417.000000
0.000000	10417.000000
0.000000	10417.000000
0.000000	10417.000000
0.000000	10417.000000
0.000000	10417.000000
0.000000	10417.000000
0.000000	10417.000000
0.000000	10417.000000
0.000000	10418.000000
0.000000	10418.000000
0.000000	10418.000000
0.000000	10418.000000
0.000000	10418.000000
0.000000	10418.000000
0.000000	10418.000000
0.000000	10418.000000
0.000000	10418.000000
0.000000	10418.000000
0.000000	10418.000000
0.000000	10418.000000
0.000000	10418.000000
0.000000	10418.000000
0.000000	10418.000000
0.000000	10418.000000
0.000000	10418.000000
0.000000	10419.000000
0.000000	10419.000000
0.000000	10419.000000
0.000000	10419.000000
0.000000	10419.000000
0.000000	10419.000000
0.000000	10419.000000
0.000000	10419.000000
0.000000	10419.000000
0.000000	10419.000000
0.000000	10419.000000
0.000000	10419.000000
0.000000	10419.000000
0.000000	10419.000000
0.000000	10419.000000
0.000000	10419.000000
0.000000	10419.000000
0.000000	10420.000000
0.000000	10420.000000
0.000000	10420.000000
0.000000	10420.000000
0.000000	10420.000000
0.000000	10420.000000
0.000000	10420.000000
0.000000	10420.000000
0.000000	10420.000000
0.000000	10420.000000
0.000000	10420.000000
0.000000	10420.000000
0.000000	10420.000000
0.000000	10420.000000
0.000000	10420.000000
0.000000	10420.000000
0.000000	10420.000000
0.000000	10421.000000
0.000000	10421.000000
0.000000	10421.000000
0.000000	10421.000000
0.000000	10421.000000
0.000000	10421.000000
0.000000	10421.000000
0.000000	10421.000000
0.000000	10421.000000
0.000000	10421.000000
0.000000	10421.000000
0.000000	10421.000000
0.000000	10421.000000
0.000000	10421.000000
0.000000	10421.000000
0.000000	10421.000000
0.000000	10421.000000
0.000000	10422.000000
0.000000	10422.000000
0.000000	10422.000000
0.000000	10422.000000
0.000000	10422.000000
0.000000	10422.000000
0.000000	10422.000000
0.000000	10422.000000
0.000000	10422.000000
0.000000	10422.000000
0.000000	10422.000000
0.000000	10422.000000
0.000000	10422.000000
0.000000	10422.000000
0.000000	10422.000000
0.000000	10422.000000
0.000000	10422.000000
0.000000	10423.000000
0.000000	10423.000000
0.000000	10423.000000
0.000000	10423.000000
0.000000	10423.000000
0.000000	10423.000000
0.000000	10423.000000
0.000000	10423.000000
0.000000	10423.000000
0.000000	10423.000000
0.000000	10423.000000
0.000000	10423.000000
0.000000	10423.000000
0.000000	10423.000000
0.000000	10423.000000
0.000000	10423.000000
0.000000	10423.000000
0.000000	10424.000000
0.000000	10424.000000
0.000000	10424.000000
0.000000	10424.000000
0.000000	10424.000000
0.000000	10424.000000
0.000000	10424.000000
0.000000	10424.000000
0.000000	10424.000000
0.000000	10424.000000
0.000000	10424.000000
0.000000	10424.000000
0.000000	10424.000000
0.000000	10424.000000
0.000000	10424.000000
0.000000	10424.000000
0.000000	10424.000000
0.000000	10424.000000
0.000000	10425.000000
0.000000	10425.000000
0.000000	10425.000000
0.000000	10425.000000
0.000000	10425.000000
0.000000	10425.000000
0.000000	10425.000000
0.000000	10425.000000
0.000000	10425.000000
0.000000	10425.000000
0.000000	10425.000000
0.000000	10425.000000
0.000000	10425.000000
0.000000	10425.000000
0.000000	10425.000000
0.000000	10425.000000
0.000000	10425.000000
0.000000	10426.000000
0.000000	10426.000000
0.000000	10426.000000
0.000000	10426.000000
0.000000	10426.000000
0.000000	10426.000000
0.000000	10426.000000
0.000000	10426.000000
0.000000	10426.000000
0.000000	10426.000000
0.000000	10426.000000
0.000000	10426.000000
0.000000	10426.000000
0.000000	10426.000000
0.000000	10426.000000
0.000000	10426.000000
0.000000	10426.000000
0.000000	10427.000000
0.000000	10427.000000
0.000000	10427.000000
0.000000	10427.000000
0.000000	10427.000000
0.000000	10427.000000
0.000000	10427.000000
0.000000	10427.000000
0.000000	10427.000000
0.000000	10427.000000
0.000000	10427.000000
0.000000	10427.000000
0.000000	10427.000000
0.000000	10427.000000
0.000000	10427.000000
0.000000	10427.000000
0.000000	10428.000000
0.000000	10428.000000
0.000000	10428.000000
0.000000	10428.000000
0.000000	10428.000000
0.000000	10428.000000
0.000000	10428.000000
0.000000	10428.000000
0.000000	10428.000000
0.000000	10428.000000
0.000000	10428.000000
0.000000	10428.000000
0.000000	10428.000000
0.000000	10428.000000
0.000000	10428.000000
0.000000	10428.000000
0.000000	10428.000000
0.000000	10428.000000
0.000000	10429.000000
0.000000	10429.000000
0.000000	10429.000000
0.000000	10429.000000
0.000000	10429.000000
0.000000	10429.000000
0.000000	10429.000000
0.000000	10429.000000
0.000000	10429.000000
0.000000	10429.000000
0.000000	10429.000000
0.000000	10429.000000
0.000000	10429.000000
0.000000	10429.000000
0.000000	10429.000000
0.000000	10429.000000
0.000000	10429.000000
0.000000	10430.000000
0.000000	10430.000000
0.000000	10430.000000
0.000000	10430.000000
0.000000	10430.000000
0.000000	10430.000000
0.000000	10430.000000
0.000000	10430.000000
0.000000	10430.000000
0.000000	10430.000000
0.000000	10430.000000
0.000000	10430.000000
0.000000	10430.000000
0.000000	10430.000000
0.000000	10430.000000
0.000000	10430.000000
0.000000	10430.000000
0.000000	10431.000000
0.000000	10431.000000
0.000000	10431.000000
0.000000	10431.000000
0.000000	10431.000000
0.000000	10431.000000
0.000000	10431.000000
0.000000	10431.000000
0.000000	10431.000000
0.000000	10431.000000
0.000000	10431.000000
0.000000	10431.000000
0.000000	10431.000000
0.000000	10431.000000
0.000000	10431.000000
0.000000	10431.000000
0.000000	10431.000000
0.000000	10432.000000
0.000000	10432.000000
0.000000	10432.000000
0.000000	10432.000000
0.000000	10432.000000
0.000000	10432.000000
0.000000	10432.000000
0.000000	10432.000000
0.000000	10432.000000
0.000000	10432.000000
0.000000	10432.000000
0.000000	10432.000000
0.000000	10432.000000
0.000000	10432.000000
0.000000	10432.000000
0.000000	10432.000000
0.000000	10432.000000
0.000000	10433.000000
0.000000	10433.000000
0.000000	10433.000000
0.000000	10433.000000
0.000000	10433.000000
0.000000	10433.000000
0.000000	10433.000000
0.000000	10433.000000
0.000000	10433.000000
0.000000	10433.000000
0.000000	10433.000000
0.000000	10433.000000
0.000000	10433.000000
0.000000	10433.000000
0.000000	10433.000000
0.000000	10433.000000
0.000000	10433.000000
0.000000	10434.000000
0.000000	10434.000000
0.000000	10434.000000
0.000000	10434.000000
0.000000	10434.000000
0.000000	10434.000000
0.000000	10434.000000
0.000000	10434.000000
0.000000	10434.000000
0.000000	10434.000000
0.000000	10434.000000
0.000000	10434.000000
0.000000	10434.000000
0.000000	10434.000000
0.000000	10434.000000
0.000000	10434.000000
0.000000	10434.000000
0.000000	10435.000000
0.000000	10435.000000
0.000000	10435.000000
0.000000	10435.000000
0.000000	10435.000000
0.000000	10435.000000
0.000000	10435.000000
0.000000	10435.000000
0.000000	10435.000000
0.000000	10435.000000
0.000000	10435.000000
0.000000	10435.000000
0.000000	10435.000000
0.000000	10435.000000
0.000000	10435.000000
0.000000	10435.000000
0.000000	10435.000000
0.000000	10436.000000
0.000000	10436.000000
0.000000	10436.000000
0.000000	10436.000000
0.000000	10436.000000
0.000000	10436.000000
0.000000	10436.000000
0.000000	10436.000000
0.000000	10436.000000
0.000000	10436.000000
0.000000	10436.000000
0.000000	10436.000000
0.000000	10436.000000
0.000000	10436.000000
0.000000	10436.000000
0.000000	10436.000000
0.000000	10436.000000
0.000000	10437.000000
0.000000	10437.000000
0.000000	10437.000000
0.000000	10437.000000
0.000000	10437.000000
0.000000	10437.000000
0.000000	10437.000000
0.000000	10437.000000
0.000000	10437.000000
0.000000	10437.000000
0.000000	10437.000000
0.000000	10437.000000
0.000000	10437.000000
0.000000	10437.000000
0.000000	10437.000000
0.000000	10437.000000
0.000000	10437.000000
0.000000	10438.000000
0.000000	10438.000000
0.000000	10438.000000
0.000000	10438.000000
0.000000	10438.000000
0.000000	10438.000000
0.000000	10438.000000
0.000000	10438.000000
0.000000	10438.000000
0.000000	10438.000000
0.000000	10438.000000
0.000000	10438.000000
0.000000	10438.000000
0.000000	10438.000000
0.000000	10438.000000
0.000000	10438.000000
0.000000	10438.000000
0.000000	10439.000000
0.000000	10439.000000
0.000000	10439.000000
0.000000	10439.000000
0.000000	10439.000000
0.000000	10439.000000
0.000000	10439.000000
0.000000	10439.000000
0.000000	10439.000000
0.000000	10439.000000
0.000000	10439.000000
0.000000	10439.000000
0.000000	10439.000000
0.000000	10439.000000
0.000000	10439.000000
0.000000	10439.000000
0.000000	10439.000000
0.000000	10439.000000
0.000000	10440.000000
0.000000	10440.000000
0.000000	10440.000000
0.000000	10440.000000
0.000000	10440.000000
0.000000	10440.000000
0.000000	10440.000000
0.000000	10440.000000
0.000000	10440.000000
0.000000	10440.000000
0.000000	10440.000000
0.000000	10440.000000
0.000000	10440.000000
0.000000	10440.000000
0.000000	10440.000000
0.000000	10440.000000
0.000000	10441.000000
0.000000	10441.000000
0.000000	10441.000000
0.000000	10441.000000
0.000000	10441.000000
0.000000	10441.000000
0.000000	10441.000000
0.000000	10441.000000
0.000000	10441.000000
0.000000	10441.000000
0.000000	10441.000000
0.000000	10441.000000
0.000000	10441.000000
0.000000	10441.000000
0.000000	10441.000000
0.000000	10441.000000
0.000000	10441.000000
0.000000	10441.000000
0.000000	10442.000000
0.000000	10442.000000
0.000000	10442.000000
0.000000	10442.000000
0.000000	10442.000000
0.000000	10442.000000
0.000000	10442.000000
0.000000	10442.000000
0.000000	10442.000000
0.000000	10442.000000
0.000000	10442.000000
0.000000	10442.000000
0.000000	10442.000000
0.000000	10442.000000
0.000000	10442.000000
0.000000	10442.000000
0.000000	10442.000000
0.000000	10443.000000
0.000000	10443.000000
0.000000	10443.000000
0.000000	10443.000000
0.000000	10443.000000
0.000000	10443.000000
0.000000	10443.000000
0.000000	10443.000000
0.000000	10443.000000
0.000000	10443.000000
0.000000	10443.000000
0.000000	10443.000000
0.000000	10443.000000
0.000000	10443.000000
0.000000	10443.000000
0.000000	10444.000000
0.000000	10444.000000
0.000000	10444.000000
0.000000	10444.000000
0.000000	10444.000000
0.000000	10444.000000
0.000000	10444.000000
0.000000	10444.000000
0.000000	10444.000000
0.000000	10444.000000
0.000000	10444.000000
0.000000	10444.000000
0.000000	10444.000000
0.000000	10444.000000
0.000000	10444.000000
0.000000	10444.000000
0.000000	10444.000000
0.000000	10444.000000
0.000000	10444.000000
0.000000	10445.000000
0.000000	10445.000000
0.000000	10445.000000
0.000000	10445.000000
0.000000	10445.000000
0.000000	10445.000000
0.000000	10445.000000
0.000000	10445.000000
0.000000	10445.000000
0.000000	10445.000000
0.000000	10445.000000
0.000000	10445.000000
0.000000	10445.000000
0.000000	10445.000000
0.000000	10445.000000
0.000000	10445.000000
0.000000	10445.000000
0.000000	10446.000000
0.000000	10446.000000
0.000000	10446.000000
0.000000	10446.000000
0.000000	10446.000000
0.000000	10446.000000
0.000000	10446.000000
0.000000	10446.000000
0.000000	10446.000000
0.000000	10446.000000
0.000000	10446.000000
0.000000	10446.000000
0.000000	10446.000000
0.000000	10446.000000
0.000000	10446.000000
0.000000	10446.000000
0.000000	10446.000000
0.000000	10447.000000
0.000000	10447.000000
0.000000	10447.000000
0.000000	10447.000000
0.000000	10447.000000
0.000000	10447.000000
0.000000	10447.000000
0.000000	10447.000000
0.000000	10447.000000
0.000000	10447.000000
0.000000	10447.000000
0.000000	10447.000000
0.000000	10447.000000
0.000000	10447.000000
0.000000	10447.000000
0.000000	10447.000000
0.000000	10447.000000
0.000000	10448.000000
0.000000	10448.000000
0.000000	10448.000000
0.000000	10448.000000
0.000000	10448.000000
0.000000	10448.000000
0.000000	10448.000000
0.000000	10448.000000
0.000000	10448.000000
0.000000	10448.000000
0.000000	10448.000000
0.000000	10448.000000
0.000000	10448.000000
0.000000	10448.000000
0.000000	10448.000000
0.000000	10448.000000
0.000000	10448.000000
0.000000	10449.000000
0.000000	10449.000000
0.000000	10449.000000
0.000000	10449.000000
0.000000	10449.000000
0.000000	10449.000000
0.000000	10449.000000
0.000000	10449.000000
0.000000	10449.000000
0.000000	10449.000000
0.000000	10449.000000
0.000000	10449.000000
0.000000	10449.000000
0.000000	10449.000000
0.000000	10449.000000
0.000000	10449.000000
0.000000	10449.000000
0.000000	10450.000000
0.000000	10450.000000
0.000000	10450.000000
0.000000	10450.000000
0.000000	10450.000000
0.000000	10450.000000
0.000000	10450.000000
0.000000	10450.000000
0.000000	10450.000000
0.000000	10450.000000
0.000000	10450.000000
0.000000	10450.000000
0.000000	10450.000000
0.000000	10450.000000
0.000000	10450.000000
0.000000	10450.000000
0.000000	10450.000000
0.000000	10451.000000
0.000000	10451.000000
0.000000	10451.000000
0.000000	10451.000000
0.000000	10451.000000
0.000000	10451.000000
0.000000	10451.000000
0.000000	10451.000000
0.000000	10451.000000
0.000000	10451.000000
0.000000	10451.000000
0.000000	10451.000000
0.000000	10451.000000
0.000000	10451.000000
0.000000	10451.000000
0.000000	10451.000000
0.000000	10451.000000
0.000000	10452.000000
0.000000	10452.000000
0.000000	10452.000000
0.000000	10452.000000
0.000000	10452.000000
0.000000	10452.000000
0.000000	10452.000000
0.000000	10452.000000
0.000000	10452.000000
0.000000	10452.000000
0.000000	10452.000000
0.000000	10452.000000
0.000000	10452.000000
0.000000	10452.000000
0.000000	10452.000000
0.000000	10452.000000
0.000000	10452.000000
0.000000	10453.000000
0.000000	10453.000000
0.000000	10453.000000
0.000000	10453.000000
0.000000	10453.000000
0.000000	10453.000000
0.000000	10453.000000
0.000000	10453.000000
0.000000	10453.000000
0.000000	10453.000000
0.000000	10453.000000
0.000000	10453.000000
0.000000	10453.000000
0.000000	10453.000000
0.000000	10453.000000
0.000000	10453.000000
0.000000	10453.000000
0.000000	10454.000000
0.000000	10454.000000
0.000000	10454.000000
0.000000	10454.000000
0.000000	10454.000000
0.000000	10454.000000
0.000000	10454.000000
0.000000	10454.000000
0.000000	10454.000000
0.000000	10454.000000
0.000000	10454.000000
0.000000	10454.000000
0.000000	10454.000000
0.000000	10454.000000
0.000000	10454.000000
0.000000	10454.000000
0.000000	10454.000000
0.000000	10455.000000
0.000000	10455.000000
0.000000	10455.000000
0.000000	10455.000000
0.000000	10455.000000
0.000000	10455.000000
0.000000	10455.000000
0.000000	10455.000000
0.000000	10455.000000
0.000000	10455.000000
0.000000	10455.000000
0.000000	10455.000000
0.000000	10455.000000
0.000000	10455.000000
0.000000	10455.000000
0.000000	10455.000000
0.000000	10455.000000
0.000000	10455.000000
0.000000	10456.000000
0.000000	10456.000000
0.000000	10456.000000
0.000000	10456.000000
0.000000	10456.000000
0.000000	10456.000000
0.000000	10456.000000
0.000000	10456.000000
0.000000	10456.000000
0.000000	10456.000000
0.000000	10456.000000
0.000000	10456.000000
0.000000	10456.000000
0.000000	10456.000000
0.000000	10456.000000
0.000000	10456.000000
0.000000	10457.000000
0.000000	10457.000000
0.000000	10457.000000
0.000000	10457.000000
0.000000	10457.000000
0.000000	10457.000000
0.000000	10457.000000
0.000000	10457.000000
0.000000	10457.000000
0.000000	10457.000000
0.000000	10457.000000
0.000000	10457.000000
0.000000	10457.000000
0.000000	10457.000000
0.000000	10457.000000
0.000000	10457.000000
0.000000	10457.000000
0.000000	10458.000000
0.000000	10458.000000
0.000000	10458.000000
0.000000	10458.000000
0.000000	10458.000000
0.000000	10458.000000
0.000000	10458.000000
0.000000	10458.000000
0.000000	10458.000000
0.000000	10458.000000
0.000000	10458.000000
0.000000	10458.000000
0.000000	10458.000000
0.000000	10458.000000
0.000000	10458.000000
0.000000	10458.000000
0.000000	10458.000000
0.000000	10458.000000
0.000000	10459.000000
0.000000	10459.000000
0.000000	10459.000000
0.000000	10459.000000
0.000000	10459.000000
0.000000	10459.000000
0.000000	10459.000000
0.000000	10459.000000
0.000000	10459.000000
0.000000	10459.000000
0.000000	10459.000000
0.000000	10459.000000
0.000000	10459.000000
0.000000	10459.000000
0.000000	10459.000000
0.000000	10459.000000
0.000000	10459.000000
0.000000	10500.000000
0.000000	10500.000000
0.000000	10500.000000
0.000000	10500.000000
0.000000	10500.000000
0.000000	10500.000000
0.000000	10500.000000
0.000000	10500.000000
0.000000	10500.000000
0.000000	10500.000000
0.000000	10500.000000
0.000000	10500.000000
0.000000	10500.000000
0.000000	10500.000000
0.000000	10500.000000
0.000000	10500.000000
0.000000	10500.000000
0.000000	10501.000000
0.000000	10501.000000
0.000000	10501.000000
0.000000	10501.000000
0.000000	10501.000000
0.000000	10501.000000
0.000000	10501.000000
0.000000	10501.000000
0.000000	10501.000000
0.000000	10501.000000
0.000000	10501.000000
0.000000	10501.000000
0.000000	10501.000000
0.000000	10501.000000
0.000000	10501.000000
0.000000	10501.000000
0.000000	10501.000000
0.000000	10502.000000
0.000000	10502.000000
0.000000	10502.000000
0.000000	10502.000000
0.000000	10502.000000
0.000000	10502.000000
0.000000	10502.000000
0.000000	10502.000000
0.000000	10502.000000
0.000000	10502.000000
0.000000	10502.000000
0.000000	10502.000000
0.000000	10502.000000
0.000000	10502.000000
0.000000	10502.000000
0.000000	10502.000000
0.000000	10502.000000
0.000000	10503.000000
0.000000	10503.000000
0.000000	10503.000000
0.000000	10503.000000
0.000000	10503.000000
0.000000	10503.000000
0.000000	10503.000000
0.000000	10503.000000
0.000000	10503.000000
0.000000	10503.000000
0.000000	10503.000000
0.000000	10503.000000
0.000000	10503.000000
0.000000	10503.000000
0.000000	10503.000000
0.000000	10503.000000
0.000000	10503.000000
0.000000	10504.000000
0.000000	10504.000000
0.000000	10504.000000
0.000000	10504.000000
0.000000	10504.000000
0.000000	10504.000000
0.000000	10504.000000
0.000000	10504.000000
0.000000	10504.000000
0.000000	10504.000000
0.000000	10504.000000
0.000000	10504.000000
0.000000	10504.000000
0.000000	10504.000000
0.000000	10504.000000
0.000000	10504.000000
0.000000	10504.000000
0.000000	10505.000000
0.000000	10505.000000
0.000000	10505.000000
0.000000	10505.000000
0.000000	10505.000000
0.000000	10505.000000
0.000000	10505.000000
0.000000	10505.000000
0.000000	10505.000000
0.000000	10505.000000
0.000000	10505.000000
0.000000	10505.000000
0.000000	10505.000000
0.000000	10505.000000
0.000000	10505.000000
0.000000	10505.000000
0.000000	10505.000000
0.000000	10506.000000
0.000000	10506.000000
0.000000	10506.000000
0.000000	10506.000000
0.000000	10506.000000
0.000000	10506.000000
0.000000	10506.000000
0.000000	10506.000000
0.000000	10506.000000
0.000000	10506.000000
0.000000	10506.000000
0.000000	10506.000000
0.000000	10506.000000
0.000000	10506.000000
0.000000	10506.000000
0.000000	10506.000000
0.000000	10506.000000
0.000000	10507.000000
0.000000	10507.000000
0.000000	10507.000000
0.000000	10507.000000
0.000000	10507.000000
0.000000	10507.000000
0.000000	10507.000000
0.000000	10507.000000
0.000000	10507.000000
0.000000	10507.000000
0.000000	10507.000000
0.000000	10507.000000
0.000000	10507.000000
0.000000	10507.000000
0.000000	10507.000000
0.000000	10507.000000
0.000000	10507.000000
0.000000	10508.000000
0.000000	10508.000000
0.000000	10508.000000
0.000000	10508.000000
0.000000	10508.000000
0.000000	10508.000000
0.000000	10508.000000
0.000000	10508.000000
0.000000	10508.000000
0.000000	10508.000000
0.000000	10508.000000
0.000000	10508.000000
0.000000	10508.000000
0.000000	10508.000000
0.000000	10508.000000
0.000000	10508.000000
0.000000	10508.000000
0.000000	10509.000000
0.000000	10509.000000
0.000000	10509.000000
0.000000	10509.000000
0.000000	10509.000000
0.000000	10509.000000
0.000000	10509.000000
0.000000	10509.000000
0.000000	10509.000000
0.000000	10509.000000
0.000000	10509.000000
0.000000	10509.000000
0.000000	10509.000000
0.000000	10509.000000
0.000000	10509.000000
0.000000	10509.000000
0.000000	10509.000000
0.000000	10509.000000
0.000000	10510.000000
0.000000	10510.000000
0.000000	10510.000000
0.000000	10510.000000
0.000000	10510.000000
0.000000	10510.000000
0.000000	10510.000000
0.000000	10510.000000
0.000000	10510.000000
0.000000	10510.000000
0.000000	10510.000000
0.000000	10510.000000
0.000000	10510.000000
0.000000	10510.000000
0.000000	10510.000000
0.000000	10510.000000
0.000000	10510.000000
0.000000	10511.000000
0.000000	10511.000000
0.000000	10511.000000
0.000000	10511.000000
0.000000	10511.000000
0.000000	10511.000000
0.000000	10511.000000
0.000000	10511.000000
0.000000	10511.000000
0.000000	10511.000000
0.000000	10511.000000
0.000000	10511.000000
0.000000	10511.000000
0.000000	10511.000000
0.000000	10511.000000
0.000000	10511.000000
0.000000	10511.000000
0.000000	10512.000000
0.000000	10512.000000
0.000000	10512.000000
0.000000	10512.000000
0.000000	10512.000000
0.000000	10512.000000
0.000000	10512.000000
0.000000	10512.000000
0.000000	10512.000000
0.000000	10512.000000
0.000000	10512.000000
0.000000	10512.000000
0.000000	10512.000000
0.000000	10512.000000
0.000000	10512.000000
0.000000	10512.000000
0.000000	10512.000000
0.000000	10513.000000
0.000000	10513.000000
0.000000	10513.000000
0.000000	10513.000000
0.000000	10513.000000
0.000000	10513.000000
0.000000	10513.000000
0.000000	10513.000000
0.000000	10513.000000
0.000000	10513.000000
0.000000	10513.000000
0.000000	10513.000000
0.000000	10513.000000
0.000000	10513.000000
0.000000	10513.000000
0.000000	10513.000000
0.000000	10513.000000
0.000000	10514.000000
0.000000	10514.000000
0.000000	10514.000000
0.000000	10514.000000
0.000000	10514.000000
0.000000	10514.000000
0.000000	10514.000000
0.000000	10514.000000
0.000000	10514.000000
0.000000	10514.000000
0.000000	10514.000000
0.000000	10514.000000
0.000000	10514.000000
0.000000	10514.000000
0.000000	10514.000000
0.000000	10514.000000
0.000000	10514.000000
0.000000	10515.000000
0.000000	10515.000000
0.000000	10515.000000
0.000000	10515.000000
0.000000	10515.000000
0.000000	10515.000000
0.000000	10515.000000
0.000000	10515.000000
0.000000	10515.000000
0.000000	10515.000000
0.000000	10515.000000
0.000000	10515.000000
0.000000	10515.000000
0.000000	10515.000000
0.000000	10515.000000
0.000000	10515.000000
0.000000	10515.000000
0.000000	10516.000000
0.000000	10516.000000
0.000000	10516.000000
0.000000	10516.000000
0.000000	10516.000000
0.000000	10516.000000
0.000000	10516.000000
0.000000	10516.000000
0.000000	10516.000000
0.000000	10516.000000
0.000000	10516.000000
0.000000	10516.000000
0.000000	10516.000000
0.000000	10516.000000
0.000000	10516.000000
0.000000	10516.000000
0.000000	10516.000000
0.000000	10517.000000
0.000000	10517.000000
0.000000	10517.000000
0.000000	10517.000000
0.000000	10517.000000
0.000000	10517.000000
0.000000	10517.000000
0.000000	10517.000000
0.000000	10517.000000
0.000000	10517.000000
0.000000	10517.000000
0.000000	10517.000000
0.000000	10517.000000
0.000000	10517.000000
0.000000	10517.000000
0.000000	10517.000000
0.000000	10517.000000
0.000000	10518.000000
0.000000	10518.000000
0.000000	10518.000000
0.000000	10518.000000
0.000000	10518.000000
0.000000	10518.000000
0.000000	10518.000000
0.000000	10518.000000
0.000000	10518.000000
0.000000	10518.000000
0.000000	10518.000000
0.000000	10518.000000
0.000000	10518.000000
0.000000	10518.000000
0.000000	10518.000000
0.000000	10518.000000
0.000000	10518.000000
0.000000	10519.000000
0.000000	10519.000000
0.000000	10519.000000
0.000000	10519.000000
0.000000	10519.000000
0.000000	10519.000000
0.000000	10519.000000
0.000000	10519.000000
0.000000	10519.000000
0.000000	10519.000000
0.000000	10519.000000
0.000000	10519.000000
0.000000	10519.000000
0.000000	10519.000000
0.000000	10519.000000
0.000000	10519.000000
0.000000	10519.000000
0.000000	10520.000000
0.000000	10520.000000
0.000000	10520.000000
0.000000	10520.000000
0.000000	10520.000000
0.000000	10520.000000
0.000000	10520.000000
0.000000	10520.000000
0.000000	10520.000000
0.000000	10520.000000
0.000000	10520.000000
0.000000	10520.000000
0.000000	10520.000000
0.000000	10520.000000
0.000000	10520.000000
0.000000	10520.000000
0.000000	10520.000000
0.000000	10521.000000
0.000000	10521.000000
0.000000	10521.000000
0.000000	10521.000000
0.000000	10521.000000
0.000000	10521.000000
0.000000	10521.000000
0.000000	10521.000000
0.000000	10521.000000
0.000000	10521.000000
0.000000	10521.000000
0.000000	10521.000000
0.000000	10521.000000
0.000000	10521.000000
0.000000	10521.000000
0.000000	10521.000000
0.000000	10521.000000
0.000000	10522.000000
0.000000	10522.000000
0.000000	10522.000000
0.000000	10522.000000
0.000000	10522.000000
0.000000	10522.000000
0.000000	10522.000000
0.000000	10522.000000
0.000000	10522.000000
0.000000	10522.000000
0.000000	10522.000000
0.000000	10522.000000
0.000000	10522.000000
0.000000	10522.000000
0.000000	10522.000000
0.000000	10522.000000
0.000000	10522.000000
0.000000	10523.000000
0.000000	10523.000000
0.000000	10523.000000
0.000000	10523.000000
0.000000	10523.000000
0.000000	10523.000000
0.000000	10523.000000
0.000000	10523.000000
0.000000	10523.000000
0.000000	10523.000000
0.000000	10523.000000
0.000000	10523.000000
0.000000	10523.000000
0.000000	10523.000000
0.000000	10523.000000
0.000000	10523.000000
0.000000	10523.000000
0.000000	10524.000000
0.000000	10524.000000
0.000000	10524.000000
0.000000	10524.000000
0.000000	10524.000000
0.000000	10524.000000
0.000000	10524.000000
0.000000	10524.000000
0.000000	10524.000000
0.000000	10524.000000
0.000000	10524.000000
0.000000	10524.000000
0.000000	10524.000000
0.000000	10524.000000
0.000000	10524.000000
0.000000	10524.000000
0.000000	10524.000000
0.000000	10524.000000
0.000000	10525.000000
0.000000	10525.000000
0.000000	10525.000000
0.000000	10525.000000
0.000000	10525.000000
0.000000	10525.000000
0.000000	10525.000000
0.000000	10525.000000
0.000000	10525.000000
0.000000	10525.000000
0.000000	10525.000000
0.000000	10525.000000
0.000000	10525.000000
0.000000	10525.000000
0.000000	10525.000000
0.000000	10525.000000
0.000000	10525.000000
0.000000	10526.000000
0.000000	10526.000000
0.000000	10526.000000
0.000000	10526.000000
0.000000	10526.000000
0.000000	10526.000000
0.000000	10526.000000
0.000000	10526.000000
0.000000	10526.000000
0.000000	10526.000000
0.000000	10526.000000
0.000000	10526.000000
0.000000	10526.000000
0.000000	10526.000000
0.000000	10526.000000
0.000000	10526.000000
0.000000	10526.000000
0.000000	10527.000000
0.000000	10527.000000
0.000000	10527.000000
0.000000	10527.000000
0.000000	10527.000000
0.000000	10527.000000
0.000000	10527.000000
0.000000	10527.000000
0.000000	10527.000000
0.000000	10527.000000
0.000000	10527.000000
0.000000	10527.000000
0.000000	10527.000000
0.000000	10527.000000
0.000000	10527.000000
0.000000	10527.000000
0.000000	10527.000000
0.000000	10528.000000
0.000000	10528.000000
0.000000	10528.000000
0.000000	10528.000000
0.000000	10528.000000
0.000000	10528.000000
0.000000	10528.000000
0.000000	10528.000000
0.000000	10528.000000
0.000000	10528.000000
0.000000	10528.000000
0.000000	10528.000000
0.000000	10528.000000
0.000000	10528.000000
0.000000	10528.000000
0.000000	10528.000000
0.000000	10528.000000
0.000000	10529.000000
0.000000	10529.000000
0.000000	10529.000000
0.000000	10529.000000
0.000000	10529.000000
0.000000	10529.000000
0.000000	10529.000000
0.000000	10529.000000
0.000000	10529.000000
0.000000	10529.000000
0.000000	10529.000000
0.000000	10529.000000
0.000000	10529.000000
0.000000	10529.000000
0.000000	10529.000000
0.000000	10529.000000
0.000000	10529.000000
0.000000	10530.000000
0.000000	10530.000000
0.000000	10530.000000
0.000000	10530.000000
0.000000	10530.000000
0.000000	10530.000000
0.000000	10530.000000
0.000000	10530.000000
0.000000	10530.000000
0.000000	10530.000000
0.000000	10530.000000
0.000000	10530.000000
0.000000	10530.000000
0.000000	10530.000000
0.000000	10530.000000
0.000000	10530.000000
0.000000	10530.000000
0.000000	10531.000000
0.000000	10531.000000
0.000000	10531.000000
0.000000	10531.000000
0.000000	10531.000000
0.000000	10531.000000
0.000000	10531.000000
0.000000	10531.000000
0.000000	10531.000000
0.000000	10531.000000
0.000000	10531.000000
0.000000	10531.000000
0.000000	10531.000000
0.000000	10531.000000
0.000000	10531.000000
0.000000	10531.000000
0.000000	10531.000000
0.000000	10532.000000
0.000000	10532.000000
0.000000	10532.000000
0.000000	10532.000000
0.000000	10532.000000
0.000000	10532.000000
0.000000	10532.000000
0.000000	10532.000000
0.000000	10532.000000
0.000000	10532.000000
0.000000	10532.000000
0.000000	10532.000000
0.000000	10532.000000
0.000000	10532.000000
0.000000	10532.000000
0.000000	10532.000000
0.000000	10532.000000
0.000000	10533.000000
0.000000	10533.000000
0.000000	10533.000000
0.000000	10533.000000
0.000000	10533.000000
0.000000	10533.000000
0.000000	10533.000000
0.000000	10533.000000
0.000000	10533.000000
0.000000	10533.000000
0.000000	10533.000000
0.000000	10533.000000
0.000000	10533.000000
0.000000	10533.000000
0.000000	10533.000000
0.000000	10533.000000
0.000000	10533.000000
0.000000	10534.000000
0.000000	10534.000000
0.000000	10534.000000
0.000000	10534.000000
0.000000	10534.000000
0.000000	10534.000000
0.000000	10534.000000
0.000000	10534.000000
0.000000	10534.000000
0.000000	10534.000000
0.000000	10534.000000
0.000000	10534.000000
0.000000	10534.000000
0.000000	10534.000000
0.000000	10534.000000
0.000000	10534.000000
0.000000	10534.000000
0.000000	10535.000000
0.000000	10535.000000
0.000000	10535.000000
0.000000	10535.000000
0.000000	10535.000000
0.000000	10535.000000
0.000000	10535.000000
0.000000	10535.000000
0.000000	10535.000000
0.000000	10535.000000
0.000000	10535.000000
0.000000	10535.000000
0.000000	10535.000000
0.000000	10535.000000
0.000000	10535.000000
0.000000	10535.000000
0.000000	10535.000000
0.000000	10536.000000
0.000000	10536.000000
0.000000	10536.000000
0.000000	10536.000000
0.000000	10536.000000
0.000000	10536.000000
0.000000	10536.000000
0.000000	10536.000000
0.000000	10536.000000
0.000000	10536.000000
0.000000	10536.000000
0.000000	10536.000000
0.000000	10536.000000
0.000000	10536.000000
0.000000	10536.000000
0.000000	10536.000000
0.000000	10536.000000
0.000000	10537.000000
0.000000	10537.000000
0.000000	10537.000000
0.000000	10537.000000
0.000000	10537.000000
0.000000	10537.000000
0.000000	10537.000000
0.000000	10537.000000
0.000000	10537.000000
0.000000	10537.000000
0.000000	10537.000000
0.000000	10537.000000
0.000000	10537.000000
0.000000	10537.000000
0.000000	10537.000000
0.000000	10537.000000
0.000000	10537.000000
0.000000	10538.000000
0.000000	10538.000000
0.000000	10538.000000
0.000000	10538.000000
0.000000	10538.000000
0.000000	10538.000000
0.000000	10538.000000
0.000000	10538.000000
0.000000	10538.000000
0.000000	10538.000000
0.000000	10538.000000
0.000000	10538.000000
0.000000	10538.000000
0.000000	10538.000000
0.000000	10538.000000
0.000000	10538.000000
0.000000	10538.000000
0.000000	10539.000000
0.000000	10539.000000
0.000000	10539.000000
0.000000	10539.000000
0.000000	10539.000000
0.000000	10539.000000
0.000000	10539.000000
0.000000	10539.000000
