0.000000	40942.000000
0.000000	40942.000000
0.000000	40942.000000
0.000000	40942.000000
0.000000	40942.000000
0.000000	40942.000000
0.000000	40942.000000
0.000000	40942.000000
0.000000	40942.000000
0.000000	40942.000000
0.000000	40943.000000
0.000000	40943.000000
0.000000	40943.000000
0.000000	40943.000000
0.000000	40943.000000
0.000000	40943.000000
0.000000	40943.000000
0.000000	40943.000000
0.000000	40943.000000
0.000000	40943.000000
0.000000	40943.000000
0.000000	40943.000000
0.000000	40943.000000
0.000000	40943.000000
0.000000	40943.000000
0.000000	40943.000000
0.000000	40943.000000
0.000000	40944.000000
0.000000	40944.000000
0.000000	40944.000000
0.000000	40944.000000
0.000000	40944.000000
0.000000	40944.000000
0.000000	40944.000000
0.000000	40944.000000
0.000000	40944.000000
0.000000	40944.000000
0.000000	40944.000000
0.000000	40944.000000
0.000000	40944.000000
0.000000	40944.000000
0.000000	40944.000000
0.000000	40944.000000
0.000000	40944.000000
0.000000	40945.000000
0.000000	40945.000000
0.000000	40945.000000
0.000000	40945.000000
0.000000	40945.000000
0.000000	40945.000000
0.000000	40945.000000
0.000000	40945.000000
0.000000	40945.000000
0.000000	40945.000000
0.000000	40945.000000
0.000000	40945.000000
0.000000	40945.000000
0.000000	40945.000000
0.000000	40945.000000
0.000000	40945.000000
0.000000	40945.000000
0.000000	40946.000000
0.000000	40946.000000
0.000000	40946.000000
0.000000	40946.000000
0.000000	40946.000000
0.000000	40946.000000
0.000000	40946.000000
0.000000	40946.000000
0.000000	40946.000000
0.000000	40946.000000
0.000000	40946.000000
0.000000	40946.000000
0.000000	40946.000000
0.000000	40946.000000
0.000000	40946.000000
0.000000	40946.000000
0.000000	40946.000000
0.000000	40947.000000
0.000000	40947.000000
0.000000	40947.000000
0.000000	40947.000000
0.000000	40947.000000
0.000000	40947.000000
0.000000	40947.000000
0.000000	40947.000000
0.000000	40947.000000
0.000000	40947.000000
0.000000	40947.000000
0.000000	40947.000000
0.000000	40947.000000
0.000000	40947.000000
0.000000	40947.000000
0.000000	40947.000000
0.000000	40947.000000
0.000000	40948.000000
0.000000	40948.000000
0.000000	40948.000000
0.000000	40948.000000
0.000000	40948.000000
0.000000	40948.000000
0.000000	40948.000000
0.000000	40948.000000
0.000000	40948.000000
0.000000	40948.000000
0.000000	40948.000000
0.000000	40948.000000
0.000000	40948.000000
0.000000	40948.000000
0.000000	40948.000000
0.000000	40948.000000
0.000000	40948.000000
0.000000	40949.000000
0.000000	40949.000000
0.000000	40949.000000
0.000000	40949.000000
0.000000	40949.000000
0.000000	40949.000000
0.000000	40949.000000
0.000000	40949.000000
0.000000	40949.000000
0.000000	40949.000000
0.000000	40949.000000
0.000000	40949.000000
0.000000	40949.000000
0.000000	40949.000000
0.000000	40949.000000
0.000000	40949.000000
0.000000	40949.000000
0.000000	40950.000000
0.000000	40950.000000
0.000000	40950.000000
0.000000	40950.000000
0.000000	40950.000000
0.000000	40950.000000
0.000000	40950.000000
0.000000	40950.000000
0.000000	40950.000000
0.000000	40950.000000
0.000000	40950.000000
0.000000	40950.000000
0.000000	40950.000000
0.000000	40950.000000
0.000000	40950.000000
0.000000	40950.000000
0.000000	40950.000000
0.000000	40951.000000
0.000000	40951.000000
0.000000	40951.000000
0.000000	40951.000000
0.000000	40951.000000
0.000000	40951.000000
0.000000	40951.000000
0.000000	40951.000000
0.000000	40951.000000
0.000000	40951.000000
0.000000	40951.000000
0.000000	40951.000000
0.000000	40951.000000
0.000000	40951.000000
0.000000	40951.000000
0.000000	40951.000000
0.000000	40951.000000
0.000000	40952.000000
0.000000	40952.000000
0.000000	40952.000000
0.000000	40952.000000
0.000000	40952.000000
0.000000	40952.000000
0.000000	40952.000000
0.000000	40952.000000
0.000000	40952.000000
0.000000	40952.000000
0.000000	40952.000000
0.000000	40952.000000
0.000000	40952.000000
0.000000	40952.000000
0.000000	40952.000000
0.000000	40952.000000
0.000000	40952.000000
0.000000	40952.000000
0.000000	40953.000000
0.000000	40953.000000
0.000000	40953.000000
0.000000	40953.000000
0.000000	40953.000000
0.000000	40953.000000
0.000000	40953.000000
0.000000	40953.000000
0.000000	40953.000000
0.000000	40953.000000
0.000000	40953.000000
0.000000	40953.000000
0.000000	40953.000000
0.000000	40953.000000
0.000000	40953.000000
0.000000	40953.000000
0.000000	40953.000000
0.000000	40954.000000
0.000000	40954.000000
0.000000	40954.000000
0.000000	40954.000000
0.000000	40954.000000
0.000000	40954.000000
0.000000	40954.000000
0.000000	40954.000000
0.000000	40954.000000
0.000000	40954.000000
0.000000	40954.000000
0.000000	40954.000000
0.000000	40954.000000
0.000000	40954.000000
0.000000	40954.000000
0.000000	40954.000000
0.000000	40954.000000
0.000000	40955.000000
0.000000	40955.000000
0.000000	40955.000000
0.000000	40955.000000
0.000000	40955.000000
0.000000	40955.000000
0.000000	40955.000000
0.000000	40955.000000
0.000000	40955.000000
0.000000	40955.000000
0.000000	40955.000000
0.000000	40955.000000
0.000000	40955.000000
0.000000	40955.000000
0.000000	40955.000000
0.000000	40955.000000
0.000000	40955.000000
0.000000	40956.000000
0.000000	40956.000000
0.000000	40956.000000
0.000000	40956.000000
0.000000	40956.000000
0.000000	40956.000000
0.000000	40956.000000
0.000000	40956.000000
0.000000	40956.000000
0.000000	40956.000000
0.000000	40956.000000
0.000000	40956.000000
0.000000	40956.000000
0.000000	40956.000000
0.000000	40956.000000
0.000000	40956.000000
0.000000	40956.000000
0.000000	40957.000000
0.000000	40957.000000
0.000000	40957.000000
0.000000	40957.000000
0.000000	40957.000000
0.000000	40957.000000
0.000000	40957.000000
0.000000	40957.000000
0.000000	40957.000000
0.000000	40957.000000
0.000000	40957.000000
0.000000	40957.000000
0.000000	40957.000000
0.000000	40957.000000
0.000000	40957.000000
0.000000	40957.000000
0.000000	40957.000000
0.000000	40958.000000
0.000000	40958.000000
0.000000	40958.000000
0.000000	40958.000000
0.000000	40958.000000
0.000000	40958.000000
0.000000	40958.000000
0.000000	40958.000000
0.000000	40958.000000
0.000000	40958.000000
0.000000	40958.000000
0.000000	40958.000000
0.000000	40958.000000
0.000000	40958.000000
0.000000	40958.000000
0.000000	40958.000000
0.000000	40958.000000
0.000000	40959.000000
0.000000	40959.000000
0.000000	40959.000000
0.000000	40959.000000
0.000000	40959.000000
0.000000	40959.000000
0.000000	40959.000000
0.000000	40959.000000
0.000000	40959.000000
0.000000	40959.000000
0.000000	40959.000000
0.000000	40959.000000
0.000000	40959.000000
0.000000	40959.000000
0.000000	40959.000000
0.000000	40959.000000
0.000000	40959.000000
0.000000	41000.000000
0.000000	41000.000000
0.000000	41000.000000
0.000000	41000.000000
0.000000	41000.000000
0.000000	41000.000000
0.000000	41000.000000
0.000000	41000.000000
0.000000	41000.000000
0.000000	41000.000000
0.000000	41000.000000
0.000000	41000.000000
0.000000	41000.000000
0.000000	41000.000000
0.000000	41000.000000
0.000000	41000.000000
0.000000	41000.000000
0.000000	41001.000000
0.000000	41001.000000
0.000000	41001.000000
0.000000	41001.000000
0.000000	41001.000000
0.000000	41001.000000
0.000000	41001.000000
0.000000	41001.000000
0.000000	41001.000000
0.000000	41001.000000
0.000000	41001.000000
0.000000	41001.000000
0.000000	41001.000000
0.000000	41001.000000
0.000000	41001.000000
0.000000	41001.000000
0.000000	41001.000000
0.000000	41002.000000
0.000000	41002.000000
0.000000	41002.000000
0.000000	41002.000000
0.000000	41002.000000
0.000000	41002.000000
0.000000	41002.000000
0.000000	41002.000000
0.000000	41002.000000
0.000000	41002.000000
0.000000	41002.000000
0.000000	41002.000000
0.000000	41002.000000
0.000000	41002.000000
0.000000	41002.000000
0.000000	41002.000000
0.000000	41002.000000
0.000000	41003.000000
0.000000	41003.000000
0.000000	41003.000000
0.000000	41003.000000
0.000000	41003.000000
0.000000	41003.000000
0.000000	41003.000000
0.000000	41003.000000
0.000000	41003.000000
0.000000	41003.000000
0.000000	41003.000000
0.000000	41003.000000
0.000000	41003.000000
0.000000	41003.000000
0.000000	41003.000000
0.000000	41003.000000
0.000000	41003.000000
0.000000	41004.000000
0.000000	41004.000000
0.000000	41004.000000
0.000000	41004.000000
0.000000	41004.000000
0.000000	41004.000000
0.000000	41004.000000
0.000000	41004.000000
0.000000	41004.000000
0.000000	41004.000000
0.000000	41004.000000
0.000000	41004.000000
0.000000	41004.000000
0.000000	41004.000000
0.000000	41004.000000
0.000000	41004.000000
0.000000	41004.000000
0.000000	41005.000000
0.000000	41005.000000
0.000000	41005.000000
0.000000	41005.000000
0.000000	41005.000000
0.000000	41005.000000
0.000000	41005.000000
0.000000	41005.000000
0.000000	41005.000000
0.000000	41005.000000
0.000000	41005.000000
0.000000	41005.000000
0.000000	41005.000000
0.000000	41005.000000
0.000000	41005.000000
0.000000	41005.000000
0.000000	41005.000000
0.000000	41006.000000
0.000000	41006.000000
0.000000	41006.000000
0.000000	41006.000000
0.000000	41006.000000
0.000000	41006.000000
0.000000	41006.000000
0.000000	41006.000000
0.000000	41006.000000
0.000000	41006.000000
0.000000	41006.000000
0.000000	41006.000000
0.000000	41006.000000
0.000000	41006.000000
0.000000	41006.000000
0.000000	41006.000000
0.000000	41006.000000
0.000000	41006.000000
0.000000	41007.000000
0.000000	41007.000000
0.000000	41007.000000
0.000000	41007.000000
0.000000	41007.000000
0.000000	41007.000000
0.000000	41007.000000
0.000000	41007.000000
0.000000	41007.000000
0.000000	41007.000000
0.000000	41007.000000
0.000000	41007.000000
0.000000	41007.000000
0.000000	41007.000000
0.000000	41007.000000
0.000000	41007.000000
0.000000	41008.000000
0.000000	41008.000000
0.000000	41008.000000
0.000000	41008.000000
0.000000	41008.000000
0.000000	41008.000000
0.000000	41008.000000
0.000000	41008.000000
0.000000	41008.000000
0.000000	41008.000000
0.000000	41008.000000
0.000000	41008.000000
0.000000	41008.000000
0.000000	41008.000000
0.000000	41008.000000
0.000000	41008.000000
0.000000	41008.000000
0.000000	41008.000000
0.000000	41009.000000
0.000000	41009.000000
0.000000	41009.000000
0.000000	41009.000000
0.000000	41009.000000
0.000000	41009.000000
0.000000	41009.000000
0.000000	41009.000000
0.000000	41009.000000
0.000000	41009.000000
0.000000	41009.000000
0.000000	41009.000000
0.000000	41009.000000
0.000000	41009.000000
0.000000	41009.000000
0.000000	41009.000000
0.000000	41009.000000
0.000000	41010.000000
0.000000	41010.000000
0.000000	41010.000000
0.000000	41010.000000
0.000000	41010.000000
0.000000	41010.000000
0.000000	41010.000000
0.000000	41010.000000
0.000000	41010.000000
0.000000	41010.000000
0.000000	41010.000000
0.000000	41010.000000
0.000000	41010.000000
0.000000	41010.000000
0.000000	41010.000000
0.000000	41010.000000
0.000000	41010.000000
0.000000	41011.000000
0.000000	41011.000000
0.000000	41011.000000
0.000000	41011.000000
0.000000	41011.000000
0.000000	41011.000000
0.000000	41011.000000
0.000000	41011.000000
0.000000	41011.000000
0.000000	41011.000000
0.000000	41011.000000
0.000000	41011.000000
0.000000	41011.000000
0.000000	41011.000000
0.000000	41011.000000
0.000000	41011.000000
0.000000	41011.000000
0.000000	41012.000000
0.000000	41012.000000
0.000000	41012.000000
0.000000	41012.000000
0.000000	41012.000000
0.000000	41012.000000
0.000000	41012.000000
0.000000	41012.000000
0.000000	41012.000000
0.000000	41012.000000
0.000000	41012.000000
0.000000	41012.000000
0.000000	41012.000000
0.000000	41012.000000
0.000000	41012.000000
0.000000	41012.000000
0.000000	41012.000000
0.000000	41013.000000
0.000000	41013.000000
0.000000	41013.000000
0.000000	41013.000000
0.000000	41013.000000
0.000000	41013.000000
0.000000	41013.000000
0.000000	41013.000000
0.000000	41013.000000
0.000000	41013.000000
0.000000	41013.000000
0.000000	41013.000000
0.000000	41013.000000
0.000000	41013.000000
0.000000	41013.000000
0.000000	41013.000000
0.000000	41013.000000
0.000000	41014.000000
0.000000	41014.000000
0.000000	41014.000000
0.000000	41014.000000
0.000000	41014.000000
0.000000	41014.000000
0.000000	41014.000000
0.000000	41014.000000
0.000000	41014.000000
0.000000	41014.000000
0.000000	41014.000000
0.000000	41014.000000
0.000000	41014.000000
0.000000	41014.000000
0.000000	41014.000000
0.000000	41014.000000
0.000000	41014.000000
0.000000	41015.000000
0.000000	41015.000000
0.000000	41015.000000
0.000000	41015.000000
0.000000	41015.000000
0.000000	41015.000000
0.000000	41015.000000
0.000000	41015.000000
0.000000	41015.000000
0.000000	41015.000000
0.000000	41015.000000
0.000000	41015.000000
0.000000	41015.000000
0.000000	41015.000000
0.000000	41015.000000
0.000000	41015.000000
0.000000	41015.000000
0.000000	41016.000000
0.000000	41016.000000
0.000000	41016.000000
0.000000	41016.000000
0.000000	41016.000000
0.000000	41016.000000
0.000000	41016.000000
0.000000	41016.000000
0.000000	41016.000000
0.000000	41016.000000
0.000000	41016.000000
0.000000	41016.000000
0.000000	41016.000000
0.000000	41016.000000
0.000000	41016.000000
0.000000	41016.000000
0.000000	41016.000000
0.000000	41017.000000
0.000000	41017.000000
0.000000	41017.000000
0.000000	41017.000000
0.000000	41017.000000
0.000000	41017.000000
0.000000	41017.000000
0.000000	41017.000000
0.000000	41017.000000
0.000000	41017.000000
0.000000	41017.000000
0.000000	41017.000000
0.000000	41017.000000
0.000000	41017.000000
0.000000	41017.000000
0.000000	41017.000000
0.000000	41017.000000
0.000000	41018.000000
0.000000	41018.000000
0.000000	41018.000000
0.000000	41018.000000
0.000000	41018.000000
0.000000	41018.000000
0.000000	41018.000000
0.000000	41018.000000
0.000000	41018.000000
0.000000	41018.000000
0.000000	41018.000000
0.000000	41018.000000
0.000000	41018.000000
0.000000	41018.000000
0.000000	41018.000000
0.000000	41018.000000
0.000000	41018.000000
0.000000	41019.000000
0.000000	41019.000000
0.000000	41019.000000
0.000000	41019.000000
0.000000	41019.000000
0.000000	41019.000000
0.000000	41019.000000
0.000000	41019.000000
0.000000	41019.000000
0.000000	41019.000000
0.000000	41019.000000
0.000000	41019.000000
0.000000	41019.000000
0.000000	41019.000000
0.000000	41019.000000
0.000000	41019.000000
0.000000	41019.000000
0.000000	41020.000000
0.000000	41020.000000
0.000000	41020.000000
0.000000	41020.000000
0.000000	41020.000000
0.000000	41020.000000
0.000000	41020.000000
0.000000	41020.000000
0.000000	41020.000000
0.000000	41020.000000
0.000000	41020.000000
0.000000	41020.000000
0.000000	41020.000000
0.000000	41020.000000
0.000000	41020.000000
0.000000	41020.000000
0.000000	41020.000000
0.000000	41021.000000
0.000000	41021.000000
0.000000	41021.000000
0.000000	41021.000000
0.000000	41021.000000
0.000000	41021.000000
0.000000	41021.000000
0.000000	41021.000000
0.000000	41021.000000
0.000000	41021.000000
0.000000	41021.000000
0.000000	41021.000000
0.000000	41021.000000
0.000000	41021.000000
0.000000	41021.000000
0.000000	41021.000000
0.000000	41021.000000
0.000000	41022.000000
0.000000	41022.000000
0.000000	41022.000000
0.000000	41022.000000
0.000000	41022.000000
0.000000	41022.000000
0.000000	41022.000000
0.000000	41022.000000
0.000000	41022.000000
0.000000	41022.000000
0.000000	41022.000000
0.000000	41022.000000
0.000000	41022.000000
0.000000	41022.000000
0.000000	41022.000000
0.000000	41022.000000
0.000000	41022.000000
0.000000	41022.000000
0.000000	41023.000000
0.000000	41023.000000
0.000000	41023.000000
0.000000	41023.000000
0.000000	41023.000000
0.000000	41023.000000
0.000000	41023.000000
0.000000	41023.000000
0.000000	41023.000000
0.000000	41023.000000
0.000000	41023.000000
0.000000	41023.000000
0.000000	41023.000000
0.000000	41023.000000
0.000000	41023.000000
0.000000	41023.000000
0.000000	41023.000000
0.000000	41024.000000
0.000000	41024.000000
0.000000	41024.000000
0.000000	41024.000000
0.000000	41024.000000
0.000000	41024.000000
0.000000	41024.000000
0.000000	41024.000000
0.000000	41024.000000
0.000000	41024.000000
0.000000	41024.000000
0.000000	41024.000000
0.000000	41024.000000
0.000000	41024.000000
0.000000	41024.000000
0.000000	41024.000000
0.000000	41024.000000
0.000000	41025.000000
0.000000	41025.000000
0.000000	41025.000000
0.000000	41025.000000
0.000000	41025.000000
0.000000	41025.000000
0.000000	41025.000000
0.000000	41025.000000
0.000000	41025.000000
0.000000	41025.000000
0.000000	41025.000000
0.000000	41025.000000
0.000000	41025.000000
0.000000	41025.000000
0.000000	41025.000000
0.000000	41025.000000
0.000000	41025.000000
0.000000	41026.000000
0.000000	41026.000000
0.000000	41026.000000
0.000000	41026.000000
0.000000	41026.000000
0.000000	41026.000000
0.000000	41026.000000
0.000000	41026.000000
0.000000	41026.000000
0.000000	41026.000000
0.000000	41026.000000
0.000000	41026.000000
0.000000	41026.000000
0.000000	41026.000000
0.000000	41026.000000
0.000000	41026.000000
0.000000	41026.000000
0.000000	41027.000000
0.000000	41027.000000
0.000000	41027.000000
0.000000	41027.000000
0.000000	41027.000000
0.000000	41027.000000
0.000000	41027.000000
0.000000	41027.000000
0.000000	41027.000000
0.000000	41027.000000
0.000000	41027.000000
0.000000	41027.000000
0.000000	41027.000000
0.000000	41027.000000
0.000000	41027.000000
0.000000	41027.000000
0.000000	41027.000000
0.000000	41028.000000
0.000000	41028.000000
0.000000	41028.000000
0.000000	41028.000000
0.000000	41028.000000
0.000000	41028.000000
0.000000	41028.000000
0.000000	41028.000000
0.000000	41028.000000
0.000000	41028.000000
0.000000	41028.000000
0.000000	41028.000000
0.000000	41028.000000
0.000000	41028.000000
0.000000	41028.000000
0.000000	41028.000000
0.000000	41028.000000
0.000000	41029.000000
0.000000	41029.000000
0.000000	41029.000000
0.000000	41029.000000
0.000000	41029.000000
0.000000	41029.000000
0.000000	41029.000000
0.000000	41029.000000
0.000000	41029.000000
0.000000	41029.000000
0.000000	41029.000000
0.000000	41029.000000
0.000000	41029.000000
0.000000	41029.000000
0.000000	41029.000000
0.000000	41029.000000
0.000000	41029.000000
0.000000	41030.000000
0.000000	41030.000000
0.000000	41030.000000
0.000000	41030.000000
0.000000	41030.000000
0.000000	41030.000000
0.000000	41030.000000
0.000000	41030.000000
0.000000	41030.000000
0.000000	41030.000000
0.000000	41030.000000
0.000000	41030.000000
0.000000	41030.000000
0.000000	41030.000000
0.000000	41030.000000
0.000000	41030.000000
0.000000	41030.000000
0.000000	41031.000000
0.000000	41031.000000
0.000000	41031.000000
0.000000	41031.000000
0.000000	41031.000000
0.000000	41031.000000
0.000000	41031.000000
0.000000	41031.000000
0.000000	41031.000000
0.000000	41031.000000
0.000000	41031.000000
0.000000	41031.000000
0.000000	41031.000000
0.000000	41031.000000
0.000000	41031.000000
0.000000	41031.000000
0.000000	41031.000000
0.000000	41032.000000
0.000000	41032.000000
0.000000	41032.000000
0.000000	41032.000000
0.000000	41032.000000
0.000000	41032.000000
0.000000	41032.000000
0.000000	41032.000000
0.000000	41032.000000
0.000000	41032.000000
0.000000	41032.000000
0.000000	41032.000000
0.000000	41032.000000
0.000000	41032.000000
0.000000	41032.000000
0.000000	41032.000000
0.000000	41032.000000
0.000000	41033.000000
0.000000	41033.000000
0.000000	41033.000000
0.000000	41033.000000
0.000000	41033.000000
0.000000	41033.000000
0.000000	41033.000000
0.000000	41033.000000
0.000000	41033.000000
0.000000	41033.000000
0.000000	41033.000000
0.000000	41033.000000
0.000000	41033.000000
0.000000	41033.000000
0.000000	41033.000000
0.000000	41033.000000
0.000000	41033.000000
0.000000	41034.000000
0.000000	41034.000000
0.000000	41034.000000
0.000000	41034.000000
0.000000	41034.000000
0.000000	41034.000000
0.000000	41034.000000
0.000000	41034.000000
0.000000	41034.000000
0.000000	41034.000000
0.000000	41034.000000
0.000000	41034.000000
0.000000	41034.000000
0.000000	41034.000000
0.000000	41034.000000
0.000000	41034.000000
0.000000	41034.000000
0.000000	41035.000000
0.000000	41035.000000
0.000000	41035.000000
0.000000	41035.000000
0.000000	41035.000000
0.000000	41035.000000
0.000000	41035.000000
0.000000	41035.000000
0.000000	41035.000000
0.000000	41035.000000
0.000000	41035.000000
0.000000	41035.000000
0.000000	41035.000000
0.000000	41035.000000
0.000000	41035.000000
0.000000	41035.000000
0.000000	41035.000000
0.000000	41036.000000
0.000000	41036.000000
0.000000	41036.000000
0.000000	41036.000000
0.000000	41036.000000
0.000000	41036.000000
0.000000	41036.000000
0.000000	41036.000000
0.000000	41036.000000
0.000000	41036.000000
0.000000	41036.000000
0.000000	41036.000000
0.000000	41036.000000
0.000000	41036.000000
0.000000	41036.000000
0.000000	41036.000000
0.000000	41036.000000
0.000000	41036.000000
0.000000	41037.000000
0.000000	41037.000000
0.000000	41037.000000
0.000000	41037.000000
0.000000	41037.000000
0.000000	41037.000000
0.000000	41037.000000
0.000000	41037.000000
0.000000	41037.000000
0.000000	41037.000000
0.000000	41037.000000
0.000000	41037.000000
0.000000	41037.000000
0.000000	41037.000000
0.000000	41037.000000
0.000000	41037.000000
0.000000	41037.000000
0.000000	41038.000000
0.000000	41038.000000
0.000000	41038.000000
0.000000	41038.000000
0.000000	41038.000000
0.000000	41038.000000
0.000000	41038.000000
0.000000	41038.000000
0.000000	41038.000000
0.000000	41038.000000
0.000000	41038.000000
0.000000	41038.000000
0.000000	41038.000000
0.000000	41038.000000
0.000000	41038.000000
0.000000	41038.000000
0.000000	41038.000000
0.000000	41039.000000
0.000000	41039.000000
0.000000	41039.000000
0.000000	41039.000000
0.000000	41039.000000
0.000000	41039.000000
0.000000	41039.000000
0.000000	41039.000000
0.000000	41039.000000
0.000000	41039.000000
0.000000	41039.000000
0.000000	41039.000000
0.000000	41039.000000
0.000000	41039.000000
0.000000	41039.000000
0.000000	41039.000000
0.000000	41039.000000
0.000000	41040.000000
0.000000	41040.000000
0.000000	41040.000000
0.000000	41040.000000
0.000000	41040.000000
0.000000	41040.000000
0.000000	41040.000000
0.000000	41040.000000
0.000000	41040.000000
0.000000	41040.000000
0.000000	41040.000000
0.000000	41040.000000
0.000000	41040.000000
0.000000	41040.000000
0.000000	41040.000000
0.000000	41040.000000
0.000000	41040.000000
0.000000	41041.000000
0.000000	41041.000000
0.000000	41041.000000
0.000000	41041.000000
0.000000	41041.000000
0.000000	41041.000000
0.000000	41041.000000
0.000000	41041.000000
0.000000	41041.000000
0.000000	41041.000000
0.000000	41041.000000
0.000000	41041.000000
0.000000	41041.000000
0.000000	41041.000000
0.000000	41041.000000
0.000000	41041.000000
0.000000	41041.000000
0.000000	41042.000000
0.000000	41042.000000
0.000000	41042.000000
0.000000	41042.000000
0.000000	41042.000000
0.000000	41042.000000
0.000000	41042.000000
0.000000	41042.000000
0.000000	41042.000000
0.000000	41042.000000
0.000000	41042.000000
0.000000	41042.000000
0.000000	41042.000000
0.000000	41042.000000
0.000000	41042.000000
0.000000	41042.000000
0.000000	41042.000000
0.000000	41043.000000
0.000000	41043.000000
0.000000	41043.000000
0.000000	41043.000000
0.000000	41043.000000
0.000000	41043.000000
0.000000	41043.000000
0.000000	41043.000000
0.000000	41043.000000
0.000000	41043.000000
0.000000	41043.000000
0.000000	41043.000000
0.000000	41043.000000
0.000000	41043.000000
0.000000	41043.000000
0.000000	41043.000000
0.000000	41043.000000
0.000000	41044.000000
0.000000	41044.000000
0.000000	41044.000000
0.000000	41044.000000
0.000000	41044.000000
0.000000	41044.000000
0.000000	41044.000000
0.000000	41044.000000
0.000000	41044.000000
0.000000	41044.000000
0.000000	41044.000000
0.000000	41044.000000
0.000000	41044.000000
0.000000	41044.000000
0.000000	41044.000000
0.000000	41044.000000
0.000000	41044.000000
0.000000	41045.000000
0.000000	41045.000000
0.000000	41045.000000
0.000000	41045.000000
0.000000	41045.000000
0.000000	41045.000000
0.000000	41045.000000
0.000000	41045.000000
0.000000	41045.000000
0.000000	41045.000000
0.000000	41045.000000
0.000000	41045.000000
0.000000	41045.000000
0.000000	41045.000000
0.000000	41045.000000
0.000000	41045.000000
0.000000	41045.000000
0.000000	41046.000000
0.000000	41046.000000
0.000000	41046.000000
0.000000	41046.000000
0.000000	41046.000000
0.000000	41046.000000
0.000000	41046.000000
0.000000	41046.000000
0.000000	41046.000000
0.000000	41046.000000
0.000000	41046.000000
0.000000	41046.000000
0.000000	41046.000000
0.000000	41046.000000
0.000000	41046.000000
0.000000	41046.000000
0.000000	41046.000000
0.000000	41047.000000
0.000000	41047.000000
0.000000	41047.000000
0.000000	41047.000000
0.000000	41047.000000
0.000000	41047.000000
0.000000	41047.000000
0.000000	41047.000000
0.000000	41047.000000
0.000000	41047.000000
0.000000	41047.000000
0.000000	41047.000000
0.000000	41047.000000
0.000000	41047.000000
0.000000	41047.000000
0.000000	41047.000000
0.000000	41047.000000
0.000000	41048.000000
0.000000	41048.000000
0.000000	41048.000000
0.000000	41048.000000
0.000000	41048.000000
0.000000	41048.000000
0.000000	41048.000000
0.000000	41048.000000
0.000000	41048.000000
0.000000	41048.000000
0.000000	41048.000000
0.000000	41048.000000
0.000000	41048.000000
0.000000	41048.000000
0.000000	41048.000000
0.000000	41048.000000
0.000000	41048.000000
0.000000	41049.000000
0.000000	41049.000000
0.000000	41049.000000
0.000000	41049.000000
0.000000	41049.000000
0.000000	41049.000000
0.000000	41049.000000
0.000000	41049.000000
0.000000	41049.000000
0.000000	41049.000000
0.000000	41049.000000
0.000000	41049.000000
0.000000	41049.000000
0.000000	41049.000000
0.000000	41049.000000
0.000000	41049.000000
0.000000	41049.000000
0.000000	41050.000000
0.000000	41050.000000
0.000000	41050.000000
0.000000	41050.000000
0.000000	41050.000000
0.000000	41050.000000
0.000000	41050.000000
0.000000	41050.000000
0.000000	41050.000000
0.000000	41050.000000
0.000000	41050.000000
0.000000	41050.000000
0.000000	41050.000000
0.000000	41050.000000
0.000000	41050.000000
0.000000	41050.000000
0.000000	41050.000000
0.000000	41051.000000
0.000000	41051.000000
0.000000	41051.000000
0.000000	41051.000000
0.000000	41051.000000
0.000000	41051.000000
0.000000	41051.000000
0.000000	41051.000000
0.000000	41051.000000
0.000000	41051.000000
0.000000	41051.000000
0.000000	41051.000000
0.000000	41051.000000
0.000000	41051.000000
0.000000	41051.000000
0.000000	41051.000000
0.000000	41051.000000
0.000000	41051.000000
0.000000	41052.000000
0.000000	41052.000000
0.000000	41052.000000
0.000000	41052.000000
0.000000	41052.000000
0.000000	41052.000000
0.000000	41052.000000
0.000000	41052.000000
0.000000	41052.000000
0.000000	41052.000000
0.000000	41052.000000
0.000000	41052.000000
0.000000	41052.000000
0.000000	41052.000000
0.000000	41052.000000
0.000000	41052.000000
0.000000	41052.000000
0.000000	41053.000000
0.000000	41053.000000
0.000000	41053.000000
0.000000	41053.000000
0.000000	41053.000000
0.000000	41053.000000
0.000000	41053.000000
0.000000	41053.000000
0.000000	41053.000000
0.000000	41053.000000
0.000000	41053.000000
0.000000	41053.000000
0.000000	41053.000000
0.000000	41053.000000
0.000000	41053.000000
0.000000	41053.000000
0.000000	41053.000000
0.000000	41054.000000
0.000000	41054.000000
0.000000	41054.000000
0.000000	41054.000000
0.000000	41054.000000
0.000000	41054.000000
0.000000	41054.000000
0.000000	41054.000000
0.000000	41054.000000
0.000000	41054.000000
0.000000	41054.000000
0.000000	41054.000000
0.000000	41054.000000
0.000000	41054.000000
0.000000	41054.000000
0.000000	41054.000000
0.000000	41054.000000
0.000000	41055.000000
0.000000	41055.000000
0.000000	41055.000000
0.000000	41055.000000
0.000000	41055.000000
0.000000	41055.000000
0.000000	41055.000000
0.000000	41055.000000
0.000000	41055.000000
0.000000	41055.000000
0.000000	41055.000000
0.000000	41055.000000
0.000000	41055.000000
0.000000	41055.000000
0.000000	41055.000000
0.000000	41055.000000
0.000000	41055.000000
0.000000	41056.000000
0.000000	41056.000000
0.000000	41056.000000
0.000000	41056.000000
0.000000	41056.000000
0.000000	41056.000000
0.000000	41056.000000
0.000000	41056.000000
0.000000	41056.000000
0.000000	41056.000000
0.000000	41056.000000
0.000000	41056.000000
0.000000	41056.000000
0.000000	41056.000000
0.000000	41056.000000
0.000000	41056.000000
0.000000	41056.000000
0.000000	41057.000000
0.000000	41057.000000
0.000000	41057.000000
0.000000	41057.000000
0.000000	41057.000000
0.000000	41057.000000
0.000000	41057.000000
0.000000	41057.000000
0.000000	41057.000000
0.000000	41057.000000
0.000000	41057.000000
0.000000	41057.000000
0.000000	41057.000000
0.000000	41057.000000
0.000000	41057.000000
0.000000	41057.000000
0.000000	41057.000000
0.000000	41058.000000
0.000000	41058.000000
0.000000	41058.000000
0.000000	41058.000000
0.000000	41058.000000
0.000000	41058.000000
0.000000	41058.000000
0.000000	41058.000000
0.000000	41058.000000
0.000000	41058.000000
0.000000	41058.000000
0.000000	41058.000000
0.000000	41058.000000
0.000000	41058.000000
0.000000	41058.000000
0.000000	41058.000000
0.000000	41058.000000
0.000000	41059.000000
0.000000	41059.000000
0.000000	41059.000000
0.000000	41059.000000
0.000000	41059.000000
0.000000	41059.000000
0.000000	41059.000000
0.000000	41059.000000
0.000000	41059.000000
0.000000	41059.000000
0.000000	41059.000000
0.000000	41059.000000
0.000000	41059.000000
0.000000	41059.000000
0.000000	41059.000000
0.000000	41059.000000
0.000000	41059.000000
0.000000	41100.000000
0.000000	41100.000000
0.000000	41100.000000
0.000000	41100.000000
0.000000	41100.000000
0.000000	41100.000000
0.000000	41100.000000
0.000000	41100.000000
0.000000	41100.000000
0.000000	41100.000000
0.000000	41100.000000
0.000000	41100.000000
0.000000	41100.000000
0.000000	41100.000000
0.000000	41100.000000
0.000000	41100.000000
0.000000	41100.000000
0.000000	41101.000000
0.000000	41101.000000
0.000000	41101.000000
0.000000	41101.000000
0.000000	41101.000000
0.000000	41101.000000
0.000000	41101.000000
0.000000	41101.000000
0.000000	41101.000000
0.000000	41101.000000
0.000000	41101.000000
0.000000	41101.000000
0.000000	41101.000000
0.000000	41101.000000
0.000000	41101.000000
0.000000	41101.000000
0.000000	41101.000000
0.000000	41102.000000
0.000000	41102.000000
0.000000	41102.000000
0.000000	41102.000000
0.000000	41102.000000
0.000000	41102.000000
0.000000	41102.000000
0.000000	41102.000000
0.000000	41102.000000
0.000000	41102.000000
0.000000	41102.000000
0.000000	41102.000000
0.000000	41102.000000
0.000000	41102.000000
0.000000	41102.000000
0.000000	41102.000000
0.000000	41102.000000
0.000000	41103.000000
0.000000	41103.000000
0.000000	41103.000000
0.000000	41103.000000
0.000000	41103.000000
0.000000	41103.000000
0.000000	41103.000000
0.000000	41103.000000
0.000000	41103.000000
0.000000	41103.000000
0.000000	41103.000000
0.000000	41103.000000
0.000000	41103.000000
0.000000	41103.000000
0.000000	41103.000000
0.000000	41103.000000
0.000000	41103.000000
0.000000	41104.000000
0.000000	41104.000000
0.000000	41104.000000
0.000000	41104.000000
0.000000	41104.000000
0.000000	41104.000000
0.000000	41104.000000
0.000000	41104.000000
0.000000	41104.000000
0.000000	41104.000000
0.000000	41104.000000
0.000000	41104.000000
0.000000	41104.000000
0.000000	41104.000000
0.000000	41104.000000
0.000000	41104.000000
0.000000	41104.000000
0.000000	41105.000000
0.000000	41105.000000
0.000000	41105.000000
0.000000	41105.000000
0.000000	41105.000000
0.000000	41105.000000
0.000000	41105.000000
0.000000	41105.000000
0.000000	41105.000000
0.000000	41105.000000
0.000000	41105.000000
0.000000	41105.000000
0.000000	41105.000000
0.000000	41105.000000
0.000000	41105.000000
0.000000	41105.000000
0.000000	41105.000000
0.000000	41106.000000
0.000000	41106.000000
0.000000	41106.000000
0.000000	41106.000000
0.000000	41106.000000
0.000000	41106.000000
0.000000	41106.000000
0.000000	41106.000000
0.000000	41106.000000
0.000000	41106.000000
0.000000	41106.000000
0.000000	41106.000000
0.000000	41106.000000
0.000000	41106.000000
0.000000	41106.000000
0.000000	41106.000000
0.000000	41106.000000
0.000000	41107.000000
0.000000	41107.000000
0.000000	41107.000000
0.000000	41107.000000
0.000000	41107.000000
0.000000	41107.000000
0.000000	41107.000000
0.000000	41107.000000
0.000000	41107.000000
0.000000	41107.000000
0.000000	41107.000000
0.000000	41107.000000
0.000000	41107.000000
0.000000	41107.000000
0.000000	41107.000000
0.000000	41107.000000
0.000000	41107.000000
0.000000	41107.000000
0.000000	41108.000000
0.000000	41108.000000
0.000000	41108.000000
0.000000	41108.000000
0.000000	41108.000000
0.000000	41108.000000
0.000000	41108.000000
0.000000	41108.000000
0.000000	41108.000000
0.000000	41108.000000
0.000000	41108.000000
0.000000	41108.000000
0.000000	41108.000000
0.000000	41108.000000
0.000000	41108.000000
0.000000	41108.000000
0.000000	41108.000000
0.000000	41109.000000
0.000000	41109.000000
0.000000	41109.000000
0.000000	41109.000000
0.000000	41109.000000
0.000000	41109.000000
0.000000	41109.000000
0.000000	41109.000000
0.000000	41109.000000
0.000000	41109.000000
0.000000	41109.000000
0.000000	41109.000000
0.000000	41109.000000
0.000000	41109.000000
0.000000	41109.000000
0.000000	41109.000000
0.000000	41109.000000
0.000000	41110.000000
0.000000	41110.000000
0.000000	41110.000000
0.000000	41110.000000
0.000000	41110.000000
0.000000	41110.000000
0.000000	41110.000000
0.000000	41110.000000
0.000000	41110.000000
0.000000	41110.000000
0.000000	41110.000000
0.000000	41110.000000
0.000000	41110.000000
0.000000	41110.000000
0.000000	41110.000000
0.000000	41110.000000
0.000000	41110.000000
0.000000	41111.000000
0.000000	41111.000000
0.000000	41111.000000
0.000000	41111.000000
0.000000	41111.000000
0.000000	41111.000000
0.000000	41111.000000
0.000000	41111.000000
0.000000	41111.000000
0.000000	41111.000000
0.000000	41111.000000
0.000000	41111.000000
0.000000	41111.000000
0.000000	41111.000000
0.000000	41111.000000
0.000000	41111.000000
0.000000	41111.000000
0.000000	41112.000000
0.000000	41112.000000
0.000000	41112.000000
0.000000	41112.000000
0.000000	41112.000000
0.000000	41112.000000
0.000000	41112.000000
0.000000	41112.000000
0.000000	41112.000000
0.000000	41112.000000
0.000000	41112.000000
0.000000	41112.000000
0.000000	41112.000000
0.000000	41112.000000
0.000000	41112.000000
0.000000	41112.000000
0.000000	41112.000000
0.000000	41113.000000
0.000000	41113.000000
0.000000	41113.000000
0.000000	41113.000000
0.000000	41113.000000
0.000000	41113.000000
0.000000	41113.000000
0.000000	41113.000000
0.000000	41113.000000
0.000000	41113.000000
0.000000	41113.000000
0.000000	41113.000000
0.000000	41113.000000
0.000000	41113.000000
0.000000	41113.000000
0.000000	41113.000000
0.000000	41113.000000
0.000000	41114.000000
0.000000	41114.000000
0.000000	41114.000000
0.000000	41114.000000
0.000000	41114.000000
0.000000	41114.000000
0.000000	41114.000000
0.000000	41114.000000
0.000000	41114.000000
0.000000	41114.000000
0.000000	41114.000000
0.000000	41114.000000
0.000000	41114.000000
0.000000	41114.000000
0.000000	41114.000000
0.000000	41114.000000
0.000000	41114.000000
0.000000	41115.000000
0.000000	41115.000000
0.000000	41115.000000
0.000000	41115.000000
0.000000	41115.000000
0.000000	41115.000000
0.000000	41115.000000
0.000000	41115.000000
0.000000	41115.000000
0.000000	41115.000000
0.000000	41115.000000
0.000000	41115.000000
0.000000	41115.000000
0.000000	41115.000000
0.000000	41115.000000
0.000000	41115.000000
0.000000	41115.000000
0.000000	41116.000000
0.000000	41116.000000
0.000000	41116.000000
0.000000	41116.000000
0.000000	41116.000000
0.000000	41116.000000
0.000000	41116.000000
0.000000	41116.000000
0.000000	41116.000000
0.000000	41116.000000
0.000000	41116.000000
0.000000	41116.000000
0.000000	41116.000000
0.000000	41116.000000
0.000000	41116.000000
0.000000	41116.000000
0.000000	41116.000000
0.000000	41117.000000
0.000000	41117.000000
0.000000	41117.000000
0.000000	41117.000000
0.000000	41117.000000
0.000000	41117.000000
0.000000	41117.000000
0.000000	41117.000000
0.000000	41117.000000
0.000000	41117.000000
0.000000	41117.000000
0.000000	41117.000000
0.000000	41117.000000
0.000000	41117.000000
0.000000	41117.000000
0.000000	41117.000000
0.000000	41117.000000
0.000000	41118.000000
0.000000	41118.000000
0.000000	41118.000000
0.000000	41118.000000
0.000000	41118.000000
0.000000	41118.000000
0.000000	41118.000000
0.000000	41118.000000
0.000000	41118.000000
0.000000	41118.000000
0.000000	41118.000000
0.000000	41118.000000
0.000000	41118.000000
0.000000	41118.000000
0.000000	41118.000000
0.000000	41118.000000
0.000000	41118.000000
0.000000	41119.000000
0.000000	41119.000000
0.000000	41119.000000
0.000000	41119.000000
0.000000	41119.000000
0.000000	41119.000000
0.000000	41119.000000
0.000000	41119.000000
0.000000	41119.000000
0.000000	41119.000000
0.000000	41119.000000
0.000000	41119.000000
0.000000	41119.000000
0.000000	41119.000000
0.000000	41119.000000
0.000000	41119.000000
0.000000	41119.000000
0.000000	41120.000000
0.000000	41120.000000
0.000000	41120.000000
0.000000	41120.000000
0.000000	41120.000000
0.000000	41120.000000
0.000000	41120.000000
0.000000	41120.000000
0.000000	41120.000000
0.000000	41120.000000
0.000000	41120.000000
0.000000	41120.000000
0.000000	41120.000000
0.000000	41120.000000
0.000000	41120.000000
0.000000	41120.000000
0.000000	41120.000000
0.000000	41121.000000
0.000000	41121.000000
0.000000	41121.000000
0.000000	41121.000000
0.000000	41121.000000
0.000000	41121.000000
0.000000	41121.000000
0.000000	41121.000000
0.000000	41121.000000
0.000000	41121.000000
0.000000	41121.000000
0.000000	41121.000000
0.000000	41121.000000
0.000000	41121.000000
0.000000	41121.000000
0.000000	41121.000000
0.000000	41121.000000
0.000000	41122.000000
0.000000	41122.000000
0.000000	41122.000000
0.000000	41122.000000
0.000000	41122.000000
0.000000	41122.000000
0.000000	41122.000000
0.000000	41122.000000
0.000000	41122.000000
0.000000	41122.000000
0.000000	41122.000000
0.000000	41122.000000
0.000000	41122.000000
0.000000	41122.000000
0.000000	41122.000000
0.000000	41122.000000
0.000000	41122.000000
0.000000	41122.000000
0.000000	41123.000000
0.000000	41123.000000
0.000000	41123.000000
0.000000	41123.000000
0.000000	41123.000000
0.000000	41123.000000
0.000000	41123.000000
0.000000	41123.000000
0.000000	41123.000000
0.000000	41123.000000
0.000000	41123.000000
0.000000	41123.000000
0.000000	41123.000000
0.000000	41123.000000
0.000000	41123.000000
0.000000	41123.000000
0.000000	41123.000000
0.000000	41124.000000
0.000000	41124.000000
0.000000	41124.000000
0.000000	41124.000000
0.000000	41124.000000
0.000000	41124.000000
0.000000	41124.000000
0.000000	41124.000000
0.000000	41124.000000
0.000000	41124.000000
0.000000	41124.000000
0.000000	41124.000000
0.000000	41124.000000
0.000000	41124.000000
0.000000	41124.000000
0.000000	41124.000000
0.000000	41124.000000
0.000000	41125.000000
0.000000	41125.000000
0.000000	41125.000000
0.000000	41125.000000
0.000000	41125.000000
0.000000	41125.000000
0.000000	41125.000000
0.000000	41125.000000
0.000000	41125.000000
0.000000	41125.000000
0.000000	41125.000000
0.000000	41125.000000
0.000000	41125.000000
0.000000	41125.000000
0.000000	41125.000000
0.000000	41125.000000
0.000000	41125.000000
0.000000	41126.000000
0.000000	41126.000000
0.000000	41126.000000
0.000000	41126.000000
0.000000	41126.000000
0.000000	41126.000000
0.000000	41126.000000
0.000000	41126.000000
0.000000	41126.000000
0.000000	41126.000000
0.000000	41126.000000
0.000000	41126.000000
0.000000	41126.000000
0.000000	41126.000000
0.000000	41126.000000
0.000000	41126.000000
0.000000	41126.000000
0.000000	41127.000000
0.000000	41127.000000
0.000000	41127.000000
0.000000	41127.000000
0.000000	41127.000000
0.000000	41127.000000
0.000000	41127.000000
0.000000	41127.000000
0.000000	41127.000000
0.000000	41127.000000
0.000000	41127.000000
0.000000	41127.000000
0.000000	41127.000000
0.000000	41127.000000
0.000000	41127.000000
0.000000	41127.000000
0.000000	41127.000000
0.000000	41128.000000
0.000000	41128.000000
0.000000	41128.000000
0.000000	41128.000000
0.000000	41128.000000
0.000000	41128.000000
0.000000	41128.000000
0.000000	41128.000000
0.000000	41128.000000
0.000000	41128.000000
0.000000	41128.000000
0.000000	41128.000000
0.000000	41128.000000
0.000000	41128.000000
0.000000	41128.000000
0.000000	41128.000000
0.000000	41128.000000
0.000000	41129.000000
0.000000	41129.000000
0.000000	41129.000000
0.000000	41129.000000
0.000000	41129.000000
0.000000	41129.000000
0.000000	41129.000000
0.000000	41129.000000
0.000000	41129.000000
0.000000	41129.000000
0.000000	41129.000000
0.000000	41129.000000
0.000000	41129.000000
0.000000	41129.000000
0.000000	41129.000000
0.000000	41129.000000
0.000000	41129.000000
0.000000	41130.000000
0.000000	41130.000000
0.000000	41130.000000
0.000000	41130.000000
0.000000	41130.000000
0.000000	41130.000000
0.000000	41130.000000
0.000000	41130.000000
0.000000	41130.000000
0.000000	41130.000000
0.000000	41130.000000
0.000000	41130.000000
0.000000	41130.000000
0.000000	41130.000000
0.000000	41130.000000
0.000000	41130.000000
0.000000	41130.000000
0.000000	41131.000000
0.000000	41131.000000
0.000000	41131.000000
0.000000	41131.000000
0.000000	41131.000000
0.000000	41131.000000
0.000000	41131.000000
0.000000	41131.000000
0.000000	41131.000000
0.000000	41131.000000
0.000000	41131.000000
0.000000	41131.000000
0.000000	41131.000000
0.000000	41131.000000
0.000000	41131.000000
0.000000	41131.000000
0.000000	41131.000000
0.000000	41132.000000
0.000000	41132.000000
0.000000	41132.000000
0.000000	41132.000000
0.000000	41132.000000
0.000000	41132.000000
0.000000	41132.000000
0.000000	41132.000000
0.000000	41132.000000
0.000000	41132.000000
0.000000	41132.000000
0.000000	41132.000000
0.000000	41132.000000
0.000000	41132.000000
0.000000	41132.000000
0.000000	41132.000000
0.000000	41132.000000
0.000000	41133.000000
0.000000	41133.000000
0.000000	41133.000000
0.000000	41133.000000
0.000000	41133.000000
0.000000	41133.000000
0.000000	41133.000000
0.000000	41133.000000
0.000000	41133.000000
0.000000	41133.000000
0.000000	41133.000000
0.000000	41133.000000
0.000000	41133.000000
0.000000	41133.000000
0.000000	41133.000000
0.000000	41133.000000
0.000000	41133.000000
0.000000	41134.000000
0.000000	41134.000000
0.000000	41134.000000
0.000000	41134.000000
0.000000	41134.000000
0.000000	41134.000000
0.000000	41134.000000
0.000000	41134.000000
0.000000	41134.000000
0.000000	41134.000000
0.000000	41134.000000
0.000000	41134.000000
0.000000	41134.000000
0.000000	41134.000000
0.000000	41134.000000
0.000000	41134.000000
0.000000	41134.000000
0.000000	41135.000000
0.000000	41135.000000
0.000000	41135.000000
0.000000	41135.000000
0.000000	41135.000000
0.000000	41135.000000
0.000000	41135.000000
0.000000	41135.000000
0.000000	41135.000000
0.000000	41135.000000
0.000000	41135.000000
0.000000	41135.000000
0.000000	41135.000000
0.000000	41135.000000
0.000000	41135.000000
0.000000	41135.000000
0.000000	41135.000000
0.000000	41136.000000
0.000000	41136.000000
0.000000	41136.000000
0.000000	41136.000000
0.000000	41136.000000
0.000000	41136.000000
0.000000	41136.000000
0.000000	41136.000000
0.000000	41136.000000
0.000000	41136.000000
0.000000	41136.000000
0.000000	41136.000000
0.000000	41136.000000
0.000000	41136.000000
0.000000	41136.000000
0.000000	41136.000000
0.000000	41136.000000
0.000000	41137.000000
0.000000	41137.000000
0.000000	41137.000000
0.000000	41137.000000
0.000000	41137.000000
0.000000	41137.000000
0.000000	41137.000000
0.000000	41137.000000
0.000000	41137.000000
0.000000	41137.000000
0.000000	41137.000000
0.000000	41137.000000
0.000000	41137.000000
0.000000	41137.000000
0.000000	41137.000000
0.000000	41137.000000
0.000000	41137.000000
0.000000	41137.000000
0.000000	41138.000000
0.000000	41138.000000
0.000000	41138.000000
0.000000	41138.000000
0.000000	41138.000000
0.000000	41138.000000
0.000000	41138.000000
0.000000	41138.000000
0.000000	41138.000000
0.000000	41138.000000
0.000000	41138.000000
0.000000	41138.000000
0.000000	41138.000000
0.000000	41138.000000
0.000000	41138.000000
0.000000	41138.000000
0.000000	41138.000000
0.000000	41139.000000
0.000000	41139.000000
0.000000	41139.000000
0.000000	41139.000000
0.000000	41139.000000
0.000000	41139.000000
0.000000	41139.000000
0.000000	41139.000000
0.000000	41139.000000
0.000000	41139.000000
0.000000	41139.000000
0.000000	41139.000000
0.000000	41139.000000
0.000000	41139.000000
0.000000	41139.000000
0.000000	41139.000000
0.000000	41139.000000
0.000000	41140.000000
0.000000	41140.000000
0.000000	41140.000000
0.000000	41140.000000
0.000000	41140.000000
0.000000	41140.000000
0.000000	41140.000000
0.000000	41140.000000
0.000000	41140.000000
0.000000	41140.000000
0.000000	41140.000000
0.000000	41140.000000
0.000000	41140.000000
0.000000	41140.000000
0.000000	41140.000000
0.000000	41140.000000
0.000000	41140.000000
0.000000	41141.000000
0.000000	41141.000000
0.000000	41141.000000
0.000000	41141.000000
0.000000	41141.000000
0.000000	41141.000000
0.000000	41141.000000
0.000000	41141.000000
0.000000	41141.000000
0.000000	41141.000000
0.000000	41141.000000
0.000000	41141.000000
0.000000	41141.000000
0.000000	41141.000000
0.000000	41141.000000
0.000000	41141.000000
0.000000	41141.000000
0.000000	41142.000000
0.000000	41142.000000
0.000000	41142.000000
0.000000	41142.000000
0.000000	41142.000000
0.000000	41142.000000
0.000000	41142.000000
0.000000	41142.000000
0.000000	41142.000000
0.000000	41142.000000
0.000000	41142.000000
0.000000	41142.000000
0.000000	41142.000000
0.000000	41142.000000
0.000000	41142.000000
0.000000	41142.000000
0.000000	41142.000000
0.000000	41143.000000
0.000000	41143.000000
0.000000	41143.000000
0.000000	41143.000000
0.000000	41143.000000
0.000000	41143.000000
0.000000	41143.000000
0.000000	41143.000000
0.000000	41143.000000
0.000000	41143.000000
0.000000	41143.000000
0.000000	41143.000000
0.000000	41143.000000
0.000000	41143.000000
0.000000	41143.000000
0.000000	41143.000000
0.000000	41143.000000
0.000000	41144.000000
0.000000	41144.000000
0.000000	41144.000000
0.000000	41144.000000
0.000000	41144.000000
0.000000	41144.000000
0.000000	41144.000000
0.000000	41144.000000
0.000000	41144.000000
0.000000	41144.000000
0.000000	41144.000000
0.000000	41144.000000
0.000000	41144.000000
0.000000	41144.000000
0.000000	41144.000000
0.000000	41144.000000
0.000000	41144.000000
0.000000	41145.000000
0.000000	41145.000000
0.000000	41145.000000
0.000000	41145.000000
0.000000	41145.000000
0.000000	41145.000000
0.000000	41145.000000
0.000000	41145.000000
0.000000	41145.000000
0.000000	41145.000000
0.000000	41145.000000
0.000000	41145.000000
0.000000	41145.000000
0.000000	41145.000000
0.000000	41145.000000
0.000000	41145.000000
0.000000	41145.000000
0.000000	41146.000000
0.000000	41146.000000
0.000000	41146.000000
0.000000	41146.000000
0.000000	41146.000000
0.000000	41146.000000
0.000000	41146.000000
0.000000	41146.000000
0.000000	41146.000000
0.000000	41146.000000
0.000000	41146.000000
0.000000	41146.000000
0.000000	41146.000000
0.000000	41146.000000
0.000000	41146.000000
0.000000	41146.000000
0.000000	41146.000000
0.000000	41147.000000
0.000000	41147.000000
0.000000	41147.000000
0.000000	41147.000000
0.000000	41147.000000
0.000000	41147.000000
0.000000	41147.000000
0.000000	41147.000000
0.000000	41147.000000
0.000000	41147.000000
0.000000	41147.000000
0.000000	41147.000000
0.000000	41147.000000
0.000000	41147.000000
0.000000	41147.000000
0.000000	41147.000000
0.000000	41147.000000
0.000000	41148.000000
0.000000	41148.000000
0.000000	41148.000000
0.000000	41148.000000
0.000000	41148.000000
0.000000	41148.000000
0.000000	41148.000000
0.000000	41148.000000
0.000000	41148.000000
0.000000	41148.000000
0.000000	41148.000000
0.000000	41148.000000
0.000000	41148.000000
0.000000	41148.000000
0.000000	41148.000000
0.000000	41148.000000
0.000000	41148.000000
0.000000	41149.000000
0.000000	41149.000000
0.000000	41149.000000
0.000000	41149.000000
0.000000	41149.000000
0.000000	41149.000000
0.000000	41149.000000
0.000000	41149.000000
0.000000	41149.000000
0.000000	41149.000000
0.000000	41149.000000
0.000000	41149.000000
0.000000	41149.000000
0.000000	41149.000000
0.000000	41149.000000
0.000000	41149.000000
0.000000	41149.000000
0.000000	41150.000000
0.000000	41150.000000
0.000000	41150.000000
0.000000	41150.000000
0.000000	41150.000000
0.000000	41150.000000
0.000000	41150.000000
0.000000	41150.000000
0.000000	41150.000000
0.000000	41150.000000
0.000000	41150.000000
0.000000	41150.000000
0.000000	41150.000000
0.000000	41150.000000
0.000000	41150.000000
0.000000	41150.000000
0.000000	41150.000000
0.000000	41151.000000
0.000000	41151.000000
0.000000	41151.000000
0.000000	41151.000000
0.000000	41151.000000
0.000000	41151.000000
0.000000	41151.000000
0.000000	41151.000000
0.000000	41151.000000
0.000000	41151.000000
0.000000	41151.000000
0.000000	41151.000000
0.000000	41151.000000
0.000000	41151.000000
0.000000	41151.000000
0.000000	41151.000000
0.000000	41151.000000
0.000000	41152.000000
0.000000	41152.000000
0.000000	41152.000000
0.000000	41152.000000
0.000000	41152.000000
0.000000	41152.000000
0.000000	41152.000000
0.000000	41152.000000
0.000000	41152.000000
0.000000	41152.000000
0.000000	41152.000000
0.000000	41152.000000
0.000000	41152.000000
0.000000	41152.000000
0.000000	41152.000000
0.000000	41152.000000
0.000000	41152.000000
0.000000	41152.000000
0.000000	41153.000000
0.000000	41153.000000
0.000000	41153.000000
0.000000	41153.000000
0.000000	41153.000000
0.000000	41153.000000
0.000000	41153.000000
0.000000	41153.000000
0.000000	41153.000000
0.000000	41153.000000
0.000000	41153.000000
0.000000	41153.000000
0.000000	41153.000000
0.000000	41153.000000
0.000000	41153.000000
0.000000	41153.000000
0.000000	41153.000000
0.000000	41154.000000
0.000000	41154.000000
0.000000	41154.000000
0.000000	41154.000000
0.000000	41154.000000
0.000000	41154.000000
0.000000	41154.000000
0.000000	41154.000000
0.000000	41154.000000
0.000000	41154.000000
0.000000	41154.000000
0.000000	41154.000000
0.000000	41154.000000
0.000000	41154.000000
0.000000	41154.000000
0.000000	41154.000000
0.000000	41154.000000
0.000000	41155.000000
0.000000	41155.000000
0.000000	41155.000000
0.000000	41155.000000
0.000000	41155.000000
0.000000	41155.000000
0.000000	41155.000000
0.000000	41155.000000
0.000000	41155.000000
0.000000	41155.000000
0.000000	41155.000000
0.000000	41155.000000
0.000000	41155.000000
0.000000	41155.000000
0.000000	41155.000000
0.000000	41155.000000
0.000000	41155.000000
0.000000	41156.000000
0.000000	41156.000000
0.000000	41156.000000
0.000000	41156.000000
0.000000	41156.000000
0.000000	41156.000000
0.000000	41156.000000
0.000000	41156.000000
0.000000	41156.000000
0.000000	41156.000000
0.000000	41156.000000
0.000000	41156.000000
0.000000	41156.000000
0.000000	41156.000000
0.000000	41156.000000
0.000000	41156.000000
0.000000	41156.000000
0.000000	41157.000000
0.000000	41157.000000
0.000000	41157.000000
0.000000	41157.000000
0.000000	41157.000000
0.000000	41157.000000
0.000000	41157.000000
0.000000	41157.000000
0.000000	41157.000000
0.000000	41157.000000
0.000000	41157.000000
0.000000	41157.000000
0.000000	41157.000000
0.000000	41157.000000
0.000000	41157.000000
0.000000	41157.000000
0.000000	41157.000000
0.000000	41158.000000
0.000000	41158.000000
0.000000	41158.000000
0.000000	41158.000000
0.000000	41158.000000
0.000000	41158.000000
0.000000	41158.000000
0.000000	41158.000000
0.000000	41158.000000
0.000000	41158.000000
0.000000	41158.000000
0.000000	41158.000000
0.000000	41158.000000
0.000000	41158.000000
0.000000	41158.000000
0.000000	41158.000000
0.000000	41158.000000
0.000000	41159.000000
0.000000	41159.000000
0.000000	41159.000000
0.000000	41159.000000
0.000000	41159.000000
0.000000	41159.000000
0.000000	41159.000000
0.000000	41159.000000
0.000000	41159.000000
0.000000	41159.000000
0.000000	41159.000000
0.000000	41159.000000
0.000000	41159.000000
0.000000	41159.000000
0.000000	41159.000000
0.000000	41159.000000
0.000000	41159.000000
0.000000	41200.000000
0.000000	41200.000000
0.000000	41200.000000
0.000000	41200.000000
0.000000	41200.000000
0.000000	41200.000000
0.000000	41200.000000
0.000000	41200.000000
0.000000	41200.000000
0.000000	41200.000000
0.000000	41200.000000
0.000000	41200.000000
0.000000	41200.000000
0.000000	41200.000000
0.000000	41200.000000
0.000000	41200.000000
0.000000	41200.000000
0.000000	41201.000000
0.000000	41201.000000
0.000000	41201.000000
0.000000	41201.000000
0.000000	41201.000000
0.000000	41201.000000
0.000000	41201.000000
0.000000	41201.000000
0.000000	41201.000000
0.000000	41201.000000
0.000000	41201.000000
0.000000	41201.000000
0.000000	41201.000000
0.000000	41201.000000
0.000000	41201.000000
0.000000	41201.000000
0.000000	41201.000000
0.000000	41202.000000
0.000000	41202.000000
0.000000	41202.000000
0.000000	41202.000000
0.000000	41202.000000
0.000000	41202.000000
0.000000	41202.000000
0.000000	41202.000000
0.000000	41202.000000
0.000000	41202.000000
0.000000	41202.000000
0.000000	41202.000000
0.000000	41202.000000
0.000000	41202.000000
0.000000	41202.000000
0.000000	41202.000000
0.000000	41202.000000
0.000000	41203.000000
0.000000	41203.000000
0.000000	41203.000000
0.000000	41203.000000
0.000000	41203.000000
0.000000	41203.000000
0.000000	41203.000000
0.000000	41203.000000
0.000000	41203.000000
0.000000	41203.000000
0.000000	41203.000000
0.000000	41203.000000
0.000000	41203.000000
0.000000	41203.000000
0.000000	41203.000000
0.000000	41203.000000
0.000000	41203.000000
0.000000	41204.000000
0.000000	41204.000000
0.000000	41204.000000
0.000000	41204.000000
0.000000	41204.000000
0.000000	41204.000000
0.000000	41204.000000
0.000000	41204.000000
0.000000	41204.000000
0.000000	41204.000000
0.000000	41204.000000
0.000000	41204.000000
0.000000	41204.000000
0.000000	41204.000000
0.000000	41204.000000
0.000000	41204.000000
0.000000	41204.000000
0.000000	41205.000000
0.000000	41205.000000
0.000000	41205.000000
0.000000	41205.000000
0.000000	41205.000000
0.000000	41205.000000
0.000000	41205.000000
0.000000	41205.000000
0.000000	41205.000000
0.000000	41205.000000
0.000000	41205.000000
0.000000	41205.000000
0.000000	41205.000000
0.000000	41205.000000
0.000000	41205.000000
0.000000	41205.000000
0.000000	41205.000000
0.000000	41206.000000
0.000000	41206.000000
0.000000	41206.000000
0.000000	41206.000000
0.000000	41206.000000
0.000000	41206.000000
0.000000	41206.000000
0.000000	41206.000000
0.000000	41206.000000
0.000000	41206.000000
0.000000	41206.000000
0.000000	41206.000000
0.000000	41206.000000
0.000000	41206.000000
0.000000	41206.000000
0.000000	41206.000000
0.000000	41206.000000
0.000000	41207.000000
0.000000	41207.000000
0.000000	41207.000000
0.000000	41207.000000
0.000000	41207.000000
0.000000	41207.000000
0.000000	41207.000000
0.000000	41207.000000
0.000000	41207.000000
0.000000	41207.000000
0.000000	41207.000000
0.000000	41207.000000
0.000000	41207.000000
0.000000	41207.000000
0.000000	41207.000000
0.000000	41207.000000
0.000000	41207.000000
0.000000	41207.000000
0.000000	41208.000000
0.000000	41208.000000
0.000000	41208.000000
0.000000	41208.000000
0.000000	41208.000000
0.000000	41208.000000
0.000000	41208.000000
0.000000	41208.000000
0.000000	41208.000000
0.000000	41208.000000
0.000000	41208.000000
0.000000	41208.000000
0.000000	41208.000000
0.000000	41208.000000
0.000000	41208.000000
0.000000	41208.000000
0.000000	41208.000000
0.000000	41209.000000
0.000000	41209.000000
0.000000	41209.000000
0.000000	41209.000000
0.000000	41209.000000
0.000000	41209.000000
0.000000	41209.000000
0.000000	41209.000000
0.000000	41209.000000
0.000000	41209.000000
0.000000	41209.000000
0.000000	41209.000000
0.000000	41209.000000
0.000000	41209.000000
0.000000	41209.000000
0.000000	41209.000000
0.000000	41209.000000
0.000000	41210.000000
0.000000	41210.000000
0.000000	41210.000000
0.000000	41210.000000
0.000000	41210.000000
0.000000	41210.000000
0.000000	41210.000000
0.000000	41210.000000
0.000000	41210.000000
0.000000	41210.000000
0.000000	41210.000000
0.000000	41210.000000
0.000000	41210.000000
0.000000	41210.000000
0.000000	41210.000000
0.000000	41210.000000
0.000000	41210.000000
0.000000	41211.000000
0.000000	41211.000000
0.000000	41211.000000
0.000000	41211.000000
0.000000	41211.000000
0.000000	41211.000000
0.000000	41211.000000
0.000000	41211.000000
0.000000	41211.000000
0.000000	41211.000000
0.000000	41211.000000
0.000000	41211.000000
0.000000	41211.000000
0.000000	41211.000000
0.000000	41211.000000
0.000000	41211.000000
0.000000	41211.000000
0.000000	41212.000000
0.000000	41212.000000
0.000000	41212.000000
0.000000	41212.000000
0.000000	41212.000000
0.000000	41212.000000
0.000000	41212.000000
0.000000	41212.000000
0.000000	41212.000000
0.000000	41212.000000
0.000000	41212.000000
0.000000	41212.000000
0.000000	41212.000000
0.000000	41212.000000
0.000000	41212.000000
0.000000	41212.000000
0.000000	41212.000000
0.000000	41213.000000
0.000000	41213.000000
0.000000	41213.000000
0.000000	41213.000000
0.000000	41213.000000
0.000000	41213.000000
0.000000	41213.000000
0.000000	41213.000000
0.000000	41213.000000
0.000000	41213.000000
0.000000	41213.000000
0.000000	41213.000000
0.000000	41213.000000
0.000000	41213.000000
0.000000	41213.000000
0.000000	41213.000000
0.000000	41213.000000
0.000000	41214.000000
0.000000	41214.000000
0.000000	41214.000000
0.000000	41214.000000
0.000000	41214.000000
0.000000	41214.000000
0.000000	41214.000000
0.000000	41214.000000
0.000000	41214.000000
0.000000	41214.000000
0.000000	41214.000000
0.000000	41214.000000
0.000000	41214.000000
0.000000	41214.000000
0.000000	41214.000000
0.000000	41214.000000
0.000000	41214.000000
0.000000	41215.000000
0.000000	41215.000000
0.000000	41215.000000
0.000000	41215.000000
0.000000	41215.000000
0.000000	41215.000000
0.000000	41215.000000
0.000000	41215.000000
0.000000	41215.000000
0.000000	41215.000000
0.000000	41215.000000
0.000000	41215.000000
0.000000	41215.000000
0.000000	41215.000000
0.000000	41215.000000
0.000000	41215.000000
0.000000	41215.000000
0.000000	41216.000000
0.000000	41216.000000
0.000000	41216.000000
0.000000	41216.000000
0.000000	41216.000000
0.000000	41216.000000
0.000000	41216.000000
0.000000	41216.000000
0.000000	41216.000000
0.000000	41216.000000
0.000000	41216.000000
0.000000	41216.000000
0.000000	41216.000000
0.000000	41216.000000
0.000000	41216.000000
0.000000	41216.000000
0.000000	41216.000000
0.000000	41217.000000
0.000000	41217.000000
0.000000	41217.000000
0.000000	41217.000000
0.000000	41217.000000
0.000000	41217.000000
0.000000	41217.000000
0.000000	41217.000000
0.000000	41217.000000
0.000000	41217.000000
0.000000	41217.000000
0.000000	41217.000000
0.000000	41217.000000
0.000000	41217.000000
0.000000	41217.000000
0.000000	41217.000000
0.000000	41217.000000
0.000000	41218.000000
0.000000	41218.000000
0.000000	41218.000000
0.000000	41218.000000
0.000000	41218.000000
0.000000	41218.000000
0.000000	41218.000000
0.000000	41218.000000
0.000000	41218.000000
0.000000	41218.000000
0.000000	41218.000000
0.000000	41218.000000
0.000000	41218.000000
0.000000	41218.000000
0.000000	41218.000000
0.000000	41218.000000
0.000000	41218.000000
0.000000	41219.000000
0.000000	41219.000000
0.000000	41219.000000
0.000000	41219.000000
0.000000	41219.000000
0.000000	41219.000000
0.000000	41219.000000
0.000000	41219.000000
0.000000	41219.000000
0.000000	41219.000000
0.000000	41219.000000
0.000000	41219.000000
0.000000	41219.000000
0.000000	41219.000000
0.000000	41219.000000
0.000000	41219.000000
0.000000	41219.000000
0.000000	41220.000000
0.000000	41220.000000
0.000000	41220.000000
0.000000	41220.000000
0.000000	41220.000000
0.000000	41220.000000
0.000000	41220.000000
0.000000	41220.000000
0.000000	41220.000000
0.000000	41220.000000
0.000000	41220.000000
0.000000	41220.000000
0.000000	41220.000000
0.000000	41220.000000
0.000000	41220.000000
0.000000	41220.000000
0.000000	41220.000000
0.000000	41221.000000
0.000000	41221.000000
0.000000	41221.000000
0.000000	41221.000000
0.000000	41221.000000
0.000000	41221.000000
0.000000	41221.000000
0.000000	41221.000000
0.000000	41221.000000
0.000000	41221.000000
0.000000	41221.000000
0.000000	41221.000000
0.000000	41221.000000
0.000000	41221.000000
0.000000	41221.000000
0.000000	41221.000000
0.000000	41221.000000
0.000000	41222.000000
0.000000	41222.000000
0.000000	41222.000000
0.000000	41222.000000
0.000000	41222.000000
0.000000	41222.000000
0.000000	41222.000000
0.000000	41222.000000
0.000000	41222.000000
0.000000	41222.000000
0.000000	41222.000000
0.000000	41222.000000
0.000000	41222.000000
0.000000	41222.000000
0.000000	41222.000000
0.000000	41222.000000
0.000000	41222.000000
0.000000	41222.000000
0.000000	41223.000000
0.000000	41223.000000
0.000000	41223.000000
0.000000	41223.000000
0.000000	41223.000000
0.000000	41223.000000
0.000000	41223.000000
0.000000	41223.000000
0.000000	41223.000000
0.000000	41223.000000
0.000000	41223.000000
0.000000	41223.000000
0.000000	41223.000000
0.000000	41223.000000
0.000000	41223.000000
0.000000	41223.000000
0.000000	41223.000000
0.000000	41224.000000
0.000000	41224.000000
0.000000	41224.000000
0.000000	41224.000000
0.000000	41224.000000
0.000000	41224.000000
0.000000	41224.000000
0.000000	41224.000000
0.000000	41224.000000
0.000000	41224.000000
0.000000	41224.000000
0.000000	41224.000000
0.000000	41224.000000
0.000000	41224.000000
0.000000	41224.000000
0.000000	41224.000000
0.000000	41224.000000
0.000000	41225.000000
0.000000	41225.000000
0.000000	41225.000000
0.000000	41225.000000
0.000000	41225.000000
0.000000	41225.000000
0.000000	41225.000000
0.000000	41225.000000
0.000000	41225.000000
0.000000	41225.000000
0.000000	41225.000000
0.000000	41225.000000
0.000000	41225.000000
0.000000	41225.000000
0.000000	41225.000000
0.000000	41225.000000
0.000000	41225.000000
0.000000	41226.000000
0.000000	41226.000000
0.000000	41226.000000
0.000000	41226.000000
0.000000	41226.000000
0.000000	41226.000000
0.000000	41226.000000
0.000000	41226.000000
0.000000	41226.000000
0.000000	41226.000000
0.000000	41226.000000
0.000000	41226.000000
0.000000	41226.000000
0.000000	41226.000000
0.000000	41226.000000
0.000000	41226.000000
0.000000	41226.000000
0.000000	41227.000000
0.000000	41227.000000
0.000000	41227.000000
0.000000	41227.000000
0.000000	41227.000000
0.000000	41227.000000
0.000000	41227.000000
0.000000	41227.000000
0.000000	41227.000000
0.000000	41227.000000
0.000000	41227.000000
0.000000	41227.000000
0.000000	41227.000000
0.000000	41227.000000
0.000000	41227.000000
0.000000	41227.000000
0.000000	41227.000000
0.000000	41228.000000
0.000000	41228.000000
0.000000	41228.000000
0.000000	41228.000000
0.000000	41228.000000
0.000000	41228.000000
0.000000	41228.000000
0.000000	41228.000000
0.000000	41228.000000
0.000000	41228.000000
0.000000	41228.000000
0.000000	41228.000000
0.000000	41228.000000
0.000000	41228.000000
0.000000	41228.000000
0.000000	41228.000000
0.000000	41228.000000
0.000000	41229.000000
0.000000	41229.000000
0.000000	41229.000000
0.000000	41229.000000
0.000000	41229.000000
0.000000	41229.000000
0.000000	41229.000000
0.000000	41229.000000
0.000000	41229.000000
0.000000	41229.000000
0.000000	41229.000000
0.000000	41229.000000
0.000000	41229.000000
0.000000	41229.000000
0.000000	41229.000000
0.000000	41229.000000
0.000000	41229.000000
0.000000	41230.000000
0.000000	41230.000000
0.000000	41230.000000
0.000000	41230.000000
0.000000	41230.000000
0.000000	41230.000000
0.000000	41230.000000
0.000000	41230.000000
0.000000	41230.000000
0.000000	41230.000000
0.000000	41230.000000
0.000000	41230.000000
0.000000	41230.000000
0.000000	41230.000000
0.000000	41230.000000
0.000000	41230.000000
0.000000	41230.000000
0.000000	41231.000000
0.000000	41231.000000
0.000000	41231.000000
0.000000	41231.000000
0.000000	41231.000000
0.000000	41231.000000
0.000000	41231.000000
0.000000	41231.000000
0.000000	41231.000000
0.000000	41231.000000
0.000000	41231.000000
0.000000	41231.000000
0.000000	41231.000000
0.000000	41231.000000
0.000000	41231.000000
0.000000	41231.000000
0.000000	41231.000000
0.000000	41232.000000
0.000000	41232.000000
0.000000	41232.000000
0.000000	41232.000000
0.000000	41232.000000
0.000000	41232.000000
0.000000	41232.000000
0.000000	41232.000000
0.000000	41232.000000
0.000000	41232.000000
0.000000	41232.000000
0.000000	41232.000000
0.000000	41232.000000
0.000000	41232.000000
0.000000	41232.000000
0.000000	41232.000000
0.000000	41232.000000
0.000000	41233.000000
0.000000	41233.000000
0.000000	41233.000000
0.000000	41233.000000
0.000000	41233.000000
0.000000	41233.000000
0.000000	41233.000000
0.000000	41233.000000
0.000000	41233.000000
0.000000	41233.000000
0.000000	41233.000000
0.000000	41233.000000
0.000000	41233.000000
0.000000	41233.000000
0.000000	41233.000000
0.000000	41233.000000
0.000000	41233.000000
0.000000	41234.000000
0.000000	41234.000000
0.000000	41234.000000
0.000000	41234.000000
0.000000	41234.000000
0.000000	41234.000000
0.000000	41234.000000
0.000000	41234.000000
0.000000	41234.000000
0.000000	41234.000000
0.000000	41234.000000
0.000000	41234.000000
0.000000	41234.000000
0.000000	41234.000000
0.000000	41234.000000
0.000000	41234.000000
0.000000	41234.000000
0.000000	41235.000000
0.000000	41235.000000
0.000000	41235.000000
0.000000	41235.000000
0.000000	41235.000000
0.000000	41235.000000
0.000000	41235.000000
0.000000	41235.000000
0.000000	41235.000000
0.000000	41235.000000
0.000000	41235.000000
0.000000	41235.000000
0.000000	41235.000000
0.000000	41235.000000
0.000000	41235.000000
0.000000	41235.000000
0.000000	41235.000000
0.000000	41236.000000
0.000000	41236.000000
0.000000	41236.000000
0.000000	41236.000000
0.000000	41236.000000
0.000000	41236.000000
0.000000	41236.000000
0.000000	41236.000000
0.000000	41236.000000
0.000000	41236.000000
0.000000	41236.000000
0.000000	41236.000000
0.000000	41236.000000
0.000000	41236.000000
0.000000	41236.000000
0.000000	41236.000000
0.000000	41236.000000
0.000000	41236.000000
0.000000	41237.000000
0.000000	41237.000000
0.000000	41237.000000
0.000000	41237.000000
0.000000	41237.000000
0.000000	41237.000000
0.000000	41237.000000
0.000000	41237.000000
0.000000	41237.000000
0.000000	41237.000000
0.000000	41237.000000
0.000000	41237.000000
0.000000	41237.000000
0.000000	41237.000000
0.000000	41237.000000
0.000000	41237.000000
0.000000	41237.000000
0.000000	41238.000000
0.000000	41238.000000
0.000000	41238.000000
0.000000	41238.000000
0.000000	41238.000000
0.000000	41238.000000
0.000000	41238.000000
0.000000	41238.000000
0.000000	41238.000000
0.000000	41238.000000
0.000000	41238.000000
0.000000	41238.000000
0.000000	41238.000000
0.000000	41238.000000
0.000000	41238.000000
0.000000	41238.000000
0.000000	41238.000000
0.000000	41239.000000
0.000000	41239.000000
0.000000	41239.000000
0.000000	41239.000000
0.000000	41239.000000
0.000000	41239.000000
0.000000	41239.000000
0.000000	41239.000000
0.000000	41239.000000
0.000000	41239.000000
0.000000	41239.000000
0.000000	41239.000000
0.000000	41239.000000
0.000000	41239.000000
0.000000	41239.000000
0.000000	41239.000000
0.000000	41239.000000
0.000000	41240.000000
0.000000	41240.000000
0.000000	41240.000000
0.000000	41240.000000
0.000000	41240.000000
0.000000	41240.000000
0.000000	41240.000000
0.000000	41240.000000
0.000000	41240.000000
0.000000	41240.000000
0.000000	41240.000000
0.000000	41240.000000
0.000000	41240.000000
0.000000	41240.000000
0.000000	41240.000000
0.000000	41240.000000
0.000000	41240.000000
0.000000	41241.000000
0.000000	41241.000000
0.000000	41241.000000
0.000000	41241.000000
0.000000	41241.000000
0.000000	41241.000000
0.000000	41241.000000
0.000000	41241.000000
0.000000	41241.000000
0.000000	41241.000000
0.000000	41241.000000
0.000000	41241.000000
0.000000	41241.000000
0.000000	41241.000000
0.000000	41241.000000
0.000000	41241.000000
0.000000	41241.000000
0.000000	41242.000000
0.000000	41242.000000
0.000000	41242.000000
0.000000	41242.000000
0.000000	41242.000000
0.000000	41242.000000
0.000000	41242.000000
