0.000000	40642.000000
0.000000	40642.000000
0.000000	40642.000000
0.000000	40642.000000
0.000000	40642.000000
0.000000	40642.000000
0.000000	40642.000000
0.000000	40642.000000
0.000000	40642.000000
0.000000	40642.000000
0.000000	40643.000000
0.000000	40643.000000
0.000000	40643.000000
0.000000	40643.000000
0.000000	40643.000000
0.000000	40643.000000
0.000000	40643.000000
0.000000	40643.000000
0.000000	40643.000000
0.000000	40643.000000
0.000000	40643.000000
0.000000	40643.000000
0.000000	40643.000000
0.000000	40643.000000
0.000000	40643.000000
0.000000	40643.000000
0.000000	40643.000000
0.000000	40644.000000
0.000000	40644.000000
0.000000	40644.000000
0.000000	40644.000000
0.000000	40644.000000
0.000000	40644.000000
0.000000	40644.000000
0.000000	40644.000000
0.000000	40644.000000
0.000000	40644.000000
0.000000	40644.000000
0.000000	40644.000000
0.000000	40644.000000
0.000000	40644.000000
0.000000	40644.000000
0.000000	40644.000000
0.000000	40644.000000
0.000000	40645.000000
0.000000	40645.000000
0.000000	40645.000000
0.000000	40645.000000
0.000000	40645.000000
0.000000	40645.000000
0.000000	40645.000000
0.000000	40645.000000
0.000000	40645.000000
0.000000	40645.000000
0.000000	40645.000000
0.000000	40645.000000
0.000000	40645.000000
0.000000	40645.000000
0.000000	40645.000000
0.000000	40645.000000
0.000000	40645.000000
0.000000	40646.000000
0.000000	40646.000000
0.000000	40646.000000
0.000000	40646.000000
0.000000	40646.000000
0.000000	40646.000000
0.000000	40646.000000
0.000000	40646.000000
0.000000	40646.000000
0.000000	40646.000000
0.000000	40646.000000
0.000000	40646.000000
0.000000	40646.000000
0.000000	40646.000000
0.000000	40646.000000
0.000000	40646.000000
0.000000	40646.000000
0.000000	40647.000000
0.000000	40647.000000
0.000000	40647.000000
0.000000	40647.000000
0.000000	40647.000000
0.000000	40647.000000
0.000000	40647.000000
0.000000	40647.000000
0.000000	40647.000000
0.000000	40647.000000
0.000000	40647.000000
0.000000	40647.000000
0.000000	40647.000000
0.000000	40647.000000
0.000000	40647.000000
0.000000	40647.000000
0.000000	40647.000000
0.000000	40648.000000
0.000000	40648.000000
0.000000	40648.000000
0.000000	40648.000000
0.000000	40648.000000
0.000000	40648.000000
0.000000	40648.000000
0.000000	40648.000000
0.000000	40648.000000
0.000000	40648.000000
0.000000	40648.000000
0.000000	40648.000000
0.000000	40648.000000
0.000000	40648.000000
0.000000	40648.000000
0.000000	40648.000000
0.000000	40648.000000
0.000000	40649.000000
0.000000	40649.000000
0.000000	40649.000000
0.000000	40649.000000
0.000000	40649.000000
0.000000	40649.000000
0.000000	40649.000000
0.000000	40649.000000
0.000000	40649.000000
0.000000	40649.000000
0.000000	40649.000000
0.000000	40649.000000
0.000000	40649.000000
0.000000	40649.000000
0.000000	40649.000000
0.000000	40649.000000
0.000000	40649.000000
0.000000	40650.000000
0.000000	40650.000000
0.000000	40650.000000
0.000000	40650.000000
0.000000	40650.000000
0.000000	40650.000000
0.000000	40650.000000
0.000000	40650.000000
0.000000	40650.000000
0.000000	40650.000000
0.000000	40650.000000
0.000000	40650.000000
0.000000	40650.000000
0.000000	40650.000000
0.000000	40650.000000
0.000000	40650.000000
0.000000	40650.000000
0.000000	40651.000000
0.000000	40651.000000
0.000000	40651.000000
0.000000	40651.000000
0.000000	40651.000000
0.000000	40651.000000
0.000000	40651.000000
0.000000	40651.000000
0.000000	40651.000000
0.000000	40651.000000
0.000000	40651.000000
0.000000	40651.000000
0.000000	40651.000000
0.000000	40651.000000
0.000000	40651.000000
0.000000	40651.000000
0.000000	40651.000000
0.000000	40651.000000
0.000000	40652.000000
0.000000	40652.000000
0.000000	40652.000000
0.000000	40652.000000
0.000000	40652.000000
0.000000	40652.000000
0.000000	40652.000000
0.000000	40652.000000
0.000000	40652.000000
0.000000	40652.000000
0.000000	40652.000000
0.000000	40652.000000
0.000000	40652.000000
0.000000	40652.000000
0.000000	40652.000000
0.000000	40652.000000
0.000000	40652.000000
0.000000	40653.000000
0.000000	40653.000000
0.000000	40653.000000
0.000000	40653.000000
0.000000	40653.000000
0.000000	40653.000000
0.000000	40653.000000
0.000000	40653.000000
0.000000	40653.000000
0.000000	40653.000000
0.000000	40653.000000
0.000000	40653.000000
0.000000	40653.000000
0.000000	40653.000000
0.000000	40653.000000
0.000000	40653.000000
0.000000	40653.000000
0.000000	40654.000000
0.000000	40654.000000
0.000000	40654.000000
0.000000	40654.000000
0.000000	40654.000000
0.000000	40654.000000
0.000000	40654.000000
0.000000	40654.000000
0.000000	40654.000000
0.000000	40654.000000
0.000000	40654.000000
0.000000	40654.000000
0.000000	40654.000000
0.000000	40654.000000
0.000000	40654.000000
0.000000	40654.000000
0.000000	40654.000000
0.000000	40655.000000
0.000000	40655.000000
0.000000	40655.000000
0.000000	40655.000000
0.000000	40655.000000
0.000000	40655.000000
0.000000	40655.000000
0.000000	40655.000000
0.000000	40655.000000
0.000000	40655.000000
0.000000	40655.000000
0.000000	40655.000000
0.000000	40655.000000
0.000000	40655.000000
0.000000	40655.000000
0.000000	40655.000000
0.000000	40655.000000
0.000000	40656.000000
0.000000	40656.000000
0.000000	40656.000000
0.000000	40656.000000
0.000000	40656.000000
0.000000	40656.000000
0.000000	40656.000000
0.000000	40656.000000
0.000000	40656.000000
0.000000	40656.000000
0.000000	40656.000000
0.000000	40656.000000
0.000000	40656.000000
0.000000	40656.000000
0.000000	40656.000000
0.000000	40656.000000
0.000000	40656.000000
0.000000	40657.000000
0.000000	40657.000000
0.000000	40657.000000
0.000000	40657.000000
0.000000	40657.000000
0.000000	40657.000000
0.000000	40657.000000
0.000000	40657.000000
0.000000	40657.000000
0.000000	40657.000000
0.000000	40657.000000
0.000000	40657.000000
0.000000	40657.000000
0.000000	40657.000000
0.000000	40657.000000
0.000000	40657.000000
0.000000	40657.000000
0.000000	40658.000000
0.000000	40658.000000
0.000000	40658.000000
0.000000	40658.000000
0.000000	40658.000000
0.000000	40658.000000
0.000000	40658.000000
0.000000	40658.000000
0.000000	40658.000000
0.000000	40658.000000
0.000000	40658.000000
0.000000	40658.000000
0.000000	40658.000000
0.000000	40658.000000
0.000000	40658.000000
0.000000	40658.000000
0.000000	40658.000000
0.000000	40659.000000
0.000000	40659.000000
0.000000	40659.000000
0.000000	40659.000000
0.000000	40659.000000
0.000000	40659.000000
0.000000	40659.000000
0.000000	40659.000000
0.000000	40659.000000
0.000000	40659.000000
0.000000	40659.000000
0.000000	40659.000000
0.000000	40659.000000
0.000000	40659.000000
0.000000	40659.000000
0.000000	40659.000000
0.000000	40659.000000
0.000000	40700.000000
0.000000	40700.000000
0.000000	40700.000000
0.000000	40700.000000
0.000000	40700.000000
0.000000	40700.000000
0.000000	40700.000000
0.000000	40700.000000
0.000000	40700.000000
0.000000	40700.000000
0.000000	40700.000000
0.000000	40700.000000
0.000000	40700.000000
0.000000	40700.000000
0.000000	40700.000000
0.000000	40700.000000
0.000000	40700.000000
0.000000	40701.000000
0.000000	40701.000000
0.000000	40701.000000
0.000000	40701.000000
0.000000	40701.000000
0.000000	40701.000000
0.000000	40701.000000
0.000000	40701.000000
0.000000	40701.000000
0.000000	40701.000000
0.000000	40701.000000
0.000000	40701.000000
0.000000	40701.000000
0.000000	40701.000000
0.000000	40701.000000
0.000000	40701.000000
0.000000	40701.000000
0.000000	40702.000000
0.000000	40702.000000
0.000000	40702.000000
0.000000	40702.000000
0.000000	40702.000000
0.000000	40702.000000
0.000000	40702.000000
0.000000	40702.000000
0.000000	40702.000000
0.000000	40702.000000
0.000000	40702.000000
0.000000	40702.000000
0.000000	40702.000000
0.000000	40702.000000
0.000000	40702.000000
0.000000	40702.000000
0.000000	40702.000000
0.000000	40703.000000
0.000000	40703.000000
0.000000	40703.000000
0.000000	40703.000000
0.000000	40703.000000
0.000000	40703.000000
0.000000	40703.000000
0.000000	40703.000000
0.000000	40703.000000
0.000000	40703.000000
0.000000	40703.000000
0.000000	40703.000000
0.000000	40703.000000
0.000000	40703.000000
0.000000	40703.000000
0.000000	40703.000000
0.000000	40703.000000
0.000000	40704.000000
0.000000	40704.000000
0.000000	40704.000000
0.000000	40704.000000
0.000000	40704.000000
0.000000	40704.000000
0.000000	40704.000000
0.000000	40704.000000
0.000000	40704.000000
0.000000	40704.000000
0.000000	40704.000000
0.000000	40704.000000
0.000000	40704.000000
0.000000	40704.000000
0.000000	40704.000000
0.000000	40704.000000
0.000000	40704.000000
0.000000	40705.000000
0.000000	40705.000000
0.000000	40705.000000
0.000000	40705.000000
0.000000	40705.000000
0.000000	40705.000000
0.000000	40705.000000
0.000000	40705.000000
0.000000	40705.000000
0.000000	40705.000000
0.000000	40705.000000
0.000000	40705.000000
0.000000	40705.000000
0.000000	40705.000000
0.000000	40705.000000
0.000000	40705.000000
0.000000	40705.000000
0.000000	40706.000000
0.000000	40706.000000
0.000000	40706.000000
0.000000	40706.000000
0.000000	40706.000000
0.000000	40706.000000
0.000000	40706.000000
0.000000	40706.000000
0.000000	40706.000000
0.000000	40706.000000
0.000000	40706.000000
0.000000	40706.000000
0.000000	40706.000000
0.000000	40706.000000
0.000000	40706.000000
0.000000	40706.000000
0.000000	40706.000000
0.000000	40706.000000
0.000000	40707.000000
0.000000	40707.000000
0.000000	40707.000000
0.000000	40707.000000
0.000000	40707.000000
0.000000	40707.000000
0.000000	40707.000000
0.000000	40707.000000
0.000000	40707.000000
0.000000	40707.000000
0.000000	40707.000000
0.000000	40707.000000
0.000000	40707.000000
0.000000	40707.000000
0.000000	40707.000000
0.000000	40707.000000
0.000000	40707.000000
0.000000	40708.000000
0.000000	40708.000000
0.000000	40708.000000
0.000000	40708.000000
0.000000	40708.000000
0.000000	40708.000000
0.000000	40708.000000
0.000000	40708.000000
0.000000	40708.000000
0.000000	40708.000000
0.000000	40708.000000
0.000000	40708.000000
0.000000	40708.000000
0.000000	40708.000000
0.000000	40708.000000
0.000000	40708.000000
0.000000	40708.000000
0.000000	40709.000000
0.000000	40709.000000
0.000000	40709.000000
0.000000	40709.000000
0.000000	40709.000000
0.000000	40709.000000
0.000000	40709.000000
0.000000	40709.000000
0.000000	40709.000000
0.000000	40709.000000
0.000000	40709.000000
0.000000	40709.000000
0.000000	40709.000000
0.000000	40709.000000
0.000000	40709.000000
0.000000	40709.000000
0.000000	40709.000000
0.000000	40710.000000
0.000000	40710.000000
0.000000	40710.000000
0.000000	40710.000000
0.000000	40710.000000
0.000000	40710.000000
0.000000	40710.000000
0.000000	40710.000000
0.000000	40710.000000
0.000000	40710.000000
0.000000	40710.000000
0.000000	40710.000000
0.000000	40710.000000
0.000000	40710.000000
0.000000	40710.000000
0.000000	40710.000000
0.000000	40710.000000
0.000000	40711.000000
0.000000	40711.000000
0.000000	40711.000000
0.000000	40711.000000
0.000000	40711.000000
0.000000	40711.000000
0.000000	40711.000000
0.000000	40711.000000
0.000000	40711.000000
0.000000	40711.000000
0.000000	40711.000000
0.000000	40711.000000
0.000000	40711.000000
0.000000	40711.000000
0.000000	40711.000000
0.000000	40711.000000
0.000000	40711.000000
0.000000	40712.000000
0.000000	40712.000000
0.000000	40712.000000
0.000000	40712.000000
0.000000	40712.000000
0.000000	40712.000000
0.000000	40712.000000
0.000000	40712.000000
0.000000	40712.000000
0.000000	40712.000000
0.000000	40712.000000
0.000000	40712.000000
0.000000	40712.000000
0.000000	40712.000000
0.000000	40712.000000
0.000000	40712.000000
0.000000	40712.000000
0.000000	40713.000000
0.000000	40713.000000
0.000000	40713.000000
0.000000	40713.000000
0.000000	40713.000000
0.000000	40713.000000
0.000000	40713.000000
0.000000	40713.000000
0.000000	40713.000000
0.000000	40713.000000
0.000000	40713.000000
0.000000	40713.000000
0.000000	40713.000000
0.000000	40713.000000
0.000000	40713.000000
0.000000	40713.000000
0.000000	40713.000000
0.000000	40714.000000
0.000000	40714.000000
0.000000	40714.000000
0.000000	40714.000000
0.000000	40714.000000
0.000000	40714.000000
0.000000	40714.000000
0.000000	40714.000000
0.000000	40714.000000
0.000000	40714.000000
0.000000	40714.000000
0.000000	40714.000000
0.000000	40714.000000
0.000000	40714.000000
0.000000	40714.000000
0.000000	40714.000000
0.000000	40714.000000
0.000000	40715.000000
0.000000	40715.000000
0.000000	40715.000000
0.000000	40715.000000
0.000000	40715.000000
0.000000	40715.000000
0.000000	40715.000000
0.000000	40715.000000
0.000000	40715.000000
0.000000	40715.000000
0.000000	40715.000000
0.000000	40715.000000
0.000000	40715.000000
0.000000	40715.000000
0.000000	40715.000000
0.000000	40715.000000
0.000000	40715.000000
0.000000	40716.000000
0.000000	40716.000000
0.000000	40716.000000
0.000000	40716.000000
0.000000	40716.000000
0.000000	40716.000000
0.000000	40716.000000
0.000000	40716.000000
0.000000	40716.000000
0.000000	40716.000000
0.000000	40716.000000
0.000000	40716.000000
0.000000	40716.000000
0.000000	40716.000000
0.000000	40716.000000
0.000000	40716.000000
0.000000	40716.000000
0.000000	40717.000000
0.000000	40717.000000
0.000000	40717.000000
0.000000	40717.000000
0.000000	40717.000000
0.000000	40717.000000
0.000000	40717.000000
0.000000	40717.000000
0.000000	40717.000000
0.000000	40717.000000
0.000000	40717.000000
0.000000	40717.000000
0.000000	40717.000000
0.000000	40717.000000
0.000000	40717.000000
0.000000	40717.000000
0.000000	40717.000000
0.000000	40718.000000
0.000000	40718.000000
0.000000	40718.000000
0.000000	40718.000000
0.000000	40718.000000
0.000000	40718.000000
0.000000	40718.000000
0.000000	40718.000000
0.000000	40718.000000
0.000000	40718.000000
0.000000	40718.000000
0.000000	40718.000000
0.000000	40718.000000
0.000000	40718.000000
0.000000	40718.000000
0.000000	40718.000000
0.000000	40718.000000
0.000000	40719.000000
0.000000	40719.000000
0.000000	40719.000000
0.000000	40719.000000
0.000000	40719.000000
0.000000	40719.000000
0.000000	40719.000000
0.000000	40719.000000
0.000000	40719.000000
0.000000	40719.000000
0.000000	40719.000000
0.000000	40719.000000
0.000000	40719.000000
0.000000	40719.000000
0.000000	40719.000000
0.000000	40719.000000
0.000000	40719.000000
0.000000	40720.000000
0.000000	40720.000000
0.000000	40720.000000
0.000000	40720.000000
0.000000	40720.000000
0.000000	40720.000000
0.000000	40720.000000
0.000000	40720.000000
0.000000	40720.000000
0.000000	40720.000000
0.000000	40720.000000
0.000000	40720.000000
0.000000	40720.000000
0.000000	40720.000000
0.000000	40720.000000
0.000000	40720.000000
0.000000	40720.000000
0.000000	40721.000000
0.000000	40721.000000
0.000000	40721.000000
0.000000	40721.000000
0.000000	40721.000000
0.000000	40721.000000
0.000000	40721.000000
0.000000	40721.000000
0.000000	40721.000000
0.000000	40721.000000
0.000000	40721.000000
0.000000	40721.000000
0.000000	40721.000000
0.000000	40721.000000
0.000000	40721.000000
0.000000	40721.000000
0.000000	40721.000000
0.000000	40721.000000
0.000000	40722.000000
0.000000	40722.000000
0.000000	40722.000000
0.000000	40722.000000
0.000000	40722.000000
0.000000	40722.000000
0.000000	40722.000000
0.000000	40722.000000
0.000000	40722.000000
0.000000	40722.000000
0.000000	40722.000000
0.000000	40722.000000
0.000000	40722.000000
0.000000	40722.000000
0.000000	40722.000000
0.000000	40722.000000
0.000000	40722.000000
0.000000	40723.000000
0.000000	40723.000000
0.000000	40723.000000
0.000000	40723.000000
0.000000	40723.000000
0.000000	40723.000000
0.000000	40723.000000
0.000000	40723.000000
0.000000	40723.000000
0.000000	40723.000000
0.000000	40723.000000
0.000000	40723.000000
0.000000	40723.000000
0.000000	40723.000000
0.000000	40723.000000
0.000000	40723.000000
0.000000	40723.000000
0.000000	40724.000000
0.000000	40724.000000
0.000000	40724.000000
0.000000	40724.000000
0.000000	40724.000000
0.000000	40724.000000
0.000000	40724.000000
0.000000	40724.000000
0.000000	40724.000000
0.000000	40724.000000
0.000000	40724.000000
0.000000	40724.000000
0.000000	40724.000000
0.000000	40724.000000
0.000000	40724.000000
0.000000	40724.000000
0.000000	40724.000000
0.000000	40725.000000
0.000000	40725.000000
0.000000	40725.000000
0.000000	40725.000000
0.000000	40725.000000
0.000000	40725.000000
0.000000	40725.000000
0.000000	40725.000000
0.000000	40725.000000
0.000000	40725.000000
0.000000	40725.000000
0.000000	40725.000000
0.000000	40725.000000
0.000000	40725.000000
0.000000	40725.000000
0.000000	40725.000000
0.000000	40725.000000
0.000000	40726.000000
0.000000	40726.000000
0.000000	40726.000000
0.000000	40726.000000
0.000000	40726.000000
0.000000	40726.000000
0.000000	40726.000000
0.000000	40726.000000
0.000000	40726.000000
0.000000	40726.000000
0.000000	40726.000000
0.000000	40726.000000
0.000000	40726.000000
0.000000	40726.000000
0.000000	40726.000000
0.000000	40726.000000
0.000000	40726.000000
0.000000	40727.000000
0.000000	40727.000000
0.000000	40727.000000
0.000000	40727.000000
0.000000	40727.000000
0.000000	40727.000000
0.000000	40727.000000
0.000000	40727.000000
0.000000	40727.000000
0.000000	40727.000000
0.000000	40727.000000
0.000000	40727.000000
0.000000	40727.000000
0.000000	40727.000000
0.000000	40727.000000
0.000000	40727.000000
0.000000	40727.000000
0.000000	40728.000000
0.000000	40728.000000
0.000000	40728.000000
0.000000	40728.000000
0.000000	40728.000000
0.000000	40728.000000
0.000000	40728.000000
0.000000	40728.000000
0.000000	40728.000000
0.000000	40728.000000
0.000000	40728.000000
0.000000	40728.000000
0.000000	40728.000000
0.000000	40728.000000
0.000000	40728.000000
0.000000	40728.000000
0.000000	40728.000000
0.000000	40729.000000
0.000000	40729.000000
0.000000	40729.000000
0.000000	40729.000000
0.000000	40729.000000
0.000000	40729.000000
0.000000	40729.000000
0.000000	40729.000000
0.000000	40729.000000
0.000000	40729.000000
0.000000	40729.000000
0.000000	40729.000000
0.000000	40729.000000
0.000000	40729.000000
0.000000	40729.000000
0.000000	40729.000000
0.000000	40729.000000
0.000000	40730.000000
0.000000	40730.000000
0.000000	40730.000000
0.000000	40730.000000
0.000000	40730.000000
0.000000	40730.000000
0.000000	40730.000000
0.000000	40730.000000
0.000000	40730.000000
0.000000	40730.000000
0.000000	40730.000000
0.000000	40730.000000
0.000000	40730.000000
0.000000	40730.000000
0.000000	40730.000000
0.000000	40730.000000
0.000000	40730.000000
0.000000	40731.000000
0.000000	40731.000000
0.000000	40731.000000
0.000000	40731.000000
0.000000	40731.000000
0.000000	40731.000000
0.000000	40731.000000
0.000000	40731.000000
0.000000	40731.000000
0.000000	40731.000000
0.000000	40731.000000
0.000000	40731.000000
0.000000	40731.000000
0.000000	40731.000000
0.000000	40731.000000
0.000000	40731.000000
0.000000	40731.000000
0.000000	40732.000000
0.000000	40732.000000
0.000000	40732.000000
0.000000	40732.000000
0.000000	40732.000000
0.000000	40732.000000
0.000000	40732.000000
0.000000	40732.000000
0.000000	40732.000000
0.000000	40732.000000
0.000000	40732.000000
0.000000	40732.000000
0.000000	40732.000000
0.000000	40732.000000
0.000000	40732.000000
0.000000	40732.000000
0.000000	40732.000000
0.000000	40733.000000
0.000000	40733.000000
0.000000	40733.000000
0.000000	40733.000000
0.000000	40733.000000
0.000000	40733.000000
0.000000	40733.000000
0.000000	40733.000000
0.000000	40733.000000
0.000000	40733.000000
0.000000	40733.000000
0.000000	40733.000000
0.000000	40733.000000
0.000000	40733.000000
0.000000	40733.000000
0.000000	40733.000000
0.000000	40733.000000
0.000000	40734.000000
0.000000	40734.000000
0.000000	40734.000000
0.000000	40734.000000
0.000000	40734.000000
0.000000	40734.000000
0.000000	40734.000000
0.000000	40734.000000
0.000000	40734.000000
0.000000	40734.000000
0.000000	40734.000000
0.000000	40734.000000
0.000000	40734.000000
0.000000	40734.000000
0.000000	40734.000000
0.000000	40734.000000
0.000000	40734.000000
0.000000	40735.000000
0.000000	40735.000000
0.000000	40735.000000
0.000000	40735.000000
0.000000	40735.000000
0.000000	40735.000000
0.000000	40735.000000
0.000000	40735.000000
0.000000	40735.000000
0.000000	40735.000000
0.000000	40735.000000
0.000000	40735.000000
0.000000	40735.000000
0.000000	40735.000000
0.000000	40735.000000
0.000000	40735.000000
0.000000	40735.000000
0.000000	40736.000000
0.000000	40736.000000
0.000000	40736.000000
0.000000	40736.000000
0.000000	40736.000000
0.000000	40736.000000
0.000000	40736.000000
0.000000	40736.000000
0.000000	40736.000000
0.000000	40736.000000
0.000000	40736.000000
0.000000	40736.000000
0.000000	40736.000000
0.000000	40736.000000
0.000000	40736.000000
0.000000	40736.000000
0.000000	40736.000000
0.000000	40736.000000
0.000000	40737.000000
0.000000	40737.000000
0.000000	40737.000000
0.000000	40737.000000
0.000000	40737.000000
0.000000	40737.000000
0.000000	40737.000000
0.000000	40737.000000
0.000000	40737.000000
0.000000	40737.000000
0.000000	40737.000000
0.000000	40737.000000
0.000000	40737.000000
0.000000	40737.000000
0.000000	40737.000000
0.000000	40737.000000
0.000000	40737.000000
0.000000	40738.000000
0.000000	40738.000000
0.000000	40738.000000
0.000000	40738.000000
0.000000	40738.000000
0.000000	40738.000000
0.000000	40738.000000
0.000000	40738.000000
0.000000	40738.000000
0.000000	40738.000000
0.000000	40738.000000
0.000000	40738.000000
0.000000	40738.000000
0.000000	40738.000000
0.000000	40738.000000
0.000000	40738.000000
0.000000	40738.000000
0.000000	40739.000000
0.000000	40739.000000
0.000000	40739.000000
0.000000	40739.000000
0.000000	40739.000000
0.000000	40739.000000
0.000000	40739.000000
0.000000	40739.000000
0.000000	40739.000000
0.000000	40739.000000
0.000000	40739.000000
0.000000	40739.000000
0.000000	40739.000000
0.000000	40739.000000
0.000000	40739.000000
0.000000	40739.000000
0.000000	40739.000000
0.000000	40740.000000
0.000000	40740.000000
0.000000	40740.000000
0.000000	40740.000000
0.000000	40740.000000
0.000000	40740.000000
0.000000	40740.000000
0.000000	40740.000000
0.000000	40740.000000
0.000000	40740.000000
0.000000	40740.000000
0.000000	40740.000000
0.000000	40740.000000
0.000000	40740.000000
0.000000	40740.000000
0.000000	40740.000000
0.000000	40740.000000
0.000000	40741.000000
0.000000	40741.000000
0.000000	40741.000000
0.000000	40741.000000
0.000000	40741.000000
0.000000	40741.000000
0.000000	40741.000000
0.000000	40741.000000
0.000000	40741.000000
0.000000	40741.000000
0.000000	40741.000000
0.000000	40741.000000
0.000000	40741.000000
0.000000	40741.000000
0.000000	40741.000000
0.000000	40741.000000
0.000000	40741.000000
0.000000	40742.000000
0.000000	40742.000000
0.000000	40742.000000
0.000000	40742.000000
0.000000	40742.000000
0.000000	40742.000000
0.000000	40742.000000
0.000000	40742.000000
0.000000	40742.000000
0.000000	40742.000000
0.000000	40742.000000
0.000000	40742.000000
0.000000	40742.000000
0.000000	40742.000000
0.000000	40742.000000
0.000000	40742.000000
0.000000	40742.000000
0.000000	40743.000000
0.000000	40743.000000
0.000000	40743.000000
0.000000	40743.000000
0.000000	40743.000000
0.000000	40743.000000
0.000000	40743.000000
0.000000	40743.000000
0.000000	40743.000000
0.000000	40743.000000
0.000000	40743.000000
0.000000	40743.000000
0.000000	40743.000000
0.000000	40743.000000
0.000000	40743.000000
0.000000	40743.000000
0.000000	40743.000000
0.000000	40744.000000
0.000000	40744.000000
0.000000	40744.000000
0.000000	40744.000000
0.000000	40744.000000
0.000000	40744.000000
0.000000	40744.000000
0.000000	40744.000000
0.000000	40744.000000
0.000000	40744.000000
0.000000	40744.000000
0.000000	40744.000000
0.000000	40744.000000
0.000000	40744.000000
0.000000	40744.000000
0.000000	40744.000000
0.000000	40744.000000
0.000000	40745.000000
0.000000	40745.000000
0.000000	40745.000000
0.000000	40745.000000
0.000000	40745.000000
0.000000	40745.000000
0.000000	40745.000000
0.000000	40745.000000
0.000000	40745.000000
0.000000	40745.000000
0.000000	40745.000000
0.000000	40745.000000
0.000000	40745.000000
0.000000	40745.000000
0.000000	40745.000000
0.000000	40745.000000
0.000000	40745.000000
0.000000	40746.000000
0.000000	40746.000000
0.000000	40746.000000
0.000000	40746.000000
0.000000	40746.000000
0.000000	40746.000000
0.000000	40746.000000
0.000000	40746.000000
0.000000	40746.000000
0.000000	40746.000000
0.000000	40746.000000
0.000000	40746.000000
0.000000	40746.000000
0.000000	40746.000000
0.000000	40746.000000
0.000000	40746.000000
0.000000	40746.000000
0.000000	40747.000000
0.000000	40747.000000
0.000000	40747.000000
0.000000	40747.000000
0.000000	40747.000000
0.000000	40747.000000
0.000000	40747.000000
0.000000	40747.000000
0.000000	40747.000000
0.000000	40747.000000
0.000000	40747.000000
0.000000	40747.000000
0.000000	40747.000000
0.000000	40747.000000
0.000000	40747.000000
0.000000	40747.000000
0.000000	40747.000000
0.000000	40748.000000
0.000000	40748.000000
0.000000	40748.000000
0.000000	40748.000000
0.000000	40748.000000
0.000000	40748.000000
0.000000	40748.000000
0.000000	40748.000000
0.000000	40748.000000
0.000000	40748.000000
0.000000	40748.000000
0.000000	40748.000000
0.000000	40748.000000
0.000000	40748.000000
0.000000	40748.000000
0.000000	40748.000000
0.000000	40748.000000
0.000000	40749.000000
0.000000	40749.000000
0.000000	40749.000000
0.000000	40749.000000
0.000000	40749.000000
0.000000	40749.000000
0.000000	40749.000000
0.000000	40749.000000
0.000000	40749.000000
0.000000	40749.000000
0.000000	40749.000000
0.000000	40749.000000
0.000000	40749.000000
0.000000	40749.000000
0.000000	40749.000000
0.000000	40749.000000
0.000000	40749.000000
0.000000	40750.000000
0.000000	40750.000000
0.000000	40750.000000
0.000000	40750.000000
0.000000	40750.000000
0.000000	40750.000000
0.000000	40750.000000
0.000000	40750.000000
0.000000	40750.000000
0.000000	40750.000000
0.000000	40750.000000
0.000000	40750.000000
0.000000	40750.000000
0.000000	40750.000000
0.000000	40750.000000
0.000000	40750.000000
0.000000	40750.000000
0.000000	40751.000000
0.000000	40751.000000
0.000000	40751.000000
0.000000	40751.000000
0.000000	40751.000000
0.000000	40751.000000
0.000000	40751.000000
0.000000	40751.000000
0.000000	40751.000000
0.000000	40751.000000
0.000000	40751.000000
0.000000	40751.000000
0.000000	40751.000000
0.000000	40751.000000
0.000000	40751.000000
0.000000	40751.000000
0.000000	40751.000000
0.000000	40751.000000
0.000000	40752.000000
0.000000	40752.000000
0.000000	40752.000000
0.000000	40752.000000
0.000000	40752.000000
0.000000	40752.000000
0.000000	40752.000000
0.000000	40752.000000
0.000000	40752.000000
0.000000	40752.000000
0.000000	40752.000000
0.000000	40752.000000
0.000000	40752.000000
0.000000	40752.000000
0.000000	40752.000000
0.000000	40752.000000
0.000000	40752.000000
0.000000	40753.000000
0.000000	40753.000000
0.000000	40753.000000
0.000000	40753.000000
0.000000	40753.000000
0.000000	40753.000000
0.000000	40753.000000
0.000000	40753.000000
0.000000	40753.000000
0.000000	40753.000000
0.000000	40753.000000
0.000000	40753.000000
0.000000	40753.000000
0.000000	40753.000000
0.000000	40753.000000
0.000000	40753.000000
0.000000	40753.000000
0.000000	40754.000000
0.000000	40754.000000
0.000000	40754.000000
0.000000	40754.000000
0.000000	40754.000000
0.000000	40754.000000
0.000000	40754.000000
0.000000	40754.000000
0.000000	40754.000000
0.000000	40754.000000
0.000000	40754.000000
0.000000	40754.000000
0.000000	40754.000000
0.000000	40754.000000
0.000000	40754.000000
0.000000	40754.000000
0.000000	40754.000000
0.000000	40755.000000
0.000000	40755.000000
0.000000	40755.000000
0.000000	40755.000000
0.000000	40755.000000
0.000000	40755.000000
0.000000	40755.000000
0.000000	40755.000000
0.000000	40755.000000
0.000000	40755.000000
0.000000	40755.000000
0.000000	40755.000000
0.000000	40755.000000
0.000000	40755.000000
0.000000	40755.000000
0.000000	40755.000000
0.000000	40755.000000
0.000000	40756.000000
0.000000	40756.000000
0.000000	40756.000000
0.000000	40756.000000
0.000000	40756.000000
0.000000	40756.000000
0.000000	40756.000000
0.000000	40756.000000
0.000000	40756.000000
0.000000	40756.000000
0.000000	40756.000000
0.000000	40756.000000
0.000000	40756.000000
0.000000	40756.000000
0.000000	40756.000000
0.000000	40756.000000
0.000000	40756.000000
0.000000	40757.000000
0.000000	40757.000000
0.000000	40757.000000
0.000000	40757.000000
0.000000	40757.000000
0.000000	40757.000000
0.000000	40757.000000
0.000000	40757.000000
0.000000	40757.000000
0.000000	40757.000000
0.000000	40757.000000
0.000000	40757.000000
0.000000	40757.000000
0.000000	40757.000000
0.000000	40757.000000
0.000000	40757.000000
0.000000	40757.000000
0.000000	40758.000000
0.000000	40758.000000
0.000000	40758.000000
0.000000	40758.000000
0.000000	40758.000000
0.000000	40758.000000
0.000000	40758.000000
0.000000	40758.000000
0.000000	40758.000000
0.000000	40758.000000
0.000000	40758.000000
0.000000	40758.000000
0.000000	40758.000000
0.000000	40758.000000
0.000000	40758.000000
0.000000	40758.000000
0.000000	40758.000000
0.000000	40759.000000
0.000000	40759.000000
0.000000	40759.000000
0.000000	40759.000000
0.000000	40759.000000
0.000000	40759.000000
0.000000	40759.000000
0.000000	40759.000000
0.000000	40759.000000
0.000000	40759.000000
0.000000	40759.000000
0.000000	40759.000000
0.000000	40759.000000
0.000000	40759.000000
0.000000	40759.000000
0.000000	40759.000000
0.000000	40759.000000
0.000000	40800.000000
0.000000	40800.000000
0.000000	40800.000000
0.000000	40800.000000
0.000000	40800.000000
0.000000	40800.000000
0.000000	40800.000000
0.000000	40800.000000
0.000000	40800.000000
0.000000	40800.000000
0.000000	40800.000000
0.000000	40800.000000
0.000000	40800.000000
0.000000	40800.000000
0.000000	40800.000000
0.000000	40800.000000
0.000000	40800.000000
0.000000	40801.000000
0.000000	40801.000000
0.000000	40801.000000
0.000000	40801.000000
0.000000	40801.000000
0.000000	40801.000000
0.000000	40801.000000
0.000000	40801.000000
0.000000	40801.000000
0.000000	40801.000000
0.000000	40801.000000
0.000000	40801.000000
0.000000	40801.000000
0.000000	40801.000000
0.000000	40801.000000
0.000000	40801.000000
0.000000	40801.000000
0.000000	40802.000000
0.000000	40802.000000
0.000000	40802.000000
0.000000	40802.000000
0.000000	40802.000000
0.000000	40802.000000
0.000000	40802.000000
0.000000	40802.000000
0.000000	40802.000000
0.000000	40802.000000
0.000000	40802.000000
0.000000	40802.000000
0.000000	40802.000000
0.000000	40802.000000
0.000000	40802.000000
0.000000	40802.000000
0.000000	40802.000000
0.000000	40803.000000
0.000000	40803.000000
0.000000	40803.000000
0.000000	40803.000000
0.000000	40803.000000
0.000000	40803.000000
0.000000	40803.000000
0.000000	40803.000000
0.000000	40803.000000
0.000000	40803.000000
0.000000	40803.000000
0.000000	40803.000000
0.000000	40803.000000
0.000000	40803.000000
0.000000	40803.000000
0.000000	40803.000000
0.000000	40803.000000
0.000000	40804.000000
0.000000	40804.000000
0.000000	40804.000000
0.000000	40804.000000
0.000000	40804.000000
0.000000	40804.000000
0.000000	40804.000000
0.000000	40804.000000
0.000000	40804.000000
0.000000	40804.000000
0.000000	40804.000000
0.000000	40804.000000
0.000000	40804.000000
0.000000	40804.000000
0.000000	40804.000000
0.000000	40804.000000
0.000000	40804.000000
0.000000	40805.000000
0.000000	40805.000000
0.000000	40805.000000
0.000000	40805.000000
0.000000	40805.000000
0.000000	40805.000000
0.000000	40805.000000
0.000000	40805.000000
0.000000	40805.000000
0.000000	40805.000000
0.000000	40805.000000
0.000000	40805.000000
0.000000	40805.000000
0.000000	40805.000000
0.000000	40805.000000
0.000000	40805.000000
0.000000	40805.000000
0.000000	40806.000000
0.000000	40806.000000
0.000000	40806.000000
0.000000	40806.000000
0.000000	40806.000000
0.000000	40806.000000
0.000000	40806.000000
0.000000	40806.000000
0.000000	40806.000000
0.000000	40806.000000
0.000000	40806.000000
0.000000	40806.000000
0.000000	40806.000000
0.000000	40806.000000
0.000000	40806.000000
0.000000	40806.000000
0.000000	40806.000000
0.000000	40806.000000
0.000000	40807.000000
0.000000	40807.000000
0.000000	40807.000000
0.000000	40807.000000
0.000000	40807.000000
0.000000	40807.000000
0.000000	40807.000000
0.000000	40807.000000
0.000000	40807.000000
0.000000	40807.000000
0.000000	40807.000000
0.000000	40807.000000
0.000000	40807.000000
0.000000	40807.000000
0.000000	40807.000000
0.000000	40807.000000
0.000000	40807.000000
0.000000	40808.000000
0.000000	40808.000000
0.000000	40808.000000
0.000000	40808.000000
0.000000	40808.000000
0.000000	40808.000000
0.000000	40808.000000
0.000000	40808.000000
0.000000	40808.000000
0.000000	40808.000000
0.000000	40808.000000
0.000000	40808.000000
0.000000	40808.000000
0.000000	40808.000000
0.000000	40808.000000
0.000000	40808.000000
0.000000	40808.000000
0.000000	40809.000000
0.000000	40809.000000
0.000000	40809.000000
0.000000	40809.000000
0.000000	40809.000000
0.000000	40809.000000
0.000000	40809.000000
0.000000	40809.000000
0.000000	40809.000000
0.000000	40809.000000
0.000000	40809.000000
0.000000	40809.000000
0.000000	40809.000000
0.000000	40809.000000
0.000000	40809.000000
0.000000	40809.000000
0.000000	40809.000000
0.000000	40810.000000
0.000000	40810.000000
0.000000	40810.000000
0.000000	40810.000000
0.000000	40810.000000
0.000000	40810.000000
0.000000	40810.000000
0.000000	40810.000000
0.000000	40810.000000
0.000000	40810.000000
0.000000	40810.000000
0.000000	40810.000000
0.000000	40810.000000
0.000000	40810.000000
0.000000	40810.000000
0.000000	40810.000000
0.000000	40810.000000
0.000000	40811.000000
0.000000	40811.000000
0.000000	40811.000000
0.000000	40811.000000
0.000000	40811.000000
0.000000	40811.000000
0.000000	40811.000000
0.000000	40811.000000
0.000000	40811.000000
0.000000	40811.000000
0.000000	40811.000000
0.000000	40811.000000
0.000000	40811.000000
0.000000	40811.000000
0.000000	40811.000000
0.000000	40811.000000
0.000000	40811.000000
0.000000	40812.000000
0.000000	40812.000000
0.000000	40812.000000
0.000000	40812.000000
0.000000	40812.000000
0.000000	40812.000000
0.000000	40812.000000
0.000000	40812.000000
0.000000	40812.000000
0.000000	40812.000000
0.000000	40812.000000
0.000000	40812.000000
0.000000	40812.000000
0.000000	40812.000000
0.000000	40812.000000
0.000000	40812.000000
0.000000	40812.000000
0.000000	40813.000000
0.000000	40813.000000
0.000000	40813.000000
0.000000	40813.000000
0.000000	40813.000000
0.000000	40813.000000
0.000000	40813.000000
0.000000	40813.000000
0.000000	40813.000000
0.000000	40813.000000
0.000000	40813.000000
0.000000	40813.000000
0.000000	40813.000000
0.000000	40813.000000
0.000000	40813.000000
0.000000	40813.000000
0.000000	40813.000000
0.000000	40814.000000
0.000000	40814.000000
0.000000	40814.000000
0.000000	40814.000000
0.000000	40814.000000
0.000000	40814.000000
0.000000	40814.000000
0.000000	40814.000000
0.000000	40814.000000
0.000000	40814.000000
0.000000	40814.000000
0.000000	40814.000000
0.000000	40814.000000
0.000000	40814.000000
0.000000	40814.000000
0.000000	40814.000000
0.000000	40814.000000
0.000000	40815.000000
0.000000	40815.000000
0.000000	40815.000000
0.000000	40815.000000
0.000000	40815.000000
0.000000	40815.000000
0.000000	40815.000000
0.000000	40815.000000
0.000000	40815.000000
0.000000	40815.000000
0.000000	40815.000000
0.000000	40815.000000
0.000000	40815.000000
0.000000	40815.000000
0.000000	40815.000000
0.000000	40815.000000
0.000000	40815.000000
0.000000	40816.000000
0.000000	40816.000000
0.000000	40816.000000
0.000000	40816.000000
0.000000	40816.000000
0.000000	40816.000000
0.000000	40816.000000
0.000000	40816.000000
0.000000	40816.000000
0.000000	40816.000000
0.000000	40816.000000
0.000000	40816.000000
0.000000	40816.000000
0.000000	40816.000000
0.000000	40816.000000
0.000000	40816.000000
0.000000	40816.000000
0.000000	40817.000000
0.000000	40817.000000
0.000000	40817.000000
0.000000	40817.000000
0.000000	40817.000000
0.000000	40817.000000
0.000000	40817.000000
0.000000	40817.000000
0.000000	40817.000000
0.000000	40817.000000
0.000000	40817.000000
0.000000	40817.000000
0.000000	40817.000000
0.000000	40817.000000
0.000000	40817.000000
0.000000	40817.000000
0.000000	40817.000000
0.000000	40818.000000
0.000000	40818.000000
0.000000	40818.000000
0.000000	40818.000000
0.000000	40818.000000
0.000000	40818.000000
0.000000	40818.000000
0.000000	40818.000000
0.000000	40818.000000
0.000000	40818.000000
0.000000	40818.000000
0.000000	40818.000000
0.000000	40818.000000
0.000000	40818.000000
0.000000	40818.000000
0.000000	40818.000000
0.000000	40818.000000
0.000000	40819.000000
0.000000	40819.000000
0.000000	40819.000000
0.000000	40819.000000
0.000000	40819.000000
0.000000	40819.000000
0.000000	40819.000000
0.000000	40819.000000
0.000000	40819.000000
0.000000	40819.000000
0.000000	40819.000000
0.000000	40819.000000
0.000000	40819.000000
0.000000	40819.000000
0.000000	40819.000000
0.000000	40819.000000
0.000000	40819.000000
0.000000	40820.000000
0.000000	40820.000000
0.000000	40820.000000
0.000000	40820.000000
0.000000	40820.000000
0.000000	40820.000000
0.000000	40820.000000
0.000000	40820.000000
0.000000	40820.000000
0.000000	40820.000000
0.000000	40820.000000
0.000000	40820.000000
0.000000	40820.000000
0.000000	40820.000000
0.000000	40820.000000
0.000000	40820.000000
0.000000	40820.000000
0.000000	40821.000000
0.000000	40821.000000
0.000000	40821.000000
0.000000	40821.000000
0.000000	40821.000000
0.000000	40821.000000
0.000000	40821.000000
0.000000	40821.000000
0.000000	40821.000000
0.000000	40821.000000
0.000000	40821.000000
0.000000	40821.000000
0.000000	40821.000000
0.000000	40821.000000
0.000000	40821.000000
0.000000	40821.000000
0.000000	40821.000000
0.000000	40821.000000
0.000000	40822.000000
0.000000	40822.000000
0.000000	40822.000000
0.000000	40822.000000
0.000000	40822.000000
0.000000	40822.000000
0.000000	40822.000000
0.000000	40822.000000
0.000000	40822.000000
0.000000	40822.000000
0.000000	40822.000000
0.000000	40822.000000
0.000000	40822.000000
0.000000	40822.000000
0.000000	40822.000000
0.000000	40822.000000
0.000000	40822.000000
0.000000	40823.000000
0.000000	40823.000000
0.000000	40823.000000
0.000000	40823.000000
0.000000	40823.000000
0.000000	40823.000000
0.000000	40823.000000
0.000000	40823.000000
0.000000	40823.000000
0.000000	40823.000000
0.000000	40823.000000
0.000000	40823.000000
0.000000	40823.000000
0.000000	40823.000000
0.000000	40823.000000
0.000000	40823.000000
0.000000	40823.000000
0.000000	40824.000000
0.000000	40824.000000
0.000000	40824.000000
0.000000	40824.000000
0.000000	40824.000000
0.000000	40824.000000
0.000000	40824.000000
0.000000	40824.000000
0.000000	40824.000000
0.000000	40824.000000
0.000000	40824.000000
0.000000	40824.000000
0.000000	40824.000000
0.000000	40824.000000
0.000000	40824.000000
0.000000	40824.000000
0.000000	40824.000000
0.000000	40825.000000
0.000000	40825.000000
0.000000	40825.000000
0.000000	40825.000000
0.000000	40825.000000
0.000000	40825.000000
0.000000	40825.000000
0.000000	40825.000000
0.000000	40825.000000
0.000000	40825.000000
0.000000	40825.000000
0.000000	40825.000000
0.000000	40825.000000
0.000000	40825.000000
0.000000	40825.000000
0.000000	40825.000000
0.000000	40825.000000
0.000000	40826.000000
0.000000	40826.000000
0.000000	40826.000000
0.000000	40826.000000
0.000000	40826.000000
0.000000	40826.000000
0.000000	40826.000000
0.000000	40826.000000
0.000000	40826.000000
0.000000	40826.000000
0.000000	40826.000000
0.000000	40826.000000
0.000000	40826.000000
0.000000	40826.000000
0.000000	40826.000000
0.000000	40826.000000
0.000000	40826.000000
0.000000	40827.000000
0.000000	40827.000000
0.000000	40827.000000
0.000000	40827.000000
0.000000	40827.000000
0.000000	40827.000000
0.000000	40827.000000
0.000000	40827.000000
0.000000	40827.000000
0.000000	40827.000000
0.000000	40827.000000
0.000000	40827.000000
0.000000	40827.000000
0.000000	40827.000000
0.000000	40827.000000
0.000000	40827.000000
0.000000	40827.000000
0.000000	40828.000000
0.000000	40828.000000
0.000000	40828.000000
0.000000	40828.000000
0.000000	40828.000000
0.000000	40828.000000
0.000000	40828.000000
0.000000	40828.000000
0.000000	40828.000000
0.000000	40828.000000
0.000000	40828.000000
0.000000	40828.000000
0.000000	40828.000000
0.000000	40828.000000
0.000000	40828.000000
0.000000	40828.000000
0.000000	40829.000000
0.000000	40829.000000
0.000000	40829.000000
0.000000	40829.000000
0.000000	40829.000000
0.000000	40829.000000
0.000000	40829.000000
0.000000	40829.000000
0.000000	40829.000000
0.000000	40829.000000
0.000000	40829.000000
0.000000	40829.000000
0.000000	40829.000000
0.000000	40829.000000
0.000000	40829.000000
0.000000	40829.000000
0.000000	40829.000000
0.000000	40829.000000
0.000000	40830.000000
0.000000	40830.000000
0.000000	40830.000000
0.000000	40830.000000
0.000000	40830.000000
0.000000	40830.000000
0.000000	40830.000000
0.000000	40830.000000
0.000000	40830.000000
0.000000	40830.000000
0.000000	40830.000000
0.000000	40830.000000
0.000000	40830.000000
0.000000	40830.000000
0.000000	40830.000000
0.000000	40830.000000
0.000000	40830.000000
0.000000	40831.000000
0.000000	40831.000000
0.000000	40831.000000
0.000000	40831.000000
0.000000	40831.000000
0.000000	40831.000000
0.000000	40831.000000
0.000000	40831.000000
0.000000	40831.000000
0.000000	40831.000000
0.000000	40831.000000
0.000000	40831.000000
0.000000	40831.000000
0.000000	40831.000000
0.000000	40831.000000
0.000000	40831.000000
0.000000	40831.000000
0.000000	40832.000000
0.000000	40832.000000
0.000000	40832.000000
0.000000	40832.000000
0.000000	40832.000000
0.000000	40832.000000
0.000000	40832.000000
0.000000	40832.000000
0.000000	40832.000000
0.000000	40832.000000
0.000000	40832.000000
0.000000	40832.000000
0.000000	40832.000000
0.000000	40832.000000
0.000000	40832.000000
0.000000	40832.000000
0.000000	40832.000000
0.000000	40833.000000
0.000000	40833.000000
0.000000	40833.000000
0.000000	40833.000000
0.000000	40833.000000
0.000000	40833.000000
0.000000	40833.000000
0.000000	40833.000000
0.000000	40833.000000
0.000000	40833.000000
0.000000	40833.000000
0.000000	40833.000000
0.000000	40833.000000
0.000000	40833.000000
0.000000	40833.000000
0.000000	40833.000000
0.000000	40833.000000
0.000000	40834.000000
0.000000	40834.000000
0.000000	40834.000000
0.000000	40834.000000
0.000000	40834.000000
0.000000	40834.000000
0.000000	40834.000000
0.000000	40834.000000
0.000000	40834.000000
0.000000	40834.000000
0.000000	40834.000000
0.000000	40834.000000
0.000000	40834.000000
0.000000	40834.000000
0.000000	40834.000000
0.000000	40834.000000
0.000000	40834.000000
0.000000	40835.000000
0.000000	40835.000000
0.000000	40835.000000
0.000000	40835.000000
0.000000	40835.000000
0.000000	40835.000000
0.000000	40835.000000
0.000000	40835.000000
0.000000	40835.000000
0.000000	40835.000000
0.000000	40835.000000
0.000000	40835.000000
0.000000	40835.000000
0.000000	40835.000000
0.000000	40835.000000
0.000000	40835.000000
0.000000	40835.000000
0.000000	40836.000000
0.000000	40836.000000
0.000000	40836.000000
0.000000	40836.000000
0.000000	40836.000000
0.000000	40836.000000
0.000000	40836.000000
0.000000	40836.000000
0.000000	40836.000000
0.000000	40836.000000
0.000000	40836.000000
0.000000	40836.000000
0.000000	40836.000000
0.000000	40836.000000
0.000000	40836.000000
0.000000	40836.000000
0.000000	40836.000000
0.000000	40836.000000
0.000000	40837.000000
0.000000	40837.000000
0.000000	40837.000000
0.000000	40837.000000
0.000000	40837.000000
0.000000	40837.000000
0.000000	40837.000000
0.000000	40837.000000
0.000000	40837.000000
0.000000	40837.000000
0.000000	40837.000000
0.000000	40837.000000
0.000000	40837.000000
0.000000	40837.000000
0.000000	40837.000000
0.000000	40837.000000
0.000000	40837.000000
0.000000	40838.000000
0.000000	40838.000000
0.000000	40838.000000
0.000000	40838.000000
0.000000	40838.000000
0.000000	40838.000000
0.000000	40838.000000
0.000000	40838.000000
0.000000	40838.000000
0.000000	40838.000000
0.000000	40838.000000
0.000000	40838.000000
0.000000	40838.000000
0.000000	40838.000000
0.000000	40838.000000
0.000000	40838.000000
0.000000	40838.000000
0.000000	40839.000000
0.000000	40839.000000
0.000000	40839.000000
0.000000	40839.000000
0.000000	40839.000000
0.000000	40839.000000
0.000000	40839.000000
0.000000	40839.000000
0.000000	40839.000000
0.000000	40839.000000
0.000000	40839.000000
0.000000	40839.000000
0.000000	40839.000000
0.000000	40839.000000
0.000000	40839.000000
0.000000	40839.000000
0.000000	40839.000000
0.000000	40840.000000
0.000000	40840.000000
0.000000	40840.000000
0.000000	40840.000000
0.000000	40840.000000
0.000000	40840.000000
0.000000	40840.000000
0.000000	40840.000000
0.000000	40840.000000
0.000000	40840.000000
0.000000	40840.000000
0.000000	40840.000000
0.000000	40840.000000
0.000000	40840.000000
0.000000	40840.000000
0.000000	40840.000000
0.000000	40840.000000
0.000000	40841.000000
0.000000	40841.000000
0.000000	40841.000000
0.000000	40841.000000
0.000000	40841.000000
0.000000	40841.000000
0.000000	40841.000000
0.000000	40841.000000
0.000000	40841.000000
0.000000	40841.000000
0.000000	40841.000000
0.000000	40841.000000
0.000000	40841.000000
0.000000	40841.000000
0.000000	40841.000000
0.000000	40841.000000
0.000000	40841.000000
0.000000	40842.000000
0.000000	40842.000000
0.000000	40842.000000
0.000000	40842.000000
0.000000	40842.000000
0.000000	40842.000000
0.000000	40842.000000
0.000000	40842.000000
0.000000	40842.000000
0.000000	40842.000000
0.000000	40842.000000
0.000000	40842.000000
0.000000	40842.000000
0.000000	40842.000000
0.000000	40842.000000
0.000000	40842.000000
0.000000	40842.000000
0.000000	40843.000000
0.000000	40843.000000
0.000000	40843.000000
0.000000	40843.000000
0.000000	40843.000000
0.000000	40843.000000
0.000000	40843.000000
0.000000	40843.000000
0.000000	40843.000000
0.000000	40843.000000
0.000000	40843.000000
0.000000	40843.000000
0.000000	40843.000000
0.000000	40843.000000
0.000000	40843.000000
0.000000	40843.000000
0.000000	40843.000000
0.000000	40844.000000
0.000000	40844.000000
0.000000	40844.000000
0.000000	40844.000000
0.000000	40844.000000
0.000000	40844.000000
0.000000	40844.000000
0.000000	40844.000000
0.000000	40844.000000
0.000000	40844.000000
0.000000	40844.000000
0.000000	40844.000000
0.000000	40844.000000
0.000000	40844.000000
0.000000	40844.000000
0.000000	40844.000000
0.000000	40844.000000
0.000000	40845.000000
0.000000	40845.000000
0.000000	40845.000000
0.000000	40845.000000
0.000000	40845.000000
0.000000	40845.000000
0.000000	40845.000000
0.000000	40845.000000
0.000000	40845.000000
0.000000	40845.000000
0.000000	40845.000000
0.000000	40845.000000
0.000000	40845.000000
0.000000	40845.000000
0.000000	40845.000000
0.000000	40845.000000
0.000000	40845.000000
0.000000	40846.000000
0.000000	40846.000000
0.000000	40846.000000
0.000000	40846.000000
0.000000	40846.000000
0.000000	40846.000000
0.000000	40846.000000
0.000000	40846.000000
0.000000	40846.000000
0.000000	40846.000000
0.000000	40846.000000
0.000000	40846.000000
0.000000	40846.000000
0.000000	40846.000000
0.000000	40846.000000
0.000000	40846.000000
0.000000	40846.000000
0.000000	40847.000000
0.000000	40847.000000
0.000000	40847.000000
0.000000	40847.000000
0.000000	40847.000000
0.000000	40847.000000
0.000000	40847.000000
0.000000	40847.000000
0.000000	40847.000000
0.000000	40847.000000
0.000000	40847.000000
0.000000	40847.000000
0.000000	40847.000000
0.000000	40847.000000
0.000000	40847.000000
0.000000	40847.000000
0.000000	40847.000000
0.000000	40848.000000
0.000000	40848.000000
0.000000	40848.000000
0.000000	40848.000000
0.000000	40848.000000
0.000000	40848.000000
0.000000	40848.000000
0.000000	40848.000000
0.000000	40848.000000
0.000000	40848.000000
0.000000	40848.000000
0.000000	40848.000000
0.000000	40848.000000
0.000000	40848.000000
0.000000	40848.000000
0.000000	40848.000000
0.000000	40848.000000
0.000000	40849.000000
0.000000	40849.000000
0.000000	40849.000000
0.000000	40849.000000
0.000000	40849.000000
0.000000	40849.000000
0.000000	40849.000000
0.000000	40849.000000
0.000000	40849.000000
0.000000	40849.000000
0.000000	40849.000000
0.000000	40849.000000
0.000000	40849.000000
0.000000	40849.000000
0.000000	40849.000000
0.000000	40849.000000
0.000000	40849.000000
0.000000	40850.000000
0.000000	40850.000000
0.000000	40850.000000
0.000000	40850.000000
0.000000	40850.000000
0.000000	40850.000000
0.000000	40850.000000
0.000000	40850.000000
0.000000	40850.000000
0.000000	40850.000000
0.000000	40850.000000
0.000000	40850.000000
0.000000	40850.000000
0.000000	40850.000000
0.000000	40850.000000
0.000000	40850.000000
0.000000	40850.000000
0.000000	40851.000000
0.000000	40851.000000
0.000000	40851.000000
0.000000	40851.000000
0.000000	40851.000000
0.000000	40851.000000
0.000000	40851.000000
0.000000	40851.000000
0.000000	40851.000000
0.000000	40851.000000
0.000000	40851.000000
0.000000	40851.000000
0.000000	40851.000000
0.000000	40851.000000
0.000000	40851.000000
0.000000	40851.000000
0.000000	40851.000000
0.000000	40851.000000
0.000000	40852.000000
0.000000	40852.000000
0.000000	40852.000000
0.000000	40852.000000
0.000000	40852.000000
0.000000	40852.000000
0.000000	40852.000000
0.000000	40852.000000
0.000000	40852.000000
0.000000	40852.000000
0.000000	40852.000000
0.000000	40852.000000
0.000000	40852.000000
0.000000	40852.000000
0.000000	40852.000000
0.000000	40852.000000
0.000000	40852.000000
0.000000	40853.000000
0.000000	40853.000000
0.000000	40853.000000
0.000000	40853.000000
0.000000	40853.000000
0.000000	40853.000000
0.000000	40853.000000
0.000000	40853.000000
0.000000	40853.000000
0.000000	40853.000000
0.000000	40853.000000
0.000000	40853.000000
0.000000	40853.000000
0.000000	40853.000000
0.000000	40853.000000
0.000000	40853.000000
0.000000	40853.000000
0.000000	40854.000000
0.000000	40854.000000
0.000000	40854.000000
0.000000	40854.000000
0.000000	40854.000000
0.000000	40854.000000
0.000000	40854.000000
0.000000	40854.000000
0.000000	40854.000000
0.000000	40854.000000
0.000000	40854.000000
0.000000	40854.000000
0.000000	40854.000000
0.000000	40854.000000
0.000000	40854.000000
0.000000	40854.000000
0.000000	40854.000000
0.000000	40855.000000
0.000000	40855.000000
0.000000	40855.000000
0.000000	40855.000000
0.000000	40855.000000
0.000000	40855.000000
0.000000	40855.000000
0.000000	40855.000000
0.000000	40855.000000
0.000000	40855.000000
0.000000	40855.000000
0.000000	40855.000000
0.000000	40855.000000
0.000000	40855.000000
0.000000	40855.000000
0.000000	40855.000000
0.000000	40855.000000
0.000000	40856.000000
0.000000	40856.000000
0.000000	40856.000000
0.000000	40856.000000
0.000000	40856.000000
0.000000	40856.000000
0.000000	40856.000000
0.000000	40856.000000
0.000000	40856.000000
0.000000	40856.000000
0.000000	40856.000000
0.000000	40856.000000
0.000000	40856.000000
0.000000	40856.000000
0.000000	40856.000000
0.000000	40856.000000
0.000000	40856.000000
0.000000	40857.000000
0.000000	40857.000000
0.000000	40857.000000
0.000000	40857.000000
0.000000	40857.000000
0.000000	40857.000000
0.000000	40857.000000
0.000000	40857.000000
0.000000	40857.000000
0.000000	40857.000000
0.000000	40857.000000
0.000000	40857.000000
0.000000	40857.000000
0.000000	40857.000000
0.000000	40857.000000
0.000000	40857.000000
0.000000	40857.000000
0.000000	40858.000000
0.000000	40858.000000
0.000000	40858.000000
0.000000	40858.000000
0.000000	40858.000000
0.000000	40858.000000
0.000000	40858.000000
0.000000	40858.000000
0.000000	40858.000000
0.000000	40858.000000
0.000000	40858.000000
0.000000	40858.000000
0.000000	40858.000000
0.000000	40858.000000
0.000000	40858.000000
0.000000	40858.000000
0.000000	40858.000000
0.000000	40859.000000
0.000000	40859.000000
0.000000	40859.000000
0.000000	40859.000000
0.000000	40859.000000
0.000000	40859.000000
0.000000	40859.000000
0.000000	40859.000000
0.000000	40859.000000
0.000000	40859.000000
0.000000	40859.000000
0.000000	40859.000000
0.000000	40859.000000
0.000000	40859.000000
0.000000	40859.000000
0.000000	40859.000000
0.000000	40859.000000
0.000000	40900.000000
0.000000	40900.000000
0.000000	40900.000000
0.000000	40900.000000
0.000000	40900.000000
0.000000	40900.000000
0.000000	40900.000000
0.000000	40900.000000
0.000000	40900.000000
0.000000	40900.000000
0.000000	40900.000000
0.000000	40900.000000
0.000000	40900.000000
0.000000	40900.000000
0.000000	40900.000000
0.000000	40900.000000
0.000000	40900.000000
0.000000	40901.000000
0.000000	40901.000000
0.000000	40901.000000
0.000000	40901.000000
0.000000	40901.000000
0.000000	40901.000000
0.000000	40901.000000
0.000000	40901.000000
0.000000	40901.000000
0.000000	40901.000000
0.000000	40901.000000
0.000000	40901.000000
0.000000	40901.000000
0.000000	40901.000000
0.000000	40901.000000
0.000000	40901.000000
0.000000	40901.000000
0.000000	40902.000000
0.000000	40902.000000
0.000000	40902.000000
0.000000	40902.000000
0.000000	40902.000000
0.000000	40902.000000
0.000000	40902.000000
0.000000	40902.000000
0.000000	40902.000000
0.000000	40902.000000
0.000000	40902.000000
0.000000	40902.000000
0.000000	40902.000000
0.000000	40902.000000
0.000000	40902.000000
0.000000	40902.000000
0.000000	40902.000000
0.000000	40903.000000
0.000000	40903.000000
0.000000	40903.000000
0.000000	40903.000000
0.000000	40903.000000
0.000000	40903.000000
0.000000	40903.000000
0.000000	40903.000000
0.000000	40903.000000
0.000000	40903.000000
0.000000	40903.000000
0.000000	40903.000000
0.000000	40903.000000
0.000000	40903.000000
0.000000	40903.000000
0.000000	40903.000000
0.000000	40903.000000
0.000000	40904.000000
0.000000	40904.000000
0.000000	40904.000000
0.000000	40904.000000
0.000000	40904.000000
0.000000	40904.000000
0.000000	40904.000000
0.000000	40904.000000
0.000000	40904.000000
0.000000	40904.000000
0.000000	40904.000000
0.000000	40904.000000
0.000000	40904.000000
0.000000	40904.000000
0.000000	40904.000000
0.000000	40904.000000
0.000000	40904.000000
0.000000	40905.000000
0.000000	40905.000000
0.000000	40905.000000
0.000000	40905.000000
0.000000	40905.000000
0.000000	40905.000000
0.000000	40905.000000
0.000000	40905.000000
0.000000	40905.000000
0.000000	40905.000000
0.000000	40905.000000
0.000000	40905.000000
0.000000	40905.000000
0.000000	40905.000000
0.000000	40905.000000
0.000000	40905.000000
0.000000	40905.000000
0.000000	40906.000000
0.000000	40906.000000
0.000000	40906.000000
0.000000	40906.000000
0.000000	40906.000000
0.000000	40906.000000
0.000000	40906.000000
0.000000	40906.000000
0.000000	40906.000000
0.000000	40906.000000
0.000000	40906.000000
0.000000	40906.000000
0.000000	40906.000000
0.000000	40906.000000
0.000000	40906.000000
0.000000	40906.000000
0.000000	40906.000000
0.000000	40906.000000
0.000000	40907.000000
0.000000	40907.000000
0.000000	40907.000000
0.000000	40907.000000
0.000000	40907.000000
0.000000	40907.000000
0.000000	40907.000000
0.000000	40907.000000
0.000000	40907.000000
0.000000	40907.000000
0.000000	40907.000000
0.000000	40907.000000
0.000000	40907.000000
0.000000	40907.000000
0.000000	40907.000000
0.000000	40907.000000
0.000000	40907.000000
0.000000	40908.000000
0.000000	40908.000000
0.000000	40908.000000
0.000000	40908.000000
0.000000	40908.000000
0.000000	40908.000000
0.000000	40908.000000
0.000000	40908.000000
0.000000	40908.000000
0.000000	40908.000000
0.000000	40908.000000
0.000000	40908.000000
0.000000	40908.000000
0.000000	40908.000000
0.000000	40908.000000
0.000000	40908.000000
0.000000	40908.000000
0.000000	40909.000000
0.000000	40909.000000
0.000000	40909.000000
0.000000	40909.000000
0.000000	40909.000000
0.000000	40909.000000
0.000000	40909.000000
0.000000	40909.000000
0.000000	40909.000000
0.000000	40909.000000
0.000000	40909.000000
0.000000	40909.000000
0.000000	40909.000000
0.000000	40909.000000
0.000000	40909.000000
0.000000	40909.000000
0.000000	40909.000000
0.000000	40910.000000
0.000000	40910.000000
0.000000	40910.000000
0.000000	40910.000000
0.000000	40910.000000
0.000000	40910.000000
0.000000	40910.000000
0.000000	40910.000000
0.000000	40910.000000
0.000000	40910.000000
0.000000	40910.000000
0.000000	40910.000000
0.000000	40910.000000
0.000000	40910.000000
0.000000	40910.000000
0.000000	40910.000000
0.000000	40910.000000
0.000000	40911.000000
0.000000	40911.000000
0.000000	40911.000000
0.000000	40911.000000
0.000000	40911.000000
0.000000	40911.000000
0.000000	40911.000000
0.000000	40911.000000
0.000000	40911.000000
0.000000	40911.000000
0.000000	40911.000000
0.000000	40911.000000
0.000000	40911.000000
0.000000	40911.000000
0.000000	40911.000000
0.000000	40911.000000
0.000000	40911.000000
0.000000	40912.000000
0.000000	40912.000000
0.000000	40912.000000
0.000000	40912.000000
0.000000	40912.000000
0.000000	40912.000000
0.000000	40912.000000
0.000000	40912.000000
0.000000	40912.000000
0.000000	40912.000000
0.000000	40912.000000
0.000000	40912.000000
0.000000	40912.000000
0.000000	40912.000000
0.000000	40912.000000
0.000000	40912.000000
0.000000	40912.000000
0.000000	40913.000000
0.000000	40913.000000
0.000000	40913.000000
0.000000	40913.000000
0.000000	40913.000000
0.000000	40913.000000
0.000000	40913.000000
0.000000	40913.000000
0.000000	40913.000000
0.000000	40913.000000
0.000000	40913.000000
0.000000	40913.000000
0.000000	40913.000000
0.000000	40913.000000
0.000000	40913.000000
0.000000	40913.000000
0.000000	40913.000000
0.000000	40914.000000
0.000000	40914.000000
0.000000	40914.000000
0.000000	40914.000000
0.000000	40914.000000
0.000000	40914.000000
0.000000	40914.000000
0.000000	40914.000000
0.000000	40914.000000
0.000000	40914.000000
0.000000	40914.000000
0.000000	40914.000000
0.000000	40914.000000
0.000000	40914.000000
0.000000	40914.000000
0.000000	40914.000000
0.000000	40914.000000
0.000000	40915.000000
0.000000	40915.000000
0.000000	40915.000000
0.000000	40915.000000
0.000000	40915.000000
0.000000	40915.000000
0.000000	40915.000000
0.000000	40915.000000
0.000000	40915.000000
0.000000	40915.000000
0.000000	40915.000000
0.000000	40915.000000
0.000000	40915.000000
0.000000	40915.000000
0.000000	40915.000000
0.000000	40915.000000
0.000000	40915.000000
0.000000	40916.000000
0.000000	40916.000000
0.000000	40916.000000
0.000000	40916.000000
0.000000	40916.000000
0.000000	40916.000000
0.000000	40916.000000
0.000000	40916.000000
0.000000	40916.000000
0.000000	40916.000000
0.000000	40916.000000
0.000000	40916.000000
0.000000	40916.000000
0.000000	40916.000000
0.000000	40916.000000
0.000000	40916.000000
0.000000	40916.000000
0.000000	40917.000000
0.000000	40917.000000
0.000000	40917.000000
0.000000	40917.000000
0.000000	40917.000000
0.000000	40917.000000
0.000000	40917.000000
0.000000	40917.000000
0.000000	40917.000000
0.000000	40917.000000
0.000000	40917.000000
0.000000	40917.000000
0.000000	40917.000000
0.000000	40917.000000
0.000000	40917.000000
0.000000	40917.000000
0.000000	40917.000000
0.000000	40918.000000
0.000000	40918.000000
0.000000	40918.000000
0.000000	40918.000000
0.000000	40918.000000
0.000000	40918.000000
0.000000	40918.000000
0.000000	40918.000000
0.000000	40918.000000
0.000000	40918.000000
0.000000	40918.000000
0.000000	40918.000000
0.000000	40918.000000
0.000000	40918.000000
0.000000	40918.000000
0.000000	40918.000000
0.000000	40918.000000
0.000000	40919.000000
0.000000	40919.000000
0.000000	40919.000000
0.000000	40919.000000
0.000000	40919.000000
0.000000	40919.000000
0.000000	40919.000000
0.000000	40919.000000
0.000000	40919.000000
0.000000	40919.000000
0.000000	40919.000000
0.000000	40919.000000
0.000000	40919.000000
0.000000	40919.000000
0.000000	40919.000000
0.000000	40919.000000
0.000000	40919.000000
0.000000	40920.000000
0.000000	40920.000000
0.000000	40920.000000
0.000000	40920.000000
0.000000	40920.000000
0.000000	40920.000000
0.000000	40920.000000
0.000000	40920.000000
0.000000	40920.000000
0.000000	40920.000000
0.000000	40920.000000
0.000000	40920.000000
0.000000	40920.000000
0.000000	40920.000000
0.000000	40920.000000
0.000000	40920.000000
0.000000	40920.000000
0.000000	40921.000000
0.000000	40921.000000
0.000000	40921.000000
0.000000	40921.000000
0.000000	40921.000000
0.000000	40921.000000
0.000000	40921.000000
0.000000	40921.000000
0.000000	40921.000000
0.000000	40921.000000
0.000000	40921.000000
0.000000	40921.000000
0.000000	40921.000000
0.000000	40921.000000
0.000000	40921.000000
0.000000	40921.000000
0.000000	40921.000000
0.000000	40921.000000
0.000000	40922.000000
0.000000	40922.000000
0.000000	40922.000000
0.000000	40922.000000
0.000000	40922.000000
0.000000	40922.000000
0.000000	40922.000000
0.000000	40922.000000
0.000000	40922.000000
0.000000	40922.000000
0.000000	40922.000000
0.000000	40922.000000
0.000000	40922.000000
0.000000	40922.000000
0.000000	40922.000000
0.000000	40922.000000
0.000000	40922.000000
0.000000	40923.000000
0.000000	40923.000000
0.000000	40923.000000
0.000000	40923.000000
0.000000	40923.000000
0.000000	40923.000000
0.000000	40923.000000
0.000000	40923.000000
0.000000	40923.000000
0.000000	40923.000000
0.000000	40923.000000
0.000000	40923.000000
0.000000	40923.000000
0.000000	40923.000000
0.000000	40923.000000
0.000000	40923.000000
0.000000	40923.000000
0.000000	40924.000000
0.000000	40924.000000
0.000000	40924.000000
0.000000	40924.000000
0.000000	40924.000000
0.000000	40924.000000
0.000000	40924.000000
0.000000	40924.000000
0.000000	40924.000000
0.000000	40924.000000
0.000000	40924.000000
0.000000	40924.000000
0.000000	40924.000000
0.000000	40924.000000
0.000000	40924.000000
0.000000	40924.000000
0.000000	40924.000000
0.000000	40925.000000
0.000000	40925.000000
0.000000	40925.000000
0.000000	40925.000000
0.000000	40925.000000
0.000000	40925.000000
0.000000	40925.000000
0.000000	40925.000000
0.000000	40925.000000
0.000000	40925.000000
0.000000	40925.000000
0.000000	40925.000000
0.000000	40925.000000
0.000000	40925.000000
0.000000	40925.000000
0.000000	40925.000000
0.000000	40925.000000
0.000000	40926.000000
0.000000	40926.000000
0.000000	40926.000000
0.000000	40926.000000
0.000000	40926.000000
0.000000	40926.000000
0.000000	40926.000000
0.000000	40926.000000
0.000000	40926.000000
0.000000	40926.000000
0.000000	40926.000000
0.000000	40926.000000
0.000000	40926.000000
0.000000	40926.000000
0.000000	40926.000000
0.000000	40926.000000
0.000000	40926.000000
0.000000	40927.000000
0.000000	40927.000000
0.000000	40927.000000
0.000000	40927.000000
0.000000	40927.000000
0.000000	40927.000000
0.000000	40927.000000
0.000000	40927.000000
0.000000	40927.000000
0.000000	40927.000000
0.000000	40927.000000
0.000000	40927.000000
0.000000	40927.000000
0.000000	40927.000000
0.000000	40927.000000
0.000000	40927.000000
0.000000	40927.000000
0.000000	40928.000000
0.000000	40928.000000
0.000000	40928.000000
0.000000	40928.000000
0.000000	40928.000000
0.000000	40928.000000
0.000000	40928.000000
0.000000	40928.000000
0.000000	40928.000000
0.000000	40928.000000
0.000000	40928.000000
0.000000	40928.000000
0.000000	40928.000000
0.000000	40928.000000
0.000000	40928.000000
0.000000	40928.000000
0.000000	40928.000000
0.000000	40929.000000
0.000000	40929.000000
0.000000	40929.000000
0.000000	40929.000000
0.000000	40929.000000
0.000000	40929.000000
0.000000	40929.000000
0.000000	40929.000000
0.000000	40929.000000
0.000000	40929.000000
0.000000	40929.000000
0.000000	40929.000000
0.000000	40929.000000
0.000000	40929.000000
0.000000	40929.000000
0.000000	40929.000000
0.000000	40929.000000
0.000000	40930.000000
0.000000	40930.000000
0.000000	40930.000000
0.000000	40930.000000
0.000000	40930.000000
0.000000	40930.000000
0.000000	40930.000000
0.000000	40930.000000
0.000000	40930.000000
0.000000	40930.000000
0.000000	40930.000000
0.000000	40930.000000
0.000000	40930.000000
0.000000	40930.000000
0.000000	40930.000000
0.000000	40930.000000
0.000000	40930.000000
0.000000	40931.000000
0.000000	40931.000000
0.000000	40931.000000
0.000000	40931.000000
0.000000	40931.000000
0.000000	40931.000000
0.000000	40931.000000
0.000000	40931.000000
0.000000	40931.000000
0.000000	40931.000000
0.000000	40931.000000
0.000000	40931.000000
0.000000	40931.000000
0.000000	40931.000000
0.000000	40931.000000
0.000000	40931.000000
0.000000	40931.000000
0.000000	40932.000000
0.000000	40932.000000
0.000000	40932.000000
0.000000	40932.000000
0.000000	40932.000000
0.000000	40932.000000
0.000000	40932.000000
0.000000	40932.000000
0.000000	40932.000000
0.000000	40932.000000
0.000000	40932.000000
0.000000	40932.000000
0.000000	40932.000000
0.000000	40932.000000
0.000000	40932.000000
0.000000	40932.000000
0.000000	40932.000000
0.000000	40933.000000
0.000000	40933.000000
0.000000	40933.000000
0.000000	40933.000000
0.000000	40933.000000
0.000000	40933.000000
0.000000	40933.000000
0.000000	40933.000000
0.000000	40933.000000
0.000000	40933.000000
0.000000	40933.000000
0.000000	40933.000000
0.000000	40933.000000
0.000000	40933.000000
0.000000	40933.000000
0.000000	40933.000000
0.000000	40933.000000
0.000000	40934.000000
0.000000	40934.000000
0.000000	40934.000000
0.000000	40934.000000
0.000000	40934.000000
0.000000	40934.000000
0.000000	40934.000000
0.000000	40934.000000
0.000000	40934.000000
0.000000	40934.000000
0.000000	40934.000000
0.000000	40934.000000
0.000000	40934.000000
0.000000	40934.000000
0.000000	40934.000000
0.000000	40934.000000
0.000000	40934.000000
0.000000	40935.000000
0.000000	40935.000000
0.000000	40935.000000
0.000000	40935.000000
0.000000	40935.000000
0.000000	40935.000000
0.000000	40935.000000
0.000000	40935.000000
0.000000	40935.000000
0.000000	40935.000000
0.000000	40935.000000
0.000000	40935.000000
0.000000	40935.000000
0.000000	40935.000000
0.000000	40935.000000
0.000000	40935.000000
0.000000	40935.000000
0.000000	40936.000000
0.000000	40936.000000
0.000000	40936.000000
0.000000	40936.000000
0.000000	40936.000000
0.000000	40936.000000
0.000000	40936.000000
0.000000	40936.000000
0.000000	40936.000000
0.000000	40936.000000
0.000000	40936.000000
0.000000	40936.000000
0.000000	40936.000000
0.000000	40936.000000
0.000000	40936.000000
0.000000	40936.000000
0.000000	40936.000000
0.000000	40937.000000
0.000000	40937.000000
0.000000	40937.000000
0.000000	40937.000000
0.000000	40937.000000
0.000000	40937.000000
0.000000	40937.000000
0.000000	40937.000000
0.000000	40937.000000
0.000000	40937.000000
0.000000	40937.000000
0.000000	40937.000000
0.000000	40937.000000
0.000000	40937.000000
0.000000	40937.000000
0.000000	40937.000000
0.000000	40937.000000
0.000000	40937.000000
0.000000	40938.000000
0.000000	40938.000000
0.000000	40938.000000
0.000000	40938.000000
0.000000	40938.000000
0.000000	40938.000000
0.000000	40938.000000
0.000000	40938.000000
0.000000	40938.000000
0.000000	40938.000000
0.000000	40938.000000
0.000000	40938.000000
0.000000	40938.000000
0.000000	40938.000000
0.000000	40938.000000
0.000000	40938.000000
0.000000	40938.000000
0.000000	40939.000000
0.000000	40939.000000
0.000000	40939.000000
0.000000	40939.000000
0.000000	40939.000000
0.000000	40939.000000
0.000000	40939.000000
0.000000	40939.000000
0.000000	40939.000000
0.000000	40939.000000
0.000000	40939.000000
0.000000	40939.000000
0.000000	40939.000000
0.000000	40939.000000
0.000000	40939.000000
0.000000	40939.000000
0.000000	40939.000000
0.000000	40940.000000
0.000000	40940.000000
0.000000	40940.000000
0.000000	40940.000000
0.000000	40940.000000
0.000000	40940.000000
0.000000	40940.000000
0.000000	40940.000000
0.000000	40940.000000
0.000000	40940.000000
0.000000	40940.000000
0.000000	40940.000000
0.000000	40940.000000
0.000000	40940.000000
0.000000	40940.000000
0.000000	40940.000000
0.000000	40940.000000
0.000000	40941.000000
0.000000	40941.000000
0.000000	40941.000000
0.000000	40941.000000
0.000000	40941.000000
0.000000	40941.000000
0.000000	40941.000000
0.000000	40941.000000
0.000000	40941.000000
0.000000	40941.000000
0.000000	40941.000000
0.000000	40941.000000
0.000000	40941.000000
0.000000	40941.000000
0.000000	40941.000000
0.000000	40941.000000
0.000000	40941.000000
0.000000	40942.000000
0.000000	40942.000000
0.000000	40942.000000
0.000000	40942.000000
0.000000	40942.000000
0.000000	40942.000000
0.000000	40942.000000
