0.000000	102611.000000
0.000000	102611.000000
0.000000	102611.000000
0.000000	102611.000000
0.000000	102611.000000
0.000000	102611.000000
0.000000	102611.000000
0.000000	102611.000000
0.000000	102611.000000
0.000000	102612.000000
0.000000	102612.000000
0.000000	102612.000000
0.000000	102612.000000
0.000000	102612.000000
0.000000	102612.000000
0.000000	102612.000000
0.000000	102612.000000
0.000000	102612.000000
0.000000	102612.000000
0.000000	102612.000000
0.000000	102612.000000
0.000000	102612.000000
0.000000	102612.000000
0.000000	102612.000000
0.000000	102612.000000
0.000000	102612.000000
0.000000	102613.000000
0.000000	102613.000000
0.000000	102613.000000
0.000000	102613.000000
0.000000	102613.000000
0.000000	102613.000000
0.000000	102613.000000
0.000000	102613.000000
0.000000	102613.000000
0.000000	102613.000000
0.000000	102613.000000
0.000000	102613.000000
0.000000	102613.000000
0.000000	102613.000000
0.000000	102613.000000
0.000000	102613.000000
0.000000	102613.000000
0.000000	102614.000000
0.000000	102614.000000
0.000000	102614.000000
0.000000	102614.000000
0.000000	102614.000000
0.000000	102614.000000
0.000000	102614.000000
0.000000	102614.000000
0.000000	102614.000000
0.000000	102614.000000
0.000000	102614.000000
0.000000	102614.000000
0.000000	102614.000000
0.000000	102614.000000
0.000000	102614.000000
0.000000	102614.000000
0.000000	102614.000000
0.000000	102615.000000
0.000000	102615.000000
0.000000	102615.000000
0.000000	102615.000000
0.000000	102615.000000
0.000000	102615.000000
0.000000	102615.000000
0.000000	102615.000000
0.000000	102615.000000
0.000000	102615.000000
0.000000	102615.000000
0.000000	102615.000000
0.000000	102615.000000
0.000000	102615.000000
0.000000	102615.000000
0.000000	102615.000000
0.000000	102615.000000
0.000000	102616.000000
0.000000	102616.000000
0.000000	102616.000000
0.000000	102616.000000
0.000000	102616.000000
0.000000	102616.000000
0.000000	102616.000000
0.000000	102616.000000
0.000000	102616.000000
0.000000	102616.000000
0.000000	102616.000000
0.000000	102616.000000
0.000000	102616.000000
0.000000	102616.000000
0.000000	102616.000000
0.000000	102616.000000
0.000000	102616.000000
0.000000	102617.000000
0.000000	102617.000000
0.000000	102617.000000
0.000000	102617.000000
0.000000	102617.000000
0.000000	102617.000000
0.000000	102617.000000
0.000000	102617.000000
0.000000	102617.000000
0.000000	102617.000000
0.000000	102617.000000
0.000000	102617.000000
0.000000	102617.000000
0.000000	102617.000000
0.000000	102617.000000
0.000000	102617.000000
0.000000	102617.000000
0.000000	102617.000000
0.000000	102618.000000
0.000000	102618.000000
0.000000	102618.000000
0.000000	102618.000000
0.000000	102618.000000
0.000000	102618.000000
0.000000	102618.000000
0.000000	102618.000000
0.000000	102618.000000
0.000000	102618.000000
0.000000	102618.000000
0.000000	102618.000000
0.000000	102618.000000
0.000000	102618.000000
0.000000	102618.000000
0.000000	102618.000000
0.000000	102618.000000
0.000000	102619.000000
0.000000	102619.000000
0.000000	102619.000000
0.000000	102619.000000
0.000000	102619.000000
0.000000	102619.000000
0.000000	102619.000000
0.000000	102619.000000
0.000000	102619.000000
0.000000	102619.000000
0.000000	102619.000000
0.000000	102619.000000
0.000000	102619.000000
0.000000	102619.000000
0.000000	102619.000000
0.000000	102619.000000
0.000000	102619.000000
0.000000	102620.000000
0.000000	102620.000000
0.000000	102620.000000
0.000000	102620.000000
0.000000	102620.000000
0.000000	102620.000000
0.000000	102620.000000
0.000000	102620.000000
0.000000	102620.000000
0.000000	102620.000000
0.000000	102620.000000
0.000000	102620.000000
0.000000	102620.000000
0.000000	102620.000000
0.000000	102620.000000
0.000000	102620.000000
0.000000	102620.000000
0.000000	102621.000000
0.000000	102621.000000
0.000000	102621.000000
0.000000	102621.000000
0.000000	102621.000000
0.000000	102621.000000
0.000000	102621.000000
0.000000	102621.000000
0.000000	102621.000000
0.000000	102621.000000
0.000000	102621.000000
0.000000	102621.000000
0.000000	102621.000000
0.000000	102621.000000
0.000000	102621.000000
0.000000	102621.000000
0.000000	102621.000000
0.000000	102622.000000
0.000000	102622.000000
0.000000	102622.000000
0.000000	102622.000000
0.000000	102622.000000
0.000000	102622.000000
0.000000	102622.000000
0.000000	102622.000000
0.000000	102622.000000
0.000000	102622.000000
0.000000	102622.000000
0.000000	102622.000000
0.000000	102622.000000
0.000000	102622.000000
0.000000	102622.000000
0.000000	102622.000000
0.000000	102622.000000
0.000000	102623.000000
0.000000	102623.000000
0.000000	102623.000000
0.000000	102623.000000
0.000000	102623.000000
0.000000	102623.000000
0.000000	102623.000000
0.000000	102623.000000
0.000000	102623.000000
0.000000	102623.000000
0.000000	102623.000000
0.000000	102623.000000
0.000000	102623.000000
0.000000	102623.000000
0.000000	102623.000000
0.000000	102623.000000
0.000000	102623.000000
0.000000	102624.000000
0.000000	102624.000000
0.000000	102624.000000
0.000000	102624.000000
0.000000	102624.000000
0.000000	102624.000000
0.000000	102624.000000
0.000000	102624.000000
0.000000	102624.000000
0.000000	102624.000000
0.000000	102624.000000
0.000000	102624.000000
0.000000	102624.000000
0.000000	102624.000000
0.000000	102624.000000
0.000000	102624.000000
0.000000	102624.000000
0.000000	102625.000000
0.000000	102625.000000
0.000000	102625.000000
0.000000	102625.000000
0.000000	102625.000000
0.000000	102625.000000
0.000000	102625.000000
0.000000	102625.000000
0.000000	102625.000000
0.000000	102625.000000
0.000000	102625.000000
0.000000	102625.000000
0.000000	102625.000000
0.000000	102625.000000
0.000000	102625.000000
0.000000	102625.000000
0.000000	102625.000000
0.000000	102626.000000
0.000000	102626.000000
0.000000	102626.000000
0.000000	102626.000000
0.000000	102626.000000
0.000000	102626.000000
0.000000	102626.000000
0.000000	102626.000000
0.000000	102626.000000
0.000000	102626.000000
0.000000	102626.000000
0.000000	102626.000000
0.000000	102626.000000
0.000000	102626.000000
0.000000	102626.000000
0.000000	102626.000000
0.000000	102626.000000
0.000000	102627.000000
0.000000	102627.000000
0.000000	102627.000000
0.000000	102627.000000
0.000000	102627.000000
0.000000	102627.000000
0.000000	102627.000000
0.000000	102627.000000
0.000000	102627.000000
0.000000	102627.000000
0.000000	102627.000000
0.000000	102627.000000
0.000000	102627.000000
0.000000	102627.000000
0.000000	102627.000000
0.000000	102627.000000
0.000000	102627.000000
0.000000	102628.000000
0.000000	102628.000000
0.000000	102628.000000
0.000000	102628.000000
0.000000	102628.000000
0.000000	102628.000000
0.000000	102628.000000
0.000000	102628.000000
0.000000	102628.000000
0.000000	102628.000000
0.000000	102628.000000
0.000000	102628.000000
0.000000	102628.000000
0.000000	102628.000000
0.000000	102628.000000
0.000000	102628.000000
0.000000	102628.000000
0.000000	102629.000000
0.000000	102629.000000
0.000000	102629.000000
0.000000	102629.000000
0.000000	102629.000000
0.000000	102629.000000
0.000000	102629.000000
0.000000	102629.000000
0.000000	102629.000000
0.000000	102629.000000
0.000000	102629.000000
0.000000	102629.000000
0.000000	102629.000000
0.000000	102629.000000
0.000000	102629.000000
0.000000	102629.000000
0.000000	102629.000000
0.000000	102630.000000
0.000000	102630.000000
0.000000	102630.000000
0.000000	102630.000000
0.000000	102630.000000
0.000000	102630.000000
0.000000	102630.000000
0.000000	102630.000000
0.000000	102630.000000
0.000000	102630.000000
0.000000	102630.000000
0.000000	102630.000000
0.000000	102630.000000
0.000000	102630.000000
0.000000	102630.000000
0.000000	102630.000000
0.000000	102630.000000
0.000000	102631.000000
0.000000	102631.000000
0.000000	102631.000000
0.000000	102631.000000
0.000000	102631.000000
0.000000	102631.000000
0.000000	102631.000000
0.000000	102631.000000
0.000000	102631.000000
0.000000	102631.000000
0.000000	102631.000000
0.000000	102631.000000
0.000000	102631.000000
0.000000	102631.000000
0.000000	102631.000000
0.000000	102631.000000
0.000000	102631.000000
0.000000	102632.000000
0.000000	102632.000000
0.000000	102632.000000
0.000000	102632.000000
0.000000	102632.000000
0.000000	102632.000000
0.000000	102632.000000
0.000000	102632.000000
0.000000	102632.000000
0.000000	102632.000000
0.000000	102632.000000
0.000000	102632.000000
0.000000	102632.000000
0.000000	102632.000000
0.000000	102632.000000
0.000000	102632.000000
0.000000	102632.000000
0.000000	102633.000000
0.000000	102633.000000
0.000000	102633.000000
0.000000	102633.000000
0.000000	102633.000000
0.000000	102633.000000
0.000000	102633.000000
0.000000	102633.000000
0.000000	102633.000000
0.000000	102633.000000
0.000000	102633.000000
0.000000	102633.000000
0.000000	102633.000000
0.000000	102633.000000
0.000000	102633.000000
0.000000	102633.000000
0.000000	102633.000000
0.000000	102633.000000
0.000000	102634.000000
0.000000	102634.000000
0.000000	102634.000000
0.000000	102634.000000
0.000000	102634.000000
0.000000	102634.000000
0.000000	102634.000000
0.000000	102634.000000
0.000000	102634.000000
0.000000	102634.000000
0.000000	102634.000000
0.000000	102634.000000
0.000000	102634.000000
0.000000	102634.000000
0.000000	102634.000000
0.000000	102634.000000
0.000000	102634.000000
0.000000	102635.000000
0.000000	102635.000000
0.000000	102635.000000
0.000000	102635.000000
0.000000	102635.000000
0.000000	102635.000000
0.000000	102635.000000
0.000000	102635.000000
0.000000	102635.000000
0.000000	102635.000000
0.000000	102635.000000
0.000000	102635.000000
0.000000	102635.000000
0.000000	102635.000000
0.000000	102635.000000
0.000000	102635.000000
0.000000	102635.000000
0.000000	102636.000000
0.000000	102636.000000
0.000000	102636.000000
0.000000	102636.000000
0.000000	102636.000000
0.000000	102636.000000
0.000000	102636.000000
0.000000	102636.000000
0.000000	102636.000000
0.000000	102636.000000
0.000000	102636.000000
0.000000	102636.000000
0.000000	102636.000000
0.000000	102636.000000
0.000000	102636.000000
0.000000	102636.000000
0.000000	102636.000000
0.000000	102637.000000
0.000000	102637.000000
0.000000	102637.000000
0.000000	102637.000000
0.000000	102637.000000
0.000000	102637.000000
0.000000	102637.000000
0.000000	102637.000000
0.000000	102637.000000
0.000000	102637.000000
0.000000	102637.000000
0.000000	102637.000000
0.000000	102637.000000
0.000000	102637.000000
0.000000	102637.000000
0.000000	102637.000000
0.000000	102637.000000
0.000000	102638.000000
0.000000	102638.000000
0.000000	102638.000000
0.000000	102638.000000
0.000000	102638.000000
0.000000	102638.000000
0.000000	102638.000000
0.000000	102638.000000
0.000000	102638.000000
0.000000	102638.000000
0.000000	102638.000000
0.000000	102638.000000
0.000000	102638.000000
0.000000	102638.000000
0.000000	102638.000000
0.000000	102638.000000
0.000000	102638.000000
0.000000	102639.000000
0.000000	102639.000000
0.000000	102639.000000
0.000000	102639.000000
0.000000	102639.000000
0.000000	102639.000000
0.000000	102639.000000
0.000000	102639.000000
0.000000	102639.000000
0.000000	102639.000000
0.000000	102639.000000
0.000000	102639.000000
0.000000	102639.000000
0.000000	102639.000000
0.000000	102639.000000
0.000000	102639.000000
0.000000	102639.000000
0.000000	102640.000000
0.000000	102640.000000
0.000000	102640.000000
0.000000	102640.000000
0.000000	102640.000000
0.000000	102640.000000
0.000000	102640.000000
0.000000	102640.000000
0.000000	102640.000000
0.000000	102640.000000
0.000000	102640.000000
0.000000	102640.000000
0.000000	102640.000000
0.000000	102640.000000
0.000000	102640.000000
0.000000	102640.000000
0.000000	102640.000000
0.000000	102641.000000
0.000000	102641.000000
0.000000	102641.000000
0.000000	102641.000000
0.000000	102641.000000
0.000000	102641.000000
0.000000	102641.000000
0.000000	102641.000000
0.000000	102641.000000
0.000000	102641.000000
0.000000	102641.000000
0.000000	102641.000000
0.000000	102641.000000
0.000000	102641.000000
0.000000	102641.000000
0.000000	102641.000000
0.000000	102641.000000
0.000000	102642.000000
0.000000	102642.000000
0.000000	102642.000000
0.000000	102642.000000
0.000000	102642.000000
0.000000	102642.000000
0.000000	102642.000000
0.000000	102642.000000
0.000000	102642.000000
0.000000	102642.000000
0.000000	102642.000000
0.000000	102642.000000
0.000000	102642.000000
0.000000	102642.000000
0.000000	102642.000000
0.000000	102642.000000
0.000000	102642.000000
0.000000	102643.000000
0.000000	102643.000000
0.000000	102643.000000
0.000000	102643.000000
0.000000	102643.000000
0.000000	102643.000000
0.000000	102643.000000
0.000000	102643.000000
0.000000	102643.000000
0.000000	102643.000000
0.000000	102643.000000
0.000000	102643.000000
0.000000	102643.000000
0.000000	102643.000000
0.000000	102643.000000
0.000000	102644.000000
0.000000	102644.000000
0.000000	102644.000000
0.000000	102644.000000
0.000000	102644.000000
0.000000	102644.000000
0.000000	102644.000000
0.000000	102644.000000
0.000000	102644.000000
0.000000	102644.000000
0.000000	102644.000000
0.000000	102644.000000
0.000000	102644.000000
0.000000	102644.000000
0.000000	102644.000000
0.000000	102644.000000
0.000000	102644.000000
0.000000	102644.000000
0.000000	102644.000000
0.000000	102645.000000
0.000000	102645.000000
0.000000	102645.000000
0.000000	102645.000000
0.000000	102645.000000
0.000000	102645.000000
0.000000	102645.000000
0.000000	102645.000000
0.000000	102645.000000
0.000000	102645.000000
0.000000	102645.000000
0.000000	102645.000000
0.000000	102645.000000
0.000000	102645.000000
0.000000	102645.000000
0.000000	102645.000000
0.000000	102645.000000
0.000000	102646.000000
0.000000	102646.000000
0.000000	102646.000000
0.000000	102646.000000
0.000000	102646.000000
0.000000	102646.000000
0.000000	102646.000000
0.000000	102646.000000
0.000000	102646.000000
0.000000	102646.000000
0.000000	102646.000000
0.000000	102646.000000
0.000000	102646.000000
0.000000	102646.000000
0.000000	102646.000000
0.000000	102646.000000
0.000000	102646.000000
0.000000	102647.000000
0.000000	102647.000000
0.000000	102647.000000
0.000000	102647.000000
0.000000	102647.000000
0.000000	102647.000000
0.000000	102647.000000
0.000000	102647.000000
0.000000	102647.000000
0.000000	102647.000000
0.000000	102647.000000
0.000000	102647.000000
0.000000	102647.000000
0.000000	102647.000000
0.000000	102647.000000
0.000000	102647.000000
0.000000	102647.000000
0.000000	102648.000000
0.000000	102648.000000
0.000000	102648.000000
0.000000	102648.000000
0.000000	102648.000000
0.000000	102648.000000
0.000000	102648.000000
0.000000	102648.000000
0.000000	102648.000000
0.000000	102648.000000
0.000000	102648.000000
0.000000	102648.000000
0.000000	102648.000000
0.000000	102648.000000
0.000000	102648.000000
0.000000	102648.000000
0.000000	102648.000000
0.000000	102648.000000
0.000000	102649.000000
0.000000	102649.000000
0.000000	102649.000000
0.000000	102649.000000
0.000000	102649.000000
0.000000	102649.000000
0.000000	102649.000000
0.000000	102649.000000
0.000000	102649.000000
0.000000	102649.000000
0.000000	102649.000000
0.000000	102649.000000
0.000000	102649.000000
0.000000	102649.000000
0.000000	102649.000000
0.000000	102649.000000
0.000000	102649.000000
0.000000	102650.000000
0.000000	102650.000000
0.000000	102650.000000
0.000000	102650.000000
0.000000	102650.000000
0.000000	102650.000000
0.000000	102650.000000
0.000000	102650.000000
0.000000	102650.000000
0.000000	102650.000000
0.000000	102650.000000
0.000000	102650.000000
0.000000	102650.000000
0.000000	102650.000000
0.000000	102650.000000
0.000000	102650.000000
0.000000	102650.000000
0.000000	102651.000000
0.000000	102651.000000
0.000000	102651.000000
0.000000	102651.000000
0.000000	102651.000000
0.000000	102651.000000
0.000000	102651.000000
0.000000	102651.000000
0.000000	102651.000000
0.000000	102651.000000
0.000000	102651.000000
0.000000	102651.000000
0.000000	102651.000000
0.000000	102651.000000
0.000000	102651.000000
0.000000	102651.000000
0.000000	102651.000000
0.000000	102652.000000
0.000000	102652.000000
0.000000	102652.000000
0.000000	102652.000000
0.000000	102652.000000
0.000000	102652.000000
0.000000	102652.000000
0.000000	102652.000000
0.000000	102652.000000
0.000000	102652.000000
0.000000	102652.000000
0.000000	102652.000000
0.000000	102652.000000
0.000000	102652.000000
0.000000	102653.000000
0.000000	102653.000000
0.000000	102653.000000
0.000000	102653.000000
0.000000	102653.000000
0.000000	102653.000000
0.000000	102653.000000
0.000000	102653.000000
0.000000	102653.000000
0.000000	102653.000000
0.000000	102653.000000
0.000000	102653.000000
0.000000	102653.000000
0.000000	102653.000000
0.000000	102653.000000
0.000000	102653.000000
0.000000	102653.000000
0.000000	102653.000000
0.000000	102653.000000
0.000000	102653.000000
0.000000	102654.000000
0.000000	102654.000000
0.000000	102654.000000
0.000000	102654.000000
0.000000	102654.000000
0.000000	102654.000000
0.000000	102654.000000
0.000000	102654.000000
0.000000	102654.000000
0.000000	102654.000000
0.000000	102654.000000
0.000000	102654.000000
0.000000	102654.000000
0.000000	102654.000000
0.000000	102654.000000
0.000000	102654.000000
0.000000	102654.000000
0.000000	102655.000000
0.000000	102655.000000
0.000000	102655.000000
0.000000	102655.000000
0.000000	102655.000000
0.000000	102655.000000
0.000000	102655.000000
0.000000	102655.000000
0.000000	102655.000000
0.000000	102655.000000
0.000000	102655.000000
0.000000	102655.000000
0.000000	102655.000000
0.000000	102655.000000
0.000000	102655.000000
0.000000	102655.000000
0.000000	102655.000000
0.000000	102656.000000
0.000000	102656.000000
0.000000	102656.000000
0.000000	102656.000000
0.000000	102656.000000
0.000000	102656.000000
0.000000	102656.000000
0.000000	102656.000000
0.000000	102656.000000
0.000000	102656.000000
0.000000	102656.000000
0.000000	102656.000000
0.000000	102656.000000
0.000000	102656.000000
0.000000	102656.000000
0.000000	102656.000000
0.000000	102656.000000
0.000000	102657.000000
0.000000	102657.000000
0.000000	102657.000000
0.000000	102657.000000
0.000000	102657.000000
0.000000	102657.000000
0.000000	102657.000000
0.000000	102657.000000
0.000000	102657.000000
0.000000	102657.000000
0.000000	102657.000000
0.000000	102657.000000
0.000000	102657.000000
0.000000	102657.000000
0.000000	102657.000000
0.000000	102657.000000
0.000000	102657.000000
0.000000	102658.000000
0.000000	102658.000000
0.000000	102658.000000
0.000000	102658.000000
0.000000	102658.000000
0.000000	102658.000000
0.000000	102658.000000
0.000000	102658.000000
0.000000	102658.000000
0.000000	102658.000000
0.000000	102658.000000
0.000000	102658.000000
0.000000	102658.000000
0.000000	102658.000000
0.000000	102658.000000
0.000000	102658.000000
0.000000	102658.000000
0.000000	102659.000000
0.000000	102659.000000
0.000000	102659.000000
0.000000	102659.000000
0.000000	102659.000000
0.000000	102659.000000
0.000000	102659.000000
0.000000	102659.000000
0.000000	102659.000000
0.000000	102659.000000
0.000000	102659.000000
0.000000	102659.000000
0.000000	102659.000000
0.000000	102659.000000
0.000000	102659.000000
0.000000	102659.000000
0.000000	102659.000000
0.000000	102700.000000
0.000000	102700.000000
0.000000	102700.000000
0.000000	102700.000000
0.000000	102700.000000
0.000000	102700.000000
0.000000	102700.000000
0.000000	102700.000000
0.000000	102700.000000
0.000000	102700.000000
0.000000	102700.000000
0.000000	102700.000000
0.000000	102700.000000
0.000000	102700.000000
0.000000	102700.000000
0.000000	102700.000000
0.000000	102700.000000
0.000000	102701.000000
0.000000	102701.000000
0.000000	102701.000000
0.000000	102701.000000
0.000000	102701.000000
0.000000	102701.000000
0.000000	102701.000000
0.000000	102701.000000
0.000000	102701.000000
0.000000	102701.000000
0.000000	102701.000000
0.000000	102701.000000
0.000000	102701.000000
0.000000	102701.000000
0.000000	102701.000000
0.000000	102701.000000
0.000000	102701.000000
0.000000	102702.000000
0.000000	102702.000000
0.000000	102702.000000
0.000000	102702.000000
0.000000	102702.000000
0.000000	102702.000000
0.000000	102702.000000
0.000000	102702.000000
0.000000	102702.000000
0.000000	102702.000000
0.000000	102702.000000
0.000000	102702.000000
0.000000	102702.000000
0.000000	102702.000000
0.000000	102702.000000
0.000000	102702.000000
0.000000	102702.000000
0.000000	102703.000000
0.000000	102703.000000
0.000000	102703.000000
0.000000	102703.000000
0.000000	102703.000000
0.000000	102703.000000
0.000000	102703.000000
0.000000	102703.000000
0.000000	102703.000000
0.000000	102703.000000
0.000000	102703.000000
0.000000	102703.000000
0.000000	102703.000000
0.000000	102703.000000
0.000000	102703.000000
0.000000	102703.000000
0.000000	102703.000000
0.000000	102703.000000
0.000000	102704.000000
0.000000	102704.000000
0.000000	102704.000000
0.000000	102704.000000
0.000000	102704.000000
0.000000	102704.000000
0.000000	102704.000000
0.000000	102704.000000
0.000000	102704.000000
0.000000	102704.000000
0.000000	102704.000000
0.000000	102704.000000
0.000000	102704.000000
0.000000	102704.000000
0.000000	102704.000000
0.000000	102704.000000
0.000000	102704.000000
0.000000	102705.000000
0.000000	102705.000000
0.000000	102705.000000
0.000000	102705.000000
0.000000	102705.000000
0.000000	102705.000000
0.000000	102705.000000
0.000000	102705.000000
0.000000	102705.000000
0.000000	102705.000000
0.000000	102705.000000
0.000000	102705.000000
0.000000	102705.000000
0.000000	102705.000000
0.000000	102705.000000
0.000000	102705.000000
0.000000	102705.000000
0.000000	102706.000000
0.000000	102706.000000
0.000000	102706.000000
0.000000	102706.000000
0.000000	102706.000000
0.000000	102706.000000
0.000000	102706.000000
0.000000	102706.000000
0.000000	102706.000000
0.000000	102706.000000
0.000000	102706.000000
0.000000	102706.000000
0.000000	102706.000000
0.000000	102706.000000
0.000000	102706.000000
0.000000	102706.000000
0.000000	102706.000000
0.000000	102707.000000
0.000000	102707.000000
0.000000	102707.000000
0.000000	102707.000000
0.000000	102707.000000
0.000000	102707.000000
0.000000	102707.000000
0.000000	102707.000000
0.000000	102707.000000
0.000000	102707.000000
0.000000	102707.000000
0.000000	102707.000000
0.000000	102707.000000
0.000000	102707.000000
0.000000	102707.000000
0.000000	102707.000000
0.000000	102707.000000
0.000000	102708.000000
0.000000	102708.000000
0.000000	102708.000000
0.000000	102708.000000
0.000000	102708.000000
0.000000	102708.000000
0.000000	102708.000000
0.000000	102708.000000
0.000000	102708.000000
0.000000	102708.000000
0.000000	102708.000000
0.000000	102708.000000
0.000000	102708.000000
0.000000	102708.000000
0.000000	102708.000000
0.000000	102708.000000
0.000000	102709.000000
0.000000	102709.000000
0.000000	102709.000000
0.000000	102709.000000
0.000000	102709.000000
0.000000	102709.000000
0.000000	102709.000000
0.000000	102709.000000
0.000000	102709.000000
0.000000	102709.000000
0.000000	102709.000000
0.000000	102709.000000
0.000000	102709.000000
0.000000	102709.000000
0.000000	102709.000000
0.000000	102709.000000
0.000000	102709.000000
0.000000	102709.000000
0.000000	102710.000000
0.000000	102710.000000
0.000000	102710.000000
0.000000	102710.000000
0.000000	102710.000000
0.000000	102710.000000
0.000000	102710.000000
0.000000	102710.000000
0.000000	102710.000000
0.000000	102710.000000
0.000000	102710.000000
0.000000	102710.000000
0.000000	102710.000000
0.000000	102710.000000
0.000000	102710.000000
0.000000	102710.000000
0.000000	102710.000000
0.000000	102711.000000
0.000000	102711.000000
0.000000	102711.000000
0.000000	102711.000000
0.000000	102711.000000
0.000000	102711.000000
0.000000	102711.000000
0.000000	102711.000000
0.000000	102711.000000
0.000000	102711.000000
0.000000	102711.000000
0.000000	102711.000000
0.000000	102711.000000
0.000000	102711.000000
0.000000	102711.000000
0.000000	102711.000000
0.000000	102711.000000
0.000000	102712.000000
0.000000	102712.000000
0.000000	102712.000000
0.000000	102712.000000
0.000000	102712.000000
0.000000	102712.000000
0.000000	102712.000000
0.000000	102712.000000
0.000000	102712.000000
0.000000	102712.000000
0.000000	102712.000000
0.000000	102712.000000
0.000000	102712.000000
0.000000	102712.000000
0.000000	102712.000000
0.000000	102712.000000
0.000000	102712.000000
0.000000	102713.000000
0.000000	102713.000000
0.000000	102713.000000
0.000000	102713.000000
0.000000	102713.000000
0.000000	102713.000000
0.000000	102713.000000
0.000000	102713.000000
0.000000	102713.000000
0.000000	102713.000000
0.000000	102713.000000
0.000000	102713.000000
0.000000	102713.000000
0.000000	102713.000000
0.000000	102713.000000
0.000000	102713.000000
0.000000	102713.000000
0.000000	102714.000000
0.000000	102714.000000
0.000000	102714.000000
0.000000	102714.000000
0.000000	102714.000000
0.000000	102714.000000
0.000000	102714.000000
0.000000	102714.000000
0.000000	102714.000000
0.000000	102714.000000
0.000000	102714.000000
0.000000	102714.000000
0.000000	102714.000000
0.000000	102714.000000
0.000000	102714.000000
0.000000	102714.000000
0.000000	102714.000000
0.000000	102715.000000
0.000000	102715.000000
0.000000	102715.000000
0.000000	102715.000000
0.000000	102715.000000
0.000000	102715.000000
0.000000	102715.000000
0.000000	102715.000000
0.000000	102715.000000
0.000000	102715.000000
0.000000	102715.000000
0.000000	102715.000000
0.000000	102715.000000
0.000000	102715.000000
0.000000	102715.000000
0.000000	102715.000000
0.000000	102716.000000
0.000000	102716.000000
0.000000	102716.000000
0.000000	102716.000000
0.000000	102716.000000
0.000000	102716.000000
0.000000	102716.000000
0.000000	102716.000000
0.000000	102716.000000
0.000000	102716.000000
0.000000	102716.000000
0.000000	102716.000000
0.000000	102716.000000
0.000000	102716.000000
0.000000	102716.000000
0.000000	102716.000000
0.000000	102716.000000
0.000000	102716.000000
0.000000	102717.000000
0.000000	102717.000000
0.000000	102717.000000
0.000000	102717.000000
0.000000	102717.000000
0.000000	102717.000000
0.000000	102717.000000
0.000000	102717.000000
0.000000	102717.000000
0.000000	102717.000000
0.000000	102717.000000
0.000000	102717.000000
0.000000	102717.000000
0.000000	102717.000000
0.000000	102717.000000
0.000000	102717.000000
0.000000	102717.000000
0.000000	102718.000000
0.000000	102718.000000
0.000000	102718.000000
0.000000	102718.000000
0.000000	102718.000000
0.000000	102718.000000
0.000000	102718.000000
0.000000	102718.000000
0.000000	102718.000000
0.000000	102718.000000
0.000000	102718.000000
0.000000	102718.000000
0.000000	102718.000000
0.000000	102718.000000
0.000000	102718.000000
0.000000	102718.000000
0.000000	102718.000000
0.000000	102718.000000
0.000000	102719.000000
0.000000	102719.000000
0.000000	102719.000000
0.000000	102719.000000
0.000000	102719.000000
0.000000	102719.000000
0.000000	102719.000000
0.000000	102719.000000
0.000000	102719.000000
0.000000	102719.000000
0.000000	102719.000000
0.000000	102719.000000
0.000000	102719.000000
0.000000	102719.000000
0.000000	102719.000000
0.000000	102719.000000
0.000000	102719.000000
0.000000	102720.000000
0.000000	102720.000000
0.000000	102720.000000
0.000000	102720.000000
0.000000	102720.000000
0.000000	102720.000000
0.000000	102720.000000
0.000000	102720.000000
0.000000	102720.000000
0.000000	102720.000000
0.000000	102720.000000
0.000000	102720.000000
0.000000	102720.000000
0.000000	102720.000000
0.000000	102720.000000
0.000000	102720.000000
0.000000	102720.000000
0.000000	102721.000000
0.000000	102721.000000
0.000000	102721.000000
0.000000	102721.000000
0.000000	102721.000000
0.000000	102721.000000
0.000000	102721.000000
0.000000	102721.000000
0.000000	102721.000000
0.000000	102721.000000
0.000000	102721.000000
0.000000	102721.000000
0.000000	102721.000000
0.000000	102721.000000
0.000000	102721.000000
0.000000	102721.000000
0.000000	102721.000000
0.000000	102722.000000
0.000000	102722.000000
0.000000	102722.000000
0.000000	102722.000000
0.000000	102722.000000
0.000000	102722.000000
0.000000	102722.000000
0.000000	102722.000000
0.000000	102722.000000
0.000000	102722.000000
0.000000	102722.000000
0.000000	102722.000000
0.000000	102722.000000
0.000000	102722.000000
0.000000	102722.000000
0.000000	102722.000000
0.000000	102722.000000
0.000000	102723.000000
0.000000	102723.000000
0.000000	102723.000000
0.000000	102723.000000
0.000000	102723.000000
0.000000	102723.000000
0.000000	102723.000000
0.000000	102723.000000
0.000000	102723.000000
0.000000	102723.000000
0.000000	102723.000000
0.000000	102723.000000
0.000000	102723.000000
0.000000	102723.000000
0.000000	102723.000000
0.000000	102724.000000
0.000000	102724.000000
0.000000	102724.000000
0.000000	102724.000000
0.000000	102724.000000
0.000000	102724.000000
0.000000	102724.000000
0.000000	102724.000000
0.000000	102724.000000
0.000000	102724.000000
0.000000	102724.000000
0.000000	102724.000000
0.000000	102724.000000
0.000000	102724.000000
0.000000	102724.000000
0.000000	102724.000000
0.000000	102724.000000
0.000000	102725.000000
0.000000	102725.000000
0.000000	102725.000000
0.000000	102725.000000
0.000000	102725.000000
0.000000	102725.000000
0.000000	102725.000000
0.000000	102725.000000
0.000000	102725.000000
0.000000	102725.000000
0.000000	102725.000000
0.000000	102725.000000
0.000000	102725.000000
0.000000	102725.000000
0.000000	102725.000000
0.000000	102725.000000
0.000000	102725.000000
0.000000	102725.000000
0.000000	102725.000000
0.000000	102726.000000
0.000000	102726.000000
0.000000	102726.000000
0.000000	102726.000000
0.000000	102726.000000
0.000000	102726.000000
0.000000	102726.000000
0.000000	102726.000000
0.000000	102726.000000
0.000000	102726.000000
0.000000	102726.000000
0.000000	102726.000000
0.000000	102726.000000
0.000000	102726.000000
0.000000	102726.000000
0.000000	102726.000000
0.000000	102726.000000
0.000000	102727.000000
0.000000	102727.000000
0.000000	102727.000000
0.000000	102727.000000
0.000000	102727.000000
0.000000	102727.000000
0.000000	102727.000000
0.000000	102727.000000
0.000000	102727.000000
0.000000	102727.000000
0.000000	102727.000000
0.000000	102727.000000
0.000000	102727.000000
0.000000	102727.000000
0.000000	102727.000000
0.000000	102727.000000
0.000000	102727.000000
0.000000	102728.000000
0.000000	102728.000000
0.000000	102728.000000
0.000000	102728.000000
0.000000	102728.000000
0.000000	102728.000000
0.000000	102728.000000
0.000000	102728.000000
0.000000	102728.000000
0.000000	102728.000000
0.000000	102728.000000
0.000000	102728.000000
0.000000	102728.000000
0.000000	102728.000000
0.000000	102728.000000
0.000000	102728.000000
0.000000	102728.000000
0.000000	102729.000000
0.000000	102729.000000
0.000000	102729.000000
0.000000	102729.000000
0.000000	102729.000000
0.000000	102729.000000
0.000000	102729.000000
0.000000	102729.000000
0.000000	102729.000000
0.000000	102729.000000
0.000000	102729.000000
0.000000	102729.000000
0.000000	102729.000000
0.000000	102729.000000
0.000000	102729.000000
0.000000	102729.000000
0.000000	102729.000000
0.000000	102730.000000
0.000000	102730.000000
0.000000	102730.000000
0.000000	102730.000000
0.000000	102730.000000
0.000000	102730.000000
0.000000	102730.000000
0.000000	102730.000000
0.000000	102730.000000
0.000000	102730.000000
0.000000	102730.000000
0.000000	102730.000000
0.000000	102730.000000
0.000000	102730.000000
0.000000	102730.000000
0.000000	102730.000000
0.000000	102730.000000
0.000000	102731.000000
0.000000	102731.000000
0.000000	102731.000000
0.000000	102731.000000
0.000000	102731.000000
0.000000	102731.000000
0.000000	102731.000000
0.000000	102731.000000
0.000000	102731.000000
0.000000	102731.000000
0.000000	102731.000000
0.000000	102731.000000
0.000000	102731.000000
0.000000	102731.000000
0.000000	102731.000000
0.000000	102731.000000
0.000000	102731.000000
0.000000	102732.000000
0.000000	102732.000000
0.000000	102732.000000
0.000000	102732.000000
0.000000	102732.000000
0.000000	102732.000000
0.000000	102732.000000
0.000000	102732.000000
0.000000	102732.000000
0.000000	102732.000000
0.000000	102732.000000
0.000000	102732.000000
0.000000	102732.000000
0.000000	102732.000000
0.000000	102732.000000
0.000000	102732.000000
0.000000	102732.000000
0.000000	102733.000000
0.000000	102733.000000
0.000000	102733.000000
0.000000	102733.000000
0.000000	102733.000000
0.000000	102733.000000
0.000000	102733.000000
0.000000	102733.000000
0.000000	102733.000000
0.000000	102733.000000
0.000000	102733.000000
0.000000	102733.000000
0.000000	102733.000000
0.000000	102733.000000
0.000000	102733.000000
0.000000	102733.000000
0.000000	102733.000000
0.000000	102733.000000
0.000000	102734.000000
0.000000	102734.000000
0.000000	102734.000000
0.000000	102734.000000
0.000000	102734.000000
0.000000	102734.000000
0.000000	102734.000000
0.000000	102734.000000
0.000000	102734.000000
0.000000	102734.000000
0.000000	102734.000000
0.000000	102734.000000
0.000000	102734.000000
0.000000	102734.000000
0.000000	102734.000000
0.000000	102734.000000
0.000000	102734.000000
0.000000	102735.000000
0.000000	102735.000000
0.000000	102735.000000
0.000000	102735.000000
0.000000	102735.000000
0.000000	102735.000000
0.000000	102735.000000
0.000000	102735.000000
0.000000	102735.000000
0.000000	102735.000000
0.000000	102735.000000
0.000000	102735.000000
0.000000	102735.000000
0.000000	102735.000000
0.000000	102735.000000
0.000000	102735.000000
0.000000	102735.000000
0.000000	102736.000000
0.000000	102736.000000
0.000000	102736.000000
0.000000	102736.000000
0.000000	102736.000000
0.000000	102736.000000
0.000000	102736.000000
0.000000	102736.000000
0.000000	102736.000000
0.000000	102736.000000
0.000000	102736.000000
0.000000	102736.000000
0.000000	102736.000000
0.000000	102736.000000
0.000000	102736.000000
0.000000	102736.000000
0.000000	102736.000000
0.000000	102737.000000
0.000000	102737.000000
0.000000	102737.000000
0.000000	102737.000000
0.000000	102737.000000
0.000000	102737.000000
0.000000	102737.000000
0.000000	102737.000000
0.000000	102737.000000
0.000000	102737.000000
0.000000	102737.000000
0.000000	102737.000000
0.000000	102737.000000
0.000000	102737.000000
0.000000	102737.000000
0.000000	102737.000000
0.000000	102737.000000
0.000000	102738.000000
0.000000	102738.000000
0.000000	102738.000000
0.000000	102738.000000
0.000000	102738.000000
0.000000	102738.000000
0.000000	102738.000000
0.000000	102738.000000
0.000000	102738.000000
0.000000	102738.000000
0.000000	102738.000000
0.000000	102738.000000
0.000000	102738.000000
0.000000	102738.000000
0.000000	102738.000000
0.000000	102738.000000
0.000000	102738.000000
0.000000	102739.000000
0.000000	102739.000000
0.000000	102739.000000
0.000000	102739.000000
0.000000	102739.000000
0.000000	102739.000000
0.000000	102739.000000
0.000000	102739.000000
0.000000	102739.000000
0.000000	102739.000000
0.000000	102739.000000
0.000000	102739.000000
0.000000	102739.000000
0.000000	102739.000000
0.000000	102739.000000
0.000000	102739.000000
0.000000	102739.000000
0.000000	102740.000000
0.000000	102740.000000
0.000000	102740.000000
0.000000	102740.000000
0.000000	102740.000000
0.000000	102740.000000
0.000000	102740.000000
0.000000	102740.000000
0.000000	102740.000000
0.000000	102740.000000
0.000000	102740.000000
0.000000	102740.000000
0.000000	102740.000000
0.000000	102740.000000
0.000000	102740.000000
0.000000	102740.000000
0.000000	102740.000000
0.000000	102741.000000
0.000000	102741.000000
0.000000	102741.000000
0.000000	102741.000000
0.000000	102741.000000
0.000000	102741.000000
0.000000	102741.000000
0.000000	102741.000000
0.000000	102741.000000
0.000000	102741.000000
0.000000	102741.000000
0.000000	102741.000000
0.000000	102741.000000
0.000000	102741.000000
0.000000	102741.000000
0.000000	102741.000000
0.000000	102741.000000
0.000000	102742.000000
0.000000	102742.000000
0.000000	102742.000000
0.000000	102742.000000
0.000000	102742.000000
0.000000	102742.000000
0.000000	102742.000000
0.000000	102742.000000
0.000000	102742.000000
0.000000	102742.000000
0.000000	102742.000000
0.000000	102742.000000
0.000000	102742.000000
0.000000	102742.000000
0.000000	102742.000000
0.000000	102742.000000
0.000000	102742.000000
0.000000	102743.000000
0.000000	102743.000000
0.000000	102743.000000
0.000000	102743.000000
0.000000	102743.000000
0.000000	102743.000000
0.000000	102743.000000
0.000000	102743.000000
0.000000	102743.000000
0.000000	102743.000000
0.000000	102743.000000
0.000000	102743.000000
0.000000	102743.000000
0.000000	102743.000000
0.000000	102743.000000
0.000000	102743.000000
0.000000	102743.000000
0.000000	102744.000000
0.000000	102744.000000
0.000000	102744.000000
0.000000	102744.000000
0.000000	102744.000000
0.000000	102744.000000
0.000000	102744.000000
0.000000	102744.000000
0.000000	102744.000000
0.000000	102744.000000
0.000000	102744.000000
0.000000	102744.000000
0.000000	102744.000000
0.000000	102744.000000
0.000000	102744.000000
0.000000	102744.000000
0.000000	102744.000000
0.000000	102745.000000
0.000000	102745.000000
0.000000	102745.000000
0.000000	102745.000000
0.000000	102745.000000
0.000000	102745.000000
0.000000	102745.000000
0.000000	102745.000000
0.000000	102745.000000
0.000000	102745.000000
0.000000	102745.000000
0.000000	102745.000000
0.000000	102745.000000
0.000000	102745.000000
0.000000	102745.000000
0.000000	102745.000000
0.000000	102745.000000
0.000000	102746.000000
0.000000	102746.000000
0.000000	102746.000000
0.000000	102746.000000
0.000000	102746.000000
0.000000	102746.000000
0.000000	102746.000000
0.000000	102746.000000
0.000000	102746.000000
0.000000	102746.000000
0.000000	102746.000000
0.000000	102746.000000
0.000000	102746.000000
0.000000	102746.000000
0.000000	102746.000000
0.000000	102746.000000
0.000000	102746.000000
0.000000	102747.000000
0.000000	102747.000000
0.000000	102747.000000
0.000000	102747.000000
0.000000	102747.000000
0.000000	102747.000000
0.000000	102747.000000
0.000000	102747.000000
0.000000	102747.000000
0.000000	102747.000000
0.000000	102747.000000
0.000000	102747.000000
0.000000	102747.000000
0.000000	102747.000000
0.000000	102747.000000
0.000000	102747.000000
0.000000	102747.000000
0.000000	102748.000000
0.000000	102748.000000
0.000000	102748.000000
0.000000	102748.000000
0.000000	102748.000000
0.000000	102748.000000
0.000000	102748.000000
0.000000	102748.000000
0.000000	102748.000000
0.000000	102748.000000
0.000000	102748.000000
0.000000	102748.000000
0.000000	102748.000000
0.000000	102748.000000
0.000000	102748.000000
0.000000	102748.000000
0.000000	102749.000000
0.000000	102749.000000
0.000000	102749.000000
0.000000	102749.000000
0.000000	102749.000000
0.000000	102749.000000
0.000000	102749.000000
0.000000	102749.000000
0.000000	102749.000000
0.000000	102749.000000
0.000000	102749.000000
0.000000	102749.000000
0.000000	102749.000000
0.000000	102749.000000
0.000000	102749.000000
0.000000	102749.000000
0.000000	102749.000000
0.000000	102749.000000
0.000000	102749.000000
0.000000	102750.000000
0.000000	102750.000000
0.000000	102750.000000
0.000000	102750.000000
0.000000	102750.000000
0.000000	102750.000000
0.000000	102750.000000
0.000000	102750.000000
0.000000	102750.000000
0.000000	102750.000000
0.000000	102750.000000
0.000000	102750.000000
0.000000	102750.000000
0.000000	102750.000000
0.000000	102750.000000
0.000000	102750.000000
0.000000	102750.000000
0.000000	102751.000000
0.000000	102751.000000
0.000000	102751.000000
0.000000	102751.000000
0.000000	102751.000000
0.000000	102751.000000
0.000000	102751.000000
0.000000	102751.000000
0.000000	102751.000000
0.000000	102751.000000
0.000000	102751.000000
0.000000	102751.000000
0.000000	102751.000000
0.000000	102751.000000
0.000000	102751.000000
0.000000	102751.000000
0.000000	102751.000000
0.000000	102752.000000
0.000000	102752.000000
0.000000	102752.000000
0.000000	102752.000000
0.000000	102752.000000
0.000000	102752.000000
0.000000	102752.000000
0.000000	102752.000000
0.000000	102752.000000
0.000000	102752.000000
0.000000	102752.000000
0.000000	102752.000000
0.000000	102752.000000
0.000000	102752.000000
0.000000	102752.000000
0.000000	102752.000000
0.000000	102752.000000
0.000000	102753.000000
0.000000	102753.000000
0.000000	102753.000000
0.000000	102753.000000
0.000000	102753.000000
0.000000	102753.000000
0.000000	102753.000000
0.000000	102753.000000
0.000000	102753.000000
0.000000	102753.000000
0.000000	102753.000000
0.000000	102753.000000
0.000000	102753.000000
0.000000	102753.000000
0.000000	102753.000000
0.000000	102753.000000
0.000000	102753.000000
0.000000	102754.000000
0.000000	102754.000000
0.000000	102754.000000
0.000000	102754.000000
0.000000	102754.000000
0.000000	102754.000000
0.000000	102754.000000
0.000000	102754.000000
0.000000	102754.000000
0.000000	102754.000000
0.000000	102754.000000
0.000000	102754.000000
0.000000	102754.000000
0.000000	102754.000000
0.000000	102754.000000
0.000000	102754.000000
0.000000	102754.000000
0.000000	102755.000000
0.000000	102755.000000
0.000000	102755.000000
0.000000	102755.000000
0.000000	102755.000000
0.000000	102755.000000
0.000000	102755.000000
0.000000	102755.000000
0.000000	102755.000000
0.000000	102755.000000
0.000000	102755.000000
0.000000	102755.000000
0.000000	102755.000000
0.000000	102755.000000
0.000000	102755.000000
0.000000	102755.000000
0.000000	102755.000000
0.000000	102756.000000
0.000000	102756.000000
0.000000	102756.000000
0.000000	102756.000000
0.000000	102756.000000
0.000000	102756.000000
0.000000	102756.000000
0.000000	102756.000000
0.000000	102756.000000
0.000000	102756.000000
0.000000	102756.000000
0.000000	102756.000000
0.000000	102756.000000
0.000000	102756.000000
0.000000	102756.000000
0.000000	102756.000000
0.000000	102756.000000
0.000000	102757.000000
0.000000	102757.000000
0.000000	102757.000000
0.000000	102757.000000
0.000000	102757.000000
0.000000	102757.000000
0.000000	102757.000000
0.000000	102757.000000
0.000000	102757.000000
0.000000	102757.000000
0.000000	102757.000000
0.000000	102757.000000
0.000000	102757.000000
0.000000	102757.000000
0.000000	102757.000000
0.000000	102757.000000
0.000000	102757.000000
0.000000	102758.000000
0.000000	102758.000000
0.000000	102758.000000
0.000000	102758.000000
0.000000	102758.000000
0.000000	102758.000000
0.000000	102758.000000
0.000000	102758.000000
0.000000	102758.000000
0.000000	102758.000000
0.000000	102758.000000
0.000000	102758.000000
0.000000	102758.000000
0.000000	102758.000000
0.000000	102758.000000
0.000000	102758.000000
0.000000	102758.000000
0.000000	102759.000000
0.000000	102759.000000
0.000000	102759.000000
0.000000	102759.000000
0.000000	102759.000000
0.000000	102759.000000
0.000000	102759.000000
0.000000	102759.000000
0.000000	102759.000000
0.000000	102759.000000
0.000000	102759.000000
0.000000	102759.000000
0.000000	102759.000000
0.000000	102759.000000
0.000000	102759.000000
0.000000	102759.000000
0.000000	102759.000000
0.000000	102800.000000
0.000000	102800.000000
0.000000	102800.000000
0.000000	102800.000000
0.000000	102800.000000
0.000000	102800.000000
0.000000	102800.000000
0.000000	102800.000000
0.000000	102800.000000
0.000000	102800.000000
0.000000	102800.000000
0.000000	102800.000000
0.000000	102800.000000
0.000000	102800.000000
0.000000	102800.000000
0.000000	102800.000000
0.000000	102800.000000
0.000000	102801.000000
0.000000	102801.000000
0.000000	102801.000000
0.000000	102801.000000
0.000000	102801.000000
0.000000	102801.000000
0.000000	102801.000000
0.000000	102801.000000
0.000000	102801.000000
0.000000	102801.000000
0.000000	102801.000000
0.000000	102801.000000
0.000000	102801.000000
0.000000	102801.000000
0.000000	102801.000000
0.000000	102801.000000
0.000000	102801.000000
0.000000	102802.000000
0.000000	102802.000000
0.000000	102802.000000
0.000000	102802.000000
0.000000	102802.000000
0.000000	102802.000000
0.000000	102802.000000
0.000000	102802.000000
0.000000	102802.000000
0.000000	102802.000000
0.000000	102802.000000
0.000000	102802.000000
0.000000	102802.000000
0.000000	102802.000000
0.000000	102802.000000
0.000000	102802.000000
0.000000	102803.000000
0.000000	102803.000000
0.000000	102803.000000
0.000000	102803.000000
0.000000	102803.000000
0.000000	102803.000000
0.000000	102803.000000
0.000000	102803.000000
0.000000	102803.000000
0.000000	102803.000000
0.000000	102803.000000
0.000000	102803.000000
0.000000	102803.000000
0.000000	102803.000000
0.000000	102803.000000
0.000000	102803.000000
0.000000	102803.000000
0.000000	102804.000000
0.000000	102804.000000
0.000000	102804.000000
0.000000	102804.000000
0.000000	102804.000000
0.000000	102804.000000
0.000000	102804.000000
0.000000	102804.000000
0.000000	102804.000000
0.000000	102804.000000
0.000000	102804.000000
0.000000	102804.000000
0.000000	102804.000000
0.000000	102804.000000
0.000000	102804.000000
0.000000	102804.000000
0.000000	102804.000000
0.000000	102804.000000
0.000000	102804.000000
0.000000	102805.000000
0.000000	102805.000000
0.000000	102805.000000
0.000000	102805.000000
0.000000	102805.000000
0.000000	102805.000000
0.000000	102805.000000
0.000000	102805.000000
0.000000	102805.000000
0.000000	102805.000000
0.000000	102805.000000
0.000000	102805.000000
0.000000	102805.000000
0.000000	102805.000000
0.000000	102805.000000
0.000000	102805.000000
0.000000	102805.000000
0.000000	102806.000000
0.000000	102806.000000
0.000000	102806.000000
0.000000	102806.000000
0.000000	102806.000000
0.000000	102806.000000
0.000000	102806.000000
0.000000	102806.000000
0.000000	102806.000000
0.000000	102806.000000
0.000000	102806.000000
0.000000	102806.000000
0.000000	102806.000000
0.000000	102806.000000
0.000000	102806.000000
0.000000	102806.000000
0.000000	102806.000000
0.000000	102807.000000
0.000000	102807.000000
0.000000	102807.000000
0.000000	102807.000000
0.000000	102807.000000
0.000000	102807.000000
0.000000	102807.000000
0.000000	102807.000000
0.000000	102807.000000
0.000000	102807.000000
0.000000	102807.000000
0.000000	102807.000000
0.000000	102807.000000
0.000000	102807.000000
0.000000	102807.000000
0.000000	102807.000000
0.000000	102807.000000
0.000000	102808.000000
0.000000	102808.000000
0.000000	102808.000000
0.000000	102808.000000
0.000000	102808.000000
0.000000	102808.000000
0.000000	102808.000000
0.000000	102808.000000
0.000000	102808.000000
0.000000	102808.000000
0.000000	102808.000000
0.000000	102808.000000
0.000000	102808.000000
0.000000	102808.000000
0.000000	102808.000000
0.000000	102808.000000
0.000000	102808.000000
0.000000	102809.000000
0.000000	102809.000000
0.000000	102809.000000
0.000000	102809.000000
0.000000	102809.000000
0.000000	102809.000000
0.000000	102809.000000
0.000000	102809.000000
0.000000	102809.000000
0.000000	102809.000000
0.000000	102809.000000
0.000000	102809.000000
0.000000	102809.000000
0.000000	102809.000000
0.000000	102809.000000
0.000000	102809.000000
0.000000	102809.000000
0.000000	102810.000000
0.000000	102810.000000
0.000000	102810.000000
0.000000	102810.000000
0.000000	102810.000000
0.000000	102810.000000
0.000000	102810.000000
0.000000	102810.000000
0.000000	102810.000000
0.000000	102810.000000
0.000000	102810.000000
0.000000	102810.000000
0.000000	102810.000000
0.000000	102810.000000
0.000000	102810.000000
0.000000	102810.000000
0.000000	102810.000000
0.000000	102811.000000
0.000000	102811.000000
0.000000	102811.000000
0.000000	102811.000000
0.000000	102811.000000
0.000000	102811.000000
0.000000	102811.000000
0.000000	102811.000000
0.000000	102811.000000
0.000000	102811.000000
0.000000	102811.000000
0.000000	102811.000000
0.000000	102811.000000
0.000000	102811.000000
0.000000	102811.000000
0.000000	102811.000000
0.000000	102811.000000
0.000000	102812.000000
0.000000	102812.000000
0.000000	102812.000000
0.000000	102812.000000
0.000000	102812.000000
0.000000	102812.000000
0.000000	102812.000000
0.000000	102812.000000
0.000000	102812.000000
0.000000	102812.000000
0.000000	102812.000000
0.000000	102812.000000
0.000000	102812.000000
0.000000	102812.000000
0.000000	102812.000000
0.000000	102812.000000
0.000000	102812.000000
0.000000	102813.000000
0.000000	102813.000000
0.000000	102813.000000
0.000000	102813.000000
0.000000	102813.000000
0.000000	102813.000000
0.000000	102813.000000
0.000000	102813.000000
0.000000	102813.000000
0.000000	102813.000000
0.000000	102813.000000
0.000000	102813.000000
0.000000	102813.000000
0.000000	102813.000000
0.000000	102813.000000
0.000000	102813.000000
0.000000	102813.000000
0.000000	102814.000000
0.000000	102814.000000
0.000000	102814.000000
0.000000	102814.000000
0.000000	102814.000000
0.000000	102814.000000
0.000000	102814.000000
0.000000	102814.000000
0.000000	102814.000000
0.000000	102814.000000
0.000000	102814.000000
0.000000	102814.000000
0.000000	102814.000000
0.000000	102814.000000
0.000000	102814.000000
0.000000	102814.000000
0.000000	102814.000000
0.000000	102815.000000
0.000000	102815.000000
0.000000	102815.000000
0.000000	102815.000000
0.000000	102815.000000
0.000000	102815.000000
0.000000	102815.000000
0.000000	102815.000000
0.000000	102815.000000
0.000000	102815.000000
0.000000	102815.000000
0.000000	102815.000000
0.000000	102815.000000
0.000000	102815.000000
0.000000	102815.000000
0.000000	102815.000000
0.000000	102815.000000
0.000000	102816.000000
0.000000	102816.000000
0.000000	102816.000000
0.000000	102816.000000
0.000000	102816.000000
0.000000	102816.000000
0.000000	102816.000000
0.000000	102816.000000
0.000000	102816.000000
0.000000	102816.000000
0.000000	102816.000000
0.000000	102816.000000
0.000000	102816.000000
0.000000	102816.000000
0.000000	102816.000000
0.000000	102816.000000
0.000000	102816.000000
0.000000	102817.000000
0.000000	102817.000000
0.000000	102817.000000
0.000000	102817.000000
0.000000	102817.000000
0.000000	102817.000000
0.000000	102817.000000
0.000000	102817.000000
0.000000	102817.000000
0.000000	102817.000000
0.000000	102817.000000
0.000000	102817.000000
0.000000	102817.000000
0.000000	102817.000000
0.000000	102817.000000
0.000000	102817.000000
0.000000	102817.000000
0.000000	102818.000000
0.000000	102818.000000
0.000000	102818.000000
0.000000	102818.000000
0.000000	102818.000000
0.000000	102818.000000
0.000000	102818.000000
0.000000	102818.000000
0.000000	102818.000000
0.000000	102818.000000
0.000000	102818.000000
0.000000	102818.000000
0.000000	102818.000000
0.000000	102818.000000
0.000000	102818.000000
0.000000	102818.000000
0.000000	102818.000000
0.000000	102818.000000
0.000000	102819.000000
0.000000	102819.000000
0.000000	102819.000000
0.000000	102819.000000
0.000000	102819.000000
0.000000	102819.000000
0.000000	102819.000000
0.000000	102819.000000
0.000000	102819.000000
0.000000	102819.000000
0.000000	102819.000000
0.000000	102819.000000
0.000000	102819.000000
0.000000	102819.000000
0.000000	102819.000000
0.000000	102819.000000
0.000000	102819.000000
0.000000	102820.000000
0.000000	102820.000000
0.000000	102820.000000
0.000000	102820.000000
0.000000	102820.000000
0.000000	102820.000000
0.000000	102820.000000
0.000000	102820.000000
0.000000	102820.000000
0.000000	102820.000000
0.000000	102820.000000
0.000000	102820.000000
0.000000	102820.000000
0.000000	102820.000000
0.000000	102820.000000
0.000000	102820.000000
0.000000	102820.000000
0.000000	102821.000000
0.000000	102821.000000
0.000000	102821.000000
0.000000	102821.000000
0.000000	102821.000000
0.000000	102821.000000
0.000000	102821.000000
0.000000	102821.000000
0.000000	102821.000000
0.000000	102821.000000
0.000000	102821.000000
0.000000	102821.000000
0.000000	102821.000000
0.000000	102821.000000
0.000000	102821.000000
0.000000	102821.000000
0.000000	102821.000000
0.000000	102822.000000
0.000000	102822.000000
0.000000	102822.000000
0.000000	102822.000000
0.000000	102822.000000
0.000000	102822.000000
0.000000	102822.000000
0.000000	102822.000000
0.000000	102822.000000
0.000000	102822.000000
0.000000	102822.000000
0.000000	102822.000000
0.000000	102822.000000
0.000000	102822.000000
0.000000	102822.000000
0.000000	102822.000000
0.000000	102822.000000
0.000000	102823.000000
0.000000	102823.000000
0.000000	102823.000000
0.000000	102823.000000
0.000000	102823.000000
0.000000	102823.000000
0.000000	102823.000000
0.000000	102823.000000
0.000000	102823.000000
0.000000	102823.000000
0.000000	102823.000000
0.000000	102823.000000
0.000000	102823.000000
0.000000	102823.000000
0.000000	102823.000000
0.000000	102823.000000
0.000000	102823.000000
0.000000	102824.000000
0.000000	102824.000000
0.000000	102824.000000
0.000000	102824.000000
0.000000	102824.000000
0.000000	102824.000000
0.000000	102824.000000
0.000000	102824.000000
0.000000	102824.000000
0.000000	102824.000000
0.000000	102824.000000
0.000000	102824.000000
0.000000	102824.000000
0.000000	102824.000000
0.000000	102824.000000
0.000000	102824.000000
0.000000	102824.000000
0.000000	102825.000000
0.000000	102825.000000
0.000000	102825.000000
0.000000	102825.000000
0.000000	102825.000000
0.000000	102825.000000
0.000000	102825.000000
0.000000	102825.000000
0.000000	102825.000000
0.000000	102825.000000
0.000000	102825.000000
0.000000	102825.000000
0.000000	102825.000000
0.000000	102825.000000
0.000000	102825.000000
0.000000	102825.000000
0.000000	102825.000000
0.000000	102826.000000
0.000000	102826.000000
0.000000	102826.000000
0.000000	102826.000000
0.000000	102826.000000
0.000000	102826.000000
0.000000	102826.000000
0.000000	102826.000000
0.000000	102826.000000
0.000000	102826.000000
0.000000	102826.000000
0.000000	102826.000000
0.000000	102826.000000
0.000000	102826.000000
0.000000	102826.000000
0.000000	102826.000000
0.000000	102826.000000
0.000000	102827.000000
0.000000	102827.000000
0.000000	102827.000000
0.000000	102827.000000
0.000000	102827.000000
0.000000	102827.000000
0.000000	102827.000000
0.000000	102827.000000
0.000000	102827.000000
0.000000	102827.000000
0.000000	102827.000000
0.000000	102827.000000
0.000000	102827.000000
0.000000	102827.000000
0.000000	102827.000000
0.000000	102827.000000
0.000000	102827.000000
0.000000	102828.000000
0.000000	102828.000000
0.000000	102828.000000
0.000000	102828.000000
0.000000	102828.000000
0.000000	102828.000000
0.000000	102828.000000
0.000000	102828.000000
0.000000	102828.000000
0.000000	102828.000000
0.000000	102828.000000
0.000000	102828.000000
0.000000	102828.000000
0.000000	102828.000000
0.000000	102828.000000
0.000000	102828.000000
0.000000	102828.000000
0.000000	102829.000000
0.000000	102829.000000
0.000000	102829.000000
0.000000	102829.000000
0.000000	102829.000000
0.000000	102829.000000
0.000000	102829.000000
0.000000	102829.000000
0.000000	102829.000000
0.000000	102829.000000
0.000000	102829.000000
0.000000	102829.000000
0.000000	102829.000000
0.000000	102829.000000
0.000000	102829.000000
0.000000	102829.000000
0.000000	102829.000000
0.000000	102830.000000
0.000000	102830.000000
0.000000	102830.000000
0.000000	102830.000000
0.000000	102830.000000
0.000000	102830.000000
0.000000	102830.000000
0.000000	102830.000000
0.000000	102830.000000
0.000000	102830.000000
0.000000	102830.000000
0.000000	102830.000000
0.000000	102830.000000
0.000000	102830.000000
0.000000	102830.000000
0.000000	102830.000000
0.000000	102830.000000
0.000000	102831.000000
0.000000	102831.000000
0.000000	102831.000000
0.000000	102831.000000
0.000000	102831.000000
0.000000	102831.000000
0.000000	102831.000000
0.000000	102831.000000
0.000000	102831.000000
0.000000	102831.000000
0.000000	102831.000000
0.000000	102831.000000
0.000000	102831.000000
0.000000	102831.000000
0.000000	102831.000000
0.000000	102831.000000
0.000000	102831.000000
0.000000	102832.000000
0.000000	102832.000000
0.000000	102832.000000
0.000000	102832.000000
0.000000	102832.000000
0.000000	102832.000000
0.000000	102832.000000
0.000000	102832.000000
0.000000	102832.000000
0.000000	102832.000000
0.000000	102832.000000
0.000000	102832.000000
0.000000	102832.000000
0.000000	102832.000000
0.000000	102832.000000
0.000000	102832.000000
0.000000	102832.000000
0.000000	102833.000000
0.000000	102833.000000
0.000000	102833.000000
0.000000	102833.000000
0.000000	102833.000000
0.000000	102833.000000
0.000000	102833.000000
0.000000	102833.000000
0.000000	102833.000000
0.000000	102833.000000
0.000000	102833.000000
0.000000	102833.000000
0.000000	102833.000000
0.000000	102833.000000
0.000000	102833.000000
0.000000	102833.000000
0.000000	102833.000000
0.000000	102833.000000
0.000000	102834.000000
0.000000	102834.000000
0.000000	102834.000000
0.000000	102834.000000
0.000000	102834.000000
0.000000	102834.000000
0.000000	102834.000000
0.000000	102834.000000
0.000000	102834.000000
0.000000	102834.000000
0.000000	102834.000000
0.000000	102834.000000
0.000000	102834.000000
0.000000	102834.000000
0.000000	102834.000000
0.000000	102834.000000
0.000000	102834.000000
0.000000	102835.000000
0.000000	102835.000000
0.000000	102835.000000
0.000000	102835.000000
0.000000	102835.000000
0.000000	102835.000000
0.000000	102835.000000
0.000000	102835.000000
0.000000	102835.000000
0.000000	102835.000000
0.000000	102835.000000
0.000000	102835.000000
0.000000	102835.000000
0.000000	102835.000000
0.000000	102835.000000
0.000000	102835.000000
0.000000	102835.000000
0.000000	102836.000000
0.000000	102836.000000
0.000000	102836.000000
0.000000	102836.000000
0.000000	102836.000000
0.000000	102836.000000
0.000000	102836.000000
0.000000	102836.000000
0.000000	102836.000000
0.000000	102836.000000
0.000000	102836.000000
0.000000	102836.000000
0.000000	102836.000000
0.000000	102836.000000
0.000000	102836.000000
0.000000	102836.000000
0.000000	102836.000000
0.000000	102837.000000
0.000000	102837.000000
0.000000	102837.000000
0.000000	102837.000000
0.000000	102837.000000
0.000000	102837.000000
0.000000	102837.000000
0.000000	102837.000000
0.000000	102837.000000
0.000000	102837.000000
0.000000	102837.000000
0.000000	102837.000000
0.000000	102837.000000
0.000000	102837.000000
0.000000	102837.000000
0.000000	102837.000000
0.000000	102837.000000
0.000000	102838.000000
0.000000	102838.000000
0.000000	102838.000000
0.000000	102838.000000
0.000000	102838.000000
0.000000	102838.000000
0.000000	102838.000000
0.000000	102838.000000
0.000000	102838.000000
0.000000	102838.000000
0.000000	102838.000000
0.000000	102838.000000
0.000000	102838.000000
0.000000	102838.000000
0.000000	102838.000000
0.000000	102838.000000
0.000000	102838.000000
0.000000	102839.000000
0.000000	102839.000000
0.000000	102839.000000
0.000000	102839.000000
0.000000	102839.000000
0.000000	102839.000000
0.000000	102839.000000
0.000000	102839.000000
0.000000	102839.000000
0.000000	102839.000000
0.000000	102839.000000
0.000000	102839.000000
0.000000	102839.000000
0.000000	102839.000000
0.000000	102839.000000
0.000000	102839.000000
0.000000	102839.000000
0.000000	102840.000000
0.000000	102840.000000
0.000000	102840.000000
0.000000	102840.000000
0.000000	102840.000000
0.000000	102840.000000
0.000000	102840.000000
0.000000	102840.000000
0.000000	102840.000000
0.000000	102840.000000
0.000000	102840.000000
0.000000	102840.000000
0.000000	102840.000000
0.000000	102840.000000
0.000000	102840.000000
0.000000	102840.000000
0.000000	102840.000000
0.000000	102841.000000
0.000000	102841.000000
0.000000	102841.000000
0.000000	102841.000000
0.000000	102841.000000
0.000000	102841.000000
0.000000	102841.000000
0.000000	102841.000000
0.000000	102841.000000
0.000000	102841.000000
0.000000	102841.000000
0.000000	102841.000000
0.000000	102841.000000
0.000000	102841.000000
0.000000	102841.000000
0.000000	102841.000000
0.000000	102841.000000
0.000000	102842.000000
0.000000	102842.000000
0.000000	102842.000000
0.000000	102842.000000
0.000000	102842.000000
0.000000	102842.000000
0.000000	102842.000000
0.000000	102842.000000
0.000000	102842.000000
0.000000	102842.000000
0.000000	102842.000000
0.000000	102842.000000
0.000000	102842.000000
0.000000	102842.000000
0.000000	102842.000000
0.000000	102842.000000
0.000000	102842.000000
0.000000	102843.000000
0.000000	102843.000000
0.000000	102843.000000
0.000000	102843.000000
0.000000	102843.000000
0.000000	102843.000000
0.000000	102843.000000
0.000000	102843.000000
0.000000	102843.000000
0.000000	102843.000000
0.000000	102843.000000
0.000000	102843.000000
0.000000	102843.000000
0.000000	102843.000000
0.000000	102843.000000
0.000000	102843.000000
0.000000	102843.000000
0.000000	102844.000000
0.000000	102844.000000
0.000000	102844.000000
0.000000	102844.000000
0.000000	102844.000000
0.000000	102844.000000
0.000000	102844.000000
0.000000	102844.000000
0.000000	102844.000000
0.000000	102844.000000
0.000000	102844.000000
0.000000	102844.000000
0.000000	102844.000000
0.000000	102844.000000
0.000000	102844.000000
0.000000	102844.000000
0.000000	102844.000000
0.000000	102845.000000
0.000000	102845.000000
0.000000	102845.000000
0.000000	102845.000000
0.000000	102845.000000
0.000000	102845.000000
0.000000	102845.000000
0.000000	102845.000000
0.000000	102845.000000
0.000000	102845.000000
0.000000	102845.000000
0.000000	102845.000000
0.000000	102845.000000
0.000000	102845.000000
0.000000	102845.000000
0.000000	102845.000000
0.000000	102845.000000
0.000000	102846.000000
0.000000	102846.000000
0.000000	102846.000000
0.000000	102846.000000
0.000000	102846.000000
0.000000	102846.000000
0.000000	102846.000000
0.000000	102846.000000
0.000000	102846.000000
0.000000	102846.000000
0.000000	102846.000000
0.000000	102846.000000
0.000000	102846.000000
0.000000	102846.000000
0.000000	102846.000000
0.000000	102846.000000
0.000000	102846.000000
0.000000	102847.000000
0.000000	102847.000000
0.000000	102847.000000
0.000000	102847.000000
0.000000	102847.000000
0.000000	102847.000000
0.000000	102847.000000
0.000000	102847.000000
0.000000	102847.000000
0.000000	102847.000000
0.000000	102847.000000
0.000000	102847.000000
0.000000	102847.000000
0.000000	102847.000000
0.000000	102847.000000
0.000000	102847.000000
0.000000	102847.000000
0.000000	102848.000000
0.000000	102848.000000
0.000000	102848.000000
0.000000	102848.000000
0.000000	102848.000000
0.000000	102848.000000
0.000000	102848.000000
0.000000	102848.000000
0.000000	102848.000000
0.000000	102848.000000
0.000000	102848.000000
0.000000	102848.000000
0.000000	102848.000000
0.000000	102848.000000
0.000000	102848.000000
0.000000	102848.000000
0.000000	102848.000000
0.000000	102848.000000
0.000000	102849.000000
0.000000	102849.000000
0.000000	102849.000000
0.000000	102849.000000
0.000000	102849.000000
0.000000	102849.000000
0.000000	102849.000000
0.000000	102849.000000
0.000000	102849.000000
0.000000	102849.000000
0.000000	102849.000000
0.000000	102849.000000
0.000000	102849.000000
0.000000	102849.000000
0.000000	102849.000000
0.000000	102849.000000
0.000000	102849.000000
0.000000	102850.000000
0.000000	102850.000000
0.000000	102850.000000
0.000000	102850.000000
0.000000	102850.000000
0.000000	102850.000000
0.000000	102850.000000
0.000000	102850.000000
0.000000	102850.000000
0.000000	102850.000000
0.000000	102850.000000
0.000000	102850.000000
0.000000	102850.000000
0.000000	102850.000000
0.000000	102850.000000
0.000000	102850.000000
0.000000	102850.000000
0.000000	102851.000000
0.000000	102851.000000
0.000000	102851.000000
0.000000	102851.000000
0.000000	102851.000000
0.000000	102851.000000
0.000000	102851.000000
0.000000	102851.000000
0.000000	102851.000000
0.000000	102851.000000
0.000000	102851.000000
0.000000	102851.000000
0.000000	102851.000000
0.000000	102851.000000
0.000000	102851.000000
0.000000	102851.000000
0.000000	102851.000000
0.000000	102852.000000
0.000000	102852.000000
0.000000	102852.000000
0.000000	102852.000000
0.000000	102852.000000
0.000000	102852.000000
0.000000	102852.000000
0.000000	102852.000000
0.000000	102852.000000
0.000000	102852.000000
0.000000	102852.000000
0.000000	102852.000000
0.000000	102852.000000
0.000000	102852.000000
0.000000	102852.000000
0.000000	102852.000000
0.000000	102852.000000
0.000000	102853.000000
0.000000	102853.000000
0.000000	102853.000000
0.000000	102853.000000
0.000000	102853.000000
0.000000	102853.000000
0.000000	102853.000000
0.000000	102853.000000
0.000000	102853.000000
0.000000	102853.000000
0.000000	102853.000000
0.000000	102853.000000
0.000000	102853.000000
0.000000	102853.000000
0.000000	102853.000000
0.000000	102853.000000
0.000000	102853.000000
0.000000	102854.000000
0.000000	102854.000000
0.000000	102854.000000
0.000000	102854.000000
0.000000	102854.000000
0.000000	102854.000000
0.000000	102854.000000
0.000000	102854.000000
0.000000	102854.000000
0.000000	102854.000000
0.000000	102854.000000
0.000000	102854.000000
0.000000	102854.000000
0.000000	102854.000000
0.000000	102854.000000
0.000000	102854.000000
0.000000	102854.000000
0.000000	102855.000000
0.000000	102855.000000
0.000000	102855.000000
0.000000	102855.000000
0.000000	102855.000000
0.000000	102855.000000
0.000000	102855.000000
0.000000	102855.000000
0.000000	102855.000000
0.000000	102855.000000
0.000000	102855.000000
0.000000	102855.000000
0.000000	102855.000000
0.000000	102855.000000
0.000000	102855.000000
0.000000	102855.000000
0.000000	102855.000000
0.000000	102856.000000
0.000000	102856.000000
0.000000	102856.000000
0.000000	102856.000000
0.000000	102856.000000
0.000000	102856.000000
0.000000	102856.000000
0.000000	102856.000000
0.000000	102856.000000
0.000000	102856.000000
0.000000	102856.000000
0.000000	102856.000000
0.000000	102856.000000
0.000000	102856.000000
0.000000	102856.000000
0.000000	102856.000000
0.000000	102856.000000
0.000000	102857.000000
0.000000	102857.000000
0.000000	102857.000000
0.000000	102857.000000
0.000000	102857.000000
0.000000	102857.000000
0.000000	102857.000000
0.000000	102857.000000
0.000000	102857.000000
0.000000	102857.000000
0.000000	102857.000000
0.000000	102857.000000
0.000000	102857.000000
0.000000	102857.000000
0.000000	102857.000000
0.000000	102857.000000
0.000000	102857.000000
0.000000	102858.000000
0.000000	102858.000000
0.000000	102858.000000
0.000000	102858.000000
0.000000	102858.000000
0.000000	102858.000000
0.000000	102858.000000
0.000000	102858.000000
0.000000	102858.000000
0.000000	102858.000000
0.000000	102858.000000
0.000000	102858.000000
0.000000	102858.000000
0.000000	102858.000000
0.000000	102858.000000
0.000000	102858.000000
0.000000	102858.000000
0.000000	102859.000000
0.000000	102859.000000
0.000000	102859.000000
0.000000	102859.000000
0.000000	102859.000000
0.000000	102859.000000
0.000000	102859.000000
0.000000	102859.000000
0.000000	102859.000000
0.000000	102859.000000
0.000000	102859.000000
0.000000	102859.000000
0.000000	102859.000000
0.000000	102859.000000
0.000000	102859.000000
0.000000	102859.000000
0.000000	102859.000000
0.000000	102900.000000
0.000000	102900.000000
0.000000	102900.000000
0.000000	102900.000000
0.000000	102900.000000
0.000000	102900.000000
0.000000	102900.000000
0.000000	102900.000000
0.000000	102900.000000
0.000000	102900.000000
0.000000	102900.000000
0.000000	102900.000000
0.000000	102900.000000
0.000000	102900.000000
0.000000	102900.000000
0.000000	102900.000000
0.000000	102900.000000
0.000000	102901.000000
0.000000	102901.000000
0.000000	102901.000000
0.000000	102901.000000
0.000000	102901.000000
0.000000	102901.000000
0.000000	102901.000000
0.000000	102901.000000
0.000000	102901.000000
0.000000	102901.000000
0.000000	102901.000000
0.000000	102901.000000
0.000000	102901.000000
0.000000	102901.000000
0.000000	102901.000000
0.000000	102901.000000
0.000000	102901.000000
0.000000	102902.000000
0.000000	102902.000000
0.000000	102902.000000
0.000000	102902.000000
0.000000	102902.000000
0.000000	102902.000000
0.000000	102902.000000
0.000000	102902.000000
0.000000	102902.000000
0.000000	102902.000000
0.000000	102902.000000
0.000000	102902.000000
0.000000	102902.000000
0.000000	102902.000000
0.000000	102902.000000
0.000000	102902.000000
0.000000	102902.000000
0.000000	102903.000000
0.000000	102903.000000
0.000000	102903.000000
0.000000	102903.000000
0.000000	102903.000000
0.000000	102903.000000
0.000000	102903.000000
0.000000	102903.000000
0.000000	102903.000000
0.000000	102903.000000
0.000000	102903.000000
0.000000	102903.000000
0.000000	102903.000000
0.000000	102903.000000
0.000000	102903.000000
0.000000	102903.000000
0.000000	102903.000000
0.000000	102903.000000
0.000000	102904.000000
0.000000	102904.000000
0.000000	102904.000000
0.000000	102904.000000
0.000000	102904.000000
0.000000	102904.000000
0.000000	102904.000000
0.000000	102904.000000
0.000000	102904.000000
0.000000	102904.000000
0.000000	102904.000000
0.000000	102904.000000
0.000000	102904.000000
0.000000	102904.000000
0.000000	102904.000000
0.000000	102904.000000
0.000000	102904.000000
0.000000	102905.000000
0.000000	102905.000000
0.000000	102905.000000
0.000000	102905.000000
0.000000	102905.000000
0.000000	102905.000000
0.000000	102905.000000
0.000000	102905.000000
0.000000	102905.000000
0.000000	102905.000000
0.000000	102905.000000
0.000000	102905.000000
0.000000	102905.000000
0.000000	102905.000000
0.000000	102905.000000
0.000000	102905.000000
0.000000	102905.000000
0.000000	102906.000000
0.000000	102906.000000
0.000000	102906.000000
0.000000	102906.000000
0.000000	102906.000000
0.000000	102906.000000
0.000000	102906.000000
0.000000	102906.000000
0.000000	102906.000000
0.000000	102906.000000
0.000000	102906.000000
0.000000	102906.000000
0.000000	102906.000000
0.000000	102906.000000
0.000000	102906.000000
0.000000	102906.000000
0.000000	102906.000000
0.000000	102907.000000
0.000000	102907.000000
0.000000	102907.000000
0.000000	102907.000000
0.000000	102907.000000
0.000000	102907.000000
0.000000	102907.000000
0.000000	102907.000000
0.000000	102907.000000
0.000000	102907.000000
0.000000	102907.000000
0.000000	102907.000000
0.000000	102907.000000
0.000000	102907.000000
0.000000	102907.000000
0.000000	102907.000000
0.000000	102907.000000
0.000000	102908.000000
0.000000	102908.000000
0.000000	102908.000000
0.000000	102908.000000
0.000000	102908.000000
0.000000	102908.000000
0.000000	102908.000000
0.000000	102908.000000
0.000000	102908.000000
0.000000	102908.000000
0.000000	102908.000000
0.000000	102908.000000
0.000000	102908.000000
0.000000	102908.000000
0.000000	102908.000000
0.000000	102908.000000
0.000000	102908.000000
0.000000	102909.000000
0.000000	102909.000000
0.000000	102909.000000
0.000000	102909.000000
0.000000	102909.000000
0.000000	102909.000000
0.000000	102909.000000
0.000000	102909.000000
0.000000	102909.000000
0.000000	102909.000000
0.000000	102909.000000
0.000000	102909.000000
0.000000	102909.000000
0.000000	102909.000000
0.000000	102909.000000
0.000000	102909.000000
0.000000	102909.000000
0.000000	102910.000000
0.000000	102910.000000
0.000000	102910.000000
0.000000	102910.000000
0.000000	102910.000000
0.000000	102910.000000
0.000000	102910.000000
0.000000	102910.000000
0.000000	102910.000000
0.000000	102910.000000
0.000000	102910.000000
0.000000	102910.000000
0.000000	102910.000000
0.000000	102910.000000
0.000000	102910.000000
0.000000	102910.000000
0.000000	102910.000000
0.000000	102911.000000
0.000000	102911.000000
0.000000	102911.000000
0.000000	102911.000000
0.000000	102911.000000
0.000000	102911.000000
0.000000	102911.000000
