0.000000	122648.000000
0.000000	122648.000000
0.000000	122648.000000
0.000000	122648.000000
0.000000	122648.000000
0.000000	122648.000000
0.000000	122648.000000
0.000000	122648.000000
0.000000	122648.000000
0.000000	122649.000000
0.000000	122649.000000
0.000000	122649.000000
0.000000	122649.000000
0.000000	122649.000000
0.000000	122649.000000
0.000000	122649.000000
0.000000	122649.000000
0.000000	122649.000000
0.000000	122649.000000
0.000000	122649.000000
0.000000	122649.000000
0.000000	122649.000000
0.000000	122649.000000
0.000000	122649.000000
0.000000	122649.000000
0.000000	122649.000000
0.000000	122650.000000
0.000000	122650.000000
0.000000	122650.000000
0.000000	122650.000000
0.000000	122650.000000
0.000000	122650.000000
0.000000	122650.000000
0.000000	122650.000000
0.000000	122650.000000
0.000000	122650.000000
0.000000	122650.000000
0.000000	122650.000000
0.000000	122650.000000
0.000000	122650.000000
0.000000	122650.000000
0.000000	122650.000000
0.000000	122650.000000
0.000000	122651.000000
0.000000	122651.000000
0.000000	122651.000000
0.000000	122651.000000
0.000000	122651.000000
0.000000	122651.000000
0.000000	122651.000000
0.000000	122651.000000
0.000000	122651.000000
0.000000	122651.000000
0.000000	122651.000000
0.000000	122651.000000
0.000000	122651.000000
0.000000	122651.000000
0.000000	122651.000000
0.000000	122651.000000
0.000000	122651.000000
0.000000	122652.000000
0.000000	122652.000000
0.000000	122652.000000
0.000000	122652.000000
0.000000	122652.000000
0.000000	122652.000000
0.000000	122652.000000
0.000000	122652.000000
0.000000	122652.000000
0.000000	122652.000000
0.000000	122652.000000
0.000000	122652.000000
0.000000	122652.000000
0.000000	122652.000000
0.000000	122652.000000
0.000000	122652.000000
0.000000	122652.000000
0.000000	122653.000000
0.000000	122653.000000
0.000000	122653.000000
0.000000	122653.000000
0.000000	122653.000000
0.000000	122653.000000
0.000000	122653.000000
0.000000	122653.000000
0.000000	122653.000000
0.000000	122653.000000
0.000000	122653.000000
0.000000	122653.000000
0.000000	122653.000000
0.000000	122653.000000
0.000000	122653.000000
0.000000	122653.000000
0.000000	122653.000000
0.000000	122653.000000
0.000000	122654.000000
0.000000	122654.000000
0.000000	122654.000000
0.000000	122654.000000
0.000000	122654.000000
0.000000	122654.000000
0.000000	122654.000000
0.000000	122654.000000
0.000000	122654.000000
0.000000	122654.000000
0.000000	122654.000000
0.000000	122654.000000
0.000000	122654.000000
0.000000	122654.000000
0.000000	122654.000000
0.000000	122654.000000
0.000000	122654.000000
0.000000	122655.000000
0.000000	122655.000000
0.000000	122655.000000
0.000000	122655.000000
0.000000	122655.000000
0.000000	122655.000000
0.000000	122655.000000
0.000000	122655.000000
0.000000	122655.000000
0.000000	122655.000000
0.000000	122655.000000
0.000000	122655.000000
0.000000	122655.000000
0.000000	122655.000000
0.000000	122655.000000
0.000000	122655.000000
0.000000	122655.000000
0.000000	122656.000000
0.000000	122656.000000
0.000000	122656.000000
0.000000	122656.000000
0.000000	122656.000000
0.000000	122656.000000
0.000000	122656.000000
0.000000	122656.000000
0.000000	122656.000000
0.000000	122656.000000
0.000000	122656.000000
0.000000	122656.000000
0.000000	122656.000000
0.000000	122656.000000
0.000000	122656.000000
0.000000	122656.000000
0.000000	122656.000000
0.000000	122657.000000
0.000000	122657.000000
0.000000	122657.000000
0.000000	122657.000000
0.000000	122657.000000
0.000000	122657.000000
0.000000	122657.000000
0.000000	122657.000000
0.000000	122657.000000
0.000000	122657.000000
0.000000	122657.000000
0.000000	122657.000000
0.000000	122657.000000
0.000000	122657.000000
0.000000	122657.000000
0.000000	122657.000000
0.000000	122657.000000
0.000000	122658.000000
0.000000	122658.000000
0.000000	122658.000000
0.000000	122658.000000
0.000000	122658.000000
0.000000	122658.000000
0.000000	122658.000000
0.000000	122658.000000
0.000000	122658.000000
0.000000	122658.000000
0.000000	122658.000000
0.000000	122658.000000
0.000000	122658.000000
0.000000	122658.000000
0.000000	122658.000000
0.000000	122658.000000
0.000000	122658.000000
0.000000	122659.000000
0.000000	122659.000000
0.000000	122659.000000
0.000000	122659.000000
0.000000	122659.000000
0.000000	122659.000000
0.000000	122659.000000
0.000000	122659.000000
0.000000	122659.000000
0.000000	122659.000000
0.000000	122659.000000
0.000000	122659.000000
0.000000	122659.000000
0.000000	122659.000000
0.000000	122659.000000
0.000000	122659.000000
0.000000	122659.000000
0.000000	122700.000000
0.000000	122700.000000
0.000000	122700.000000
0.000000	122700.000000
0.000000	122700.000000
0.000000	122700.000000
0.000000	122700.000000
0.000000	122700.000000
0.000000	122700.000000
0.000000	122700.000000
0.000000	122700.000000
0.000000	122700.000000
0.000000	122700.000000
0.000000	122700.000000
0.000000	122700.000000
0.000000	122700.000000
0.000000	122700.000000
0.000000	122701.000000
0.000000	122701.000000
0.000000	122701.000000
0.000000	122701.000000
0.000000	122701.000000
0.000000	122701.000000
0.000000	122701.000000
0.000000	122701.000000
0.000000	122701.000000
0.000000	122701.000000
0.000000	122701.000000
0.000000	122701.000000
0.000000	122701.000000
0.000000	122701.000000
0.000000	122701.000000
0.000000	122701.000000
0.000000	122701.000000
0.000000	122702.000000
0.000000	122702.000000
0.000000	122702.000000
0.000000	122702.000000
0.000000	122702.000000
0.000000	122702.000000
0.000000	122702.000000
0.000000	122702.000000
0.000000	122702.000000
0.000000	122702.000000
0.000000	122702.000000
0.000000	122702.000000
0.000000	122702.000000
0.000000	122702.000000
0.000000	122702.000000
0.000000	122702.000000
0.000000	122702.000000
0.000000	122703.000000
0.000000	122703.000000
0.000000	122703.000000
0.000000	122703.000000
0.000000	122703.000000
0.000000	122703.000000
0.000000	122703.000000
0.000000	122703.000000
0.000000	122703.000000
0.000000	122703.000000
0.000000	122703.000000
0.000000	122703.000000
0.000000	122703.000000
0.000000	122703.000000
0.000000	122703.000000
0.000000	122703.000000
0.000000	122703.000000
0.000000	122704.000000
0.000000	122704.000000
0.000000	122704.000000
0.000000	122704.000000
0.000000	122704.000000
0.000000	122704.000000
0.000000	122704.000000
0.000000	122704.000000
0.000000	122704.000000
0.000000	122704.000000
0.000000	122704.000000
0.000000	122704.000000
0.000000	122704.000000
0.000000	122704.000000
0.000000	122704.000000
0.000000	122704.000000
0.000000	122704.000000
0.000000	122705.000000
0.000000	122705.000000
0.000000	122705.000000
0.000000	122705.000000
0.000000	122705.000000
0.000000	122705.000000
0.000000	122705.000000
0.000000	122705.000000
0.000000	122705.000000
0.000000	122705.000000
0.000000	122705.000000
0.000000	122705.000000
0.000000	122705.000000
0.000000	122705.000000
0.000000	122705.000000
0.000000	122705.000000
0.000000	122705.000000
0.000000	122706.000000
0.000000	122706.000000
0.000000	122706.000000
0.000000	122706.000000
0.000000	122706.000000
0.000000	122706.000000
0.000000	122706.000000
0.000000	122706.000000
0.000000	122706.000000
0.000000	122706.000000
0.000000	122706.000000
0.000000	122706.000000
0.000000	122706.000000
0.000000	122706.000000
0.000000	122706.000000
0.000000	122706.000000
0.000000	122706.000000
0.000000	122707.000000
0.000000	122707.000000
0.000000	122707.000000
0.000000	122707.000000
0.000000	122707.000000
0.000000	122707.000000
0.000000	122707.000000
0.000000	122707.000000
0.000000	122707.000000
0.000000	122707.000000
0.000000	122707.000000
0.000000	122707.000000
0.000000	122707.000000
0.000000	122707.000000
0.000000	122707.000000
0.000000	122707.000000
0.000000	122707.000000
0.000000	122708.000000
0.000000	122708.000000
0.000000	122708.000000
0.000000	122708.000000
0.000000	122708.000000
0.000000	122708.000000
0.000000	122708.000000
0.000000	122708.000000
0.000000	122708.000000
0.000000	122708.000000
0.000000	122708.000000
0.000000	122708.000000
0.000000	122708.000000
0.000000	122708.000000
0.000000	122708.000000
0.000000	122708.000000
0.000000	122708.000000
0.000000	122708.000000
0.000000	122709.000000
0.000000	122709.000000
0.000000	122709.000000
0.000000	122709.000000
0.000000	122709.000000
0.000000	122709.000000
0.000000	122709.000000
0.000000	122709.000000
0.000000	122709.000000
0.000000	122709.000000
0.000000	122709.000000
0.000000	122709.000000
0.000000	122709.000000
0.000000	122709.000000
0.000000	122709.000000
0.000000	122709.000000
0.000000	122709.000000
0.000000	122710.000000
0.000000	122710.000000
0.000000	122710.000000
0.000000	122710.000000
0.000000	122710.000000
0.000000	122710.000000
0.000000	122710.000000
0.000000	122710.000000
0.000000	122710.000000
0.000000	122710.000000
0.000000	122710.000000
0.000000	122710.000000
0.000000	122710.000000
0.000000	122710.000000
0.000000	122710.000000
0.000000	122710.000000
0.000000	122710.000000
0.000000	122711.000000
0.000000	122711.000000
0.000000	122711.000000
0.000000	122711.000000
0.000000	122711.000000
0.000000	122711.000000
0.000000	122711.000000
0.000000	122711.000000
0.000000	122711.000000
0.000000	122711.000000
0.000000	122711.000000
0.000000	122711.000000
0.000000	122711.000000
0.000000	122711.000000
0.000000	122711.000000
0.000000	122711.000000
0.000000	122711.000000
0.000000	122712.000000
0.000000	122712.000000
0.000000	122712.000000
0.000000	122712.000000
0.000000	122712.000000
0.000000	122712.000000
0.000000	122712.000000
0.000000	122712.000000
0.000000	122712.000000
0.000000	122712.000000
0.000000	122712.000000
0.000000	122712.000000
0.000000	122712.000000
0.000000	122712.000000
0.000000	122712.000000
0.000000	122712.000000
0.000000	122712.000000
0.000000	122713.000000
0.000000	122713.000000
0.000000	122713.000000
0.000000	122713.000000
0.000000	122713.000000
0.000000	122713.000000
0.000000	122713.000000
0.000000	122713.000000
0.000000	122713.000000
0.000000	122713.000000
0.000000	122713.000000
0.000000	122713.000000
0.000000	122713.000000
0.000000	122713.000000
0.000000	122713.000000
0.000000	122713.000000
0.000000	122713.000000
0.000000	122714.000000
0.000000	122714.000000
0.000000	122714.000000
0.000000	122714.000000
0.000000	122714.000000
0.000000	122714.000000
0.000000	122714.000000
0.000000	122714.000000
0.000000	122714.000000
0.000000	122714.000000
0.000000	122714.000000
0.000000	122714.000000
0.000000	122714.000000
0.000000	122714.000000
0.000000	122714.000000
0.000000	122714.000000
0.000000	122714.000000
0.000000	122715.000000
0.000000	122715.000000
0.000000	122715.000000
0.000000	122715.000000
0.000000	122715.000000
0.000000	122715.000000
0.000000	122715.000000
0.000000	122715.000000
0.000000	122715.000000
0.000000	122715.000000
0.000000	122715.000000
0.000000	122715.000000
0.000000	122715.000000
0.000000	122715.000000
0.000000	122715.000000
0.000000	122715.000000
0.000000	122715.000000
0.000000	122716.000000
0.000000	122716.000000
0.000000	122716.000000
0.000000	122716.000000
0.000000	122716.000000
0.000000	122716.000000
0.000000	122716.000000
0.000000	122716.000000
0.000000	122716.000000
0.000000	122716.000000
0.000000	122716.000000
0.000000	122716.000000
0.000000	122716.000000
0.000000	122716.000000
0.000000	122716.000000
0.000000	122716.000000
0.000000	122716.000000
0.000000	122717.000000
0.000000	122717.000000
0.000000	122717.000000
0.000000	122717.000000
0.000000	122717.000000
0.000000	122717.000000
0.000000	122717.000000
0.000000	122717.000000
0.000000	122717.000000
0.000000	122717.000000
0.000000	122717.000000
0.000000	122717.000000
0.000000	122717.000000
0.000000	122717.000000
0.000000	122717.000000
0.000000	122717.000000
0.000000	122717.000000
0.000000	122718.000000
0.000000	122718.000000
0.000000	122718.000000
0.000000	122718.000000
0.000000	122718.000000
0.000000	122718.000000
0.000000	122718.000000
0.000000	122718.000000
0.000000	122718.000000
0.000000	122718.000000
0.000000	122718.000000
0.000000	122718.000000
0.000000	122718.000000
0.000000	122718.000000
0.000000	122718.000000
0.000000	122718.000000
0.000000	122718.000000
0.000000	122719.000000
0.000000	122719.000000
0.000000	122719.000000
0.000000	122719.000000
0.000000	122719.000000
0.000000	122719.000000
0.000000	122719.000000
0.000000	122719.000000
0.000000	122719.000000
0.000000	122719.000000
0.000000	122719.000000
0.000000	122719.000000
0.000000	122719.000000
0.000000	122719.000000
0.000000	122719.000000
0.000000	122719.000000
0.000000	122719.000000
0.000000	122720.000000
0.000000	122720.000000
0.000000	122720.000000
0.000000	122720.000000
0.000000	122720.000000
0.000000	122720.000000
0.000000	122720.000000
0.000000	122720.000000
0.000000	122720.000000
0.000000	122720.000000
0.000000	122720.000000
0.000000	122720.000000
0.000000	122720.000000
0.000000	122720.000000
0.000000	122720.000000
0.000000	122720.000000
0.000000	122720.000000
0.000000	122721.000000
0.000000	122721.000000
0.000000	122721.000000
0.000000	122721.000000
0.000000	122721.000000
0.000000	122721.000000
0.000000	122721.000000
0.000000	122721.000000
0.000000	122721.000000
0.000000	122721.000000
0.000000	122721.000000
0.000000	122721.000000
0.000000	122721.000000
0.000000	122721.000000
0.000000	122721.000000
0.000000	122721.000000
0.000000	122721.000000
0.000000	122722.000000
0.000000	122722.000000
0.000000	122722.000000
0.000000	122722.000000
0.000000	122722.000000
0.000000	122722.000000
0.000000	122722.000000
0.000000	122722.000000
0.000000	122722.000000
0.000000	122722.000000
0.000000	122722.000000
0.000000	122722.000000
0.000000	122722.000000
0.000000	122722.000000
0.000000	122722.000000
0.000000	122722.000000
0.000000	122722.000000
0.000000	122723.000000
0.000000	122723.000000
0.000000	122723.000000
0.000000	122723.000000
0.000000	122723.000000
0.000000	122723.000000
0.000000	122723.000000
0.000000	122723.000000
0.000000	122723.000000
0.000000	122723.000000
0.000000	122723.000000
0.000000	122723.000000
0.000000	122723.000000
0.000000	122723.000000
0.000000	122723.000000
0.000000	122723.000000
0.000000	122723.000000
0.000000	122723.000000
0.000000	122724.000000
0.000000	122724.000000
0.000000	122724.000000
0.000000	122724.000000
0.000000	122724.000000
0.000000	122724.000000
0.000000	122724.000000
0.000000	122724.000000
0.000000	122724.000000
0.000000	122724.000000
0.000000	122724.000000
0.000000	122724.000000
0.000000	122724.000000
0.000000	122724.000000
0.000000	122724.000000
0.000000	122724.000000
0.000000	122724.000000
0.000000	122725.000000
0.000000	122725.000000
0.000000	122725.000000
0.000000	122725.000000
0.000000	122725.000000
0.000000	122725.000000
0.000000	122725.000000
0.000000	122725.000000
0.000000	122725.000000
0.000000	122725.000000
0.000000	122725.000000
0.000000	122725.000000
0.000000	122725.000000
0.000000	122725.000000
0.000000	122725.000000
0.000000	122725.000000
0.000000	122725.000000
0.000000	122726.000000
0.000000	122726.000000
0.000000	122726.000000
0.000000	122726.000000
0.000000	122726.000000
0.000000	122726.000000
0.000000	122726.000000
0.000000	122726.000000
0.000000	122726.000000
0.000000	122726.000000
0.000000	122726.000000
0.000000	122726.000000
0.000000	122726.000000
0.000000	122726.000000
0.000000	122726.000000
0.000000	122726.000000
0.000000	122726.000000
0.000000	122727.000000
0.000000	122727.000000
0.000000	122727.000000
0.000000	122727.000000
0.000000	122727.000000
0.000000	122727.000000
0.000000	122727.000000
0.000000	122727.000000
0.000000	122727.000000
0.000000	122727.000000
0.000000	122727.000000
0.000000	122727.000000
0.000000	122727.000000
0.000000	122727.000000
0.000000	122727.000000
0.000000	122727.000000
0.000000	122727.000000
0.000000	122728.000000
0.000000	122728.000000
0.000000	122728.000000
0.000000	122728.000000
0.000000	122728.000000
0.000000	122728.000000
0.000000	122728.000000
0.000000	122728.000000
0.000000	122728.000000
0.000000	122728.000000
0.000000	122728.000000
0.000000	122728.000000
0.000000	122728.000000
0.000000	122728.000000
0.000000	122728.000000
0.000000	122728.000000
0.000000	122728.000000
0.000000	122729.000000
0.000000	122729.000000
0.000000	122729.000000
0.000000	122729.000000
0.000000	122729.000000
0.000000	122729.000000
0.000000	122729.000000
0.000000	122729.000000
0.000000	122729.000000
0.000000	122729.000000
0.000000	122729.000000
0.000000	122729.000000
0.000000	122729.000000
0.000000	122729.000000
0.000000	122729.000000
0.000000	122729.000000
0.000000	122729.000000
0.000000	122730.000000
0.000000	122730.000000
0.000000	122730.000000
0.000000	122730.000000
0.000000	122730.000000
0.000000	122730.000000
0.000000	122730.000000
0.000000	122730.000000
0.000000	122730.000000
0.000000	122730.000000
0.000000	122730.000000
0.000000	122730.000000
0.000000	122730.000000
0.000000	122730.000000
0.000000	122730.000000
0.000000	122730.000000
0.000000	122730.000000
0.000000	122731.000000
0.000000	122731.000000
0.000000	122731.000000
0.000000	122731.000000
0.000000	122731.000000
0.000000	122731.000000
0.000000	122731.000000
0.000000	122731.000000
0.000000	122731.000000
0.000000	122731.000000
0.000000	122731.000000
0.000000	122731.000000
0.000000	122731.000000
0.000000	122731.000000
0.000000	122731.000000
0.000000	122731.000000
0.000000	122731.000000
0.000000	122732.000000
0.000000	122732.000000
0.000000	122732.000000
0.000000	122732.000000
0.000000	122732.000000
0.000000	122732.000000
0.000000	122732.000000
0.000000	122732.000000
0.000000	122732.000000
0.000000	122732.000000
0.000000	122732.000000
0.000000	122732.000000
0.000000	122732.000000
0.000000	122732.000000
0.000000	122732.000000
0.000000	122732.000000
0.000000	122732.000000
0.000000	122733.000000
0.000000	122733.000000
0.000000	122733.000000
0.000000	122733.000000
0.000000	122733.000000
0.000000	122733.000000
0.000000	122733.000000
0.000000	122733.000000
0.000000	122733.000000
0.000000	122733.000000
0.000000	122733.000000
0.000000	122733.000000
0.000000	122733.000000
0.000000	122733.000000
0.000000	122733.000000
0.000000	122733.000000
0.000000	122733.000000
0.000000	122734.000000
0.000000	122734.000000
0.000000	122734.000000
0.000000	122734.000000
0.000000	122734.000000
0.000000	122734.000000
0.000000	122734.000000
0.000000	122734.000000
0.000000	122734.000000
0.000000	122734.000000
0.000000	122734.000000
0.000000	122734.000000
0.000000	122734.000000
0.000000	122734.000000
0.000000	122734.000000
0.000000	122734.000000
0.000000	122734.000000
0.000000	122735.000000
0.000000	122735.000000
0.000000	122735.000000
0.000000	122735.000000
0.000000	122735.000000
0.000000	122735.000000
0.000000	122735.000000
0.000000	122735.000000
0.000000	122735.000000
0.000000	122735.000000
0.000000	122735.000000
0.000000	122735.000000
0.000000	122735.000000
0.000000	122735.000000
0.000000	122735.000000
0.000000	122735.000000
0.000000	122735.000000
0.000000	122736.000000
0.000000	122736.000000
0.000000	122736.000000
0.000000	122736.000000
0.000000	122736.000000
0.000000	122736.000000
0.000000	122736.000000
0.000000	122736.000000
0.000000	122736.000000
0.000000	122736.000000
0.000000	122736.000000
0.000000	122736.000000
0.000000	122736.000000
0.000000	122736.000000
0.000000	122736.000000
0.000000	122736.000000
0.000000	122736.000000
0.000000	122737.000000
0.000000	122737.000000
0.000000	122737.000000
0.000000	122737.000000
0.000000	122737.000000
0.000000	122737.000000
0.000000	122737.000000
0.000000	122737.000000
0.000000	122737.000000
0.000000	122737.000000
0.000000	122737.000000
0.000000	122737.000000
0.000000	122737.000000
0.000000	122737.000000
0.000000	122737.000000
0.000000	122737.000000
0.000000	122737.000000
0.000000	122738.000000
0.000000	122738.000000
0.000000	122738.000000
0.000000	122738.000000
0.000000	122738.000000
0.000000	122738.000000
0.000000	122738.000000
0.000000	122738.000000
0.000000	122738.000000
0.000000	122738.000000
0.000000	122738.000000
0.000000	122738.000000
0.000000	122738.000000
0.000000	122738.000000
0.000000	122738.000000
0.000000	122738.000000
0.000000	122738.000000
0.000000	122739.000000
0.000000	122739.000000
0.000000	122739.000000
0.000000	122739.000000
0.000000	122739.000000
0.000000	122739.000000
0.000000	122739.000000
0.000000	122739.000000
0.000000	122739.000000
0.000000	122739.000000
0.000000	122739.000000
0.000000	122739.000000
0.000000	122739.000000
0.000000	122739.000000
0.000000	122739.000000
0.000000	122739.000000
0.000000	122739.000000
0.000000	122739.000000
0.000000	122740.000000
0.000000	122740.000000
0.000000	122740.000000
0.000000	122740.000000
0.000000	122740.000000
0.000000	122740.000000
0.000000	122740.000000
0.000000	122740.000000
0.000000	122740.000000
0.000000	122740.000000
0.000000	122740.000000
0.000000	122740.000000
0.000000	122740.000000
0.000000	122740.000000
0.000000	122740.000000
0.000000	122740.000000
0.000000	122740.000000
0.000000	122741.000000
0.000000	122741.000000
0.000000	122741.000000
0.000000	122741.000000
0.000000	122741.000000
0.000000	122741.000000
0.000000	122741.000000
0.000000	122741.000000
0.000000	122741.000000
0.000000	122741.000000
0.000000	122741.000000
0.000000	122741.000000
0.000000	122741.000000
0.000000	122741.000000
0.000000	122741.000000
0.000000	122741.000000
0.000000	122741.000000
0.000000	122742.000000
0.000000	122742.000000
0.000000	122742.000000
0.000000	122742.000000
0.000000	122742.000000
0.000000	122742.000000
0.000000	122742.000000
0.000000	122742.000000
0.000000	122742.000000
0.000000	122742.000000
0.000000	122742.000000
0.000000	122742.000000
0.000000	122742.000000
0.000000	122742.000000
0.000000	122742.000000
0.000000	122742.000000
0.000000	122742.000000
0.000000	122743.000000
0.000000	122743.000000
0.000000	122743.000000
0.000000	122743.000000
0.000000	122743.000000
0.000000	122743.000000
0.000000	122743.000000
0.000000	122743.000000
0.000000	122743.000000
0.000000	122743.000000
0.000000	122743.000000
0.000000	122743.000000
0.000000	122743.000000
0.000000	122743.000000
0.000000	122743.000000
0.000000	122743.000000
0.000000	122743.000000
0.000000	122744.000000
0.000000	122744.000000
0.000000	122744.000000
0.000000	122744.000000
0.000000	122744.000000
0.000000	122744.000000
0.000000	122744.000000
0.000000	122744.000000
0.000000	122744.000000
0.000000	122744.000000
0.000000	122744.000000
0.000000	122744.000000
0.000000	122744.000000
0.000000	122744.000000
0.000000	122744.000000
0.000000	122744.000000
0.000000	122744.000000
0.000000	122745.000000
0.000000	122745.000000
0.000000	122745.000000
0.000000	122745.000000
0.000000	122745.000000
0.000000	122745.000000
0.000000	122745.000000
0.000000	122745.000000
0.000000	122745.000000
0.000000	122745.000000
0.000000	122745.000000
0.000000	122745.000000
0.000000	122745.000000
0.000000	122745.000000
0.000000	122745.000000
0.000000	122745.000000
0.000000	122745.000000
0.000000	122746.000000
0.000000	122746.000000
0.000000	122746.000000
0.000000	122746.000000
0.000000	122746.000000
0.000000	122746.000000
0.000000	122746.000000
0.000000	122746.000000
0.000000	122746.000000
0.000000	122746.000000
0.000000	122746.000000
0.000000	122746.000000
0.000000	122746.000000
0.000000	122746.000000
0.000000	122746.000000
0.000000	122746.000000
0.000000	122746.000000
0.000000	122747.000000
0.000000	122747.000000
0.000000	122747.000000
0.000000	122747.000000
0.000000	122747.000000
0.000000	122747.000000
0.000000	122747.000000
0.000000	122747.000000
0.000000	122747.000000
0.000000	122747.000000
0.000000	122747.000000
0.000000	122747.000000
0.000000	122747.000000
0.000000	122747.000000
0.000000	122747.000000
0.000000	122747.000000
0.000000	122747.000000
0.000000	122748.000000
0.000000	122748.000000
0.000000	122748.000000
0.000000	122748.000000
0.000000	122748.000000
0.000000	122748.000000
0.000000	122748.000000
0.000000	122748.000000
0.000000	122748.000000
0.000000	122748.000000
0.000000	122748.000000
0.000000	122748.000000
0.000000	122748.000000
0.000000	122748.000000
0.000000	122748.000000
0.000000	122748.000000
0.000000	122748.000000
0.000000	122749.000000
0.000000	122749.000000
0.000000	122749.000000
0.000000	122749.000000
0.000000	122749.000000
0.000000	122749.000000
0.000000	122749.000000
0.000000	122749.000000
0.000000	122749.000000
0.000000	122749.000000
0.000000	122749.000000
0.000000	122749.000000
0.000000	122749.000000
0.000000	122749.000000
0.000000	122749.000000
0.000000	122749.000000
0.000000	122749.000000
0.000000	122750.000000
0.000000	122750.000000
0.000000	122750.000000
0.000000	122750.000000
0.000000	122750.000000
0.000000	122750.000000
0.000000	122750.000000
0.000000	122750.000000
0.000000	122750.000000
0.000000	122750.000000
0.000000	122750.000000
0.000000	122750.000000
0.000000	122750.000000
0.000000	122750.000000
0.000000	122750.000000
0.000000	122750.000000
0.000000	122750.000000
0.000000	122751.000000
0.000000	122751.000000
0.000000	122751.000000
0.000000	122751.000000
0.000000	122751.000000
0.000000	122751.000000
0.000000	122751.000000
0.000000	122751.000000
0.000000	122751.000000
0.000000	122751.000000
0.000000	122751.000000
0.000000	122751.000000
0.000000	122751.000000
0.000000	122751.000000
0.000000	122751.000000
0.000000	122751.000000
0.000000	122751.000000
0.000000	122752.000000
0.000000	122752.000000
0.000000	122752.000000
0.000000	122752.000000
0.000000	122752.000000
0.000000	122752.000000
0.000000	122752.000000
0.000000	122752.000000
0.000000	122752.000000
0.000000	122752.000000
0.000000	122752.000000
0.000000	122752.000000
0.000000	122752.000000
0.000000	122752.000000
0.000000	122752.000000
0.000000	122752.000000
0.000000	122752.000000
0.000000	122753.000000
0.000000	122753.000000
0.000000	122753.000000
0.000000	122753.000000
0.000000	122753.000000
0.000000	122753.000000
0.000000	122753.000000
0.000000	122753.000000
0.000000	122753.000000
0.000000	122753.000000
0.000000	122753.000000
0.000000	122753.000000
0.000000	122753.000000
0.000000	122753.000000
0.000000	122753.000000
0.000000	122753.000000
0.000000	122753.000000
0.000000	122753.000000
0.000000	122754.000000
0.000000	122754.000000
0.000000	122754.000000
0.000000	122754.000000
0.000000	122754.000000
0.000000	122754.000000
0.000000	122754.000000
0.000000	122754.000000
0.000000	122754.000000
0.000000	122754.000000
0.000000	122754.000000
0.000000	122754.000000
0.000000	122754.000000
0.000000	122754.000000
0.000000	122754.000000
0.000000	122754.000000
0.000000	122754.000000
0.000000	122755.000000
0.000000	122755.000000
0.000000	122755.000000
0.000000	122755.000000
0.000000	122755.000000
0.000000	122755.000000
0.000000	122755.000000
0.000000	122755.000000
0.000000	122755.000000
0.000000	122755.000000
0.000000	122755.000000
0.000000	122755.000000
0.000000	122755.000000
0.000000	122755.000000
0.000000	122755.000000
0.000000	122755.000000
0.000000	122755.000000
0.000000	122756.000000
0.000000	122756.000000
0.000000	122756.000000
0.000000	122756.000000
0.000000	122756.000000
0.000000	122756.000000
0.000000	122756.000000
0.000000	122756.000000
0.000000	122756.000000
0.000000	122756.000000
0.000000	122756.000000
0.000000	122756.000000
0.000000	122756.000000
0.000000	122756.000000
0.000000	122756.000000
0.000000	122756.000000
0.000000	122756.000000
0.000000	122757.000000
0.000000	122757.000000
0.000000	122757.000000
0.000000	122757.000000
0.000000	122757.000000
0.000000	122757.000000
0.000000	122757.000000
0.000000	122757.000000
0.000000	122757.000000
0.000000	122757.000000
0.000000	122757.000000
0.000000	122757.000000
0.000000	122757.000000
0.000000	122757.000000
0.000000	122757.000000
0.000000	122757.000000
0.000000	122757.000000
0.000000	122758.000000
0.000000	122758.000000
0.000000	122758.000000
0.000000	122758.000000
0.000000	122758.000000
0.000000	122758.000000
0.000000	122758.000000
0.000000	122758.000000
0.000000	122758.000000
0.000000	122758.000000
0.000000	122758.000000
0.000000	122758.000000
0.000000	122758.000000
0.000000	122758.000000
0.000000	122758.000000
0.000000	122758.000000
0.000000	122758.000000
0.000000	122759.000000
0.000000	122759.000000
0.000000	122759.000000
0.000000	122759.000000
0.000000	122759.000000
0.000000	122759.000000
0.000000	122759.000000
0.000000	122759.000000
0.000000	122759.000000
0.000000	122759.000000
0.000000	122759.000000
0.000000	122759.000000
0.000000	122759.000000
0.000000	122759.000000
0.000000	122759.000000
0.000000	122759.000000
0.000000	122759.000000
0.000000	122800.000000
0.000000	122800.000000
0.000000	122800.000000
0.000000	122800.000000
0.000000	122800.000000
0.000000	122800.000000
0.000000	122800.000000
0.000000	122800.000000
0.000000	122800.000000
0.000000	122800.000000
0.000000	122800.000000
0.000000	122800.000000
0.000000	122800.000000
0.000000	122800.000000
0.000000	122800.000000
0.000000	122800.000000
0.000000	122800.000000
0.000000	122801.000000
0.000000	122801.000000
0.000000	122801.000000
0.000000	122801.000000
0.000000	122801.000000
0.000000	122801.000000
0.000000	122801.000000
0.000000	122801.000000
0.000000	122801.000000
0.000000	122801.000000
0.000000	122801.000000
0.000000	122801.000000
0.000000	122801.000000
0.000000	122801.000000
0.000000	122801.000000
0.000000	122801.000000
0.000000	122801.000000
0.000000	122802.000000
0.000000	122802.000000
0.000000	122802.000000
0.000000	122802.000000
0.000000	122802.000000
0.000000	122802.000000
0.000000	122802.000000
0.000000	122802.000000
0.000000	122802.000000
0.000000	122802.000000
0.000000	122802.000000
0.000000	122802.000000
0.000000	122802.000000
0.000000	122802.000000
0.000000	122802.000000
0.000000	122802.000000
0.000000	122802.000000
0.000000	122803.000000
0.000000	122803.000000
0.000000	122803.000000
0.000000	122803.000000
0.000000	122803.000000
0.000000	122803.000000
0.000000	122803.000000
0.000000	122803.000000
0.000000	122803.000000
0.000000	122803.000000
0.000000	122803.000000
0.000000	122803.000000
0.000000	122803.000000
0.000000	122803.000000
0.000000	122803.000000
0.000000	122803.000000
0.000000	122803.000000
0.000000	122804.000000
0.000000	122804.000000
0.000000	122804.000000
0.000000	122804.000000
0.000000	122804.000000
0.000000	122804.000000
0.000000	122804.000000
0.000000	122804.000000
0.000000	122804.000000
0.000000	122804.000000
0.000000	122804.000000
0.000000	122804.000000
0.000000	122804.000000
0.000000	122804.000000
0.000000	122804.000000
0.000000	122804.000000
0.000000	122804.000000
0.000000	122805.000000
0.000000	122805.000000
0.000000	122805.000000
0.000000	122805.000000
0.000000	122805.000000
0.000000	122805.000000
0.000000	122805.000000
0.000000	122805.000000
0.000000	122805.000000
0.000000	122805.000000
0.000000	122805.000000
0.000000	122805.000000
0.000000	122805.000000
0.000000	122805.000000
0.000000	122805.000000
0.000000	122805.000000
0.000000	122805.000000
0.000000	122806.000000
0.000000	122806.000000
0.000000	122806.000000
0.000000	122806.000000
0.000000	122806.000000
0.000000	122806.000000
0.000000	122806.000000
0.000000	122806.000000
0.000000	122806.000000
0.000000	122806.000000
0.000000	122806.000000
0.000000	122806.000000
0.000000	122806.000000
0.000000	122806.000000
0.000000	122806.000000
0.000000	122806.000000
0.000000	122806.000000
0.000000	122807.000000
0.000000	122807.000000
0.000000	122807.000000
0.000000	122807.000000
0.000000	122807.000000
0.000000	122807.000000
0.000000	122807.000000
0.000000	122807.000000
0.000000	122807.000000
0.000000	122807.000000
0.000000	122807.000000
0.000000	122807.000000
0.000000	122807.000000
0.000000	122807.000000
0.000000	122807.000000
0.000000	122807.000000
0.000000	122807.000000
0.000000	122808.000000
0.000000	122808.000000
0.000000	122808.000000
0.000000	122808.000000
0.000000	122808.000000
0.000000	122808.000000
0.000000	122808.000000
0.000000	122808.000000
0.000000	122808.000000
0.000000	122808.000000
0.000000	122808.000000
0.000000	122808.000000
0.000000	122808.000000
0.000000	122808.000000
0.000000	122808.000000
0.000000	122808.000000
0.000000	122808.000000
0.000000	122809.000000
0.000000	122809.000000
0.000000	122809.000000
0.000000	122809.000000
0.000000	122809.000000
0.000000	122809.000000
0.000000	122809.000000
0.000000	122809.000000
0.000000	122809.000000
0.000000	122809.000000
0.000000	122809.000000
0.000000	122809.000000
0.000000	122809.000000
0.000000	122809.000000
0.000000	122809.000000
0.000000	122809.000000
0.000000	122809.000000
0.000000	122809.000000
0.000000	122810.000000
0.000000	122810.000000
0.000000	122810.000000
0.000000	122810.000000
0.000000	122810.000000
0.000000	122810.000000
0.000000	122810.000000
0.000000	122810.000000
0.000000	122810.000000
0.000000	122810.000000
0.000000	122810.000000
0.000000	122810.000000
0.000000	122810.000000
0.000000	122810.000000
0.000000	122810.000000
0.000000	122810.000000
0.000000	122810.000000
0.000000	122811.000000
0.000000	122811.000000
0.000000	122811.000000
0.000000	122811.000000
0.000000	122811.000000
0.000000	122811.000000
0.000000	122811.000000
0.000000	122811.000000
0.000000	122811.000000
0.000000	122811.000000
0.000000	122811.000000
0.000000	122811.000000
0.000000	122811.000000
0.000000	122811.000000
0.000000	122811.000000
0.000000	122811.000000
0.000000	122811.000000
0.000000	122812.000000
0.000000	122812.000000
0.000000	122812.000000
0.000000	122812.000000
0.000000	122812.000000
0.000000	122812.000000
0.000000	122812.000000
0.000000	122812.000000
0.000000	122812.000000
0.000000	122812.000000
0.000000	122812.000000
0.000000	122812.000000
0.000000	122812.000000
0.000000	122812.000000
0.000000	122812.000000
0.000000	122812.000000
0.000000	122812.000000
0.000000	122813.000000
0.000000	122813.000000
0.000000	122813.000000
0.000000	122813.000000
0.000000	122813.000000
0.000000	122813.000000
0.000000	122813.000000
0.000000	122813.000000
0.000000	122813.000000
0.000000	122813.000000
0.000000	122813.000000
0.000000	122813.000000
0.000000	122813.000000
0.000000	122813.000000
0.000000	122813.000000
0.000000	122813.000000
0.000000	122813.000000
0.000000	122814.000000
0.000000	122814.000000
0.000000	122814.000000
0.000000	122814.000000
0.000000	122814.000000
0.000000	122814.000000
0.000000	122814.000000
0.000000	122814.000000
0.000000	122814.000000
0.000000	122814.000000
0.000000	122814.000000
0.000000	122814.000000
0.000000	122814.000000
0.000000	122814.000000
0.000000	122814.000000
0.000000	122814.000000
0.000000	122814.000000
0.000000	122815.000000
0.000000	122815.000000
0.000000	122815.000000
0.000000	122815.000000
0.000000	122815.000000
0.000000	122815.000000
0.000000	122815.000000
0.000000	122815.000000
0.000000	122815.000000
0.000000	122815.000000
0.000000	122815.000000
0.000000	122815.000000
0.000000	122815.000000
0.000000	122815.000000
0.000000	122815.000000
0.000000	122815.000000
0.000000	122815.000000
0.000000	122816.000000
0.000000	122816.000000
0.000000	122816.000000
0.000000	122816.000000
0.000000	122816.000000
0.000000	122816.000000
0.000000	122816.000000
0.000000	122816.000000
0.000000	122816.000000
0.000000	122816.000000
0.000000	122816.000000
0.000000	122816.000000
0.000000	122816.000000
0.000000	122816.000000
0.000000	122816.000000
0.000000	122816.000000
0.000000	122816.000000
0.000000	122817.000000
0.000000	122817.000000
0.000000	122817.000000
0.000000	122817.000000
0.000000	122817.000000
0.000000	122817.000000
0.000000	122817.000000
0.000000	122817.000000
0.000000	122817.000000
0.000000	122817.000000
0.000000	122817.000000
0.000000	122817.000000
0.000000	122817.000000
0.000000	122817.000000
0.000000	122817.000000
0.000000	122817.000000
0.000000	122817.000000
0.000000	122818.000000
0.000000	122818.000000
0.000000	122818.000000
0.000000	122818.000000
0.000000	122818.000000
0.000000	122818.000000
0.000000	122818.000000
0.000000	122818.000000
0.000000	122818.000000
0.000000	122818.000000
0.000000	122818.000000
0.000000	122818.000000
0.000000	122818.000000
0.000000	122818.000000
0.000000	122818.000000
0.000000	122818.000000
0.000000	122818.000000
0.000000	122819.000000
0.000000	122819.000000
0.000000	122819.000000
0.000000	122819.000000
0.000000	122819.000000
0.000000	122819.000000
0.000000	122819.000000
0.000000	122819.000000
0.000000	122819.000000
0.000000	122819.000000
0.000000	122819.000000
0.000000	122819.000000
0.000000	122819.000000
0.000000	122819.000000
0.000000	122819.000000
0.000000	122819.000000
0.000000	122819.000000
0.000000	122820.000000
0.000000	122820.000000
0.000000	122820.000000
0.000000	122820.000000
0.000000	122820.000000
0.000000	122820.000000
0.000000	122820.000000
0.000000	122820.000000
0.000000	122820.000000
0.000000	122820.000000
0.000000	122820.000000
0.000000	122820.000000
0.000000	122820.000000
0.000000	122820.000000
0.000000	122820.000000
0.000000	122820.000000
0.000000	122820.000000
0.000000	122821.000000
0.000000	122821.000000
0.000000	122821.000000
0.000000	122821.000000
0.000000	122821.000000
0.000000	122821.000000
0.000000	122821.000000
0.000000	122821.000000
0.000000	122821.000000
0.000000	122821.000000
0.000000	122821.000000
0.000000	122821.000000
0.000000	122821.000000
0.000000	122821.000000
0.000000	122821.000000
0.000000	122821.000000
0.000000	122821.000000
0.000000	122822.000000
0.000000	122822.000000
0.000000	122822.000000
0.000000	122822.000000
0.000000	122822.000000
0.000000	122822.000000
0.000000	122822.000000
0.000000	122822.000000
0.000000	122822.000000
0.000000	122822.000000
0.000000	122822.000000
0.000000	122822.000000
0.000000	122822.000000
0.000000	122822.000000
0.000000	122822.000000
0.000000	122822.000000
0.000000	122822.000000
0.000000	122823.000000
0.000000	122823.000000
0.000000	122823.000000
0.000000	122823.000000
0.000000	122823.000000
0.000000	122823.000000
0.000000	122823.000000
0.000000	122823.000000
0.000000	122823.000000
0.000000	122823.000000
0.000000	122823.000000
0.000000	122823.000000
0.000000	122823.000000
0.000000	122823.000000
0.000000	122823.000000
0.000000	122823.000000
0.000000	122823.000000
0.000000	122823.000000
0.000000	122824.000000
0.000000	122824.000000
0.000000	122824.000000
0.000000	122824.000000
0.000000	122824.000000
0.000000	122824.000000
0.000000	122824.000000
0.000000	122824.000000
0.000000	122824.000000
0.000000	122824.000000
0.000000	122824.000000
0.000000	122824.000000
0.000000	122824.000000
0.000000	122824.000000
0.000000	122824.000000
0.000000	122824.000000
0.000000	122824.000000
0.000000	122825.000000
0.000000	122825.000000
0.000000	122825.000000
0.000000	122825.000000
0.000000	122825.000000
0.000000	122825.000000
0.000000	122825.000000
0.000000	122825.000000
0.000000	122825.000000
0.000000	122825.000000
0.000000	122825.000000
0.000000	122825.000000
0.000000	122825.000000
0.000000	122825.000000
0.000000	122825.000000
0.000000	122825.000000
0.000000	122825.000000
0.000000	122826.000000
0.000000	122826.000000
0.000000	122826.000000
0.000000	122826.000000
0.000000	122826.000000
0.000000	122826.000000
0.000000	122826.000000
0.000000	122826.000000
0.000000	122826.000000
0.000000	122826.000000
0.000000	122826.000000
0.000000	122826.000000
0.000000	122826.000000
0.000000	122826.000000
0.000000	122826.000000
0.000000	122826.000000
0.000000	122826.000000
0.000000	122827.000000
0.000000	122827.000000
0.000000	122827.000000
0.000000	122827.000000
0.000000	122827.000000
0.000000	122827.000000
0.000000	122827.000000
0.000000	122827.000000
0.000000	122827.000000
0.000000	122827.000000
0.000000	122827.000000
0.000000	122827.000000
0.000000	122827.000000
0.000000	122827.000000
0.000000	122827.000000
0.000000	122827.000000
0.000000	122827.000000
0.000000	122828.000000
0.000000	122828.000000
0.000000	122828.000000
0.000000	122828.000000
0.000000	122828.000000
0.000000	122828.000000
0.000000	122828.000000
0.000000	122828.000000
0.000000	122828.000000
0.000000	122828.000000
0.000000	122828.000000
0.000000	122828.000000
0.000000	122828.000000
0.000000	122828.000000
0.000000	122828.000000
0.000000	122828.000000
0.000000	122828.000000
0.000000	122829.000000
0.000000	122829.000000
0.000000	122829.000000
0.000000	122829.000000
0.000000	122829.000000
0.000000	122829.000000
0.000000	122829.000000
0.000000	122829.000000
0.000000	122829.000000
0.000000	122829.000000
0.000000	122829.000000
0.000000	122829.000000
0.000000	122829.000000
0.000000	122829.000000
0.000000	122829.000000
0.000000	122829.000000
0.000000	122829.000000
0.000000	122830.000000
0.000000	122830.000000
0.000000	122830.000000
0.000000	122830.000000
0.000000	122830.000000
0.000000	122830.000000
0.000000	122830.000000
0.000000	122830.000000
0.000000	122830.000000
0.000000	122830.000000
0.000000	122830.000000
0.000000	122830.000000
0.000000	122830.000000
0.000000	122830.000000
0.000000	122830.000000
0.000000	122830.000000
0.000000	122830.000000
0.000000	122831.000000
0.000000	122831.000000
0.000000	122831.000000
0.000000	122831.000000
0.000000	122831.000000
0.000000	122831.000000
0.000000	122831.000000
0.000000	122831.000000
0.000000	122831.000000
0.000000	122831.000000
0.000000	122831.000000
0.000000	122831.000000
0.000000	122831.000000
0.000000	122831.000000
0.000000	122831.000000
0.000000	122831.000000
0.000000	122831.000000
0.000000	122832.000000
0.000000	122832.000000
0.000000	122832.000000
0.000000	122832.000000
0.000000	122832.000000
0.000000	122832.000000
0.000000	122832.000000
0.000000	122832.000000
0.000000	122832.000000
0.000000	122832.000000
0.000000	122832.000000
0.000000	122832.000000
0.000000	122832.000000
0.000000	122832.000000
0.000000	122832.000000
0.000000	122832.000000
0.000000	122832.000000
0.000000	122833.000000
0.000000	122833.000000
0.000000	122833.000000
0.000000	122833.000000
0.000000	122833.000000
0.000000	122833.000000
0.000000	122833.000000
0.000000	122833.000000
0.000000	122833.000000
0.000000	122833.000000
0.000000	122833.000000
0.000000	122833.000000
0.000000	122833.000000
0.000000	122833.000000
0.000000	122833.000000
0.000000	122833.000000
0.000000	122833.000000
0.000000	122834.000000
0.000000	122834.000000
0.000000	122834.000000
0.000000	122834.000000
0.000000	122834.000000
0.000000	122834.000000
0.000000	122834.000000
0.000000	122834.000000
0.000000	122834.000000
0.000000	122834.000000
0.000000	122834.000000
0.000000	122834.000000
0.000000	122834.000000
0.000000	122834.000000
0.000000	122834.000000
0.000000	122834.000000
0.000000	122834.000000
0.000000	122835.000000
0.000000	122835.000000
0.000000	122835.000000
0.000000	122835.000000
0.000000	122835.000000
0.000000	122835.000000
0.000000	122835.000000
0.000000	122835.000000
0.000000	122835.000000
0.000000	122835.000000
0.000000	122835.000000
0.000000	122835.000000
0.000000	122835.000000
0.000000	122835.000000
0.000000	122835.000000
0.000000	122835.000000
0.000000	122835.000000
0.000000	122836.000000
0.000000	122836.000000
0.000000	122836.000000
0.000000	122836.000000
0.000000	122836.000000
0.000000	122836.000000
0.000000	122836.000000
0.000000	122836.000000
0.000000	122836.000000
0.000000	122836.000000
0.000000	122836.000000
0.000000	122836.000000
0.000000	122836.000000
0.000000	122836.000000
0.000000	122836.000000
0.000000	122836.000000
0.000000	122836.000000
0.000000	122837.000000
0.000000	122837.000000
0.000000	122837.000000
0.000000	122837.000000
0.000000	122837.000000
0.000000	122837.000000
0.000000	122837.000000
0.000000	122837.000000
0.000000	122837.000000
0.000000	122837.000000
0.000000	122837.000000
0.000000	122837.000000
0.000000	122837.000000
0.000000	122837.000000
0.000000	122837.000000
0.000000	122837.000000
0.000000	122837.000000
0.000000	122838.000000
0.000000	122838.000000
0.000000	122838.000000
0.000000	122838.000000
0.000000	122838.000000
0.000000	122838.000000
0.000000	122838.000000
0.000000	122838.000000
0.000000	122838.000000
0.000000	122838.000000
0.000000	122838.000000
0.000000	122838.000000
0.000000	122838.000000
0.000000	122838.000000
0.000000	122838.000000
0.000000	122838.000000
0.000000	122838.000000
0.000000	122839.000000
0.000000	122839.000000
0.000000	122839.000000
0.000000	122839.000000
0.000000	122839.000000
0.000000	122839.000000
0.000000	122839.000000
0.000000	122839.000000
0.000000	122839.000000
0.000000	122839.000000
0.000000	122839.000000
0.000000	122839.000000
0.000000	122839.000000
0.000000	122839.000000
0.000000	122839.000000
0.000000	122839.000000
0.000000	122839.000000
0.000000	122839.000000
0.000000	122840.000000
0.000000	122840.000000
0.000000	122840.000000
0.000000	122840.000000
0.000000	122840.000000
0.000000	122840.000000
0.000000	122840.000000
0.000000	122840.000000
0.000000	122840.000000
0.000000	122840.000000
0.000000	122840.000000
0.000000	122840.000000
0.000000	122840.000000
0.000000	122840.000000
0.000000	122840.000000
0.000000	122840.000000
0.000000	122840.000000
0.000000	122841.000000
0.000000	122841.000000
0.000000	122841.000000
0.000000	122841.000000
0.000000	122841.000000
0.000000	122841.000000
0.000000	122841.000000
0.000000	122841.000000
0.000000	122841.000000
0.000000	122841.000000
0.000000	122841.000000
0.000000	122841.000000
0.000000	122841.000000
0.000000	122841.000000
0.000000	122841.000000
0.000000	122841.000000
0.000000	122841.000000
0.000000	122842.000000
0.000000	122842.000000
0.000000	122842.000000
0.000000	122842.000000
0.000000	122842.000000
0.000000	122842.000000
0.000000	122842.000000
0.000000	122842.000000
0.000000	122842.000000
0.000000	122842.000000
0.000000	122842.000000
0.000000	122842.000000
0.000000	122842.000000
0.000000	122842.000000
0.000000	122842.000000
0.000000	122842.000000
0.000000	122842.000000
0.000000	122843.000000
0.000000	122843.000000
0.000000	122843.000000
0.000000	122843.000000
0.000000	122843.000000
0.000000	122843.000000
0.000000	122843.000000
0.000000	122843.000000
0.000000	122843.000000
0.000000	122843.000000
0.000000	122843.000000
0.000000	122843.000000
0.000000	122843.000000
0.000000	122843.000000
0.000000	122843.000000
0.000000	122843.000000
0.000000	122843.000000
0.000000	122844.000000
0.000000	122844.000000
0.000000	122844.000000
0.000000	122844.000000
0.000000	122844.000000
0.000000	122844.000000
0.000000	122844.000000
0.000000	122844.000000
0.000000	122844.000000
0.000000	122844.000000
0.000000	122844.000000
0.000000	122844.000000
0.000000	122844.000000
0.000000	122844.000000
0.000000	122844.000000
0.000000	122844.000000
0.000000	122844.000000
0.000000	122845.000000
0.000000	122845.000000
0.000000	122845.000000
0.000000	122845.000000
0.000000	122845.000000
0.000000	122845.000000
0.000000	122845.000000
0.000000	122845.000000
0.000000	122845.000000
0.000000	122845.000000
0.000000	122845.000000
0.000000	122845.000000
0.000000	122845.000000
0.000000	122845.000000
0.000000	122845.000000
0.000000	122845.000000
0.000000	122845.000000
0.000000	122846.000000
0.000000	122846.000000
0.000000	122846.000000
0.000000	122846.000000
0.000000	122846.000000
0.000000	122846.000000
0.000000	122846.000000
0.000000	122846.000000
0.000000	122846.000000
0.000000	122846.000000
0.000000	122846.000000
0.000000	122846.000000
0.000000	122846.000000
0.000000	122846.000000
0.000000	122846.000000
0.000000	122846.000000
0.000000	122846.000000
0.000000	122847.000000
0.000000	122847.000000
0.000000	122847.000000
0.000000	122847.000000
0.000000	122847.000000
0.000000	122847.000000
0.000000	122847.000000
0.000000	122847.000000
0.000000	122847.000000
0.000000	122847.000000
0.000000	122847.000000
0.000000	122847.000000
0.000000	122847.000000
0.000000	122847.000000
0.000000	122847.000000
0.000000	122847.000000
0.000000	122847.000000
0.000000	122848.000000
0.000000	122848.000000
0.000000	122848.000000
0.000000	122848.000000
0.000000	122848.000000
0.000000	122848.000000
0.000000	122848.000000
0.000000	122848.000000
0.000000	122848.000000
0.000000	122848.000000
0.000000	122848.000000
0.000000	122848.000000
0.000000	122848.000000
0.000000	122848.000000
0.000000	122848.000000
0.000000	122848.000000
0.000000	122848.000000
0.000000	122849.000000
0.000000	122849.000000
0.000000	122849.000000
0.000000	122849.000000
0.000000	122849.000000
0.000000	122849.000000
0.000000	122849.000000
0.000000	122849.000000
0.000000	122849.000000
0.000000	122849.000000
0.000000	122849.000000
0.000000	122849.000000
0.000000	122849.000000
0.000000	122849.000000
0.000000	122849.000000
0.000000	122849.000000
0.000000	122849.000000
0.000000	122850.000000
0.000000	122850.000000
0.000000	122850.000000
0.000000	122850.000000
0.000000	122850.000000
0.000000	122850.000000
0.000000	122850.000000
0.000000	122850.000000
0.000000	122850.000000
0.000000	122850.000000
0.000000	122850.000000
0.000000	122850.000000
0.000000	122850.000000
0.000000	122850.000000
0.000000	122850.000000
0.000000	122850.000000
0.000000	122850.000000
0.000000	122851.000000
0.000000	122851.000000
0.000000	122851.000000
0.000000	122851.000000
0.000000	122851.000000
0.000000	122851.000000
0.000000	122851.000000
0.000000	122851.000000
0.000000	122851.000000
0.000000	122851.000000
0.000000	122851.000000
0.000000	122851.000000
0.000000	122851.000000
0.000000	122851.000000
0.000000	122851.000000
0.000000	122851.000000
0.000000	122851.000000
0.000000	122852.000000
0.000000	122852.000000
0.000000	122852.000000
0.000000	122852.000000
0.000000	122852.000000
0.000000	122852.000000
0.000000	122852.000000
0.000000	122852.000000
0.000000	122852.000000
0.000000	122852.000000
0.000000	122852.000000
0.000000	122852.000000
0.000000	122852.000000
0.000000	122852.000000
0.000000	122852.000000
0.000000	122852.000000
0.000000	122852.000000
0.000000	122853.000000
0.000000	122853.000000
0.000000	122853.000000
0.000000	122853.000000
0.000000	122853.000000
0.000000	122853.000000
0.000000	122853.000000
0.000000	122853.000000
0.000000	122853.000000
0.000000	122853.000000
0.000000	122853.000000
0.000000	122853.000000
0.000000	122853.000000
0.000000	122853.000000
0.000000	122853.000000
0.000000	122853.000000
0.000000	122853.000000
0.000000	122854.000000
0.000000	122854.000000
0.000000	122854.000000
0.000000	122854.000000
0.000000	122854.000000
0.000000	122854.000000
0.000000	122854.000000
0.000000	122854.000000
0.000000	122854.000000
0.000000	122854.000000
0.000000	122854.000000
0.000000	122854.000000
0.000000	122854.000000
0.000000	122854.000000
0.000000	122854.000000
0.000000	122854.000000
0.000000	122854.000000
0.000000	122854.000000
0.000000	122855.000000
0.000000	122855.000000
0.000000	122855.000000
0.000000	122855.000000
0.000000	122855.000000
0.000000	122855.000000
0.000000	122855.000000
0.000000	122855.000000
0.000000	122855.000000
0.000000	122855.000000
0.000000	122855.000000
0.000000	122855.000000
0.000000	122855.000000
0.000000	122855.000000
0.000000	122855.000000
0.000000	122855.000000
0.000000	122855.000000
0.000000	122856.000000
0.000000	122856.000000
0.000000	122856.000000
0.000000	122856.000000
0.000000	122856.000000
0.000000	122856.000000
0.000000	122856.000000
0.000000	122856.000000
0.000000	122856.000000
0.000000	122856.000000
0.000000	122856.000000
0.000000	122856.000000
0.000000	122856.000000
0.000000	122856.000000
0.000000	122856.000000
0.000000	122856.000000
0.000000	122856.000000
0.000000	122857.000000
0.000000	122857.000000
0.000000	122857.000000
0.000000	122857.000000
0.000000	122857.000000
0.000000	122857.000000
0.000000	122857.000000
0.000000	122857.000000
0.000000	122857.000000
0.000000	122857.000000
0.000000	122857.000000
0.000000	122857.000000
0.000000	122857.000000
0.000000	122857.000000
0.000000	122857.000000
0.000000	122857.000000
0.000000	122857.000000
0.000000	122858.000000
0.000000	122858.000000
0.000000	122858.000000
0.000000	122858.000000
0.000000	122858.000000
0.000000	122858.000000
0.000000	122858.000000
0.000000	122858.000000
0.000000	122858.000000
0.000000	122858.000000
0.000000	122858.000000
0.000000	122858.000000
0.000000	122858.000000
0.000000	122858.000000
0.000000	122858.000000
0.000000	122858.000000
0.000000	122858.000000
0.000000	122859.000000
0.000000	122859.000000
0.000000	122859.000000
0.000000	122859.000000
0.000000	122859.000000
0.000000	122859.000000
0.000000	122859.000000
0.000000	122859.000000
0.000000	122859.000000
0.000000	122859.000000
0.000000	122859.000000
0.000000	122859.000000
0.000000	122859.000000
0.000000	122859.000000
0.000000	122859.000000
0.000000	122859.000000
0.000000	122859.000000
0.000000	122900.000000
0.000000	122900.000000
0.000000	122900.000000
0.000000	122900.000000
0.000000	122900.000000
0.000000	122900.000000
0.000000	122900.000000
0.000000	122900.000000
0.000000	122900.000000
0.000000	122900.000000
0.000000	122900.000000
0.000000	122900.000000
0.000000	122900.000000
0.000000	122900.000000
0.000000	122900.000000
0.000000	122900.000000
0.000000	122900.000000
0.000000	122901.000000
0.000000	122901.000000
0.000000	122901.000000
0.000000	122901.000000
0.000000	122901.000000
0.000000	122901.000000
0.000000	122901.000000
0.000000	122901.000000
0.000000	122901.000000
0.000000	122901.000000
0.000000	122901.000000
0.000000	122901.000000
0.000000	122901.000000
0.000000	122901.000000
0.000000	122901.000000
0.000000	122901.000000
0.000000	122901.000000
0.000000	122902.000000
0.000000	122902.000000
0.000000	122902.000000
0.000000	122902.000000
0.000000	122902.000000
0.000000	122902.000000
0.000000	122902.000000
0.000000	122902.000000
0.000000	122902.000000
0.000000	122902.000000
0.000000	122902.000000
0.000000	122902.000000
0.000000	122902.000000
0.000000	122902.000000
0.000000	122902.000000
0.000000	122902.000000
0.000000	122902.000000
0.000000	122903.000000
0.000000	122903.000000
0.000000	122903.000000
0.000000	122903.000000
0.000000	122903.000000
0.000000	122903.000000
0.000000	122903.000000
0.000000	122903.000000
0.000000	122903.000000
0.000000	122903.000000
0.000000	122903.000000
0.000000	122903.000000
0.000000	122903.000000
0.000000	122903.000000
0.000000	122903.000000
0.000000	122903.000000
0.000000	122903.000000
0.000000	122904.000000
0.000000	122904.000000
0.000000	122904.000000
0.000000	122904.000000
0.000000	122904.000000
0.000000	122904.000000
0.000000	122904.000000
0.000000	122904.000000
0.000000	122904.000000
0.000000	122904.000000
0.000000	122904.000000
0.000000	122904.000000
0.000000	122904.000000
0.000000	122904.000000
0.000000	122904.000000
0.000000	122904.000000
0.000000	122904.000000
0.000000	122905.000000
0.000000	122905.000000
0.000000	122905.000000
0.000000	122905.000000
0.000000	122905.000000
0.000000	122905.000000
0.000000	122905.000000
0.000000	122905.000000
0.000000	122905.000000
0.000000	122905.000000
0.000000	122905.000000
0.000000	122905.000000
0.000000	122905.000000
0.000000	122905.000000
0.000000	122905.000000
0.000000	122905.000000
0.000000	122905.000000
0.000000	122906.000000
0.000000	122906.000000
0.000000	122906.000000
0.000000	122906.000000
0.000000	122906.000000
0.000000	122906.000000
0.000000	122906.000000
0.000000	122906.000000
0.000000	122906.000000
0.000000	122906.000000
0.000000	122906.000000
0.000000	122906.000000
0.000000	122906.000000
0.000000	122906.000000
0.000000	122906.000000
0.000000	122906.000000
0.000000	122906.000000
0.000000	122907.000000
0.000000	122907.000000
0.000000	122907.000000
0.000000	122907.000000
0.000000	122907.000000
0.000000	122907.000000
0.000000	122907.000000
0.000000	122907.000000
0.000000	122907.000000
0.000000	122907.000000
0.000000	122907.000000
0.000000	122907.000000
0.000000	122907.000000
0.000000	122907.000000
0.000000	122907.000000
0.000000	122907.000000
0.000000	122907.000000
0.000000	122908.000000
0.000000	122908.000000
0.000000	122908.000000
0.000000	122908.000000
0.000000	122908.000000
0.000000	122908.000000
0.000000	122908.000000
0.000000	122908.000000
0.000000	122908.000000
0.000000	122908.000000
0.000000	122908.000000
0.000000	122908.000000
0.000000	122908.000000
0.000000	122908.000000
0.000000	122908.000000
0.000000	122908.000000
0.000000	122908.000000
0.000000	122909.000000
0.000000	122909.000000
0.000000	122909.000000
0.000000	122909.000000
0.000000	122909.000000
0.000000	122909.000000
0.000000	122909.000000
0.000000	122909.000000
0.000000	122909.000000
0.000000	122909.000000
0.000000	122909.000000
0.000000	122909.000000
0.000000	122909.000000
0.000000	122909.000000
0.000000	122909.000000
0.000000	122909.000000
0.000000	122909.000000
0.000000	122909.000000
0.000000	122910.000000
0.000000	122910.000000
0.000000	122910.000000
0.000000	122910.000000
0.000000	122910.000000
0.000000	122910.000000
0.000000	122910.000000
0.000000	122910.000000
0.000000	122910.000000
0.000000	122910.000000
0.000000	122910.000000
0.000000	122910.000000
0.000000	122910.000000
0.000000	122910.000000
0.000000	122910.000000
0.000000	122910.000000
0.000000	122910.000000
0.000000	122911.000000
0.000000	122911.000000
0.000000	122911.000000
0.000000	122911.000000
0.000000	122911.000000
0.000000	122911.000000
0.000000	122911.000000
0.000000	122911.000000
0.000000	122911.000000
0.000000	122911.000000
0.000000	122911.000000
0.000000	122911.000000
0.000000	122911.000000
0.000000	122911.000000
0.000000	122911.000000
0.000000	122911.000000
0.000000	122911.000000
0.000000	122912.000000
0.000000	122912.000000
0.000000	122912.000000
0.000000	122912.000000
0.000000	122912.000000
0.000000	122912.000000
0.000000	122912.000000
0.000000	122912.000000
0.000000	122912.000000
0.000000	122912.000000
0.000000	122912.000000
0.000000	122912.000000
0.000000	122912.000000
0.000000	122912.000000
0.000000	122912.000000
0.000000	122912.000000
0.000000	122912.000000
0.000000	122913.000000
0.000000	122913.000000
0.000000	122913.000000
0.000000	122913.000000
0.000000	122913.000000
0.000000	122913.000000
0.000000	122913.000000
0.000000	122913.000000
0.000000	122913.000000
0.000000	122913.000000
0.000000	122913.000000
0.000000	122913.000000
0.000000	122913.000000
0.000000	122913.000000
0.000000	122913.000000
0.000000	122913.000000
0.000000	122913.000000
0.000000	122914.000000
0.000000	122914.000000
0.000000	122914.000000
0.000000	122914.000000
0.000000	122914.000000
0.000000	122914.000000
0.000000	122914.000000
0.000000	122914.000000
0.000000	122914.000000
0.000000	122914.000000
0.000000	122914.000000
0.000000	122914.000000
0.000000	122914.000000
0.000000	122914.000000
0.000000	122914.000000
0.000000	122914.000000
0.000000	122914.000000
0.000000	122915.000000
0.000000	122915.000000
0.000000	122915.000000
0.000000	122915.000000
0.000000	122915.000000
0.000000	122915.000000
0.000000	122915.000000
0.000000	122915.000000
0.000000	122915.000000
0.000000	122915.000000
0.000000	122915.000000
0.000000	122915.000000
0.000000	122915.000000
0.000000	122915.000000
0.000000	122915.000000
0.000000	122915.000000
0.000000	122915.000000
0.000000	122916.000000
0.000000	122916.000000
0.000000	122916.000000
0.000000	122916.000000
0.000000	122916.000000
0.000000	122916.000000
0.000000	122916.000000
0.000000	122916.000000
0.000000	122916.000000
0.000000	122916.000000
0.000000	122916.000000
0.000000	122916.000000
0.000000	122916.000000
0.000000	122916.000000
0.000000	122916.000000
0.000000	122916.000000
0.000000	122916.000000
0.000000	122917.000000
0.000000	122917.000000
0.000000	122917.000000
0.000000	122917.000000
0.000000	122917.000000
0.000000	122917.000000
0.000000	122917.000000
0.000000	122917.000000
0.000000	122917.000000
0.000000	122917.000000
0.000000	122917.000000
0.000000	122917.000000
0.000000	122917.000000
0.000000	122917.000000
0.000000	122917.000000
0.000000	122917.000000
0.000000	122917.000000
0.000000	122918.000000
0.000000	122918.000000
0.000000	122918.000000
0.000000	122918.000000
0.000000	122918.000000
0.000000	122918.000000
0.000000	122918.000000
0.000000	122918.000000
0.000000	122918.000000
0.000000	122918.000000
0.000000	122918.000000
0.000000	122918.000000
0.000000	122918.000000
0.000000	122918.000000
0.000000	122918.000000
0.000000	122918.000000
0.000000	122918.000000
0.000000	122919.000000
0.000000	122919.000000
0.000000	122919.000000
0.000000	122919.000000
0.000000	122919.000000
0.000000	122919.000000
0.000000	122919.000000
0.000000	122919.000000
0.000000	122919.000000
0.000000	122919.000000
0.000000	122919.000000
0.000000	122919.000000
0.000000	122919.000000
0.000000	122919.000000
0.000000	122919.000000
0.000000	122919.000000
0.000000	122919.000000
0.000000	122920.000000
0.000000	122920.000000
0.000000	122920.000000
0.000000	122920.000000
0.000000	122920.000000
0.000000	122920.000000
0.000000	122920.000000
0.000000	122920.000000
0.000000	122920.000000
0.000000	122920.000000
0.000000	122920.000000
0.000000	122920.000000
0.000000	122920.000000
0.000000	122920.000000
0.000000	122920.000000
0.000000	122920.000000
0.000000	122920.000000
0.000000	122921.000000
0.000000	122921.000000
0.000000	122921.000000
0.000000	122921.000000
0.000000	122921.000000
0.000000	122921.000000
0.000000	122921.000000
0.000000	122921.000000
0.000000	122921.000000
0.000000	122921.000000
0.000000	122921.000000
0.000000	122921.000000
0.000000	122921.000000
0.000000	122921.000000
0.000000	122921.000000
0.000000	122921.000000
0.000000	122921.000000
0.000000	122922.000000
0.000000	122922.000000
0.000000	122922.000000
0.000000	122922.000000
0.000000	122922.000000
0.000000	122922.000000
0.000000	122922.000000
0.000000	122922.000000
0.000000	122922.000000
0.000000	122922.000000
0.000000	122922.000000
0.000000	122922.000000
0.000000	122922.000000
0.000000	122922.000000
0.000000	122922.000000
0.000000	122922.000000
0.000000	122922.000000
0.000000	122923.000000
0.000000	122923.000000
0.000000	122923.000000
0.000000	122923.000000
0.000000	122923.000000
0.000000	122923.000000
0.000000	122923.000000
0.000000	122923.000000
0.000000	122923.000000
0.000000	122923.000000
0.000000	122923.000000
0.000000	122923.000000
0.000000	122923.000000
0.000000	122923.000000
0.000000	122923.000000
0.000000	122923.000000
0.000000	122923.000000
0.000000	122924.000000
0.000000	122924.000000
0.000000	122924.000000
0.000000	122924.000000
0.000000	122924.000000
0.000000	122924.000000
0.000000	122924.000000
0.000000	122924.000000
0.000000	122924.000000
0.000000	122924.000000
0.000000	122924.000000
0.000000	122924.000000
0.000000	122924.000000
0.000000	122924.000000
0.000000	122924.000000
0.000000	122924.000000
0.000000	122924.000000
0.000000	122924.000000
0.000000	122925.000000
0.000000	122925.000000
0.000000	122925.000000
0.000000	122925.000000
0.000000	122925.000000
0.000000	122925.000000
0.000000	122925.000000
0.000000	122925.000000
0.000000	122925.000000
0.000000	122925.000000
0.000000	122925.000000
0.000000	122925.000000
0.000000	122925.000000
0.000000	122925.000000
0.000000	122925.000000
0.000000	122925.000000
0.000000	122925.000000
0.000000	122926.000000
0.000000	122926.000000
0.000000	122926.000000
0.000000	122926.000000
0.000000	122926.000000
0.000000	122926.000000
0.000000	122926.000000
0.000000	122926.000000
0.000000	122926.000000
0.000000	122926.000000
0.000000	122926.000000
0.000000	122926.000000
0.000000	122926.000000
0.000000	122926.000000
0.000000	122926.000000
0.000000	122926.000000
0.000000	122926.000000
0.000000	122927.000000
0.000000	122927.000000
0.000000	122927.000000
0.000000	122927.000000
0.000000	122927.000000
0.000000	122927.000000
0.000000	122927.000000
0.000000	122927.000000
0.000000	122927.000000
0.000000	122927.000000
0.000000	122927.000000
0.000000	122927.000000
0.000000	122927.000000
0.000000	122927.000000
0.000000	122927.000000
0.000000	122927.000000
0.000000	122927.000000
0.000000	122928.000000
0.000000	122928.000000
0.000000	122928.000000
0.000000	122928.000000
0.000000	122928.000000
0.000000	122928.000000
0.000000	122928.000000
0.000000	122928.000000
0.000000	122928.000000
0.000000	122928.000000
0.000000	122928.000000
0.000000	122928.000000
0.000000	122928.000000
0.000000	122928.000000
0.000000	122928.000000
0.000000	122928.000000
0.000000	122928.000000
0.000000	122929.000000
0.000000	122929.000000
0.000000	122929.000000
0.000000	122929.000000
0.000000	122929.000000
0.000000	122929.000000
0.000000	122929.000000
0.000000	122929.000000
0.000000	122929.000000
0.000000	122929.000000
0.000000	122929.000000
0.000000	122929.000000
0.000000	122929.000000
0.000000	122929.000000
0.000000	122929.000000
0.000000	122929.000000
0.000000	122929.000000
0.000000	122930.000000
0.000000	122930.000000
0.000000	122930.000000
0.000000	122930.000000
0.000000	122930.000000
0.000000	122930.000000
0.000000	122930.000000
0.000000	122930.000000
0.000000	122930.000000
0.000000	122930.000000
0.000000	122930.000000
0.000000	122930.000000
0.000000	122930.000000
0.000000	122930.000000
0.000000	122930.000000
0.000000	122930.000000
0.000000	122930.000000
0.000000	122931.000000
0.000000	122931.000000
0.000000	122931.000000
0.000000	122931.000000
0.000000	122931.000000
0.000000	122931.000000
0.000000	122931.000000
0.000000	122931.000000
0.000000	122931.000000
0.000000	122931.000000
0.000000	122931.000000
0.000000	122931.000000
0.000000	122931.000000
0.000000	122931.000000
0.000000	122931.000000
0.000000	122931.000000
0.000000	122931.000000
0.000000	122932.000000
0.000000	122932.000000
0.000000	122932.000000
0.000000	122932.000000
0.000000	122932.000000
0.000000	122932.000000
0.000000	122932.000000
0.000000	122932.000000
0.000000	122932.000000
0.000000	122932.000000
0.000000	122932.000000
0.000000	122932.000000
0.000000	122932.000000
0.000000	122932.000000
0.000000	122932.000000
0.000000	122932.000000
0.000000	122932.000000
0.000000	122933.000000
0.000000	122933.000000
0.000000	122933.000000
0.000000	122933.000000
0.000000	122933.000000
0.000000	122933.000000
0.000000	122933.000000
0.000000	122933.000000
0.000000	122933.000000
0.000000	122933.000000
0.000000	122933.000000
0.000000	122933.000000
0.000000	122933.000000
0.000000	122933.000000
0.000000	122933.000000
0.000000	122933.000000
0.000000	122933.000000
0.000000	122934.000000
0.000000	122934.000000
0.000000	122934.000000
0.000000	122934.000000
0.000000	122934.000000
0.000000	122934.000000
0.000000	122934.000000
0.000000	122934.000000
0.000000	122934.000000
0.000000	122934.000000
0.000000	122934.000000
0.000000	122934.000000
0.000000	122934.000000
0.000000	122934.000000
0.000000	122934.000000
0.000000	122934.000000
0.000000	122934.000000
0.000000	122935.000000
0.000000	122935.000000
0.000000	122935.000000
0.000000	122935.000000
0.000000	122935.000000
0.000000	122935.000000
0.000000	122935.000000
0.000000	122935.000000
0.000000	122935.000000
0.000000	122935.000000
0.000000	122935.000000
0.000000	122935.000000
0.000000	122935.000000
0.000000	122935.000000
0.000000	122935.000000
0.000000	122935.000000
0.000000	122935.000000
0.000000	122936.000000
0.000000	122936.000000
0.000000	122936.000000
0.000000	122936.000000
0.000000	122936.000000
0.000000	122936.000000
0.000000	122936.000000
0.000000	122936.000000
0.000000	122936.000000
0.000000	122936.000000
0.000000	122936.000000
0.000000	122936.000000
0.000000	122936.000000
0.000000	122936.000000
0.000000	122936.000000
0.000000	122936.000000
0.000000	122936.000000
0.000000	122937.000000
0.000000	122937.000000
0.000000	122937.000000
0.000000	122937.000000
0.000000	122937.000000
0.000000	122937.000000
0.000000	122937.000000
0.000000	122937.000000
0.000000	122937.000000
0.000000	122937.000000
0.000000	122937.000000
0.000000	122937.000000
0.000000	122937.000000
0.000000	122937.000000
0.000000	122937.000000
0.000000	122937.000000
0.000000	122937.000000
0.000000	122938.000000
0.000000	122938.000000
0.000000	122938.000000
0.000000	122938.000000
0.000000	122938.000000
0.000000	122938.000000
0.000000	122938.000000
0.000000	122938.000000
0.000000	122938.000000
0.000000	122938.000000
0.000000	122938.000000
0.000000	122938.000000
0.000000	122938.000000
0.000000	122938.000000
0.000000	122938.000000
0.000000	122938.000000
0.000000	122938.000000
0.000000	122939.000000
0.000000	122939.000000
0.000000	122939.000000
0.000000	122939.000000
0.000000	122939.000000
0.000000	122939.000000
0.000000	122939.000000
0.000000	122939.000000
0.000000	122939.000000
0.000000	122939.000000
0.000000	122939.000000
0.000000	122939.000000
0.000000	122939.000000
0.000000	122939.000000
0.000000	122939.000000
0.000000	122939.000000
0.000000	122939.000000
0.000000	122939.000000
0.000000	122940.000000
0.000000	122940.000000
0.000000	122940.000000
0.000000	122940.000000
0.000000	122940.000000
0.000000	122940.000000
0.000000	122940.000000
0.000000	122940.000000
0.000000	122940.000000
0.000000	122940.000000
0.000000	122940.000000
0.000000	122940.000000
0.000000	122940.000000
0.000000	122940.000000
0.000000	122940.000000
0.000000	122940.000000
0.000000	122940.000000
0.000000	122941.000000
0.000000	122941.000000
0.000000	122941.000000
0.000000	122941.000000
0.000000	122941.000000
0.000000	122941.000000
0.000000	122941.000000
0.000000	122941.000000
0.000000	122941.000000
0.000000	122941.000000
0.000000	122941.000000
0.000000	122941.000000
0.000000	122941.000000
0.000000	122941.000000
0.000000	122941.000000
0.000000	122941.000000
0.000000	122941.000000
0.000000	122942.000000
0.000000	122942.000000
0.000000	122942.000000
0.000000	122942.000000
0.000000	122942.000000
0.000000	122942.000000
0.000000	122942.000000
0.000000	122942.000000
0.000000	122942.000000
0.000000	122942.000000
0.000000	122942.000000
0.000000	122942.000000
0.000000	122942.000000
0.000000	122942.000000
0.000000	122942.000000
0.000000	122942.000000
0.000000	122942.000000
0.000000	122943.000000
0.000000	122943.000000
0.000000	122943.000000
0.000000	122943.000000
0.000000	122943.000000
0.000000	122943.000000
0.000000	122943.000000
0.000000	122943.000000
0.000000	122943.000000
0.000000	122943.000000
0.000000	122943.000000
0.000000	122943.000000
0.000000	122943.000000
0.000000	122943.000000
0.000000	122943.000000
0.000000	122943.000000
0.000000	122943.000000
0.000000	122944.000000
0.000000	122944.000000
0.000000	122944.000000
0.000000	122944.000000
0.000000	122944.000000
0.000000	122944.000000
0.000000	122944.000000
0.000000	122944.000000
0.000000	122944.000000
0.000000	122944.000000
0.000000	122944.000000
0.000000	122944.000000
0.000000	122944.000000
0.000000	122944.000000
0.000000	122944.000000
0.000000	122944.000000
0.000000	122944.000000
0.000000	122945.000000
0.000000	122945.000000
0.000000	122945.000000
0.000000	122945.000000
0.000000	122945.000000
0.000000	122945.000000
0.000000	122945.000000
0.000000	122945.000000
0.000000	122945.000000
0.000000	122945.000000
0.000000	122945.000000
0.000000	122945.000000
0.000000	122945.000000
0.000000	122945.000000
0.000000	122945.000000
0.000000	122945.000000
0.000000	122945.000000
0.000000	122946.000000
0.000000	122946.000000
0.000000	122946.000000
0.000000	122946.000000
0.000000	122946.000000
0.000000	122946.000000
0.000000	122946.000000
0.000000	122946.000000
0.000000	122946.000000
0.000000	122946.000000
0.000000	122946.000000
0.000000	122946.000000
0.000000	122946.000000
0.000000	122946.000000
0.000000	122946.000000
0.000000	122946.000000
0.000000	122946.000000
0.000000	122947.000000
0.000000	122947.000000
0.000000	122947.000000
0.000000	122947.000000
0.000000	122947.000000
0.000000	122947.000000
0.000000	122947.000000
0.000000	122947.000000
0.000000	122947.000000
0.000000	122947.000000
0.000000	122947.000000
0.000000	122947.000000
0.000000	122947.000000
0.000000	122947.000000
0.000000	122947.000000
0.000000	122947.000000
0.000000	122947.000000
0.000000	122948.000000
0.000000	122948.000000
0.000000	122948.000000
0.000000	122948.000000
0.000000	122948.000000
0.000000	122948.000000
0.000000	122948.000000
0.000000	122948.000000
