0.000000	103811.000000
0.000000	103811.000000
0.000000	103811.000000
0.000000	103811.000000
0.000000	103811.000000
0.000000	103811.000000
0.000000	103811.000000
0.000000	103811.000000
0.000000	103812.000000
0.000000	103812.000000
0.000000	103812.000000
0.000000	103812.000000
0.000000	103812.000000
0.000000	103812.000000
0.000000	103812.000000
0.000000	103812.000000
0.000000	103812.000000
0.000000	103812.000000
0.000000	103812.000000
0.000000	103812.000000
0.000000	103812.000000
0.000000	103812.000000
0.000000	103812.000000
0.000000	103812.000000
0.000000	103812.000000
0.000000	103812.000000
0.000000	103812.000000
0.000000	103813.000000
0.000000	103813.000000
0.000000	103813.000000
0.000000	103813.000000
0.000000	103813.000000
0.000000	103813.000000
0.000000	103813.000000
0.000000	103813.000000
0.000000	103813.000000
0.000000	103813.000000
0.000000	103813.000000
0.000000	103813.000000
0.000000	103813.000000
0.000000	103813.000000
0.000000	103813.000000
0.000000	103813.000000
0.000000	103813.000000
0.000000	103814.000000
0.000000	103814.000000
0.000000	103814.000000
0.000000	103814.000000
0.000000	103814.000000
0.000000	103814.000000
0.000000	103814.000000
0.000000	103814.000000
0.000000	103814.000000
0.000000	103814.000000
0.000000	103814.000000
0.000000	103814.000000
0.000000	103814.000000
0.000000	103814.000000
0.000000	103814.000000
0.000000	103814.000000
0.000000	103814.000000
0.000000	103815.000000
0.000000	103815.000000
0.000000	103815.000000
0.000000	103815.000000
0.000000	103815.000000
0.000000	103815.000000
0.000000	103815.000000
0.000000	103815.000000
0.000000	103815.000000
0.000000	103815.000000
0.000000	103815.000000
0.000000	103815.000000
0.000000	103815.000000
0.000000	103815.000000
0.000000	103815.000000
0.000000	103815.000000
0.000000	103815.000000
0.000000	103816.000000
0.000000	103816.000000
0.000000	103816.000000
0.000000	103816.000000
0.000000	103816.000000
0.000000	103816.000000
0.000000	103816.000000
0.000000	103816.000000
0.000000	103816.000000
0.000000	103816.000000
0.000000	103816.000000
0.000000	103816.000000
0.000000	103816.000000
0.000000	103816.000000
0.000000	103816.000000
0.000000	103816.000000
0.000000	103816.000000
0.000000	103817.000000
0.000000	103817.000000
0.000000	103817.000000
0.000000	103817.000000
0.000000	103817.000000
0.000000	103817.000000
0.000000	103817.000000
0.000000	103817.000000
0.000000	103817.000000
0.000000	103817.000000
0.000000	103817.000000
0.000000	103817.000000
0.000000	103817.000000
0.000000	103817.000000
0.000000	103817.000000
0.000000	103817.000000
0.000000	103817.000000
0.000000	103818.000000
0.000000	103818.000000
0.000000	103818.000000
0.000000	103818.000000
0.000000	103818.000000
0.000000	103818.000000
0.000000	103818.000000
0.000000	103818.000000
0.000000	103818.000000
0.000000	103818.000000
0.000000	103818.000000
0.000000	103818.000000
0.000000	103818.000000
0.000000	103818.000000
0.000000	103818.000000
0.000000	103818.000000
0.000000	103818.000000
0.000000	103819.000000
0.000000	103819.000000
0.000000	103819.000000
0.000000	103819.000000
0.000000	103819.000000
0.000000	103819.000000
0.000000	103819.000000
0.000000	103819.000000
0.000000	103819.000000
0.000000	103819.000000
0.000000	103819.000000
0.000000	103819.000000
0.000000	103819.000000
0.000000	103819.000000
0.000000	103819.000000
0.000000	103819.000000
0.000000	103819.000000
0.000000	103819.000000
0.000000	103820.000000
0.000000	103820.000000
0.000000	103820.000000
0.000000	103820.000000
0.000000	103820.000000
0.000000	103820.000000
0.000000	103820.000000
0.000000	103820.000000
0.000000	103820.000000
0.000000	103820.000000
0.000000	103820.000000
0.000000	103820.000000
0.000000	103820.000000
0.000000	103820.000000
0.000000	103820.000000
0.000000	103820.000000
0.000000	103821.000000
0.000000	103821.000000
0.000000	103821.000000
0.000000	103821.000000
0.000000	103821.000000
0.000000	103821.000000
0.000000	103821.000000
0.000000	103821.000000
0.000000	103821.000000
0.000000	103821.000000
0.000000	103821.000000
0.000000	103821.000000
0.000000	103821.000000
0.000000	103821.000000
0.000000	103821.000000
0.000000	103821.000000
0.000000	103821.000000
0.000000	103821.000000
0.000000	103822.000000
0.000000	103822.000000
0.000000	103822.000000
0.000000	103822.000000
0.000000	103822.000000
0.000000	103822.000000
0.000000	103822.000000
0.000000	103822.000000
0.000000	103822.000000
0.000000	103822.000000
0.000000	103822.000000
0.000000	103822.000000
0.000000	103822.000000
0.000000	103822.000000
0.000000	103822.000000
0.000000	103822.000000
0.000000	103822.000000
0.000000	103823.000000
0.000000	103823.000000
0.000000	103823.000000
0.000000	103823.000000
0.000000	103823.000000
0.000000	103823.000000
0.000000	103823.000000
0.000000	103823.000000
0.000000	103823.000000
0.000000	103823.000000
0.000000	103823.000000
0.000000	103823.000000
0.000000	103823.000000
0.000000	103823.000000
0.000000	103823.000000
0.000000	103823.000000
0.000000	103823.000000
0.000000	103824.000000
0.000000	103824.000000
0.000000	103824.000000
0.000000	103824.000000
0.000000	103824.000000
0.000000	103824.000000
0.000000	103824.000000
0.000000	103824.000000
0.000000	103824.000000
0.000000	103824.000000
0.000000	103824.000000
0.000000	103824.000000
0.000000	103824.000000
0.000000	103824.000000
0.000000	103824.000000
0.000000	103824.000000
0.000000	103824.000000
0.000000	103825.000000
0.000000	103825.000000
0.000000	103825.000000
0.000000	103825.000000
0.000000	103825.000000
0.000000	103825.000000
0.000000	103825.000000
0.000000	103825.000000
0.000000	103825.000000
0.000000	103825.000000
0.000000	103825.000000
0.000000	103825.000000
0.000000	103825.000000
0.000000	103825.000000
0.000000	103825.000000
0.000000	103825.000000
0.000000	103825.000000
0.000000	103826.000000
0.000000	103826.000000
0.000000	103826.000000
0.000000	103826.000000
0.000000	103826.000000
0.000000	103826.000000
0.000000	103826.000000
0.000000	103826.000000
0.000000	103826.000000
0.000000	103826.000000
0.000000	103826.000000
0.000000	103826.000000
0.000000	103826.000000
0.000000	103826.000000
0.000000	103826.000000
0.000000	103826.000000
0.000000	103826.000000
0.000000	103827.000000
0.000000	103827.000000
0.000000	103827.000000
0.000000	103827.000000
0.000000	103827.000000
0.000000	103827.000000
0.000000	103827.000000
0.000000	103827.000000
0.000000	103827.000000
0.000000	103827.000000
0.000000	103827.000000
0.000000	103827.000000
0.000000	103827.000000
0.000000	103827.000000
0.000000	103827.000000
0.000000	103827.000000
0.000000	103827.000000
0.000000	103828.000000
0.000000	103828.000000
0.000000	103828.000000
0.000000	103828.000000
0.000000	103828.000000
0.000000	103828.000000
0.000000	103828.000000
0.000000	103828.000000
0.000000	103828.000000
0.000000	103828.000000
0.000000	103828.000000
0.000000	103828.000000
0.000000	103828.000000
0.000000	103828.000000
0.000000	103828.000000
0.000000	103828.000000
0.000000	103828.000000
0.000000	103829.000000
0.000000	103829.000000
0.000000	103829.000000
0.000000	103829.000000
0.000000	103829.000000
0.000000	103829.000000
0.000000	103829.000000
0.000000	103829.000000
0.000000	103829.000000
0.000000	103829.000000
0.000000	103829.000000
0.000000	103829.000000
0.000000	103829.000000
0.000000	103829.000000
0.000000	103829.000000
0.000000	103829.000000
0.000000	103829.000000
0.000000	103830.000000
0.000000	103830.000000
0.000000	103830.000000
0.000000	103830.000000
0.000000	103830.000000
0.000000	103830.000000
0.000000	103830.000000
0.000000	103830.000000
0.000000	103830.000000
0.000000	103830.000000
0.000000	103830.000000
0.000000	103830.000000
0.000000	103830.000000
0.000000	103830.000000
0.000000	103830.000000
0.000000	103830.000000
0.000000	103830.000000
0.000000	103831.000000
0.000000	103831.000000
0.000000	103831.000000
0.000000	103831.000000
0.000000	103831.000000
0.000000	103831.000000
0.000000	103831.000000
0.000000	103831.000000
0.000000	103831.000000
0.000000	103831.000000
0.000000	103831.000000
0.000000	103831.000000
0.000000	103831.000000
0.000000	103831.000000
0.000000	103831.000000
0.000000	103831.000000
0.000000	103831.000000
0.000000	103832.000000
0.000000	103832.000000
0.000000	103832.000000
0.000000	103832.000000
0.000000	103832.000000
0.000000	103832.000000
0.000000	103832.000000
0.000000	103832.000000
0.000000	103832.000000
0.000000	103832.000000
0.000000	103832.000000
0.000000	103832.000000
0.000000	103832.000000
0.000000	103832.000000
0.000000	103832.000000
0.000000	103832.000000
0.000000	103832.000000
0.000000	103833.000000
0.000000	103833.000000
0.000000	103833.000000
0.000000	103833.000000
0.000000	103833.000000
0.000000	103833.000000
0.000000	103833.000000
0.000000	103833.000000
0.000000	103833.000000
0.000000	103833.000000
0.000000	103833.000000
0.000000	103833.000000
0.000000	103833.000000
0.000000	103833.000000
0.000000	103833.000000
0.000000	103833.000000
0.000000	103833.000000
0.000000	103834.000000
0.000000	103834.000000
0.000000	103834.000000
0.000000	103834.000000
0.000000	103834.000000
0.000000	103834.000000
0.000000	103834.000000
0.000000	103834.000000
0.000000	103834.000000
0.000000	103834.000000
0.000000	103834.000000
0.000000	103834.000000
0.000000	103834.000000
0.000000	103834.000000
0.000000	103834.000000
0.000000	103834.000000
0.000000	103835.000000
0.000000	103835.000000
0.000000	103835.000000
0.000000	103835.000000
0.000000	103835.000000
0.000000	103835.000000
0.000000	103835.000000
0.000000	103835.000000
0.000000	103835.000000
0.000000	103835.000000
0.000000	103835.000000
0.000000	103835.000000
0.000000	103835.000000
0.000000	103835.000000
0.000000	103835.000000
0.000000	103835.000000
0.000000	103835.000000
0.000000	103835.000000
0.000000	103835.000000
0.000000	103836.000000
0.000000	103836.000000
0.000000	103836.000000
0.000000	103836.000000
0.000000	103836.000000
0.000000	103836.000000
0.000000	103836.000000
0.000000	103836.000000
0.000000	103836.000000
0.000000	103836.000000
0.000000	103837.000000
0.000000	103837.000000
0.000000	103837.000000
0.000000	103837.000000
0.000000	103837.000000
0.000000	103837.000000
0.000000	103837.000000
0.000000	103837.000000
0.000000	103837.000000
0.000000	103837.000000
0.000000	103837.000000
0.000000	103837.000000
0.000000	103837.000000
0.000000	103837.000000
0.000000	103837.000000
0.000000	103837.000000
0.000000	103837.000000
0.000000	103837.000000
0.000000	103837.000000
0.000000	103837.000000
0.000000	103837.000000
0.000000	103837.000000
0.000000	103837.000000
0.000000	103837.000000
0.000000	103838.000000
0.000000	103838.000000
0.000000	103838.000000
0.000000	103838.000000
0.000000	103838.000000
0.000000	103838.000000
0.000000	103838.000000
0.000000	103838.000000
0.000000	103838.000000
0.000000	103838.000000
0.000000	103838.000000
0.000000	103838.000000
0.000000	103838.000000
0.000000	103838.000000
0.000000	103838.000000
0.000000	103838.000000
0.000000	103838.000000
0.000000	103839.000000
0.000000	103839.000000
0.000000	103839.000000
0.000000	103839.000000
0.000000	103839.000000
0.000000	103839.000000
0.000000	103839.000000
0.000000	103839.000000
0.000000	103839.000000
0.000000	103839.000000
0.000000	103839.000000
0.000000	103839.000000
0.000000	103839.000000
0.000000	103839.000000
0.000000	103839.000000
0.000000	103839.000000
0.000000	103839.000000
0.000000	103840.000000
0.000000	103840.000000
0.000000	103840.000000
0.000000	103840.000000
0.000000	103840.000000
0.000000	103840.000000
0.000000	103840.000000
0.000000	103840.000000
0.000000	103840.000000
0.000000	103840.000000
0.000000	103840.000000
0.000000	103840.000000
0.000000	103840.000000
0.000000	103840.000000
0.000000	103840.000000
0.000000	103840.000000
0.000000	103841.000000
0.000000	103841.000000
0.000000	103841.000000
0.000000	103841.000000
0.000000	103841.000000
0.000000	103841.000000
0.000000	103841.000000
0.000000	103841.000000
0.000000	103841.000000
0.000000	103841.000000
0.000000	103841.000000
0.000000	103841.000000
0.000000	103841.000000
0.000000	103841.000000
0.000000	103841.000000
0.000000	103841.000000
0.000000	103841.000000
0.000000	103841.000000
0.000000	103842.000000
0.000000	103842.000000
0.000000	103842.000000
0.000000	103842.000000
0.000000	103842.000000
0.000000	103842.000000
0.000000	103842.000000
0.000000	103842.000000
0.000000	103842.000000
0.000000	103842.000000
0.000000	103842.000000
0.000000	103842.000000
0.000000	103842.000000
0.000000	103842.000000
0.000000	103842.000000
0.000000	103842.000000
0.000000	103842.000000
0.000000	103843.000000
0.000000	103843.000000
0.000000	103843.000000
0.000000	103843.000000
0.000000	103843.000000
0.000000	103843.000000
0.000000	103843.000000
0.000000	103843.000000
0.000000	103843.000000
0.000000	103843.000000
0.000000	103843.000000
0.000000	103843.000000
0.000000	103843.000000
0.000000	103843.000000
0.000000	103843.000000
0.000000	103843.000000
0.000000	103843.000000
0.000000	103844.000000
0.000000	103844.000000
0.000000	103844.000000
0.000000	103844.000000
0.000000	103844.000000
0.000000	103844.000000
0.000000	103844.000000
0.000000	103844.000000
0.000000	103844.000000
0.000000	103844.000000
0.000000	103844.000000
0.000000	103844.000000
0.000000	103844.000000
0.000000	103844.000000
0.000000	103844.000000
0.000000	103844.000000
0.000000	103844.000000
0.000000	103845.000000
0.000000	103845.000000
0.000000	103845.000000
0.000000	103845.000000
0.000000	103845.000000
0.000000	103845.000000
0.000000	103845.000000
0.000000	103845.000000
0.000000	103845.000000
0.000000	103845.000000
0.000000	103845.000000
0.000000	103845.000000
0.000000	103845.000000
0.000000	103845.000000
0.000000	103845.000000
0.000000	103845.000000
0.000000	103845.000000
0.000000	103846.000000
0.000000	103846.000000
0.000000	103846.000000
0.000000	103846.000000
0.000000	103846.000000
0.000000	103846.000000
0.000000	103846.000000
0.000000	103846.000000
0.000000	103846.000000
0.000000	103846.000000
0.000000	103846.000000
0.000000	103846.000000
0.000000	103846.000000
0.000000	103846.000000
0.000000	103846.000000
0.000000	103846.000000
0.000000	103846.000000
0.000000	103847.000000
0.000000	103847.000000
0.000000	103847.000000
0.000000	103847.000000
0.000000	103847.000000
0.000000	103847.000000
0.000000	103847.000000
0.000000	103847.000000
0.000000	103847.000000
0.000000	103847.000000
0.000000	103847.000000
0.000000	103847.000000
0.000000	103847.000000
0.000000	103847.000000
0.000000	103847.000000
0.000000	103847.000000
0.000000	103847.000000
0.000000	103848.000000
0.000000	103848.000000
0.000000	103848.000000
0.000000	103848.000000
0.000000	103848.000000
0.000000	103848.000000
0.000000	103848.000000
0.000000	103848.000000
0.000000	103848.000000
0.000000	103848.000000
0.000000	103848.000000
0.000000	103848.000000
0.000000	103848.000000
0.000000	103848.000000
0.000000	103848.000000
0.000000	103848.000000
0.000000	103848.000000
0.000000	103849.000000
0.000000	103849.000000
0.000000	103849.000000
0.000000	103849.000000
0.000000	103849.000000
0.000000	103849.000000
0.000000	103849.000000
0.000000	103849.000000
0.000000	103849.000000
0.000000	103849.000000
0.000000	103849.000000
0.000000	103849.000000
0.000000	103849.000000
0.000000	103849.000000
0.000000	103849.000000
0.000000	103849.000000
0.000000	103849.000000
0.000000	103850.000000
0.000000	103850.000000
0.000000	103850.000000
0.000000	103850.000000
0.000000	103850.000000
0.000000	103850.000000
0.000000	103850.000000
0.000000	103850.000000
0.000000	103850.000000
0.000000	103850.000000
0.000000	103850.000000
0.000000	103850.000000
0.000000	103850.000000
0.000000	103850.000000
0.000000	103850.000000
0.000000	103850.000000
0.000000	103850.000000
0.000000	103851.000000
0.000000	103851.000000
0.000000	103851.000000
0.000000	103851.000000
0.000000	103851.000000
0.000000	103851.000000
0.000000	103851.000000
0.000000	103851.000000
0.000000	103851.000000
0.000000	103851.000000
0.000000	103851.000000
0.000000	103851.000000
0.000000	103851.000000
0.000000	103851.000000
0.000000	103851.000000
0.000000	103851.000000
0.000000	103851.000000
0.000000	103851.000000
0.000000	103852.000000
0.000000	103852.000000
0.000000	103852.000000
0.000000	103852.000000
0.000000	103852.000000
0.000000	103852.000000
0.000000	103852.000000
0.000000	103852.000000
0.000000	103852.000000
0.000000	103852.000000
0.000000	103852.000000
0.000000	103852.000000
0.000000	103852.000000
0.000000	103852.000000
0.000000	103852.000000
0.000000	103852.000000
0.000000	103852.000000
0.000000	103853.000000
0.000000	103853.000000
0.000000	103853.000000
0.000000	103853.000000
0.000000	103853.000000
0.000000	103853.000000
0.000000	103853.000000
0.000000	103853.000000
0.000000	103853.000000
0.000000	103853.000000
0.000000	103853.000000
0.000000	103853.000000
0.000000	103853.000000
0.000000	103853.000000
0.000000	103853.000000
0.000000	103853.000000
0.000000	103853.000000
0.000000	103854.000000
0.000000	103854.000000
0.000000	103854.000000
0.000000	103854.000000
0.000000	103854.000000
0.000000	103854.000000
0.000000	103854.000000
0.000000	103854.000000
0.000000	103854.000000
0.000000	103854.000000
0.000000	103854.000000
0.000000	103854.000000
0.000000	103854.000000
0.000000	103854.000000
0.000000	103854.000000
0.000000	103854.000000
0.000000	103854.000000
0.000000	103855.000000
0.000000	103855.000000
0.000000	103855.000000
0.000000	103855.000000
0.000000	103855.000000
0.000000	103855.000000
0.000000	103855.000000
0.000000	103855.000000
0.000000	103855.000000
0.000000	103855.000000
0.000000	103855.000000
0.000000	103855.000000
0.000000	103855.000000
0.000000	103855.000000
0.000000	103855.000000
0.000000	103855.000000
0.000000	103855.000000
0.000000	103856.000000
0.000000	103856.000000
0.000000	103856.000000
0.000000	103856.000000
0.000000	103856.000000
0.000000	103856.000000
0.000000	103856.000000
0.000000	103856.000000
0.000000	103856.000000
0.000000	103856.000000
0.000000	103856.000000
0.000000	103856.000000
0.000000	103856.000000
0.000000	103856.000000
0.000000	103856.000000
0.000000	103856.000000
0.000000	103856.000000
0.000000	103857.000000
0.000000	103857.000000
0.000000	103857.000000
0.000000	103857.000000
0.000000	103857.000000
0.000000	103857.000000
0.000000	103857.000000
0.000000	103857.000000
0.000000	103857.000000
0.000000	103857.000000
0.000000	103857.000000
0.000000	103857.000000
0.000000	103857.000000
0.000000	103857.000000
0.000000	103857.000000
0.000000	103857.000000
0.000000	103857.000000
0.000000	103858.000000
0.000000	103858.000000
0.000000	103858.000000
0.000000	103858.000000
0.000000	103858.000000
0.000000	103858.000000
0.000000	103858.000000
0.000000	103858.000000
0.000000	103858.000000
0.000000	103858.000000
0.000000	103858.000000
0.000000	103858.000000
0.000000	103858.000000
0.000000	103858.000000
0.000000	103858.000000
0.000000	103858.000000
0.000000	103858.000000
0.000000	103859.000000
0.000000	103859.000000
0.000000	103859.000000
0.000000	103859.000000
0.000000	103859.000000
0.000000	103859.000000
0.000000	103859.000000
0.000000	103859.000000
0.000000	103859.000000
0.000000	103859.000000
0.000000	103859.000000
0.000000	103859.000000
0.000000	103859.000000
0.000000	103859.000000
0.000000	103859.000000
0.000000	103859.000000
0.000000	103859.000000
0.000000	103900.000000
0.000000	103900.000000
0.000000	103900.000000
0.000000	103900.000000
0.000000	103900.000000
0.000000	103900.000000
0.000000	103900.000000
0.000000	103900.000000
0.000000	103900.000000
0.000000	103900.000000
0.000000	103900.000000
0.000000	103900.000000
0.000000	103900.000000
0.000000	103900.000000
0.000000	103900.000000
0.000000	103900.000000
0.000000	103900.000000
0.000000	103901.000000
0.000000	103901.000000
0.000000	103901.000000
0.000000	103901.000000
0.000000	103901.000000
0.000000	103901.000000
0.000000	103901.000000
0.000000	103901.000000
0.000000	103901.000000
0.000000	103901.000000
0.000000	103901.000000
0.000000	103901.000000
0.000000	103901.000000
0.000000	103901.000000
0.000000	103901.000000
0.000000	103901.000000
0.000000	103901.000000
0.000000	103902.000000
0.000000	103902.000000
0.000000	103902.000000
0.000000	103902.000000
0.000000	103902.000000
0.000000	103902.000000
0.000000	103902.000000
0.000000	103902.000000
0.000000	103902.000000
0.000000	103902.000000
0.000000	103902.000000
0.000000	103902.000000
0.000000	103902.000000
0.000000	103902.000000
0.000000	103902.000000
0.000000	103902.000000
0.000000	103902.000000
0.000000	103903.000000
0.000000	103903.000000
0.000000	103903.000000
0.000000	103903.000000
0.000000	103903.000000
0.000000	103903.000000
0.000000	103903.000000
0.000000	103903.000000
0.000000	103903.000000
0.000000	103903.000000
0.000000	103903.000000
0.000000	103903.000000
0.000000	103903.000000
0.000000	103903.000000
0.000000	103903.000000
0.000000	103903.000000
0.000000	103903.000000
0.000000	103904.000000
0.000000	103904.000000
0.000000	103904.000000
0.000000	103904.000000
0.000000	103904.000000
0.000000	103904.000000
0.000000	103904.000000
0.000000	103904.000000
0.000000	103904.000000
0.000000	103904.000000
0.000000	103904.000000
0.000000	103904.000000
0.000000	103904.000000
0.000000	103904.000000
0.000000	103904.000000
0.000000	103904.000000
0.000000	103904.000000
0.000000	103905.000000
0.000000	103905.000000
0.000000	103905.000000
0.000000	103905.000000
0.000000	103905.000000
0.000000	103905.000000
0.000000	103905.000000
0.000000	103905.000000
0.000000	103905.000000
0.000000	103905.000000
0.000000	103905.000000
0.000000	103905.000000
0.000000	103905.000000
0.000000	103905.000000
0.000000	103905.000000
0.000000	103905.000000
0.000000	103905.000000
0.000000	103906.000000
0.000000	103906.000000
0.000000	103906.000000
0.000000	103906.000000
0.000000	103906.000000
0.000000	103906.000000
0.000000	103906.000000
0.000000	103906.000000
0.000000	103906.000000
0.000000	103906.000000
0.000000	103906.000000
0.000000	103906.000000
0.000000	103906.000000
0.000000	103906.000000
0.000000	103906.000000
0.000000	103906.000000
0.000000	103906.000000
0.000000	103906.000000
0.000000	103907.000000
0.000000	103907.000000
0.000000	103907.000000
0.000000	103907.000000
0.000000	103907.000000
0.000000	103907.000000
0.000000	103907.000000
0.000000	103907.000000
0.000000	103907.000000
0.000000	103907.000000
0.000000	103907.000000
0.000000	103907.000000
0.000000	103907.000000
0.000000	103907.000000
0.000000	103907.000000
0.000000	103907.000000
0.000000	103907.000000
0.000000	103908.000000
0.000000	103908.000000
0.000000	103908.000000
0.000000	103908.000000
0.000000	103908.000000
0.000000	103908.000000
0.000000	103908.000000
0.000000	103908.000000
0.000000	103908.000000
0.000000	103908.000000
0.000000	103908.000000
0.000000	103908.000000
0.000000	103908.000000
0.000000	103909.000000
0.000000	103909.000000
0.000000	103909.000000
0.000000	103909.000000
0.000000	103909.000000
0.000000	103909.000000
0.000000	103909.000000
0.000000	103909.000000
0.000000	103909.000000
0.000000	103909.000000
0.000000	103909.000000
0.000000	103909.000000
0.000000	103909.000000
0.000000	103909.000000
0.000000	103909.000000
0.000000	103909.000000
0.000000	103909.000000
0.000000	103909.000000
0.000000	103909.000000
0.000000	103909.000000
0.000000	103910.000000
0.000000	103910.000000
0.000000	103910.000000
0.000000	103910.000000
0.000000	103910.000000
0.000000	103910.000000
0.000000	103910.000000
0.000000	103910.000000
0.000000	103910.000000
0.000000	103910.000000
0.000000	103910.000000
0.000000	103910.000000
0.000000	103910.000000
0.000000	103910.000000
0.000000	103910.000000
0.000000	103910.000000
0.000000	103910.000000
0.000000	103910.000000
0.000000	103911.000000
0.000000	103911.000000
0.000000	103911.000000
0.000000	103911.000000
0.000000	103911.000000
0.000000	103911.000000
0.000000	103911.000000
0.000000	103911.000000
0.000000	103911.000000
0.000000	103911.000000
0.000000	103911.000000
0.000000	103911.000000
0.000000	103911.000000
0.000000	103911.000000
0.000000	103911.000000
0.000000	103911.000000
0.000000	103911.000000
0.000000	103912.000000
0.000000	103912.000000
0.000000	103912.000000
0.000000	103912.000000
0.000000	103912.000000
0.000000	103912.000000
0.000000	103912.000000
0.000000	103912.000000
0.000000	103912.000000
0.000000	103912.000000
0.000000	103912.000000
0.000000	103912.000000
0.000000	103912.000000
0.000000	103912.000000
0.000000	103912.000000
0.000000	103912.000000
0.000000	103912.000000
0.000000	103913.000000
0.000000	103913.000000
0.000000	103913.000000
0.000000	103913.000000
0.000000	103913.000000
0.000000	103913.000000
0.000000	103913.000000
0.000000	103913.000000
0.000000	103913.000000
0.000000	103913.000000
0.000000	103913.000000
0.000000	103913.000000
0.000000	103913.000000
0.000000	103913.000000
0.000000	103913.000000
0.000000	103913.000000
0.000000	103913.000000
0.000000	103914.000000
0.000000	103914.000000
0.000000	103914.000000
0.000000	103914.000000
0.000000	103914.000000
0.000000	103914.000000
0.000000	103914.000000
0.000000	103914.000000
0.000000	103914.000000
0.000000	103914.000000
0.000000	103914.000000
0.000000	103914.000000
0.000000	103914.000000
0.000000	103914.000000
0.000000	103914.000000
0.000000	103914.000000
0.000000	103914.000000
0.000000	103915.000000
0.000000	103915.000000
0.000000	103915.000000
0.000000	103915.000000
0.000000	103915.000000
0.000000	103915.000000
0.000000	103915.000000
0.000000	103915.000000
0.000000	103915.000000
0.000000	103915.000000
0.000000	103915.000000
0.000000	103915.000000
0.000000	103915.000000
0.000000	103915.000000
0.000000	103915.000000
0.000000	103915.000000
0.000000	103915.000000
0.000000	103916.000000
0.000000	103916.000000
0.000000	103916.000000
0.000000	103916.000000
0.000000	103916.000000
0.000000	103916.000000
0.000000	103916.000000
0.000000	103916.000000
0.000000	103916.000000
0.000000	103916.000000
0.000000	103916.000000
0.000000	103916.000000
0.000000	103916.000000
0.000000	103916.000000
0.000000	103916.000000
0.000000	103916.000000
0.000000	103916.000000
0.000000	103917.000000
0.000000	103917.000000
0.000000	103917.000000
0.000000	103917.000000
0.000000	103917.000000
0.000000	103917.000000
0.000000	103917.000000
0.000000	103917.000000
0.000000	103917.000000
0.000000	103917.000000
0.000000	103917.000000
0.000000	103917.000000
0.000000	103917.000000
0.000000	103917.000000
0.000000	103917.000000
0.000000	103917.000000
0.000000	103918.000000
0.000000	103918.000000
0.000000	103918.000000
0.000000	103918.000000
0.000000	103918.000000
0.000000	103918.000000
0.000000	103918.000000
0.000000	103918.000000
0.000000	103918.000000
0.000000	103918.000000
0.000000	103918.000000
0.000000	103918.000000
0.000000	103918.000000
0.000000	103918.000000
0.000000	103918.000000
0.000000	103918.000000
0.000000	103918.000000
0.000000	103918.000000
0.000000	103919.000000
0.000000	103919.000000
0.000000	103919.000000
0.000000	103919.000000
0.000000	103919.000000
0.000000	103919.000000
0.000000	103919.000000
0.000000	103919.000000
0.000000	103919.000000
0.000000	103919.000000
0.000000	103919.000000
0.000000	103919.000000
0.000000	103919.000000
0.000000	103919.000000
0.000000	103919.000000
0.000000	103919.000000
0.000000	103919.000000
0.000000	103920.000000
0.000000	103920.000000
0.000000	103920.000000
0.000000	103920.000000
0.000000	103920.000000
0.000000	103920.000000
0.000000	103920.000000
0.000000	103920.000000
0.000000	103920.000000
0.000000	103920.000000
0.000000	103920.000000
0.000000	103920.000000
0.000000	103920.000000
0.000000	103920.000000
0.000000	103920.000000
0.000000	103920.000000
0.000000	103920.000000
0.000000	103921.000000
0.000000	103921.000000
0.000000	103921.000000
0.000000	103921.000000
0.000000	103921.000000
0.000000	103921.000000
0.000000	103921.000000
0.000000	103921.000000
0.000000	103921.000000
0.000000	103921.000000
0.000000	103921.000000
0.000000	103921.000000
0.000000	103921.000000
0.000000	103921.000000
0.000000	103921.000000
0.000000	103921.000000
0.000000	103921.000000
0.000000	103921.000000
0.000000	103922.000000
0.000000	103922.000000
0.000000	103922.000000
0.000000	103922.000000
0.000000	103922.000000
0.000000	103922.000000
0.000000	103922.000000
0.000000	103922.000000
0.000000	103922.000000
0.000000	103922.000000
0.000000	103922.000000
0.000000	103922.000000
0.000000	103922.000000
0.000000	103922.000000
0.000000	103922.000000
0.000000	103922.000000
0.000000	103922.000000
0.000000	103923.000000
0.000000	103923.000000
0.000000	103923.000000
0.000000	103923.000000
0.000000	103923.000000
0.000000	103923.000000
0.000000	103923.000000
0.000000	103923.000000
0.000000	103923.000000
0.000000	103923.000000
0.000000	103923.000000
0.000000	103923.000000
0.000000	103923.000000
0.000000	103923.000000
0.000000	103923.000000
0.000000	103923.000000
0.000000	103923.000000
0.000000	103924.000000
0.000000	103924.000000
0.000000	103924.000000
0.000000	103924.000000
0.000000	103924.000000
0.000000	103924.000000
0.000000	103924.000000
0.000000	103924.000000
0.000000	103924.000000
0.000000	103924.000000
0.000000	103924.000000
0.000000	103924.000000
0.000000	103924.000000
0.000000	103924.000000
0.000000	103924.000000
0.000000	103924.000000
0.000000	103924.000000
0.000000	103925.000000
0.000000	103925.000000
0.000000	103925.000000
0.000000	103925.000000
0.000000	103925.000000
0.000000	103925.000000
0.000000	103925.000000
0.000000	103925.000000
0.000000	103925.000000
0.000000	103925.000000
0.000000	103925.000000
0.000000	103925.000000
0.000000	103925.000000
0.000000	103925.000000
0.000000	103925.000000
0.000000	103925.000000
0.000000	103925.000000
0.000000	103926.000000
0.000000	103926.000000
0.000000	103926.000000
0.000000	103926.000000
0.000000	103926.000000
0.000000	103926.000000
0.000000	103926.000000
0.000000	103926.000000
0.000000	103926.000000
0.000000	103926.000000
0.000000	103926.000000
0.000000	103926.000000
0.000000	103926.000000
0.000000	103926.000000
0.000000	103926.000000
0.000000	103926.000000
0.000000	103926.000000
0.000000	103927.000000
0.000000	103927.000000
0.000000	103927.000000
0.000000	103927.000000
0.000000	103927.000000
0.000000	103927.000000
0.000000	103927.000000
0.000000	103927.000000
0.000000	103927.000000
0.000000	103927.000000
0.000000	103927.000000
0.000000	103927.000000
0.000000	103927.000000
0.000000	103927.000000
0.000000	103927.000000
0.000000	103927.000000
0.000000	103928.000000
0.000000	103928.000000
0.000000	103928.000000
0.000000	103928.000000
0.000000	103928.000000
0.000000	103928.000000
0.000000	103928.000000
0.000000	103928.000000
0.000000	103928.000000
0.000000	103928.000000
0.000000	103928.000000
0.000000	103928.000000
0.000000	103928.000000
0.000000	103928.000000
0.000000	103928.000000
0.000000	103928.000000
0.000000	103928.000000
0.000000	103928.000000
0.000000	103929.000000
0.000000	103929.000000
0.000000	103929.000000
0.000000	103929.000000
0.000000	103929.000000
0.000000	103929.000000
0.000000	103929.000000
0.000000	103929.000000
0.000000	103929.000000
0.000000	103929.000000
0.000000	103929.000000
0.000000	103929.000000
0.000000	103929.000000
0.000000	103929.000000
0.000000	103929.000000
0.000000	103929.000000
0.000000	103929.000000
0.000000	103930.000000
0.000000	103930.000000
0.000000	103930.000000
0.000000	103930.000000
0.000000	103930.000000
0.000000	103930.000000
0.000000	103930.000000
0.000000	103930.000000
0.000000	103930.000000
0.000000	103930.000000
0.000000	103930.000000
0.000000	103930.000000
0.000000	103930.000000
0.000000	103930.000000
0.000000	103930.000000
0.000000	103930.000000
0.000000	103930.000000
0.000000	103931.000000
0.000000	103931.000000
0.000000	103931.000000
0.000000	103931.000000
0.000000	103931.000000
0.000000	103931.000000
0.000000	103931.000000
0.000000	103931.000000
0.000000	103931.000000
0.000000	103931.000000
0.000000	103931.000000
0.000000	103931.000000
0.000000	103931.000000
0.000000	103931.000000
0.000000	103931.000000
0.000000	103931.000000
0.000000	103931.000000
0.000000	103932.000000
0.000000	103932.000000
0.000000	103932.000000
0.000000	103932.000000
0.000000	103932.000000
0.000000	103932.000000
0.000000	103932.000000
0.000000	103932.000000
0.000000	103932.000000
0.000000	103932.000000
0.000000	103932.000000
0.000000	103932.000000
0.000000	103932.000000
0.000000	103932.000000
0.000000	103932.000000
0.000000	103932.000000
0.000000	103932.000000
0.000000	103933.000000
0.000000	103933.000000
0.000000	103933.000000
0.000000	103933.000000
0.000000	103933.000000
0.000000	103933.000000
0.000000	103933.000000
0.000000	103933.000000
0.000000	103933.000000
0.000000	103933.000000
0.000000	103933.000000
0.000000	103933.000000
0.000000	103933.000000
0.000000	103933.000000
0.000000	103933.000000
0.000000	103933.000000
0.000000	103933.000000
0.000000	103934.000000
0.000000	103934.000000
0.000000	103934.000000
0.000000	103934.000000
0.000000	103934.000000
0.000000	103934.000000
0.000000	103934.000000
0.000000	103934.000000
0.000000	103934.000000
0.000000	103934.000000
0.000000	103934.000000
0.000000	103934.000000
0.000000	103934.000000
0.000000	103934.000000
0.000000	103934.000000
0.000000	103934.000000
0.000000	103934.000000
0.000000	103935.000000
0.000000	103935.000000
0.000000	103935.000000
0.000000	103935.000000
0.000000	103935.000000
0.000000	103935.000000
0.000000	103935.000000
0.000000	103935.000000
0.000000	103935.000000
0.000000	103935.000000
0.000000	103935.000000
0.000000	103935.000000
0.000000	103935.000000
0.000000	103935.000000
0.000000	103935.000000
0.000000	103935.000000
0.000000	103935.000000
0.000000	103935.000000
0.000000	103936.000000
0.000000	103936.000000
0.000000	103936.000000
0.000000	103936.000000
0.000000	103936.000000
0.000000	103936.000000
0.000000	103936.000000
0.000000	103936.000000
0.000000	103936.000000
0.000000	103936.000000
0.000000	103936.000000
0.000000	103936.000000
0.000000	103936.000000
0.000000	103936.000000
0.000000	103936.000000
0.000000	103936.000000
0.000000	103936.000000
0.000000	103937.000000
0.000000	103937.000000
0.000000	103937.000000
0.000000	103937.000000
0.000000	103937.000000
0.000000	103937.000000
0.000000	103937.000000
0.000000	103937.000000
0.000000	103937.000000
0.000000	103937.000000
0.000000	103937.000000
0.000000	103937.000000
0.000000	103937.000000
0.000000	103937.000000
0.000000	103937.000000
0.000000	103937.000000
0.000000	103937.000000
0.000000	103938.000000
0.000000	103938.000000
0.000000	103938.000000
0.000000	103938.000000
0.000000	103938.000000
0.000000	103938.000000
0.000000	103938.000000
0.000000	103938.000000
0.000000	103938.000000
0.000000	103938.000000
0.000000	103938.000000
0.000000	103938.000000
0.000000	103938.000000
0.000000	103938.000000
0.000000	103938.000000
0.000000	103938.000000
0.000000	103938.000000
0.000000	103939.000000
0.000000	103939.000000
0.000000	103939.000000
0.000000	103939.000000
0.000000	103939.000000
0.000000	103939.000000
0.000000	103939.000000
0.000000	103939.000000
0.000000	103939.000000
0.000000	103939.000000
0.000000	103939.000000
0.000000	103939.000000
0.000000	103939.000000
0.000000	103939.000000
0.000000	103939.000000
0.000000	103939.000000
0.000000	103940.000000
0.000000	103940.000000
0.000000	103940.000000
0.000000	103940.000000
0.000000	103940.000000
0.000000	103940.000000
0.000000	103940.000000
0.000000	103940.000000
0.000000	103940.000000
0.000000	103940.000000
0.000000	103940.000000
0.000000	103940.000000
0.000000	103940.000000
0.000000	103940.000000
0.000000	103940.000000
0.000000	103940.000000
0.000000	103940.000000
0.000000	103940.000000
0.000000	103941.000000
0.000000	103941.000000
0.000000	103941.000000
0.000000	103941.000000
0.000000	103941.000000
0.000000	103941.000000
0.000000	103941.000000
0.000000	103941.000000
0.000000	103941.000000
0.000000	103941.000000
0.000000	103941.000000
0.000000	103941.000000
0.000000	103941.000000
0.000000	103941.000000
0.000000	103941.000000
0.000000	103941.000000
0.000000	103941.000000
0.000000	103942.000000
0.000000	103942.000000
0.000000	103942.000000
0.000000	103942.000000
0.000000	103942.000000
0.000000	103942.000000
0.000000	103942.000000
0.000000	103942.000000
0.000000	103942.000000
0.000000	103942.000000
0.000000	103942.000000
0.000000	103942.000000
0.000000	103942.000000
0.000000	103942.000000
0.000000	103942.000000
0.000000	103942.000000
0.000000	103942.000000
0.000000	103943.000000
0.000000	103943.000000
0.000000	103943.000000
0.000000	103943.000000
0.000000	103943.000000
0.000000	103943.000000
0.000000	103943.000000
0.000000	103943.000000
0.000000	103943.000000
0.000000	103943.000000
0.000000	103943.000000
0.000000	103943.000000
0.000000	103943.000000
0.000000	103943.000000
0.000000	103943.000000
0.000000	103943.000000
0.000000	103943.000000
0.000000	103944.000000
0.000000	103944.000000
0.000000	103944.000000
0.000000	103944.000000
0.000000	103944.000000
0.000000	103944.000000
0.000000	103944.000000
0.000000	103944.000000
0.000000	103944.000000
0.000000	103944.000000
0.000000	103944.000000
0.000000	103944.000000
0.000000	103944.000000
0.000000	103944.000000
0.000000	103944.000000
0.000000	103944.000000
0.000000	103944.000000
0.000000	103945.000000
0.000000	103945.000000
0.000000	103945.000000
0.000000	103945.000000
0.000000	103945.000000
0.000000	103945.000000
0.000000	103945.000000
0.000000	103945.000000
0.000000	103945.000000
0.000000	103945.000000
0.000000	103945.000000
0.000000	103945.000000
0.000000	103945.000000
0.000000	103946.000000
0.000000	103946.000000
0.000000	103946.000000
0.000000	103946.000000
0.000000	103946.000000
0.000000	103946.000000
0.000000	103946.000000
0.000000	103946.000000
0.000000	103946.000000
0.000000	103946.000000
0.000000	103946.000000
0.000000	103946.000000
0.000000	103946.000000
0.000000	103946.000000
0.000000	103946.000000
0.000000	103946.000000
0.000000	103946.000000
0.000000	103946.000000
0.000000	103946.000000
0.000000	103946.000000
0.000000	103947.000000
0.000000	103947.000000
0.000000	103947.000000
0.000000	103947.000000
0.000000	103947.000000
0.000000	103947.000000
0.000000	103947.000000
0.000000	103947.000000
0.000000	103947.000000
0.000000	103947.000000
0.000000	103947.000000
0.000000	103947.000000
0.000000	103947.000000
0.000000	103947.000000
0.000000	103947.000000
0.000000	103948.000000
0.000000	103948.000000
0.000000	103948.000000
0.000000	103948.000000
0.000000	103948.000000
0.000000	103948.000000
0.000000	103948.000000
0.000000	103948.000000
0.000000	103948.000000
0.000000	103948.000000
0.000000	103948.000000
0.000000	103948.000000
0.000000	103948.000000
0.000000	103948.000000
0.000000	103948.000000
0.000000	103948.000000
0.000000	103948.000000
0.000000	103948.000000
0.000000	103949.000000
0.000000	103949.000000
0.000000	103949.000000
0.000000	103949.000000
0.000000	103949.000000
0.000000	103949.000000
0.000000	103949.000000
0.000000	103949.000000
0.000000	103949.000000
0.000000	103949.000000
0.000000	103949.000000
0.000000	103949.000000
0.000000	103949.000000
0.000000	103949.000000
0.000000	103949.000000
0.000000	103949.000000
0.000000	103949.000000
0.000000	103949.000000
0.000000	103949.000000
0.000000	103950.000000
0.000000	103950.000000
0.000000	103950.000000
0.000000	103950.000000
0.000000	103950.000000
0.000000	103950.000000
0.000000	103950.000000
0.000000	103950.000000
0.000000	103950.000000
0.000000	103950.000000
0.000000	103950.000000
0.000000	103950.000000
0.000000	103950.000000
0.000000	103950.000000
0.000000	103950.000000
0.000000	103950.000000
0.000000	103950.000000
0.000000	103951.000000
0.000000	103951.000000
0.000000	103951.000000
0.000000	103951.000000
0.000000	103951.000000
0.000000	103951.000000
0.000000	103951.000000
0.000000	103951.000000
0.000000	103951.000000
0.000000	103951.000000
0.000000	103951.000000
0.000000	103951.000000
0.000000	103951.000000
0.000000	103951.000000
0.000000	103951.000000
0.000000	103951.000000
0.000000	103951.000000
0.000000	103951.000000
0.000000	103952.000000
0.000000	103952.000000
0.000000	103952.000000
0.000000	103952.000000
0.000000	103952.000000
0.000000	103952.000000
0.000000	103952.000000
0.000000	103952.000000
0.000000	103952.000000
0.000000	103952.000000
0.000000	103952.000000
0.000000	103952.000000
0.000000	103952.000000
0.000000	103952.000000
0.000000	103952.000000
0.000000	103952.000000
0.000000	103952.000000
0.000000	103953.000000
0.000000	103953.000000
0.000000	103953.000000
0.000000	103953.000000
0.000000	103953.000000
0.000000	103953.000000
0.000000	103953.000000
0.000000	103953.000000
0.000000	103953.000000
0.000000	103953.000000
0.000000	103953.000000
0.000000	103953.000000
0.000000	103953.000000
0.000000	103953.000000
0.000000	103953.000000
0.000000	103953.000000
0.000000	103953.000000
0.000000	103954.000000
0.000000	103954.000000
0.000000	103954.000000
0.000000	103954.000000
0.000000	103954.000000
0.000000	103954.000000
0.000000	103954.000000
0.000000	103954.000000
0.000000	103954.000000
0.000000	103954.000000
0.000000	103954.000000
0.000000	103954.000000
0.000000	103954.000000
0.000000	103954.000000
0.000000	103954.000000
0.000000	103954.000000
0.000000	103954.000000
0.000000	103955.000000
0.000000	103955.000000
0.000000	103955.000000
0.000000	103955.000000
0.000000	103955.000000
0.000000	103955.000000
0.000000	103955.000000
0.000000	103955.000000
0.000000	103955.000000
0.000000	103955.000000
0.000000	103955.000000
0.000000	103955.000000
0.000000	103955.000000
0.000000	103955.000000
0.000000	103955.000000
0.000000	103955.000000
0.000000	103955.000000
0.000000	103956.000000
0.000000	103956.000000
0.000000	103956.000000
0.000000	103956.000000
0.000000	103956.000000
0.000000	103956.000000
0.000000	103956.000000
0.000000	103956.000000
0.000000	103956.000000
0.000000	103956.000000
0.000000	103956.000000
0.000000	103956.000000
0.000000	103956.000000
0.000000	103956.000000
0.000000	103956.000000
0.000000	103956.000000
0.000000	103956.000000
0.000000	103957.000000
0.000000	103957.000000
0.000000	103957.000000
0.000000	103957.000000
0.000000	103957.000000
0.000000	103957.000000
0.000000	103957.000000
0.000000	103957.000000
0.000000	103957.000000
0.000000	103957.000000
0.000000	103957.000000
0.000000	103957.000000
0.000000	103957.000000
0.000000	103957.000000
0.000000	103957.000000
0.000000	103957.000000
0.000000	103957.000000
0.000000	103958.000000
0.000000	103958.000000
0.000000	103958.000000
0.000000	103958.000000
0.000000	103958.000000
0.000000	103958.000000
0.000000	103958.000000
0.000000	103958.000000
0.000000	103958.000000
0.000000	103958.000000
0.000000	103958.000000
0.000000	103958.000000
0.000000	103958.000000
0.000000	103958.000000
0.000000	103958.000000
0.000000	103958.000000
0.000000	103958.000000
0.000000	103959.000000
0.000000	103959.000000
0.000000	103959.000000
0.000000	103959.000000
0.000000	103959.000000
0.000000	103959.000000
0.000000	103959.000000
0.000000	103959.000000
0.000000	103959.000000
0.000000	103959.000000
0.000000	103959.000000
0.000000	103959.000000
0.000000	103959.000000
0.000000	103959.000000
0.000000	103959.000000
0.000000	103959.000000
0.000000	103959.000000
0.000000	104000.000000
0.000000	104000.000000
0.000000	104000.000000
0.000000	104000.000000
0.000000	104000.000000
0.000000	104000.000000
0.000000	104000.000000
0.000000	104000.000000
0.000000	104000.000000
0.000000	104000.000000
0.000000	104000.000000
0.000000	104000.000000
0.000000	104000.000000
0.000000	104000.000000
0.000000	104000.000000
0.000000	104000.000000
0.000000	104001.000000
0.000000	104001.000000
0.000000	104001.000000
0.000000	104001.000000
0.000000	104001.000000
0.000000	104001.000000
0.000000	104001.000000
0.000000	104001.000000
0.000000	104001.000000
0.000000	104001.000000
0.000000	104001.000000
0.000000	104001.000000
0.000000	104001.000000
0.000000	104001.000000
0.000000	104001.000000
0.000000	104001.000000
0.000000	104001.000000
0.000000	104001.000000
0.000000	104002.000000
0.000000	104002.000000
0.000000	104002.000000
0.000000	104002.000000
0.000000	104002.000000
0.000000	104002.000000
0.000000	104002.000000
0.000000	104002.000000
0.000000	104002.000000
0.000000	104002.000000
0.000000	104002.000000
0.000000	104002.000000
0.000000	104002.000000
0.000000	104002.000000
0.000000	104002.000000
0.000000	104002.000000
0.000000	104002.000000
0.000000	104003.000000
0.000000	104003.000000
0.000000	104003.000000
0.000000	104003.000000
0.000000	104003.000000
0.000000	104003.000000
0.000000	104003.000000
0.000000	104003.000000
0.000000	104003.000000
0.000000	104003.000000
0.000000	104003.000000
0.000000	104003.000000
0.000000	104003.000000
0.000000	104003.000000
0.000000	104003.000000
0.000000	104003.000000
0.000000	104003.000000
0.000000	104004.000000
0.000000	104004.000000
0.000000	104004.000000
0.000000	104004.000000
0.000000	104004.000000
0.000000	104004.000000
0.000000	104004.000000
0.000000	104004.000000
0.000000	104004.000000
0.000000	104004.000000
0.000000	104004.000000
0.000000	104004.000000
0.000000	104004.000000
0.000000	104004.000000
0.000000	104004.000000
0.000000	104005.000000
0.000000	104005.000000
0.000000	104005.000000
0.000000	104005.000000
0.000000	104005.000000
0.000000	104005.000000
0.000000	104005.000000
0.000000	104005.000000
0.000000	104005.000000
0.000000	104005.000000
0.000000	104005.000000
0.000000	104005.000000
0.000000	104005.000000
0.000000	104005.000000
0.000000	104005.000000
0.000000	104005.000000
0.000000	104005.000000
0.000000	104005.000000
0.000000	104006.000000
0.000000	104006.000000
0.000000	104006.000000
0.000000	104006.000000
0.000000	104006.000000
0.000000	104006.000000
0.000000	104006.000000
0.000000	104006.000000
0.000000	104006.000000
0.000000	104006.000000
0.000000	104006.000000
0.000000	104006.000000
0.000000	104006.000000
0.000000	104006.000000
0.000000	104006.000000
0.000000	104006.000000
0.000000	104006.000000
0.000000	104006.000000
0.000000	104007.000000
0.000000	104007.000000
0.000000	104007.000000
0.000000	104007.000000
0.000000	104007.000000
0.000000	104007.000000
0.000000	104007.000000
0.000000	104007.000000
0.000000	104007.000000
0.000000	104007.000000
0.000000	104007.000000
0.000000	104007.000000
0.000000	104007.000000
0.000000	104007.000000
0.000000	104007.000000
0.000000	104007.000000
0.000000	104007.000000
0.000000	104007.000000
0.000000	104008.000000
0.000000	104008.000000
0.000000	104008.000000
0.000000	104008.000000
0.000000	104008.000000
0.000000	104008.000000
0.000000	104008.000000
0.000000	104008.000000
0.000000	104008.000000
0.000000	104008.000000
0.000000	104008.000000
0.000000	104008.000000
0.000000	104008.000000
0.000000	104008.000000
0.000000	104008.000000
0.000000	104008.000000
0.000000	104008.000000
0.000000	104009.000000
0.000000	104009.000000
0.000000	104009.000000
0.000000	104009.000000
0.000000	104009.000000
0.000000	104009.000000
0.000000	104009.000000
0.000000	104009.000000
0.000000	104009.000000
0.000000	104009.000000
0.000000	104009.000000
0.000000	104009.000000
0.000000	104009.000000
0.000000	104009.000000
0.000000	104009.000000
0.000000	104009.000000
0.000000	104009.000000
0.000000	104010.000000
0.000000	104010.000000
0.000000	104010.000000
0.000000	104010.000000
0.000000	104010.000000
0.000000	104010.000000
0.000000	104010.000000
0.000000	104010.000000
0.000000	104010.000000
0.000000	104010.000000
0.000000	104010.000000
0.000000	104010.000000
0.000000	104010.000000
0.000000	104010.000000
0.000000	104010.000000
0.000000	104010.000000
0.000000	104010.000000
0.000000	104011.000000
0.000000	104011.000000
0.000000	104011.000000
0.000000	104011.000000
0.000000	104011.000000
0.000000	104011.000000
0.000000	104011.000000
0.000000	104011.000000
0.000000	104011.000000
0.000000	104011.000000
0.000000	104011.000000
0.000000	104011.000000
0.000000	104011.000000
0.000000	104011.000000
0.000000	104011.000000
0.000000	104011.000000
0.000000	104011.000000
0.000000	104012.000000
0.000000	104012.000000
0.000000	104012.000000
0.000000	104012.000000
0.000000	104012.000000
0.000000	104012.000000
0.000000	104012.000000
0.000000	104012.000000
0.000000	104012.000000
0.000000	104012.000000
0.000000	104012.000000
0.000000	104012.000000
0.000000	104012.000000
0.000000	104012.000000
0.000000	104012.000000
0.000000	104012.000000
0.000000	104012.000000
0.000000	104013.000000
0.000000	104013.000000
0.000000	104013.000000
0.000000	104013.000000
0.000000	104013.000000
0.000000	104013.000000
0.000000	104013.000000
0.000000	104013.000000
0.000000	104013.000000
0.000000	104013.000000
0.000000	104013.000000
0.000000	104013.000000
0.000000	104013.000000
0.000000	104013.000000
0.000000	104013.000000
0.000000	104013.000000
0.000000	104013.000000
0.000000	104014.000000
0.000000	104014.000000
0.000000	104014.000000
0.000000	104014.000000
0.000000	104014.000000
0.000000	104014.000000
0.000000	104014.000000
0.000000	104014.000000
0.000000	104014.000000
0.000000	104014.000000
0.000000	104014.000000
0.000000	104014.000000
0.000000	104014.000000
0.000000	104014.000000
0.000000	104014.000000
0.000000	104014.000000
0.000000	104014.000000
0.000000	104015.000000
0.000000	104015.000000
0.000000	104015.000000
0.000000	104015.000000
0.000000	104015.000000
0.000000	104015.000000
0.000000	104015.000000
0.000000	104015.000000
0.000000	104015.000000
0.000000	104015.000000
0.000000	104015.000000
0.000000	104015.000000
0.000000	104015.000000
0.000000	104015.000000
0.000000	104015.000000
0.000000	104015.000000
0.000000	104015.000000
0.000000	104016.000000
0.000000	104016.000000
0.000000	104016.000000
0.000000	104016.000000
0.000000	104016.000000
0.000000	104016.000000
0.000000	104016.000000
0.000000	104016.000000
0.000000	104016.000000
0.000000	104016.000000
0.000000	104016.000000
0.000000	104016.000000
0.000000	104016.000000
0.000000	104016.000000
0.000000	104016.000000
0.000000	104016.000000
0.000000	104016.000000
0.000000	104017.000000
0.000000	104017.000000
0.000000	104017.000000
0.000000	104017.000000
0.000000	104017.000000
0.000000	104017.000000
0.000000	104017.000000
0.000000	104017.000000
0.000000	104017.000000
0.000000	104017.000000
0.000000	104017.000000
0.000000	104017.000000
0.000000	104017.000000
0.000000	104017.000000
0.000000	104017.000000
0.000000	104017.000000
0.000000	104018.000000
0.000000	104018.000000
0.000000	104018.000000
0.000000	104018.000000
0.000000	104018.000000
0.000000	104018.000000
0.000000	104018.000000
0.000000	104018.000000
0.000000	104018.000000
0.000000	104018.000000
0.000000	104018.000000
0.000000	104018.000000
0.000000	104018.000000
0.000000	104018.000000
0.000000	104018.000000
0.000000	104018.000000
0.000000	104018.000000
0.000000	104018.000000
0.000000	104019.000000
0.000000	104019.000000
0.000000	104019.000000
0.000000	104019.000000
0.000000	104019.000000
0.000000	104019.000000
0.000000	104019.000000
0.000000	104019.000000
0.000000	104019.000000
0.000000	104019.000000
0.000000	104019.000000
0.000000	104019.000000
0.000000	104019.000000
0.000000	104019.000000
0.000000	104019.000000
0.000000	104019.000000
0.000000	104019.000000
0.000000	104020.000000
0.000000	104020.000000
0.000000	104020.000000
0.000000	104020.000000
0.000000	104020.000000
0.000000	104020.000000
0.000000	104020.000000
0.000000	104020.000000
0.000000	104020.000000
0.000000	104020.000000
0.000000	104020.000000
0.000000	104020.000000
0.000000	104020.000000
0.000000	104020.000000
0.000000	104020.000000
0.000000	104020.000000
0.000000	104020.000000
0.000000	104021.000000
0.000000	104021.000000
0.000000	104021.000000
0.000000	104021.000000
0.000000	104021.000000
0.000000	104021.000000
0.000000	104021.000000
0.000000	104021.000000
0.000000	104021.000000
0.000000	104021.000000
0.000000	104021.000000
0.000000	104021.000000
0.000000	104021.000000
0.000000	104021.000000
0.000000	104021.000000
0.000000	104021.000000
0.000000	104021.000000
0.000000	104021.000000
0.000000	104022.000000
0.000000	104022.000000
0.000000	104022.000000
0.000000	104022.000000
0.000000	104022.000000
0.000000	104022.000000
0.000000	104022.000000
0.000000	104022.000000
0.000000	104022.000000
0.000000	104022.000000
0.000000	104022.000000
0.000000	104022.000000
0.000000	104022.000000
0.000000	104022.000000
0.000000	104022.000000
0.000000	104022.000000
0.000000	104022.000000
0.000000	104023.000000
0.000000	104023.000000
0.000000	104023.000000
0.000000	104023.000000
0.000000	104023.000000
0.000000	104023.000000
0.000000	104023.000000
0.000000	104023.000000
0.000000	104023.000000
0.000000	104023.000000
0.000000	104023.000000
0.000000	104023.000000
0.000000	104023.000000
0.000000	104023.000000
0.000000	104023.000000
0.000000	104023.000000
0.000000	104023.000000
0.000000	104024.000000
0.000000	104024.000000
0.000000	104024.000000
0.000000	104024.000000
0.000000	104024.000000
0.000000	104024.000000
0.000000	104024.000000
0.000000	104024.000000
0.000000	104024.000000
0.000000	104024.000000
0.000000	104024.000000
0.000000	104024.000000
0.000000	104024.000000
0.000000	104024.000000
0.000000	104024.000000
0.000000	104024.000000
0.000000	104024.000000
0.000000	104025.000000
0.000000	104025.000000
0.000000	104025.000000
0.000000	104025.000000
0.000000	104025.000000
0.000000	104025.000000
0.000000	104025.000000
0.000000	104025.000000
0.000000	104025.000000
0.000000	104025.000000
0.000000	104025.000000
0.000000	104025.000000
0.000000	104025.000000
0.000000	104025.000000
0.000000	104025.000000
0.000000	104025.000000
0.000000	104025.000000
0.000000	104026.000000
0.000000	104026.000000
0.000000	104026.000000
0.000000	104026.000000
0.000000	104026.000000
0.000000	104026.000000
0.000000	104026.000000
0.000000	104026.000000
0.000000	104026.000000
0.000000	104026.000000
0.000000	104026.000000
0.000000	104026.000000
0.000000	104026.000000
0.000000	104026.000000
0.000000	104026.000000
0.000000	104026.000000
0.000000	104026.000000
0.000000	104027.000000
0.000000	104027.000000
0.000000	104027.000000
0.000000	104027.000000
0.000000	104027.000000
0.000000	104027.000000
0.000000	104027.000000
0.000000	104027.000000
0.000000	104027.000000
0.000000	104027.000000
0.000000	104027.000000
0.000000	104027.000000
0.000000	104027.000000
0.000000	104027.000000
0.000000	104027.000000
0.000000	104027.000000
0.000000	104027.000000
0.000000	104028.000000
0.000000	104028.000000
0.000000	104028.000000
0.000000	104028.000000
0.000000	104028.000000
0.000000	104028.000000
0.000000	104028.000000
0.000000	104028.000000
0.000000	104028.000000
0.000000	104028.000000
0.000000	104028.000000
0.000000	104028.000000
0.000000	104028.000000
0.000000	104028.000000
0.000000	104028.000000
0.000000	104028.000000
0.000000	104028.000000
0.000000	104029.000000
0.000000	104029.000000
0.000000	104029.000000
0.000000	104029.000000
0.000000	104029.000000
0.000000	104029.000000
0.000000	104029.000000
0.000000	104029.000000
0.000000	104029.000000
0.000000	104029.000000
0.000000	104029.000000
0.000000	104029.000000
0.000000	104029.000000
0.000000	104029.000000
0.000000	104029.000000
0.000000	104029.000000
0.000000	104030.000000
0.000000	104030.000000
0.000000	104030.000000
0.000000	104030.000000
0.000000	104030.000000
0.000000	104030.000000
0.000000	104030.000000
0.000000	104030.000000
0.000000	104030.000000
0.000000	104030.000000
0.000000	104030.000000
0.000000	104030.000000
0.000000	104030.000000
0.000000	104030.000000
0.000000	104030.000000
0.000000	104030.000000
0.000000	104030.000000
0.000000	104030.000000
0.000000	104031.000000
0.000000	104031.000000
0.000000	104031.000000
0.000000	104031.000000
0.000000	104031.000000
0.000000	104031.000000
0.000000	104031.000000
0.000000	104031.000000
0.000000	104031.000000
0.000000	104031.000000
0.000000	104031.000000
0.000000	104031.000000
0.000000	104031.000000
0.000000	104031.000000
0.000000	104031.000000
0.000000	104031.000000
0.000000	104031.000000
0.000000	104032.000000
0.000000	104032.000000
0.000000	104032.000000
0.000000	104032.000000
0.000000	104032.000000
0.000000	104032.000000
0.000000	104032.000000
0.000000	104032.000000
0.000000	104032.000000
0.000000	104032.000000
0.000000	104032.000000
0.000000	104032.000000
0.000000	104032.000000
0.000000	104032.000000
0.000000	104032.000000
0.000000	104032.000000
0.000000	104032.000000
0.000000	104033.000000
0.000000	104033.000000
0.000000	104033.000000
0.000000	104033.000000
0.000000	104033.000000
0.000000	104033.000000
0.000000	104033.000000
0.000000	104033.000000
0.000000	104033.000000
0.000000	104033.000000
0.000000	104033.000000
0.000000	104033.000000
0.000000	104033.000000
0.000000	104033.000000
0.000000	104033.000000
0.000000	104033.000000
0.000000	104033.000000
0.000000	104034.000000
0.000000	104034.000000
0.000000	104034.000000
0.000000	104034.000000
0.000000	104034.000000
0.000000	104034.000000
0.000000	104034.000000
0.000000	104034.000000
0.000000	104034.000000
0.000000	104034.000000
0.000000	104034.000000
0.000000	104034.000000
0.000000	104034.000000
0.000000	104034.000000
0.000000	104034.000000
0.000000	104034.000000
0.000000	104034.000000
0.000000	104035.000000
0.000000	104035.000000
0.000000	104035.000000
0.000000	104035.000000
0.000000	104035.000000
0.000000	104035.000000
0.000000	104035.000000
0.000000	104035.000000
0.000000	104035.000000
0.000000	104035.000000
0.000000	104035.000000
0.000000	104035.000000
0.000000	104035.000000
0.000000	104035.000000
0.000000	104035.000000
0.000000	104035.000000
0.000000	104035.000000
0.000000	104036.000000
0.000000	104036.000000
0.000000	104036.000000
0.000000	104036.000000
0.000000	104036.000000
0.000000	104036.000000
0.000000	104036.000000
0.000000	104036.000000
0.000000	104036.000000
0.000000	104036.000000
0.000000	104036.000000
0.000000	104036.000000
0.000000	104036.000000
0.000000	104036.000000
0.000000	104036.000000
0.000000	104036.000000
0.000000	104036.000000
0.000000	104036.000000
0.000000	104037.000000
0.000000	104037.000000
0.000000	104037.000000
0.000000	104037.000000
0.000000	104037.000000
0.000000	104037.000000
0.000000	104037.000000
0.000000	104037.000000
0.000000	104037.000000
0.000000	104037.000000
0.000000	104037.000000
0.000000	104037.000000
0.000000	104037.000000
0.000000	104037.000000
0.000000	104037.000000
0.000000	104038.000000
0.000000	104038.000000
0.000000	104038.000000
0.000000	104038.000000
0.000000	104038.000000
0.000000	104038.000000
0.000000	104038.000000
0.000000	104038.000000
0.000000	104038.000000
0.000000	104038.000000
0.000000	104038.000000
0.000000	104038.000000
0.000000	104038.000000
0.000000	104038.000000
0.000000	104038.000000
0.000000	104038.000000
0.000000	104038.000000
0.000000	104038.000000
0.000000	104038.000000
0.000000	104039.000000
0.000000	104039.000000
0.000000	104039.000000
0.000000	104039.000000
0.000000	104039.000000
0.000000	104039.000000
0.000000	104039.000000
0.000000	104039.000000
0.000000	104039.000000
0.000000	104039.000000
0.000000	104039.000000
0.000000	104039.000000
0.000000	104039.000000
0.000000	104039.000000
0.000000	104039.000000
0.000000	104039.000000
0.000000	104039.000000
0.000000	104040.000000
0.000000	104040.000000
0.000000	104040.000000
0.000000	104040.000000
0.000000	104040.000000
0.000000	104040.000000
0.000000	104040.000000
0.000000	104040.000000
0.000000	104040.000000
0.000000	104040.000000
0.000000	104040.000000
0.000000	104040.000000
0.000000	104040.000000
0.000000	104040.000000
0.000000	104040.000000
0.000000	104040.000000
0.000000	104040.000000
0.000000	104041.000000
0.000000	104041.000000
0.000000	104041.000000
0.000000	104041.000000
0.000000	104041.000000
0.000000	104041.000000
0.000000	104041.000000
0.000000	104041.000000
0.000000	104041.000000
0.000000	104041.000000
0.000000	104041.000000
0.000000	104041.000000
0.000000	104041.000000
0.000000	104041.000000
0.000000	104041.000000
0.000000	104041.000000
0.000000	104041.000000
0.000000	104042.000000
0.000000	104042.000000
0.000000	104042.000000
0.000000	104042.000000
0.000000	104042.000000
0.000000	104042.000000
0.000000	104042.000000
0.000000	104042.000000
0.000000	104042.000000
0.000000	104042.000000
0.000000	104042.000000
0.000000	104042.000000
0.000000	104042.000000
0.000000	104042.000000
0.000000	104042.000000
0.000000	104042.000000
0.000000	104042.000000
0.000000	104043.000000
0.000000	104043.000000
0.000000	104043.000000
0.000000	104043.000000
0.000000	104043.000000
0.000000	104043.000000
0.000000	104043.000000
0.000000	104043.000000
0.000000	104043.000000
0.000000	104043.000000
0.000000	104043.000000
0.000000	104043.000000
0.000000	104043.000000
0.000000	104043.000000
0.000000	104043.000000
0.000000	104043.000000
0.000000	104043.000000
0.000000	104044.000000
0.000000	104044.000000
0.000000	104044.000000
0.000000	104044.000000
0.000000	104044.000000
0.000000	104044.000000
0.000000	104044.000000
0.000000	104044.000000
0.000000	104044.000000
0.000000	104044.000000
0.000000	104044.000000
0.000000	104044.000000
0.000000	104044.000000
0.000000	104044.000000
0.000000	104044.000000
0.000000	104044.000000
0.000000	104044.000000
0.000000	104045.000000
0.000000	104045.000000
0.000000	104045.000000
0.000000	104045.000000
0.000000	104045.000000
0.000000	104045.000000
0.000000	104045.000000
0.000000	104045.000000
0.000000	104045.000000
0.000000	104045.000000
0.000000	104045.000000
0.000000	104045.000000
0.000000	104045.000000
0.000000	104045.000000
0.000000	104045.000000
0.000000	104045.000000
0.000000	104045.000000
0.000000	104046.000000
0.000000	104046.000000
0.000000	104046.000000
0.000000	104046.000000
0.000000	104046.000000
0.000000	104046.000000
0.000000	104046.000000
0.000000	104046.000000
0.000000	104046.000000
0.000000	104046.000000
0.000000	104046.000000
0.000000	104046.000000
0.000000	104046.000000
0.000000	104046.000000
0.000000	104046.000000
0.000000	104046.000000
0.000000	104046.000000
0.000000	104047.000000
0.000000	104047.000000
0.000000	104047.000000
0.000000	104047.000000
0.000000	104047.000000
0.000000	104047.000000
0.000000	104047.000000
0.000000	104047.000000
0.000000	104047.000000
0.000000	104047.000000
0.000000	104047.000000
0.000000	104047.000000
0.000000	104047.000000
0.000000	104047.000000
0.000000	104047.000000
0.000000	104047.000000
0.000000	104047.000000
0.000000	104048.000000
0.000000	104048.000000
0.000000	104048.000000
0.000000	104048.000000
0.000000	104048.000000
0.000000	104048.000000
0.000000	104048.000000
0.000000	104048.000000
0.000000	104048.000000
0.000000	104048.000000
0.000000	104048.000000
0.000000	104048.000000
0.000000	104048.000000
0.000000	104048.000000
0.000000	104048.000000
0.000000	104048.000000
0.000000	104048.000000
0.000000	104049.000000
0.000000	104049.000000
0.000000	104049.000000
0.000000	104049.000000
0.000000	104049.000000
0.000000	104049.000000
0.000000	104049.000000
0.000000	104049.000000
0.000000	104049.000000
0.000000	104049.000000
0.000000	104049.000000
0.000000	104049.000000
0.000000	104049.000000
0.000000	104049.000000
0.000000	104050.000000
0.000000	104050.000000
0.000000	104050.000000
0.000000	104050.000000
0.000000	104050.000000
0.000000	104050.000000
0.000000	104050.000000
0.000000	104050.000000
0.000000	104050.000000
0.000000	104050.000000
0.000000	104050.000000
0.000000	104050.000000
0.000000	104050.000000
0.000000	104050.000000
0.000000	104050.000000
0.000000	104050.000000
0.000000	104050.000000
0.000000	104050.000000
0.000000	104050.000000
0.000000	104050.000000
0.000000	104051.000000
0.000000	104051.000000
0.000000	104051.000000
0.000000	104051.000000
0.000000	104051.000000
0.000000	104051.000000
0.000000	104051.000000
0.000000	104051.000000
0.000000	104051.000000
0.000000	104051.000000
0.000000	104051.000000
0.000000	104051.000000
0.000000	104051.000000
0.000000	104051.000000
0.000000	104051.000000
0.000000	104051.000000
0.000000	104051.000000
0.000000	104051.000000
0.000000	104052.000000
0.000000	104052.000000
0.000000	104052.000000
0.000000	104052.000000
0.000000	104052.000000
0.000000	104052.000000
0.000000	104052.000000
0.000000	104052.000000
0.000000	104052.000000
0.000000	104052.000000
0.000000	104052.000000
0.000000	104052.000000
0.000000	104052.000000
0.000000	104052.000000
0.000000	104052.000000
0.000000	104052.000000
0.000000	104052.000000
0.000000	104053.000000
0.000000	104053.000000
0.000000	104053.000000
0.000000	104053.000000
0.000000	104053.000000
0.000000	104053.000000
0.000000	104053.000000
0.000000	104053.000000
0.000000	104053.000000
0.000000	104053.000000
0.000000	104053.000000
0.000000	104053.000000
0.000000	104053.000000
0.000000	104053.000000
0.000000	104053.000000
0.000000	104053.000000
0.000000	104053.000000
0.000000	104054.000000
0.000000	104054.000000
0.000000	104054.000000
0.000000	104054.000000
0.000000	104054.000000
0.000000	104054.000000
0.000000	104054.000000
0.000000	104054.000000
0.000000	104054.000000
0.000000	104054.000000
0.000000	104054.000000
0.000000	104054.000000
0.000000	104054.000000
0.000000	104054.000000
0.000000	104054.000000
0.000000	104054.000000
0.000000	104054.000000
0.000000	104055.000000
0.000000	104055.000000
0.000000	104055.000000
0.000000	104055.000000
0.000000	104055.000000
0.000000	104055.000000
0.000000	104055.000000
0.000000	104055.000000
0.000000	104055.000000
0.000000	104055.000000
0.000000	104055.000000
0.000000	104055.000000
0.000000	104055.000000
0.000000	104055.000000
0.000000	104055.000000
0.000000	104055.000000
0.000000	104055.000000
0.000000	104056.000000
0.000000	104056.000000
0.000000	104056.000000
0.000000	104056.000000
0.000000	104056.000000
0.000000	104056.000000
0.000000	104056.000000
0.000000	104056.000000
0.000000	104056.000000
0.000000	104056.000000
0.000000	104056.000000
0.000000	104056.000000
0.000000	104056.000000
0.000000	104056.000000
0.000000	104056.000000
0.000000	104056.000000
0.000000	104056.000000
0.000000	104057.000000
0.000000	104057.000000
0.000000	104057.000000
0.000000	104057.000000
0.000000	104057.000000
0.000000	104057.000000
0.000000	104057.000000
0.000000	104057.000000
0.000000	104057.000000
0.000000	104057.000000
0.000000	104057.000000
0.000000	104057.000000
0.000000	104057.000000
0.000000	104057.000000
0.000000	104057.000000
0.000000	104057.000000
0.000000	104057.000000
0.000000	104058.000000
0.000000	104058.000000
0.000000	104058.000000
0.000000	104058.000000
0.000000	104058.000000
0.000000	104058.000000
0.000000	104058.000000
0.000000	104058.000000
0.000000	104058.000000
0.000000	104058.000000
0.000000	104058.000000
0.000000	104058.000000
0.000000	104058.000000
0.000000	104058.000000
0.000000	104058.000000
0.000000	104058.000000
0.000000	104058.000000
0.000000	104059.000000
0.000000	104059.000000
0.000000	104059.000000
0.000000	104059.000000
0.000000	104059.000000
0.000000	104059.000000
0.000000	104059.000000
0.000000	104059.000000
0.000000	104059.000000
0.000000	104059.000000
0.000000	104059.000000
0.000000	104059.000000
0.000000	104059.000000
0.000000	104059.000000
0.000000	104059.000000
0.000000	104059.000000
0.000000	104059.000000
0.000000	104100.000000
0.000000	104100.000000
0.000000	104100.000000
0.000000	104100.000000
0.000000	104100.000000
0.000000	104100.000000
0.000000	104100.000000
0.000000	104100.000000
0.000000	104100.000000
0.000000	104100.000000
0.000000	104100.000000
0.000000	104100.000000
0.000000	104100.000000
0.000000	104100.000000
0.000000	104100.000000
0.000000	104100.000000
0.000000	104100.000000
0.000000	104101.000000
0.000000	104101.000000
0.000000	104101.000000
0.000000	104101.000000
0.000000	104101.000000
0.000000	104101.000000
0.000000	104101.000000
0.000000	104101.000000
0.000000	104101.000000
0.000000	104101.000000
0.000000	104101.000000
0.000000	104101.000000
0.000000	104101.000000
0.000000	104101.000000
0.000000	104101.000000
0.000000	104101.000000
0.000000	104101.000000
0.000000	104102.000000
0.000000	104102.000000
0.000000	104102.000000
0.000000	104102.000000
0.000000	104102.000000
0.000000	104102.000000
0.000000	104102.000000
0.000000	104102.000000
0.000000	104102.000000
0.000000	104102.000000
0.000000	104102.000000
0.000000	104102.000000
0.000000	104102.000000
0.000000	104102.000000
0.000000	104102.000000
0.000000	104102.000000
0.000000	104102.000000
0.000000	104103.000000
0.000000	104103.000000
0.000000	104103.000000
0.000000	104103.000000
0.000000	104103.000000
0.000000	104103.000000
0.000000	104103.000000
0.000000	104103.000000
0.000000	104103.000000
0.000000	104103.000000
0.000000	104103.000000
0.000000	104103.000000
0.000000	104103.000000
0.000000	104103.000000
0.000000	104103.000000
0.000000	104103.000000
0.000000	104104.000000
0.000000	104104.000000
0.000000	104104.000000
0.000000	104104.000000
0.000000	104104.000000
0.000000	104104.000000
0.000000	104104.000000
0.000000	104104.000000
0.000000	104104.000000
0.000000	104104.000000
0.000000	104104.000000
0.000000	104104.000000
0.000000	104104.000000
0.000000	104104.000000
0.000000	104104.000000
0.000000	104104.000000
0.000000	104104.000000
0.000000	104105.000000
0.000000	104105.000000
0.000000	104105.000000
0.000000	104105.000000
0.000000	104105.000000
0.000000	104105.000000
0.000000	104105.000000
0.000000	104105.000000
0.000000	104105.000000
0.000000	104105.000000
0.000000	104105.000000
0.000000	104105.000000
0.000000	104105.000000
0.000000	104105.000000
0.000000	104105.000000
0.000000	104105.000000
0.000000	104105.000000
0.000000	104105.000000
0.000000	104106.000000
0.000000	104106.000000
0.000000	104106.000000
0.000000	104106.000000
0.000000	104106.000000
0.000000	104106.000000
0.000000	104106.000000
0.000000	104106.000000
0.000000	104106.000000
0.000000	104106.000000
0.000000	104106.000000
0.000000	104106.000000
0.000000	104106.000000
0.000000	104106.000000
0.000000	104106.000000
0.000000	104106.000000
0.000000	104107.000000
0.000000	104107.000000
0.000000	104107.000000
0.000000	104107.000000
0.000000	104107.000000
0.000000	104107.000000
0.000000	104107.000000
0.000000	104107.000000
0.000000	104107.000000
0.000000	104107.000000
0.000000	104107.000000
0.000000	104107.000000
0.000000	104107.000000
0.000000	104107.000000
0.000000	104107.000000
0.000000	104107.000000
0.000000	104107.000000
0.000000	104107.000000
0.000000	104107.000000
0.000000	104108.000000
0.000000	104108.000000
0.000000	104108.000000
0.000000	104108.000000
0.000000	104108.000000
0.000000	104108.000000
0.000000	104108.000000
0.000000	104108.000000
0.000000	104108.000000
0.000000	104108.000000
0.000000	104108.000000
0.000000	104108.000000
0.000000	104108.000000
0.000000	104108.000000
0.000000	104108.000000
0.000000	104108.000000
0.000000	104108.000000
0.000000	104109.000000
0.000000	104109.000000
0.000000	104109.000000
0.000000	104109.000000
0.000000	104109.000000
0.000000	104109.000000
0.000000	104109.000000
0.000000	104109.000000
0.000000	104109.000000
0.000000	104109.000000
0.000000	104109.000000
0.000000	104109.000000
0.000000	104109.000000
0.000000	104109.000000
0.000000	104109.000000
0.000000	104109.000000
0.000000	104109.000000
0.000000	104110.000000
0.000000	104110.000000
0.000000	104110.000000
0.000000	104110.000000
0.000000	104110.000000
0.000000	104110.000000
0.000000	104110.000000
0.000000	104110.000000
0.000000	104110.000000
0.000000	104110.000000
0.000000	104110.000000
0.000000	104110.000000
0.000000	104110.000000
0.000000	104110.000000
0.000000	104110.000000
0.000000	104110.000000
0.000000	104110.000000
0.000000	104111.000000
0.000000	104111.000000
0.000000	104111.000000
0.000000	104111.000000
0.000000	104111.000000
0.000000	104111.000000
0.000000	104111.000000
