0.000000	103851.000000
0.000000	103851.000000
0.000000	103851.000000
0.000000	103851.000000
0.000000	103851.000000
0.000000	103851.000000
0.000000	103851.000000
0.000000	103851.000000
0.000000	103851.000000
0.000000	103852.000000
0.000000	103852.000000
0.000000	103852.000000
0.000000	103852.000000
0.000000	103852.000000
0.000000	103852.000000
0.000000	103852.000000
0.000000	103852.000000
0.000000	103852.000000
0.000000	103852.000000
0.000000	103852.000000
0.000000	103852.000000
0.000000	103852.000000
0.000000	103852.000000
0.000000	103852.000000
0.000000	103852.000000
0.000000	103852.000000
0.000000	103852.000000
0.000000	103853.000000
0.000000	103853.000000
0.000000	103853.000000
0.000000	103853.000000
0.000000	103853.000000
0.000000	103853.000000
0.000000	103853.000000
0.000000	103853.000000
0.000000	103853.000000
0.000000	103853.000000
0.000000	103853.000000
0.000000	103853.000000
0.000000	103853.000000
0.000000	103853.000000
0.000000	103853.000000
0.000000	103853.000000
0.000000	103853.000000
0.000000	103854.000000
0.000000	103854.000000
0.000000	103854.000000
0.000000	103854.000000
0.000000	103854.000000
0.000000	103854.000000
0.000000	103854.000000
0.000000	103854.000000
0.000000	103854.000000
0.000000	103854.000000
0.000000	103854.000000
0.000000	103854.000000
0.000000	103854.000000
0.000000	103854.000000
0.000000	103854.000000
0.000000	103854.000000
0.000000	103854.000000
0.000000	103855.000000
0.000000	103855.000000
0.000000	103855.000000
0.000000	103855.000000
0.000000	103855.000000
0.000000	103855.000000
0.000000	103855.000000
0.000000	103855.000000
0.000000	103855.000000
0.000000	103855.000000
0.000000	103855.000000
0.000000	103855.000000
0.000000	103855.000000
0.000000	103855.000000
0.000000	103855.000000
0.000000	103855.000000
0.000000	103855.000000
0.000000	103856.000000
0.000000	103856.000000
0.000000	103856.000000
0.000000	103856.000000
0.000000	103856.000000
0.000000	103856.000000
0.000000	103856.000000
0.000000	103856.000000
0.000000	103856.000000
0.000000	103856.000000
0.000000	103856.000000
0.000000	103856.000000
0.000000	103856.000000
0.000000	103856.000000
0.000000	103856.000000
0.000000	103856.000000
0.000000	103856.000000
0.000000	103857.000000
0.000000	103857.000000
0.000000	103857.000000
0.000000	103857.000000
0.000000	103857.000000
0.000000	103857.000000
0.000000	103857.000000
0.000000	103857.000000
0.000000	103857.000000
0.000000	103857.000000
0.000000	103857.000000
0.000000	103857.000000
0.000000	103857.000000
0.000000	103857.000000
0.000000	103857.000000
0.000000	103857.000000
0.000000	103857.000000
0.000000	103858.000000
0.000000	103858.000000
0.000000	103858.000000
0.000000	103858.000000
0.000000	103858.000000
0.000000	103858.000000
0.000000	103858.000000
0.000000	103858.000000
0.000000	103858.000000
0.000000	103858.000000
0.000000	103858.000000
0.000000	103858.000000
0.000000	103858.000000
0.000000	103858.000000
0.000000	103858.000000
0.000000	103858.000000
0.000000	103858.000000
0.000000	103859.000000
0.000000	103859.000000
0.000000	103859.000000
0.000000	103859.000000
0.000000	103859.000000
0.000000	103859.000000
0.000000	103859.000000
0.000000	103859.000000
0.000000	103859.000000
0.000000	103859.000000
0.000000	103859.000000
0.000000	103859.000000
0.000000	103859.000000
0.000000	103859.000000
0.000000	103859.000000
0.000000	103859.000000
0.000000	103859.000000
0.000000	103900.000000
0.000000	103900.000000
0.000000	103900.000000
0.000000	103900.000000
0.000000	103900.000000
0.000000	103900.000000
0.000000	103900.000000
0.000000	103900.000000
0.000000	103900.000000
0.000000	103900.000000
0.000000	103900.000000
0.000000	103900.000000
0.000000	103900.000000
0.000000	103900.000000
0.000000	103900.000000
0.000000	103900.000000
0.000000	103900.000000
0.000000	103901.000000
0.000000	103901.000000
0.000000	103901.000000
0.000000	103901.000000
0.000000	103901.000000
0.000000	103901.000000
0.000000	103901.000000
0.000000	103901.000000
0.000000	103901.000000
0.000000	103901.000000
0.000000	103901.000000
0.000000	103901.000000
0.000000	103901.000000
0.000000	103901.000000
0.000000	103901.000000
0.000000	103901.000000
0.000000	103901.000000
0.000000	103902.000000
0.000000	103902.000000
0.000000	103902.000000
0.000000	103902.000000
0.000000	103902.000000
0.000000	103902.000000
0.000000	103902.000000
0.000000	103902.000000
0.000000	103902.000000
0.000000	103902.000000
0.000000	103902.000000
0.000000	103902.000000
0.000000	103902.000000
0.000000	103902.000000
0.000000	103902.000000
0.000000	103902.000000
0.000000	103902.000000
0.000000	103903.000000
0.000000	103903.000000
0.000000	103903.000000
0.000000	103903.000000
0.000000	103903.000000
0.000000	103903.000000
0.000000	103903.000000
0.000000	103903.000000
0.000000	103903.000000
0.000000	103903.000000
0.000000	103903.000000
0.000000	103903.000000
0.000000	103903.000000
0.000000	103903.000000
0.000000	103903.000000
0.000000	103903.000000
0.000000	103903.000000
0.000000	103904.000000
0.000000	103904.000000
0.000000	103904.000000
0.000000	103904.000000
0.000000	103904.000000
0.000000	103904.000000
0.000000	103904.000000
0.000000	103904.000000
0.000000	103904.000000
0.000000	103904.000000
0.000000	103904.000000
0.000000	103904.000000
0.000000	103904.000000
0.000000	103904.000000
0.000000	103904.000000
0.000000	103904.000000
0.000000	103904.000000
0.000000	103905.000000
0.000000	103905.000000
0.000000	103905.000000
0.000000	103905.000000
0.000000	103905.000000
0.000000	103905.000000
0.000000	103905.000000
0.000000	103905.000000
0.000000	103905.000000
0.000000	103905.000000
0.000000	103905.000000
0.000000	103905.000000
0.000000	103905.000000
0.000000	103905.000000
0.000000	103905.000000
0.000000	103905.000000
0.000000	103905.000000
0.000000	103906.000000
0.000000	103906.000000
0.000000	103906.000000
0.000000	103906.000000
0.000000	103906.000000
0.000000	103906.000000
0.000000	103906.000000
0.000000	103906.000000
0.000000	103906.000000
0.000000	103906.000000
0.000000	103906.000000
0.000000	103906.000000
0.000000	103906.000000
0.000000	103906.000000
0.000000	103906.000000
0.000000	103906.000000
0.000000	103906.000000
0.000000	103907.000000
0.000000	103907.000000
0.000000	103907.000000
0.000000	103907.000000
0.000000	103907.000000
0.000000	103907.000000
0.000000	103907.000000
0.000000	103907.000000
0.000000	103907.000000
0.000000	103907.000000
0.000000	103907.000000
0.000000	103907.000000
0.000000	103907.000000
0.000000	103907.000000
0.000000	103907.000000
0.000000	103907.000000
0.000000	103907.000000
0.000000	103907.000000
0.000000	103908.000000
0.000000	103908.000000
0.000000	103908.000000
0.000000	103908.000000
0.000000	103908.000000
0.000000	103908.000000
0.000000	103908.000000
0.000000	103908.000000
0.000000	103908.000000
0.000000	103908.000000
0.000000	103908.000000
0.000000	103908.000000
0.000000	103908.000000
0.000000	103908.000000
0.000000	103908.000000
0.000000	103908.000000
0.000000	103908.000000
0.000000	103909.000000
0.000000	103909.000000
0.000000	103909.000000
0.000000	103909.000000
0.000000	103909.000000
0.000000	103909.000000
0.000000	103909.000000
0.000000	103909.000000
0.000000	103909.000000
0.000000	103909.000000
0.000000	103909.000000
0.000000	103909.000000
0.000000	103909.000000
0.000000	103909.000000
0.000000	103909.000000
0.000000	103909.000000
0.000000	103909.000000
0.000000	103910.000000
0.000000	103910.000000
0.000000	103910.000000
0.000000	103910.000000
0.000000	103910.000000
0.000000	103910.000000
0.000000	103910.000000
0.000000	103910.000000
0.000000	103910.000000
0.000000	103910.000000
0.000000	103910.000000
0.000000	103910.000000
0.000000	103910.000000
0.000000	103910.000000
0.000000	103910.000000
0.000000	103910.000000
0.000000	103910.000000
0.000000	103911.000000
0.000000	103911.000000
0.000000	103911.000000
0.000000	103911.000000
0.000000	103911.000000
0.000000	103911.000000
0.000000	103911.000000
0.000000	103911.000000
0.000000	103911.000000
0.000000	103911.000000
0.000000	103911.000000
0.000000	103911.000000
0.000000	103911.000000
0.000000	103911.000000
0.000000	103911.000000
0.000000	103911.000000
0.000000	103911.000000
0.000000	103912.000000
0.000000	103912.000000
0.000000	103912.000000
0.000000	103912.000000
0.000000	103912.000000
0.000000	103912.000000
0.000000	103912.000000
0.000000	103912.000000
0.000000	103912.000000
0.000000	103912.000000
0.000000	103912.000000
0.000000	103912.000000
0.000000	103912.000000
0.000000	103912.000000
0.000000	103912.000000
0.000000	103912.000000
0.000000	103912.000000
0.000000	103913.000000
0.000000	103913.000000
0.000000	103913.000000
0.000000	103913.000000
0.000000	103913.000000
0.000000	103913.000000
0.000000	103913.000000
0.000000	103913.000000
0.000000	103913.000000
0.000000	103913.000000
0.000000	103913.000000
0.000000	103913.000000
0.000000	103913.000000
0.000000	103913.000000
0.000000	103913.000000
0.000000	103913.000000
0.000000	103913.000000
0.000000	103914.000000
0.000000	103914.000000
0.000000	103914.000000
0.000000	103914.000000
0.000000	103914.000000
0.000000	103914.000000
0.000000	103914.000000
0.000000	103914.000000
0.000000	103914.000000
0.000000	103914.000000
0.000000	103914.000000
0.000000	103914.000000
0.000000	103914.000000
0.000000	103914.000000
0.000000	103914.000000
0.000000	103914.000000
0.000000	103914.000000
0.000000	103915.000000
0.000000	103915.000000
0.000000	103915.000000
0.000000	103915.000000
0.000000	103915.000000
0.000000	103915.000000
0.000000	103915.000000
0.000000	103915.000000
0.000000	103915.000000
0.000000	103915.000000
0.000000	103915.000000
0.000000	103915.000000
0.000000	103915.000000
0.000000	103915.000000
0.000000	103915.000000
0.000000	103915.000000
0.000000	103915.000000
0.000000	103916.000000
0.000000	103916.000000
0.000000	103916.000000
0.000000	103916.000000
0.000000	103916.000000
0.000000	103916.000000
0.000000	103916.000000
0.000000	103916.000000
0.000000	103916.000000
0.000000	103916.000000
0.000000	103916.000000
0.000000	103916.000000
0.000000	103916.000000
0.000000	103916.000000
0.000000	103916.000000
0.000000	103916.000000
0.000000	103916.000000
0.000000	103917.000000
0.000000	103917.000000
0.000000	103917.000000
0.000000	103917.000000
0.000000	103917.000000
0.000000	103917.000000
0.000000	103917.000000
0.000000	103917.000000
0.000000	103917.000000
0.000000	103917.000000
0.000000	103917.000000
0.000000	103917.000000
0.000000	103917.000000
0.000000	103917.000000
0.000000	103917.000000
0.000000	103917.000000
0.000000	103917.000000
0.000000	103918.000000
0.000000	103918.000000
0.000000	103918.000000
0.000000	103918.000000
0.000000	103918.000000
0.000000	103918.000000
0.000000	103918.000000
0.000000	103918.000000
0.000000	103918.000000
0.000000	103918.000000
0.000000	103918.000000
0.000000	103918.000000
0.000000	103918.000000
0.000000	103918.000000
0.000000	103918.000000
0.000000	103918.000000
0.000000	103918.000000
0.000000	103919.000000
0.000000	103919.000000
0.000000	103919.000000
0.000000	103919.000000
0.000000	103919.000000
0.000000	103919.000000
0.000000	103919.000000
0.000000	103919.000000
0.000000	103919.000000
0.000000	103919.000000
0.000000	103919.000000
0.000000	103919.000000
0.000000	103919.000000
0.000000	103919.000000
0.000000	103919.000000
0.000000	103919.000000
0.000000	103919.000000
0.000000	103920.000000
0.000000	103920.000000
0.000000	103920.000000
0.000000	103920.000000
0.000000	103920.000000
0.000000	103920.000000
0.000000	103920.000000
0.000000	103920.000000
0.000000	103920.000000
0.000000	103920.000000
0.000000	103920.000000
0.000000	103920.000000
0.000000	103920.000000
0.000000	103920.000000
0.000000	103920.000000
0.000000	103920.000000
0.000000	103920.000000
0.000000	103921.000000
0.000000	103921.000000
0.000000	103921.000000
0.000000	103921.000000
0.000000	103921.000000
0.000000	103921.000000
0.000000	103921.000000
0.000000	103921.000000
0.000000	103921.000000
0.000000	103921.000000
0.000000	103921.000000
0.000000	103921.000000
0.000000	103921.000000
0.000000	103921.000000
0.000000	103921.000000
0.000000	103921.000000
0.000000	103921.000000
0.000000	103922.000000
0.000000	103922.000000
0.000000	103922.000000
0.000000	103922.000000
0.000000	103922.000000
0.000000	103922.000000
0.000000	103922.000000
0.000000	103922.000000
0.000000	103922.000000
0.000000	103922.000000
0.000000	103922.000000
0.000000	103922.000000
0.000000	103922.000000
0.000000	103922.000000
0.000000	103922.000000
0.000000	103922.000000
0.000000	103922.000000
0.000000	103922.000000
0.000000	103923.000000
0.000000	103923.000000
0.000000	103923.000000
0.000000	103923.000000
0.000000	103923.000000
0.000000	103923.000000
0.000000	103923.000000
0.000000	103923.000000
0.000000	103923.000000
0.000000	103923.000000
0.000000	103923.000000
0.000000	103923.000000
0.000000	103923.000000
0.000000	103923.000000
0.000000	103923.000000
0.000000	103923.000000
0.000000	103923.000000
0.000000	103924.000000
0.000000	103924.000000
0.000000	103924.000000
0.000000	103924.000000
0.000000	103924.000000
0.000000	103924.000000
0.000000	103924.000000
0.000000	103924.000000
0.000000	103924.000000
0.000000	103924.000000
0.000000	103924.000000
0.000000	103924.000000
0.000000	103924.000000
0.000000	103924.000000
0.000000	103924.000000
0.000000	103924.000000
0.000000	103924.000000
0.000000	103925.000000
0.000000	103925.000000
0.000000	103925.000000
0.000000	103925.000000
0.000000	103925.000000
0.000000	103925.000000
0.000000	103925.000000
0.000000	103925.000000
0.000000	103925.000000
0.000000	103925.000000
0.000000	103925.000000
0.000000	103925.000000
0.000000	103925.000000
0.000000	103925.000000
0.000000	103925.000000
0.000000	103925.000000
0.000000	103925.000000
0.000000	103926.000000
0.000000	103926.000000
0.000000	103926.000000
0.000000	103926.000000
0.000000	103926.000000
0.000000	103926.000000
0.000000	103926.000000
0.000000	103926.000000
0.000000	103926.000000
0.000000	103926.000000
0.000000	103926.000000
0.000000	103926.000000
0.000000	103926.000000
0.000000	103926.000000
0.000000	103926.000000
0.000000	103926.000000
0.000000	103926.000000
0.000000	103927.000000
0.000000	103927.000000
0.000000	103927.000000
0.000000	103927.000000
0.000000	103927.000000
0.000000	103927.000000
0.000000	103927.000000
0.000000	103927.000000
0.000000	103927.000000
0.000000	103927.000000
0.000000	103927.000000
0.000000	103927.000000
0.000000	103927.000000
0.000000	103927.000000
0.000000	103927.000000
0.000000	103927.000000
0.000000	103927.000000
0.000000	103928.000000
0.000000	103928.000000
0.000000	103928.000000
0.000000	103928.000000
0.000000	103928.000000
0.000000	103928.000000
0.000000	103928.000000
0.000000	103928.000000
0.000000	103928.000000
0.000000	103928.000000
0.000000	103928.000000
0.000000	103928.000000
0.000000	103928.000000
0.000000	103928.000000
0.000000	103928.000000
0.000000	103928.000000
0.000000	103928.000000
0.000000	103929.000000
0.000000	103929.000000
0.000000	103929.000000
0.000000	103929.000000
0.000000	103929.000000
0.000000	103929.000000
0.000000	103929.000000
0.000000	103929.000000
0.000000	103929.000000
0.000000	103929.000000
0.000000	103929.000000
0.000000	103929.000000
0.000000	103929.000000
0.000000	103929.000000
0.000000	103929.000000
0.000000	103929.000000
0.000000	103929.000000
0.000000	103930.000000
0.000000	103930.000000
0.000000	103930.000000
0.000000	103930.000000
0.000000	103930.000000
0.000000	103930.000000
0.000000	103930.000000
0.000000	103930.000000
0.000000	103930.000000
0.000000	103930.000000
0.000000	103930.000000
0.000000	103930.000000
0.000000	103930.000000
0.000000	103930.000000
0.000000	103930.000000
0.000000	103930.000000
0.000000	103930.000000
0.000000	103931.000000
0.000000	103931.000000
0.000000	103931.000000
0.000000	103931.000000
0.000000	103931.000000
0.000000	103931.000000
0.000000	103931.000000
0.000000	103931.000000
0.000000	103931.000000
0.000000	103931.000000
0.000000	103931.000000
0.000000	103931.000000
0.000000	103931.000000
0.000000	103931.000000
0.000000	103931.000000
0.000000	103931.000000
0.000000	103931.000000
0.000000	103932.000000
0.000000	103932.000000
0.000000	103932.000000
0.000000	103932.000000
0.000000	103932.000000
0.000000	103932.000000
0.000000	103932.000000
0.000000	103932.000000
0.000000	103932.000000
0.000000	103932.000000
0.000000	103932.000000
0.000000	103932.000000
0.000000	103932.000000
0.000000	103932.000000
0.000000	103932.000000
0.000000	103932.000000
0.000000	103932.000000
0.000000	103933.000000
0.000000	103933.000000
0.000000	103933.000000
0.000000	103933.000000
0.000000	103933.000000
0.000000	103933.000000
0.000000	103933.000000
0.000000	103933.000000
0.000000	103933.000000
0.000000	103933.000000
0.000000	103933.000000
0.000000	103933.000000
0.000000	103933.000000
0.000000	103933.000000
0.000000	103933.000000
0.000000	103933.000000
0.000000	103933.000000
0.000000	103934.000000
0.000000	103934.000000
0.000000	103934.000000
0.000000	103934.000000
0.000000	103934.000000
0.000000	103934.000000
0.000000	103934.000000
0.000000	103934.000000
0.000000	103934.000000
0.000000	103934.000000
0.000000	103934.000000
0.000000	103934.000000
0.000000	103934.000000
0.000000	103934.000000
0.000000	103934.000000
0.000000	103934.000000
0.000000	103934.000000
0.000000	103935.000000
0.000000	103935.000000
0.000000	103935.000000
0.000000	103935.000000
0.000000	103935.000000
0.000000	103935.000000
0.000000	103935.000000
0.000000	103935.000000
0.000000	103935.000000
0.000000	103935.000000
0.000000	103935.000000
0.000000	103935.000000
0.000000	103935.000000
0.000000	103935.000000
0.000000	103935.000000
0.000000	103935.000000
0.000000	103935.000000
0.000000	103936.000000
0.000000	103936.000000
0.000000	103936.000000
0.000000	103936.000000
0.000000	103936.000000
0.000000	103936.000000
0.000000	103936.000000
0.000000	103936.000000
0.000000	103936.000000
0.000000	103936.000000
0.000000	103936.000000
0.000000	103936.000000
0.000000	103936.000000
0.000000	103936.000000
0.000000	103936.000000
0.000000	103936.000000
0.000000	103936.000000
0.000000	103937.000000
0.000000	103937.000000
0.000000	103937.000000
0.000000	103937.000000
0.000000	103937.000000
0.000000	103937.000000
0.000000	103937.000000
0.000000	103937.000000
0.000000	103937.000000
0.000000	103937.000000
0.000000	103937.000000
0.000000	103937.000000
0.000000	103937.000000
0.000000	103937.000000
0.000000	103937.000000
0.000000	103937.000000
0.000000	103937.000000
0.000000	103937.000000
0.000000	103938.000000
0.000000	103938.000000
0.000000	103938.000000
0.000000	103938.000000
0.000000	103938.000000
0.000000	103938.000000
0.000000	103938.000000
0.000000	103938.000000
0.000000	103938.000000
0.000000	103938.000000
0.000000	103938.000000
0.000000	103938.000000
0.000000	103938.000000
0.000000	103938.000000
0.000000	103938.000000
0.000000	103938.000000
0.000000	103938.000000
0.000000	103939.000000
0.000000	103939.000000
0.000000	103939.000000
0.000000	103939.000000
0.000000	103939.000000
0.000000	103939.000000
0.000000	103939.000000
0.000000	103939.000000
0.000000	103939.000000
0.000000	103939.000000
0.000000	103939.000000
0.000000	103939.000000
0.000000	103939.000000
0.000000	103939.000000
0.000000	103939.000000
0.000000	103939.000000
0.000000	103939.000000
0.000000	103940.000000
0.000000	103940.000000
0.000000	103940.000000
0.000000	103940.000000
0.000000	103940.000000
0.000000	103940.000000
0.000000	103940.000000
0.000000	103940.000000
0.000000	103940.000000
0.000000	103940.000000
0.000000	103940.000000
0.000000	103940.000000
0.000000	103940.000000
0.000000	103940.000000
0.000000	103940.000000
0.000000	103940.000000
0.000000	103940.000000
0.000000	103941.000000
0.000000	103941.000000
0.000000	103941.000000
0.000000	103941.000000
0.000000	103941.000000
0.000000	103941.000000
0.000000	103941.000000
0.000000	103941.000000
0.000000	103941.000000
0.000000	103941.000000
0.000000	103941.000000
0.000000	103941.000000
0.000000	103941.000000
0.000000	103941.000000
0.000000	103941.000000
0.000000	103941.000000
0.000000	103941.000000
0.000000	103942.000000
0.000000	103942.000000
0.000000	103942.000000
0.000000	103942.000000
0.000000	103942.000000
0.000000	103942.000000
0.000000	103942.000000
0.000000	103942.000000
0.000000	103942.000000
0.000000	103942.000000
0.000000	103942.000000
0.000000	103942.000000
0.000000	103942.000000
0.000000	103942.000000
0.000000	103942.000000
0.000000	103942.000000
0.000000	103942.000000
0.000000	103943.000000
0.000000	103943.000000
0.000000	103943.000000
0.000000	103943.000000
0.000000	103943.000000
0.000000	103943.000000
0.000000	103943.000000
0.000000	103943.000000
0.000000	103943.000000
0.000000	103943.000000
0.000000	103943.000000
0.000000	103943.000000
0.000000	103943.000000
0.000000	103943.000000
0.000000	103943.000000
0.000000	103943.000000
0.000000	103943.000000
0.000000	103944.000000
0.000000	103944.000000
0.000000	103944.000000
0.000000	103944.000000
0.000000	103944.000000
0.000000	103944.000000
0.000000	103944.000000
0.000000	103944.000000
0.000000	103944.000000
0.000000	103944.000000
0.000000	103944.000000
0.000000	103944.000000
0.000000	103944.000000
0.000000	103944.000000
0.000000	103944.000000
0.000000	103944.000000
0.000000	103944.000000
0.000000	103945.000000
0.000000	103945.000000
0.000000	103945.000000
0.000000	103945.000000
0.000000	103945.000000
0.000000	103945.000000
0.000000	103945.000000
0.000000	103945.000000
0.000000	103945.000000
0.000000	103945.000000
0.000000	103945.000000
0.000000	103945.000000
0.000000	103945.000000
0.000000	103945.000000
0.000000	103945.000000
0.000000	103945.000000
0.000000	103945.000000
0.000000	103946.000000
0.000000	103946.000000
0.000000	103946.000000
0.000000	103946.000000
0.000000	103946.000000
0.000000	103946.000000
0.000000	103946.000000
0.000000	103946.000000
0.000000	103946.000000
0.000000	103946.000000
0.000000	103946.000000
0.000000	103946.000000
0.000000	103946.000000
0.000000	103946.000000
0.000000	103946.000000
0.000000	103946.000000
0.000000	103946.000000
0.000000	103947.000000
0.000000	103947.000000
0.000000	103947.000000
0.000000	103947.000000
0.000000	103947.000000
0.000000	103947.000000
0.000000	103947.000000
0.000000	103947.000000
0.000000	103947.000000
0.000000	103947.000000
0.000000	103947.000000
0.000000	103947.000000
0.000000	103947.000000
0.000000	103947.000000
0.000000	103947.000000
0.000000	103947.000000
0.000000	103947.000000
0.000000	103948.000000
0.000000	103948.000000
0.000000	103948.000000
0.000000	103948.000000
0.000000	103948.000000
0.000000	103948.000000
0.000000	103948.000000
0.000000	103948.000000
0.000000	103948.000000
0.000000	103948.000000
0.000000	103948.000000
0.000000	103948.000000
0.000000	103948.000000
0.000000	103948.000000
0.000000	103948.000000
0.000000	103948.000000
0.000000	103948.000000
0.000000	103949.000000
0.000000	103949.000000
0.000000	103949.000000
0.000000	103949.000000
0.000000	103949.000000
0.000000	103949.000000
0.000000	103949.000000
0.000000	103949.000000
0.000000	103949.000000
0.000000	103949.000000
0.000000	103949.000000
0.000000	103949.000000
0.000000	103949.000000
0.000000	103949.000000
0.000000	103949.000000
0.000000	103949.000000
0.000000	103949.000000
0.000000	103950.000000
0.000000	103950.000000
0.000000	103950.000000
0.000000	103950.000000
0.000000	103950.000000
0.000000	103950.000000
0.000000	103950.000000
0.000000	103950.000000
0.000000	103950.000000
0.000000	103950.000000
0.000000	103950.000000
0.000000	103950.000000
0.000000	103950.000000
0.000000	103950.000000
0.000000	103950.000000
0.000000	103950.000000
0.000000	103950.000000
0.000000	103951.000000
0.000000	103951.000000
0.000000	103951.000000
0.000000	103951.000000
0.000000	103951.000000
0.000000	103951.000000
0.000000	103951.000000
0.000000	103951.000000
0.000000	103951.000000
0.000000	103951.000000
0.000000	103951.000000
0.000000	103951.000000
0.000000	103951.000000
0.000000	103951.000000
0.000000	103951.000000
0.000000	103951.000000
0.000000	103951.000000
0.000000	103951.000000
0.000000	103952.000000
0.000000	103952.000000
0.000000	103952.000000
0.000000	103952.000000
0.000000	103952.000000
0.000000	103952.000000
0.000000	103952.000000
0.000000	103952.000000
0.000000	103952.000000
0.000000	103952.000000
0.000000	103952.000000
0.000000	103952.000000
0.000000	103952.000000
0.000000	103952.000000
0.000000	103952.000000
0.000000	103952.000000
0.000000	103952.000000
0.000000	103953.000000
0.000000	103953.000000
0.000000	103953.000000
0.000000	103953.000000
0.000000	103953.000000
0.000000	103953.000000
0.000000	103953.000000
0.000000	103953.000000
0.000000	103953.000000
0.000000	103953.000000
0.000000	103953.000000
0.000000	103953.000000
0.000000	103953.000000
0.000000	103953.000000
0.000000	103953.000000
0.000000	103953.000000
0.000000	103953.000000
0.000000	103954.000000
0.000000	103954.000000
0.000000	103954.000000
0.000000	103954.000000
0.000000	103954.000000
0.000000	103954.000000
0.000000	103954.000000
0.000000	103954.000000
0.000000	103954.000000
0.000000	103954.000000
0.000000	103954.000000
0.000000	103954.000000
0.000000	103954.000000
0.000000	103954.000000
0.000000	103954.000000
0.000000	103954.000000
0.000000	103954.000000
0.000000	103955.000000
0.000000	103955.000000
0.000000	103955.000000
0.000000	103955.000000
0.000000	103955.000000
0.000000	103955.000000
0.000000	103955.000000
0.000000	103955.000000
0.000000	103955.000000
0.000000	103955.000000
0.000000	103955.000000
0.000000	103955.000000
0.000000	103955.000000
0.000000	103955.000000
0.000000	103955.000000
0.000000	103955.000000
0.000000	103955.000000
0.000000	103956.000000
0.000000	103956.000000
0.000000	103956.000000
0.000000	103956.000000
0.000000	103956.000000
0.000000	103956.000000
0.000000	103956.000000
0.000000	103956.000000
0.000000	103956.000000
0.000000	103956.000000
0.000000	103956.000000
0.000000	103956.000000
0.000000	103956.000000
0.000000	103956.000000
0.000000	103956.000000
0.000000	103956.000000
0.000000	103956.000000
0.000000	103957.000000
0.000000	103957.000000
0.000000	103957.000000
0.000000	103957.000000
0.000000	103957.000000
0.000000	103957.000000
0.000000	103957.000000
0.000000	103957.000000
0.000000	103957.000000
0.000000	103957.000000
0.000000	103957.000000
0.000000	103957.000000
0.000000	103957.000000
0.000000	103957.000000
0.000000	103957.000000
0.000000	103957.000000
0.000000	103957.000000
0.000000	103958.000000
0.000000	103958.000000
0.000000	103958.000000
0.000000	103958.000000
0.000000	103958.000000
0.000000	103958.000000
0.000000	103958.000000
0.000000	103958.000000
0.000000	103958.000000
0.000000	103958.000000
0.000000	103958.000000
0.000000	103958.000000
0.000000	103958.000000
0.000000	103958.000000
0.000000	103958.000000
0.000000	103958.000000
0.000000	103958.000000
0.000000	103959.000000
0.000000	103959.000000
0.000000	103959.000000
0.000000	103959.000000
0.000000	103959.000000
0.000000	103959.000000
0.000000	103959.000000
0.000000	103959.000000
0.000000	103959.000000
0.000000	103959.000000
0.000000	103959.000000
0.000000	103959.000000
0.000000	103959.000000
0.000000	103959.000000
0.000000	103959.000000
0.000000	103959.000000
0.000000	103959.000000
0.000000	104000.000000
0.000000	104000.000000
0.000000	104000.000000
0.000000	104000.000000
0.000000	104000.000000
0.000000	104000.000000
0.000000	104000.000000
0.000000	104000.000000
0.000000	104000.000000
0.000000	104000.000000
0.000000	104000.000000
0.000000	104000.000000
0.000000	104000.000000
0.000000	104000.000000
0.000000	104000.000000
0.000000	104000.000000
0.000000	104000.000000
0.000000	104001.000000
0.000000	104001.000000
0.000000	104001.000000
0.000000	104001.000000
0.000000	104001.000000
0.000000	104001.000000
0.000000	104001.000000
0.000000	104001.000000
0.000000	104001.000000
0.000000	104001.000000
0.000000	104001.000000
0.000000	104001.000000
0.000000	104001.000000
0.000000	104001.000000
0.000000	104001.000000
0.000000	104001.000000
0.000000	104001.000000
0.000000	104002.000000
0.000000	104002.000000
0.000000	104002.000000
0.000000	104002.000000
0.000000	104002.000000
0.000000	104002.000000
0.000000	104002.000000
0.000000	104002.000000
0.000000	104002.000000
0.000000	104002.000000
0.000000	104002.000000
0.000000	104002.000000
0.000000	104002.000000
0.000000	104002.000000
0.000000	104002.000000
0.000000	104002.000000
0.000000	104002.000000
0.000000	104003.000000
0.000000	104003.000000
0.000000	104003.000000
0.000000	104003.000000
0.000000	104003.000000
0.000000	104003.000000
0.000000	104003.000000
0.000000	104003.000000
0.000000	104003.000000
0.000000	104003.000000
0.000000	104003.000000
0.000000	104003.000000
0.000000	104003.000000
0.000000	104003.000000
0.000000	104003.000000
0.000000	104003.000000
0.000000	104003.000000
0.000000	104004.000000
0.000000	104004.000000
0.000000	104004.000000
0.000000	104004.000000
0.000000	104004.000000
0.000000	104004.000000
0.000000	104004.000000
0.000000	104004.000000
0.000000	104004.000000
0.000000	104004.000000
0.000000	104004.000000
0.000000	104004.000000
0.000000	104004.000000
0.000000	104004.000000
0.000000	104004.000000
0.000000	104004.000000
0.000000	104004.000000
0.000000	104005.000000
0.000000	104005.000000
0.000000	104005.000000
0.000000	104005.000000
0.000000	104005.000000
0.000000	104005.000000
0.000000	104005.000000
0.000000	104005.000000
0.000000	104005.000000
0.000000	104005.000000
0.000000	104005.000000
0.000000	104005.000000
0.000000	104005.000000
0.000000	104005.000000
0.000000	104005.000000
0.000000	104005.000000
0.000000	104005.000000
0.000000	104006.000000
0.000000	104006.000000
0.000000	104006.000000
0.000000	104006.000000
0.000000	104006.000000
0.000000	104006.000000
0.000000	104006.000000
0.000000	104006.000000
0.000000	104006.000000
0.000000	104006.000000
0.000000	104006.000000
0.000000	104006.000000
0.000000	104006.000000
0.000000	104006.000000
0.000000	104006.000000
0.000000	104006.000000
0.000000	104006.000000
0.000000	104007.000000
0.000000	104007.000000
0.000000	104007.000000
0.000000	104007.000000
0.000000	104007.000000
0.000000	104007.000000
0.000000	104007.000000
0.000000	104007.000000
0.000000	104007.000000
0.000000	104007.000000
0.000000	104007.000000
0.000000	104007.000000
0.000000	104007.000000
0.000000	104007.000000
0.000000	104007.000000
0.000000	104007.000000
0.000000	104007.000000
0.000000	104007.000000
0.000000	104008.000000
0.000000	104008.000000
0.000000	104008.000000
0.000000	104008.000000
0.000000	104008.000000
0.000000	104008.000000
0.000000	104008.000000
0.000000	104008.000000
0.000000	104008.000000
0.000000	104008.000000
0.000000	104008.000000
0.000000	104008.000000
0.000000	104008.000000
0.000000	104008.000000
0.000000	104008.000000
0.000000	104008.000000
0.000000	104008.000000
0.000000	104009.000000
0.000000	104009.000000
0.000000	104009.000000
0.000000	104009.000000
0.000000	104009.000000
0.000000	104009.000000
0.000000	104009.000000
0.000000	104009.000000
0.000000	104009.000000
0.000000	104009.000000
0.000000	104009.000000
0.000000	104009.000000
0.000000	104009.000000
0.000000	104009.000000
0.000000	104009.000000
0.000000	104009.000000
0.000000	104009.000000
0.000000	104010.000000
0.000000	104010.000000
0.000000	104010.000000
0.000000	104010.000000
0.000000	104010.000000
0.000000	104010.000000
0.000000	104010.000000
0.000000	104010.000000
0.000000	104010.000000
0.000000	104010.000000
0.000000	104010.000000
0.000000	104010.000000
0.000000	104010.000000
0.000000	104010.000000
0.000000	104010.000000
0.000000	104010.000000
0.000000	104010.000000
0.000000	104011.000000
0.000000	104011.000000
0.000000	104011.000000
0.000000	104011.000000
0.000000	104011.000000
0.000000	104011.000000
0.000000	104011.000000
0.000000	104011.000000
0.000000	104011.000000
0.000000	104011.000000
0.000000	104011.000000
0.000000	104011.000000
0.000000	104011.000000
0.000000	104011.000000
0.000000	104011.000000
0.000000	104011.000000
0.000000	104011.000000
0.000000	104012.000000
0.000000	104012.000000
0.000000	104012.000000
0.000000	104012.000000
0.000000	104012.000000
0.000000	104012.000000
0.000000	104012.000000
0.000000	104012.000000
0.000000	104012.000000
0.000000	104012.000000
0.000000	104012.000000
0.000000	104012.000000
0.000000	104012.000000
0.000000	104012.000000
0.000000	104012.000000
0.000000	104012.000000
0.000000	104012.000000
0.000000	104013.000000
0.000000	104013.000000
0.000000	104013.000000
0.000000	104013.000000
0.000000	104013.000000
0.000000	104013.000000
0.000000	104013.000000
0.000000	104013.000000
0.000000	104013.000000
0.000000	104013.000000
0.000000	104013.000000
0.000000	104013.000000
0.000000	104013.000000
0.000000	104013.000000
0.000000	104013.000000
0.000000	104013.000000
0.000000	104013.000000
0.000000	104014.000000
0.000000	104014.000000
0.000000	104014.000000
0.000000	104014.000000
0.000000	104014.000000
0.000000	104014.000000
0.000000	104014.000000
0.000000	104014.000000
0.000000	104014.000000
0.000000	104014.000000
0.000000	104014.000000
0.000000	104014.000000
0.000000	104014.000000
0.000000	104014.000000
0.000000	104014.000000
0.000000	104014.000000
0.000000	104014.000000
0.000000	104015.000000
0.000000	104015.000000
0.000000	104015.000000
0.000000	104015.000000
0.000000	104015.000000
0.000000	104015.000000
0.000000	104015.000000
0.000000	104015.000000
0.000000	104015.000000
0.000000	104015.000000
0.000000	104015.000000
0.000000	104015.000000
0.000000	104015.000000
0.000000	104015.000000
0.000000	104015.000000
0.000000	104015.000000
0.000000	104015.000000
0.000000	104016.000000
0.000000	104016.000000
0.000000	104016.000000
0.000000	104016.000000
0.000000	104016.000000
0.000000	104016.000000
0.000000	104016.000000
0.000000	104016.000000
0.000000	104016.000000
0.000000	104016.000000
0.000000	104016.000000
0.000000	104016.000000
0.000000	104016.000000
0.000000	104016.000000
0.000000	104016.000000
0.000000	104016.000000
0.000000	104016.000000
0.000000	104017.000000
0.000000	104017.000000
0.000000	104017.000000
0.000000	104017.000000
0.000000	104017.000000
0.000000	104017.000000
0.000000	104017.000000
0.000000	104017.000000
0.000000	104017.000000
0.000000	104017.000000
0.000000	104017.000000
0.000000	104017.000000
0.000000	104017.000000
0.000000	104017.000000
0.000000	104017.000000
0.000000	104017.000000
0.000000	104017.000000
0.000000	104018.000000
0.000000	104018.000000
0.000000	104018.000000
0.000000	104018.000000
0.000000	104018.000000
0.000000	104018.000000
0.000000	104018.000000
0.000000	104018.000000
0.000000	104018.000000
0.000000	104018.000000
0.000000	104018.000000
0.000000	104018.000000
0.000000	104018.000000
0.000000	104018.000000
0.000000	104018.000000
0.000000	104018.000000
0.000000	104018.000000
0.000000	104019.000000
0.000000	104019.000000
0.000000	104019.000000
0.000000	104019.000000
0.000000	104019.000000
0.000000	104019.000000
0.000000	104019.000000
0.000000	104019.000000
0.000000	104019.000000
0.000000	104019.000000
0.000000	104019.000000
0.000000	104019.000000
0.000000	104019.000000
0.000000	104019.000000
0.000000	104019.000000
0.000000	104019.000000
0.000000	104019.000000
0.000000	104020.000000
0.000000	104020.000000
0.000000	104020.000000
0.000000	104020.000000
0.000000	104020.000000
0.000000	104020.000000
0.000000	104020.000000
0.000000	104020.000000
0.000000	104020.000000
0.000000	104020.000000
0.000000	104020.000000
0.000000	104020.000000
0.000000	104020.000000
0.000000	104020.000000
0.000000	104020.000000
0.000000	104020.000000
0.000000	104020.000000
0.000000	104021.000000
0.000000	104021.000000
0.000000	104021.000000
0.000000	104021.000000
0.000000	104021.000000
0.000000	104021.000000
0.000000	104021.000000
0.000000	104021.000000
0.000000	104021.000000
0.000000	104021.000000
0.000000	104021.000000
0.000000	104021.000000
0.000000	104021.000000
0.000000	104021.000000
0.000000	104021.000000
0.000000	104021.000000
0.000000	104021.000000
0.000000	104022.000000
0.000000	104022.000000
0.000000	104022.000000
0.000000	104022.000000
0.000000	104022.000000
0.000000	104022.000000
0.000000	104022.000000
0.000000	104022.000000
0.000000	104022.000000
0.000000	104022.000000
0.000000	104022.000000
0.000000	104022.000000
0.000000	104022.000000
0.000000	104022.000000
0.000000	104022.000000
0.000000	104022.000000
0.000000	104022.000000
0.000000	104022.000000
0.000000	104023.000000
0.000000	104023.000000
0.000000	104023.000000
0.000000	104023.000000
0.000000	104023.000000
0.000000	104023.000000
0.000000	104023.000000
0.000000	104023.000000
0.000000	104023.000000
0.000000	104023.000000
0.000000	104023.000000
0.000000	104023.000000
0.000000	104023.000000
0.000000	104023.000000
0.000000	104023.000000
0.000000	104023.000000
0.000000	104023.000000
0.000000	104024.000000
0.000000	104024.000000
0.000000	104024.000000
0.000000	104024.000000
0.000000	104024.000000
0.000000	104024.000000
0.000000	104024.000000
0.000000	104024.000000
0.000000	104024.000000
0.000000	104024.000000
0.000000	104024.000000
0.000000	104024.000000
0.000000	104024.000000
0.000000	104024.000000
0.000000	104024.000000
0.000000	104024.000000
0.000000	104024.000000
0.000000	104025.000000
0.000000	104025.000000
0.000000	104025.000000
0.000000	104025.000000
0.000000	104025.000000
0.000000	104025.000000
0.000000	104025.000000
0.000000	104025.000000
0.000000	104025.000000
0.000000	104025.000000
0.000000	104025.000000
0.000000	104025.000000
0.000000	104025.000000
0.000000	104025.000000
0.000000	104025.000000
0.000000	104025.000000
0.000000	104025.000000
0.000000	104026.000000
0.000000	104026.000000
0.000000	104026.000000
0.000000	104026.000000
0.000000	104026.000000
0.000000	104026.000000
0.000000	104026.000000
0.000000	104026.000000
0.000000	104026.000000
0.000000	104026.000000
0.000000	104026.000000
0.000000	104026.000000
0.000000	104026.000000
0.000000	104026.000000
0.000000	104026.000000
0.000000	104026.000000
0.000000	104026.000000
0.000000	104027.000000
0.000000	104027.000000
0.000000	104027.000000
0.000000	104027.000000
0.000000	104027.000000
0.000000	104027.000000
0.000000	104027.000000
0.000000	104027.000000
0.000000	104027.000000
0.000000	104027.000000
0.000000	104027.000000
0.000000	104027.000000
0.000000	104027.000000
0.000000	104027.000000
0.000000	104027.000000
0.000000	104027.000000
0.000000	104027.000000
0.000000	104028.000000
0.000000	104028.000000
0.000000	104028.000000
0.000000	104028.000000
0.000000	104028.000000
0.000000	104028.000000
0.000000	104028.000000
0.000000	104028.000000
0.000000	104028.000000
0.000000	104028.000000
0.000000	104028.000000
0.000000	104028.000000
0.000000	104028.000000
0.000000	104028.000000
0.000000	104028.000000
0.000000	104028.000000
0.000000	104028.000000
0.000000	104029.000000
0.000000	104029.000000
0.000000	104029.000000
0.000000	104029.000000
0.000000	104029.000000
0.000000	104029.000000
0.000000	104029.000000
0.000000	104029.000000
0.000000	104029.000000
0.000000	104029.000000
0.000000	104029.000000
0.000000	104029.000000
0.000000	104029.000000
0.000000	104029.000000
0.000000	104029.000000
0.000000	104029.000000
0.000000	104029.000000
0.000000	104030.000000
0.000000	104030.000000
0.000000	104030.000000
0.000000	104030.000000
0.000000	104030.000000
0.000000	104030.000000
0.000000	104030.000000
0.000000	104030.000000
0.000000	104030.000000
0.000000	104030.000000
0.000000	104030.000000
0.000000	104030.000000
0.000000	104030.000000
0.000000	104030.000000
0.000000	104030.000000
0.000000	104030.000000
0.000000	104030.000000
0.000000	104031.000000
0.000000	104031.000000
0.000000	104031.000000
0.000000	104031.000000
0.000000	104031.000000
0.000000	104031.000000
0.000000	104031.000000
0.000000	104031.000000
0.000000	104031.000000
0.000000	104031.000000
0.000000	104031.000000
0.000000	104031.000000
0.000000	104031.000000
0.000000	104031.000000
0.000000	104031.000000
0.000000	104031.000000
0.000000	104031.000000
0.000000	104032.000000
0.000000	104032.000000
0.000000	104032.000000
0.000000	104032.000000
0.000000	104032.000000
0.000000	104032.000000
0.000000	104032.000000
0.000000	104032.000000
0.000000	104032.000000
0.000000	104032.000000
0.000000	104032.000000
0.000000	104032.000000
0.000000	104032.000000
0.000000	104032.000000
0.000000	104032.000000
0.000000	104032.000000
0.000000	104032.000000
0.000000	104033.000000
0.000000	104033.000000
0.000000	104033.000000
0.000000	104033.000000
0.000000	104033.000000
0.000000	104033.000000
0.000000	104033.000000
0.000000	104033.000000
0.000000	104033.000000
0.000000	104033.000000
0.000000	104033.000000
0.000000	104033.000000
0.000000	104033.000000
0.000000	104033.000000
0.000000	104033.000000
0.000000	104033.000000
0.000000	104033.000000
0.000000	104034.000000
0.000000	104034.000000
0.000000	104034.000000
0.000000	104034.000000
0.000000	104034.000000
0.000000	104034.000000
0.000000	104034.000000
0.000000	104034.000000
0.000000	104034.000000
0.000000	104034.000000
0.000000	104034.000000
0.000000	104034.000000
0.000000	104034.000000
0.000000	104034.000000
0.000000	104034.000000
0.000000	104034.000000
0.000000	104034.000000
0.000000	104035.000000
0.000000	104035.000000
0.000000	104035.000000
0.000000	104035.000000
0.000000	104035.000000
0.000000	104035.000000
0.000000	104035.000000
0.000000	104035.000000
0.000000	104035.000000
0.000000	104035.000000
0.000000	104035.000000
0.000000	104035.000000
0.000000	104035.000000
0.000000	104035.000000
0.000000	104035.000000
0.000000	104035.000000
0.000000	104035.000000
0.000000	104036.000000
0.000000	104036.000000
0.000000	104036.000000
0.000000	104036.000000
0.000000	104036.000000
0.000000	104036.000000
0.000000	104036.000000
0.000000	104036.000000
0.000000	104036.000000
0.000000	104036.000000
0.000000	104036.000000
0.000000	104036.000000
0.000000	104036.000000
0.000000	104036.000000
0.000000	104036.000000
0.000000	104036.000000
0.000000	104036.000000
0.000000	104037.000000
0.000000	104037.000000
0.000000	104037.000000
0.000000	104037.000000
0.000000	104037.000000
0.000000	104037.000000
0.000000	104037.000000
0.000000	104037.000000
0.000000	104037.000000
0.000000	104037.000000
0.000000	104037.000000
0.000000	104037.000000
0.000000	104037.000000
0.000000	104037.000000
0.000000	104037.000000
0.000000	104037.000000
0.000000	104037.000000
0.000000	104037.000000
0.000000	104038.000000
0.000000	104038.000000
0.000000	104038.000000
0.000000	104038.000000
0.000000	104038.000000
0.000000	104038.000000
0.000000	104038.000000
0.000000	104038.000000
0.000000	104038.000000
0.000000	104038.000000
0.000000	104038.000000
0.000000	104038.000000
0.000000	104038.000000
0.000000	104038.000000
0.000000	104038.000000
0.000000	104038.000000
0.000000	104038.000000
0.000000	104039.000000
0.000000	104039.000000
0.000000	104039.000000
0.000000	104039.000000
0.000000	104039.000000
0.000000	104039.000000
0.000000	104039.000000
0.000000	104039.000000
0.000000	104039.000000
0.000000	104039.000000
0.000000	104039.000000
0.000000	104039.000000
0.000000	104039.000000
0.000000	104039.000000
0.000000	104039.000000
0.000000	104039.000000
0.000000	104039.000000
0.000000	104040.000000
0.000000	104040.000000
0.000000	104040.000000
0.000000	104040.000000
0.000000	104040.000000
0.000000	104040.000000
0.000000	104040.000000
0.000000	104040.000000
0.000000	104040.000000
0.000000	104040.000000
0.000000	104040.000000
0.000000	104040.000000
0.000000	104040.000000
0.000000	104040.000000
0.000000	104040.000000
0.000000	104040.000000
0.000000	104040.000000
0.000000	104041.000000
0.000000	104041.000000
0.000000	104041.000000
0.000000	104041.000000
0.000000	104041.000000
0.000000	104041.000000
0.000000	104041.000000
0.000000	104041.000000
0.000000	104041.000000
0.000000	104041.000000
0.000000	104041.000000
0.000000	104041.000000
0.000000	104041.000000
0.000000	104041.000000
0.000000	104041.000000
0.000000	104041.000000
0.000000	104041.000000
0.000000	104042.000000
0.000000	104042.000000
0.000000	104042.000000
0.000000	104042.000000
0.000000	104042.000000
0.000000	104042.000000
0.000000	104042.000000
0.000000	104042.000000
0.000000	104042.000000
0.000000	104042.000000
0.000000	104042.000000
0.000000	104042.000000
0.000000	104042.000000
0.000000	104042.000000
0.000000	104042.000000
0.000000	104042.000000
0.000000	104042.000000
0.000000	104043.000000
0.000000	104043.000000
0.000000	104043.000000
0.000000	104043.000000
0.000000	104043.000000
0.000000	104043.000000
0.000000	104043.000000
0.000000	104043.000000
0.000000	104043.000000
0.000000	104043.000000
0.000000	104043.000000
0.000000	104043.000000
0.000000	104043.000000
0.000000	104043.000000
0.000000	104043.000000
0.000000	104043.000000
0.000000	104043.000000
0.000000	104044.000000
0.000000	104044.000000
0.000000	104044.000000
0.000000	104044.000000
0.000000	104044.000000
0.000000	104044.000000
0.000000	104044.000000
0.000000	104044.000000
0.000000	104044.000000
0.000000	104044.000000
0.000000	104044.000000
0.000000	104044.000000
0.000000	104044.000000
0.000000	104044.000000
0.000000	104044.000000
0.000000	104044.000000
0.000000	104044.000000
0.000000	104045.000000
0.000000	104045.000000
0.000000	104045.000000
0.000000	104045.000000
0.000000	104045.000000
0.000000	104045.000000
0.000000	104045.000000
0.000000	104045.000000
0.000000	104045.000000
0.000000	104045.000000
0.000000	104045.000000
0.000000	104045.000000
0.000000	104045.000000
0.000000	104045.000000
0.000000	104045.000000
0.000000	104045.000000
0.000000	104045.000000
0.000000	104046.000000
0.000000	104046.000000
0.000000	104046.000000
0.000000	104046.000000
0.000000	104046.000000
0.000000	104046.000000
0.000000	104046.000000
0.000000	104046.000000
0.000000	104046.000000
0.000000	104046.000000
0.000000	104046.000000
0.000000	104046.000000
0.000000	104046.000000
0.000000	104046.000000
0.000000	104046.000000
0.000000	104046.000000
0.000000	104046.000000
0.000000	104047.000000
0.000000	104047.000000
0.000000	104047.000000
0.000000	104047.000000
0.000000	104047.000000
0.000000	104047.000000
0.000000	104047.000000
0.000000	104047.000000
0.000000	104047.000000
0.000000	104047.000000
0.000000	104047.000000
0.000000	104047.000000
0.000000	104047.000000
0.000000	104047.000000
0.000000	104047.000000
0.000000	104047.000000
0.000000	104047.000000
0.000000	104048.000000
0.000000	104048.000000
0.000000	104048.000000
0.000000	104048.000000
0.000000	104048.000000
0.000000	104048.000000
0.000000	104048.000000
0.000000	104048.000000
0.000000	104048.000000
0.000000	104048.000000
0.000000	104048.000000
0.000000	104048.000000
0.000000	104048.000000
0.000000	104048.000000
0.000000	104048.000000
0.000000	104048.000000
0.000000	104048.000000
0.000000	104049.000000
0.000000	104049.000000
0.000000	104049.000000
0.000000	104049.000000
0.000000	104049.000000
0.000000	104049.000000
0.000000	104049.000000
0.000000	104049.000000
0.000000	104049.000000
0.000000	104049.000000
0.000000	104049.000000
0.000000	104049.000000
0.000000	104049.000000
0.000000	104049.000000
0.000000	104049.000000
0.000000	104049.000000
0.000000	104049.000000
0.000000	104050.000000
0.000000	104050.000000
0.000000	104050.000000
0.000000	104050.000000
0.000000	104050.000000
0.000000	104050.000000
0.000000	104050.000000
0.000000	104050.000000
0.000000	104050.000000
0.000000	104050.000000
0.000000	104050.000000
0.000000	104050.000000
0.000000	104050.000000
0.000000	104050.000000
0.000000	104050.000000
0.000000	104050.000000
0.000000	104050.000000
0.000000	104051.000000
0.000000	104051.000000
0.000000	104051.000000
0.000000	104051.000000
0.000000	104051.000000
0.000000	104051.000000
0.000000	104051.000000
0.000000	104051.000000
0.000000	104051.000000
0.000000	104051.000000
0.000000	104051.000000
0.000000	104051.000000
0.000000	104051.000000
0.000000	104051.000000
0.000000	104051.000000
0.000000	104051.000000
0.000000	104051.000000
0.000000	104052.000000
0.000000	104052.000000
0.000000	104052.000000
0.000000	104052.000000
0.000000	104052.000000
0.000000	104052.000000
0.000000	104052.000000
0.000000	104052.000000
0.000000	104052.000000
0.000000	104052.000000
0.000000	104052.000000
0.000000	104052.000000
0.000000	104052.000000
0.000000	104052.000000
0.000000	104052.000000
0.000000	104052.000000
0.000000	104052.000000
0.000000	104052.000000
0.000000	104053.000000
0.000000	104053.000000
0.000000	104053.000000
0.000000	104053.000000
0.000000	104053.000000
0.000000	104053.000000
0.000000	104053.000000
0.000000	104053.000000
0.000000	104053.000000
0.000000	104053.000000
0.000000	104053.000000
0.000000	104053.000000
0.000000	104053.000000
0.000000	104053.000000
0.000000	104053.000000
0.000000	104053.000000
0.000000	104053.000000
0.000000	104054.000000
0.000000	104054.000000
0.000000	104054.000000
0.000000	104054.000000
0.000000	104054.000000
0.000000	104054.000000
0.000000	104054.000000
0.000000	104054.000000
0.000000	104054.000000
0.000000	104054.000000
0.000000	104054.000000
0.000000	104054.000000
0.000000	104054.000000
0.000000	104054.000000
0.000000	104054.000000
0.000000	104054.000000
0.000000	104054.000000
0.000000	104055.000000
0.000000	104055.000000
0.000000	104055.000000
0.000000	104055.000000
0.000000	104055.000000
0.000000	104055.000000
0.000000	104055.000000
0.000000	104055.000000
0.000000	104055.000000
0.000000	104055.000000
0.000000	104055.000000
0.000000	104055.000000
0.000000	104055.000000
0.000000	104055.000000
0.000000	104055.000000
0.000000	104055.000000
0.000000	104055.000000
0.000000	104056.000000
0.000000	104056.000000
0.000000	104056.000000
0.000000	104056.000000
0.000000	104056.000000
0.000000	104056.000000
0.000000	104056.000000
0.000000	104056.000000
0.000000	104056.000000
0.000000	104056.000000
0.000000	104056.000000
0.000000	104056.000000
0.000000	104056.000000
0.000000	104056.000000
0.000000	104056.000000
0.000000	104056.000000
0.000000	104056.000000
0.000000	104057.000000
0.000000	104057.000000
0.000000	104057.000000
0.000000	104057.000000
0.000000	104057.000000
0.000000	104057.000000
0.000000	104057.000000
0.000000	104057.000000
0.000000	104057.000000
0.000000	104057.000000
0.000000	104057.000000
0.000000	104057.000000
0.000000	104057.000000
0.000000	104057.000000
0.000000	104057.000000
0.000000	104057.000000
0.000000	104057.000000
0.000000	104058.000000
0.000000	104058.000000
0.000000	104058.000000
0.000000	104058.000000
0.000000	104058.000000
0.000000	104058.000000
0.000000	104058.000000
0.000000	104058.000000
0.000000	104058.000000
0.000000	104058.000000
0.000000	104058.000000
0.000000	104058.000000
0.000000	104058.000000
0.000000	104058.000000
0.000000	104058.000000
0.000000	104058.000000
0.000000	104058.000000
0.000000	104059.000000
0.000000	104059.000000
0.000000	104059.000000
0.000000	104059.000000
0.000000	104059.000000
0.000000	104059.000000
0.000000	104059.000000
0.000000	104059.000000
0.000000	104059.000000
0.000000	104059.000000
0.000000	104059.000000
0.000000	104059.000000
0.000000	104059.000000
0.000000	104059.000000
0.000000	104059.000000
0.000000	104059.000000
0.000000	104059.000000
0.000000	104100.000000
0.000000	104100.000000
0.000000	104100.000000
0.000000	104100.000000
0.000000	104100.000000
0.000000	104100.000000
0.000000	104100.000000
0.000000	104100.000000
0.000000	104100.000000
0.000000	104100.000000
0.000000	104100.000000
0.000000	104100.000000
0.000000	104100.000000
0.000000	104100.000000
0.000000	104100.000000
0.000000	104100.000000
0.000000	104100.000000
0.000000	104101.000000
0.000000	104101.000000
0.000000	104101.000000
0.000000	104101.000000
0.000000	104101.000000
0.000000	104101.000000
0.000000	104101.000000
0.000000	104101.000000
0.000000	104101.000000
0.000000	104101.000000
0.000000	104101.000000
0.000000	104101.000000
0.000000	104101.000000
0.000000	104101.000000
0.000000	104101.000000
0.000000	104101.000000
0.000000	104101.000000
0.000000	104102.000000
0.000000	104102.000000
0.000000	104102.000000
0.000000	104102.000000
0.000000	104102.000000
0.000000	104102.000000
0.000000	104102.000000
0.000000	104102.000000
0.000000	104102.000000
0.000000	104102.000000
0.000000	104102.000000
0.000000	104102.000000
0.000000	104102.000000
0.000000	104102.000000
0.000000	104102.000000
0.000000	104102.000000
0.000000	104102.000000
0.000000	104103.000000
0.000000	104103.000000
0.000000	104103.000000
0.000000	104103.000000
0.000000	104103.000000
0.000000	104103.000000
0.000000	104103.000000
0.000000	104103.000000
0.000000	104103.000000
0.000000	104103.000000
0.000000	104103.000000
0.000000	104103.000000
0.000000	104103.000000
0.000000	104103.000000
0.000000	104103.000000
0.000000	104103.000000
0.000000	104103.000000
0.000000	104104.000000
0.000000	104104.000000
0.000000	104104.000000
0.000000	104104.000000
0.000000	104104.000000
0.000000	104104.000000
0.000000	104104.000000
0.000000	104104.000000
0.000000	104104.000000
0.000000	104104.000000
0.000000	104104.000000
0.000000	104104.000000
0.000000	104104.000000
0.000000	104104.000000
0.000000	104104.000000
0.000000	104104.000000
0.000000	104104.000000
0.000000	104105.000000
0.000000	104105.000000
0.000000	104105.000000
0.000000	104105.000000
0.000000	104105.000000
0.000000	104105.000000
0.000000	104105.000000
0.000000	104105.000000
0.000000	104105.000000
0.000000	104105.000000
0.000000	104105.000000
0.000000	104105.000000
0.000000	104105.000000
0.000000	104105.000000
0.000000	104105.000000
0.000000	104105.000000
0.000000	104105.000000
0.000000	104106.000000
0.000000	104106.000000
0.000000	104106.000000
0.000000	104106.000000
0.000000	104106.000000
0.000000	104106.000000
0.000000	104106.000000
0.000000	104106.000000
0.000000	104106.000000
0.000000	104106.000000
0.000000	104106.000000
0.000000	104106.000000
0.000000	104106.000000
0.000000	104106.000000
0.000000	104106.000000
0.000000	104106.000000
0.000000	104106.000000
0.000000	104107.000000
0.000000	104107.000000
0.000000	104107.000000
0.000000	104107.000000
0.000000	104107.000000
0.000000	104107.000000
0.000000	104107.000000
0.000000	104107.000000
0.000000	104107.000000
0.000000	104107.000000
0.000000	104107.000000
0.000000	104107.000000
0.000000	104107.000000
0.000000	104107.000000
0.000000	104107.000000
0.000000	104107.000000
0.000000	104107.000000
0.000000	104107.000000
0.000000	104108.000000
0.000000	104108.000000
0.000000	104108.000000
0.000000	104108.000000
0.000000	104108.000000
0.000000	104108.000000
0.000000	104108.000000
0.000000	104108.000000
0.000000	104108.000000
0.000000	104108.000000
0.000000	104108.000000
0.000000	104108.000000
0.000000	104108.000000
0.000000	104108.000000
0.000000	104108.000000
0.000000	104108.000000
0.000000	104108.000000
0.000000	104109.000000
0.000000	104109.000000
0.000000	104109.000000
0.000000	104109.000000
0.000000	104109.000000
0.000000	104109.000000
0.000000	104109.000000
0.000000	104109.000000
0.000000	104109.000000
0.000000	104109.000000
0.000000	104109.000000
0.000000	104109.000000
0.000000	104109.000000
0.000000	104109.000000
0.000000	104109.000000
0.000000	104109.000000
0.000000	104109.000000
0.000000	104110.000000
0.000000	104110.000000
0.000000	104110.000000
0.000000	104110.000000
0.000000	104110.000000
0.000000	104110.000000
0.000000	104110.000000
0.000000	104110.000000
0.000000	104110.000000
0.000000	104110.000000
0.000000	104110.000000
0.000000	104110.000000
0.000000	104110.000000
0.000000	104110.000000
0.000000	104110.000000
0.000000	104110.000000
0.000000	104110.000000
0.000000	104111.000000
0.000000	104111.000000
0.000000	104111.000000
0.000000	104111.000000
0.000000	104111.000000
0.000000	104111.000000
0.000000	104111.000000
0.000000	104111.000000
0.000000	104111.000000
0.000000	104111.000000
0.000000	104111.000000
0.000000	104111.000000
0.000000	104111.000000
0.000000	104111.000000
0.000000	104111.000000
0.000000	104111.000000
0.000000	104111.000000
0.000000	104112.000000
0.000000	104112.000000
0.000000	104112.000000
0.000000	104112.000000
0.000000	104112.000000
0.000000	104112.000000
0.000000	104112.000000
0.000000	104112.000000
0.000000	104112.000000
0.000000	104112.000000
0.000000	104112.000000
0.000000	104112.000000
0.000000	104112.000000
0.000000	104112.000000
0.000000	104112.000000
0.000000	104112.000000
0.000000	104112.000000
0.000000	104113.000000
0.000000	104113.000000
0.000000	104113.000000
0.000000	104113.000000
0.000000	104113.000000
0.000000	104113.000000
0.000000	104113.000000
0.000000	104113.000000
0.000000	104113.000000
0.000000	104113.000000
0.000000	104113.000000
0.000000	104113.000000
0.000000	104113.000000
0.000000	104113.000000
0.000000	104113.000000
0.000000	104113.000000
0.000000	104113.000000
0.000000	104114.000000
0.000000	104114.000000
0.000000	104114.000000
0.000000	104114.000000
0.000000	104114.000000
0.000000	104114.000000
0.000000	104114.000000
0.000000	104114.000000
0.000000	104114.000000
0.000000	104114.000000
0.000000	104114.000000
0.000000	104114.000000
0.000000	104114.000000
0.000000	104114.000000
0.000000	104114.000000
0.000000	104114.000000
0.000000	104114.000000
0.000000	104115.000000
0.000000	104115.000000
0.000000	104115.000000
0.000000	104115.000000
0.000000	104115.000000
0.000000	104115.000000
0.000000	104115.000000
0.000000	104115.000000
0.000000	104115.000000
0.000000	104115.000000
0.000000	104115.000000
0.000000	104115.000000
0.000000	104115.000000
0.000000	104115.000000
0.000000	104115.000000
0.000000	104115.000000
0.000000	104115.000000
0.000000	104116.000000
0.000000	104116.000000
0.000000	104116.000000
0.000000	104116.000000
0.000000	104116.000000
0.000000	104116.000000
0.000000	104116.000000
0.000000	104116.000000
0.000000	104116.000000
0.000000	104116.000000
0.000000	104116.000000
0.000000	104116.000000
0.000000	104116.000000
0.000000	104116.000000
0.000000	104116.000000
0.000000	104116.000000
0.000000	104116.000000
0.000000	104117.000000
0.000000	104117.000000
0.000000	104117.000000
0.000000	104117.000000
0.000000	104117.000000
0.000000	104117.000000
0.000000	104117.000000
0.000000	104117.000000
0.000000	104117.000000
0.000000	104117.000000
0.000000	104117.000000
0.000000	104117.000000
0.000000	104117.000000
0.000000	104117.000000
0.000000	104117.000000
0.000000	104117.000000
0.000000	104117.000000
0.000000	104118.000000
0.000000	104118.000000
0.000000	104118.000000
0.000000	104118.000000
0.000000	104118.000000
0.000000	104118.000000
0.000000	104118.000000
0.000000	104118.000000
0.000000	104118.000000
0.000000	104118.000000
0.000000	104118.000000
0.000000	104118.000000
0.000000	104118.000000
0.000000	104118.000000
0.000000	104118.000000
0.000000	104118.000000
0.000000	104118.000000
0.000000	104119.000000
0.000000	104119.000000
0.000000	104119.000000
0.000000	104119.000000
0.000000	104119.000000
0.000000	104119.000000
0.000000	104119.000000
0.000000	104119.000000
0.000000	104119.000000
0.000000	104119.000000
0.000000	104119.000000
0.000000	104119.000000
0.000000	104119.000000
0.000000	104119.000000
0.000000	104119.000000
0.000000	104119.000000
0.000000	104119.000000
0.000000	104120.000000
0.000000	104120.000000
0.000000	104120.000000
0.000000	104120.000000
0.000000	104120.000000
0.000000	104120.000000
0.000000	104120.000000
0.000000	104120.000000
0.000000	104120.000000
0.000000	104120.000000
0.000000	104120.000000
0.000000	104120.000000
0.000000	104120.000000
0.000000	104120.000000
0.000000	104120.000000
0.000000	104120.000000
0.000000	104120.000000
0.000000	104121.000000
0.000000	104121.000000
0.000000	104121.000000
0.000000	104121.000000
0.000000	104121.000000
0.000000	104121.000000
0.000000	104121.000000
0.000000	104121.000000
0.000000	104121.000000
0.000000	104121.000000
0.000000	104121.000000
0.000000	104121.000000
0.000000	104121.000000
0.000000	104121.000000
0.000000	104121.000000
0.000000	104121.000000
0.000000	104121.000000
0.000000	104122.000000
0.000000	104122.000000
0.000000	104122.000000
0.000000	104122.000000
0.000000	104122.000000
0.000000	104122.000000
0.000000	104122.000000
0.000000	104122.000000
0.000000	104122.000000
0.000000	104122.000000
0.000000	104122.000000
0.000000	104122.000000
0.000000	104122.000000
0.000000	104122.000000
0.000000	104122.000000
0.000000	104122.000000
0.000000	104122.000000
0.000000	104122.000000
0.000000	104123.000000
0.000000	104123.000000
0.000000	104123.000000
0.000000	104123.000000
0.000000	104123.000000
0.000000	104123.000000
0.000000	104123.000000
0.000000	104123.000000
0.000000	104123.000000
0.000000	104123.000000
0.000000	104123.000000
0.000000	104123.000000
0.000000	104123.000000
0.000000	104123.000000
0.000000	104123.000000
0.000000	104123.000000
0.000000	104123.000000
0.000000	104124.000000
0.000000	104124.000000
0.000000	104124.000000
0.000000	104124.000000
0.000000	104124.000000
0.000000	104124.000000
0.000000	104124.000000
0.000000	104124.000000
0.000000	104124.000000
0.000000	104124.000000
0.000000	104124.000000
0.000000	104124.000000
0.000000	104124.000000
0.000000	104124.000000
0.000000	104124.000000
0.000000	104124.000000
0.000000	104124.000000
0.000000	104125.000000
0.000000	104125.000000
0.000000	104125.000000
0.000000	104125.000000
0.000000	104125.000000
0.000000	104125.000000
0.000000	104125.000000
0.000000	104125.000000
0.000000	104125.000000
0.000000	104125.000000
0.000000	104125.000000
0.000000	104125.000000
0.000000	104125.000000
0.000000	104125.000000
0.000000	104125.000000
0.000000	104125.000000
0.000000	104125.000000
0.000000	104126.000000
0.000000	104126.000000
0.000000	104126.000000
0.000000	104126.000000
0.000000	104126.000000
0.000000	104126.000000
0.000000	104126.000000
0.000000	104126.000000
0.000000	104126.000000
0.000000	104126.000000
0.000000	104126.000000
0.000000	104126.000000
0.000000	104126.000000
0.000000	104126.000000
0.000000	104126.000000
0.000000	104126.000000
0.000000	104126.000000
0.000000	104127.000000
0.000000	104127.000000
0.000000	104127.000000
0.000000	104127.000000
0.000000	104127.000000
0.000000	104127.000000
0.000000	104127.000000
0.000000	104127.000000
0.000000	104127.000000
0.000000	104127.000000
0.000000	104127.000000
0.000000	104127.000000
0.000000	104127.000000
0.000000	104127.000000
0.000000	104127.000000
0.000000	104127.000000
0.000000	104127.000000
0.000000	104128.000000
0.000000	104128.000000
0.000000	104128.000000
0.000000	104128.000000
0.000000	104128.000000
0.000000	104128.000000
0.000000	104128.000000
0.000000	104128.000000
0.000000	104128.000000
0.000000	104128.000000
0.000000	104128.000000
0.000000	104128.000000
0.000000	104128.000000
0.000000	104128.000000
0.000000	104128.000000
0.000000	104128.000000
0.000000	104128.000000
0.000000	104129.000000
0.000000	104129.000000
0.000000	104129.000000
0.000000	104129.000000
0.000000	104129.000000
0.000000	104129.000000
0.000000	104129.000000
0.000000	104129.000000
0.000000	104129.000000
0.000000	104129.000000
0.000000	104129.000000
0.000000	104129.000000
0.000000	104129.000000
0.000000	104129.000000
0.000000	104129.000000
0.000000	104129.000000
0.000000	104129.000000
0.000000	104130.000000
0.000000	104130.000000
0.000000	104130.000000
0.000000	104130.000000
0.000000	104130.000000
0.000000	104130.000000
0.000000	104130.000000
0.000000	104130.000000
0.000000	104130.000000
0.000000	104130.000000
0.000000	104130.000000
0.000000	104130.000000
0.000000	104130.000000
0.000000	104130.000000
0.000000	104130.000000
0.000000	104130.000000
0.000000	104130.000000
0.000000	104131.000000
0.000000	104131.000000
0.000000	104131.000000
0.000000	104131.000000
0.000000	104131.000000
0.000000	104131.000000
0.000000	104131.000000
0.000000	104131.000000
0.000000	104131.000000
0.000000	104131.000000
0.000000	104131.000000
0.000000	104131.000000
0.000000	104131.000000
0.000000	104131.000000
0.000000	104131.000000
0.000000	104131.000000
0.000000	104131.000000
0.000000	104132.000000
0.000000	104132.000000
0.000000	104132.000000
0.000000	104132.000000
0.000000	104132.000000
0.000000	104132.000000
0.000000	104132.000000
0.000000	104132.000000
0.000000	104132.000000
0.000000	104132.000000
0.000000	104132.000000
0.000000	104132.000000
0.000000	104132.000000
0.000000	104132.000000
0.000000	104132.000000
0.000000	104132.000000
0.000000	104132.000000
0.000000	104133.000000
0.000000	104133.000000
0.000000	104133.000000
0.000000	104133.000000
0.000000	104133.000000
0.000000	104133.000000
0.000000	104133.000000
0.000000	104133.000000
0.000000	104133.000000
0.000000	104133.000000
0.000000	104133.000000
0.000000	104133.000000
0.000000	104133.000000
0.000000	104133.000000
0.000000	104133.000000
0.000000	104133.000000
0.000000	104133.000000
0.000000	104134.000000
0.000000	104134.000000
0.000000	104134.000000
0.000000	104134.000000
0.000000	104134.000000
0.000000	104134.000000
0.000000	104134.000000
0.000000	104134.000000
0.000000	104134.000000
0.000000	104134.000000
0.000000	104134.000000
0.000000	104134.000000
0.000000	104134.000000
0.000000	104134.000000
0.000000	104134.000000
0.000000	104134.000000
0.000000	104134.000000
0.000000	104135.000000
0.000000	104135.000000
0.000000	104135.000000
0.000000	104135.000000
0.000000	104135.000000
0.000000	104135.000000
0.000000	104135.000000
0.000000	104135.000000
0.000000	104135.000000
0.000000	104135.000000
0.000000	104135.000000
0.000000	104135.000000
0.000000	104135.000000
0.000000	104135.000000
0.000000	104135.000000
0.000000	104135.000000
0.000000	104135.000000
0.000000	104136.000000
0.000000	104136.000000
0.000000	104136.000000
0.000000	104136.000000
0.000000	104136.000000
0.000000	104136.000000
0.000000	104136.000000
0.000000	104136.000000
0.000000	104136.000000
0.000000	104136.000000
0.000000	104136.000000
0.000000	104136.000000
0.000000	104136.000000
0.000000	104136.000000
0.000000	104136.000000
0.000000	104136.000000
0.000000	104136.000000
0.000000	104137.000000
0.000000	104137.000000
0.000000	104137.000000
0.000000	104137.000000
0.000000	104137.000000
0.000000	104137.000000
0.000000	104137.000000
0.000000	104137.000000
0.000000	104137.000000
0.000000	104137.000000
0.000000	104137.000000
0.000000	104137.000000
0.000000	104137.000000
0.000000	104137.000000
0.000000	104137.000000
0.000000	104137.000000
0.000000	104137.000000
0.000000	104137.000000
0.000000	104138.000000
0.000000	104138.000000
0.000000	104138.000000
0.000000	104138.000000
0.000000	104138.000000
0.000000	104138.000000
0.000000	104138.000000
0.000000	104138.000000
0.000000	104138.000000
0.000000	104138.000000
0.000000	104138.000000
0.000000	104138.000000
0.000000	104138.000000
0.000000	104138.000000
0.000000	104138.000000
0.000000	104138.000000
0.000000	104138.000000
0.000000	104139.000000
0.000000	104139.000000
0.000000	104139.000000
0.000000	104139.000000
0.000000	104139.000000
0.000000	104139.000000
0.000000	104139.000000
0.000000	104139.000000
0.000000	104139.000000
0.000000	104139.000000
0.000000	104139.000000
0.000000	104139.000000
0.000000	104139.000000
0.000000	104139.000000
0.000000	104139.000000
0.000000	104139.000000
0.000000	104139.000000
0.000000	104140.000000
0.000000	104140.000000
0.000000	104140.000000
0.000000	104140.000000
0.000000	104140.000000
0.000000	104140.000000
0.000000	104140.000000
0.000000	104140.000000
0.000000	104140.000000
0.000000	104140.000000
0.000000	104140.000000
0.000000	104140.000000
0.000000	104140.000000
0.000000	104140.000000
0.000000	104140.000000
0.000000	104140.000000
0.000000	104140.000000
0.000000	104141.000000
0.000000	104141.000000
0.000000	104141.000000
0.000000	104141.000000
0.000000	104141.000000
0.000000	104141.000000
0.000000	104141.000000
0.000000	104141.000000
0.000000	104141.000000
0.000000	104141.000000
0.000000	104141.000000
0.000000	104141.000000
0.000000	104141.000000
0.000000	104141.000000
0.000000	104141.000000
0.000000	104141.000000
0.000000	104141.000000
0.000000	104142.000000
0.000000	104142.000000
0.000000	104142.000000
0.000000	104142.000000
0.000000	104142.000000
0.000000	104142.000000
0.000000	104142.000000
0.000000	104142.000000
0.000000	104142.000000
0.000000	104142.000000
0.000000	104142.000000
0.000000	104142.000000
0.000000	104142.000000
0.000000	104142.000000
0.000000	104142.000000
0.000000	104142.000000
0.000000	104142.000000
0.000000	104143.000000
0.000000	104143.000000
0.000000	104143.000000
0.000000	104143.000000
0.000000	104143.000000
0.000000	104143.000000
0.000000	104143.000000
0.000000	104143.000000
0.000000	104143.000000
0.000000	104143.000000
0.000000	104143.000000
0.000000	104143.000000
0.000000	104143.000000
0.000000	104143.000000
0.000000	104143.000000
0.000000	104143.000000
0.000000	104143.000000
0.000000	104144.000000
0.000000	104144.000000
0.000000	104144.000000
0.000000	104144.000000
0.000000	104144.000000
0.000000	104144.000000
0.000000	104144.000000
0.000000	104144.000000
0.000000	104144.000000
0.000000	104144.000000
0.000000	104144.000000
0.000000	104144.000000
0.000000	104144.000000
0.000000	104144.000000
0.000000	104144.000000
0.000000	104144.000000
0.000000	104144.000000
0.000000	104145.000000
0.000000	104145.000000
0.000000	104145.000000
0.000000	104145.000000
0.000000	104145.000000
0.000000	104145.000000
0.000000	104145.000000
0.000000	104145.000000
0.000000	104145.000000
0.000000	104145.000000
0.000000	104145.000000
0.000000	104145.000000
0.000000	104145.000000
0.000000	104145.000000
0.000000	104145.000000
0.000000	104145.000000
0.000000	104145.000000
0.000000	104146.000000
0.000000	104146.000000
0.000000	104146.000000
0.000000	104146.000000
0.000000	104146.000000
0.000000	104146.000000
0.000000	104146.000000
0.000000	104146.000000
0.000000	104146.000000
0.000000	104146.000000
0.000000	104146.000000
0.000000	104146.000000
0.000000	104146.000000
0.000000	104146.000000
0.000000	104146.000000
0.000000	104146.000000
0.000000	104146.000000
0.000000	104147.000000
0.000000	104147.000000
0.000000	104147.000000
0.000000	104147.000000
0.000000	104147.000000
0.000000	104147.000000
0.000000	104147.000000
0.000000	104147.000000
0.000000	104147.000000
0.000000	104147.000000
0.000000	104147.000000
0.000000	104147.000000
0.000000	104147.000000
0.000000	104147.000000
0.000000	104147.000000
0.000000	104147.000000
0.000000	104147.000000
0.000000	104148.000000
0.000000	104148.000000
0.000000	104148.000000
0.000000	104148.000000
0.000000	104148.000000
0.000000	104148.000000
0.000000	104148.000000
0.000000	104148.000000
0.000000	104148.000000
0.000000	104148.000000
0.000000	104148.000000
0.000000	104148.000000
0.000000	104148.000000
0.000000	104148.000000
0.000000	104148.000000
0.000000	104148.000000
0.000000	104148.000000
0.000000	104149.000000
0.000000	104149.000000
0.000000	104149.000000
0.000000	104149.000000
0.000000	104149.000000
0.000000	104149.000000
0.000000	104149.000000
0.000000	104149.000000
0.000000	104149.000000
0.000000	104149.000000
0.000000	104149.000000
0.000000	104149.000000
0.000000	104149.000000
0.000000	104149.000000
0.000000	104149.000000
0.000000	104149.000000
0.000000	104149.000000
0.000000	104150.000000
0.000000	104150.000000
0.000000	104150.000000
0.000000	104150.000000
0.000000	104150.000000
0.000000	104150.000000
0.000000	104150.000000
0.000000	104150.000000
0.000000	104150.000000
0.000000	104150.000000
0.000000	104150.000000
0.000000	104150.000000
0.000000	104150.000000
0.000000	104150.000000
0.000000	104150.000000
0.000000	104150.000000
0.000000	104150.000000
0.000000	104151.000000
0.000000	104151.000000
0.000000	104151.000000
0.000000	104151.000000
0.000000	104151.000000
0.000000	104151.000000
0.000000	104151.000000
0.000000	104151.000000
