0.000000	104613.000000
0.000000	104613.000000
0.000000	104613.000000
0.000000	104613.000000
0.000000	104613.000000
0.000000	104613.000000
0.000000	104613.000000
0.000000	104613.000000
0.000000	104613.000000
0.000000	104614.000000
0.000000	104614.000000
0.000000	104614.000000
0.000000	104614.000000
0.000000	104614.000000
0.000000	104614.000000
0.000000	104614.000000
0.000000	104614.000000
0.000000	104614.000000
0.000000	104614.000000
0.000000	104614.000000
0.000000	104614.000000
0.000000	104614.000000
0.000000	104614.000000
0.000000	104614.000000
0.000000	104614.000000
0.000000	104614.000000
0.000000	104615.000000
0.000000	104615.000000
0.000000	104615.000000
0.000000	104615.000000
0.000000	104615.000000
0.000000	104615.000000
0.000000	104615.000000
0.000000	104615.000000
0.000000	104615.000000
0.000000	104615.000000
0.000000	104615.000000
0.000000	104615.000000
0.000000	104615.000000
0.000000	104615.000000
0.000000	104615.000000
0.000000	104615.000000
0.000000	104615.000000
0.000000	104616.000000
0.000000	104616.000000
0.000000	104616.000000
0.000000	104616.000000
0.000000	104616.000000
0.000000	104616.000000
0.000000	104616.000000
0.000000	104616.000000
0.000000	104616.000000
0.000000	104616.000000
0.000000	104616.000000
0.000000	104616.000000
0.000000	104616.000000
0.000000	104616.000000
0.000000	104616.000000
0.000000	104616.000000
0.000000	104616.000000
0.000000	104617.000000
0.000000	104617.000000
0.000000	104617.000000
0.000000	104617.000000
0.000000	104617.000000
0.000000	104617.000000
0.000000	104617.000000
0.000000	104617.000000
0.000000	104617.000000
0.000000	104617.000000
0.000000	104617.000000
0.000000	104617.000000
0.000000	104617.000000
0.000000	104617.000000
0.000000	104617.000000
0.000000	104617.000000
0.000000	104617.000000
0.000000	104618.000000
0.000000	104618.000000
0.000000	104618.000000
0.000000	104618.000000
0.000000	104618.000000
0.000000	104618.000000
0.000000	104618.000000
0.000000	104618.000000
0.000000	104618.000000
0.000000	104618.000000
0.000000	104618.000000
0.000000	104618.000000
0.000000	104618.000000
0.000000	104618.000000
0.000000	104618.000000
0.000000	104618.000000
0.000000	104618.000000
0.000000	104618.000000
0.000000	104619.000000
0.000000	104619.000000
0.000000	104619.000000
0.000000	104619.000000
0.000000	104619.000000
0.000000	104619.000000
0.000000	104619.000000
0.000000	104619.000000
0.000000	104619.000000
0.000000	104619.000000
0.000000	104619.000000
0.000000	104619.000000
0.000000	104619.000000
0.000000	104619.000000
0.000000	104619.000000
0.000000	104619.000000
0.000000	104619.000000
0.000000	104620.000000
0.000000	104620.000000
0.000000	104620.000000
0.000000	104620.000000
0.000000	104620.000000
0.000000	104620.000000
0.000000	104620.000000
0.000000	104620.000000
0.000000	104620.000000
0.000000	104620.000000
0.000000	104620.000000
0.000000	104620.000000
0.000000	104620.000000
0.000000	104620.000000
0.000000	104620.000000
0.000000	104620.000000
0.000000	104620.000000
0.000000	104621.000000
0.000000	104621.000000
0.000000	104621.000000
0.000000	104621.000000
0.000000	104621.000000
0.000000	104621.000000
0.000000	104621.000000
0.000000	104621.000000
0.000000	104621.000000
0.000000	104621.000000
0.000000	104621.000000
0.000000	104621.000000
0.000000	104621.000000
0.000000	104621.000000
0.000000	104621.000000
0.000000	104621.000000
0.000000	104621.000000
0.000000	104622.000000
0.000000	104622.000000
0.000000	104622.000000
0.000000	104622.000000
0.000000	104622.000000
0.000000	104622.000000
0.000000	104622.000000
0.000000	104622.000000
0.000000	104622.000000
0.000000	104622.000000
0.000000	104622.000000
0.000000	104622.000000
0.000000	104622.000000
0.000000	104622.000000
0.000000	104622.000000
0.000000	104622.000000
0.000000	104622.000000
0.000000	104623.000000
0.000000	104623.000000
0.000000	104623.000000
0.000000	104623.000000
0.000000	104623.000000
0.000000	104623.000000
0.000000	104623.000000
0.000000	104623.000000
0.000000	104623.000000
0.000000	104623.000000
0.000000	104623.000000
0.000000	104623.000000
0.000000	104623.000000
0.000000	104623.000000
0.000000	104623.000000
0.000000	104623.000000
0.000000	104623.000000
0.000000	104624.000000
0.000000	104624.000000
0.000000	104624.000000
0.000000	104624.000000
0.000000	104624.000000
0.000000	104624.000000
0.000000	104624.000000
0.000000	104624.000000
0.000000	104624.000000
0.000000	104624.000000
0.000000	104624.000000
0.000000	104624.000000
0.000000	104624.000000
0.000000	104624.000000
0.000000	104624.000000
0.000000	104624.000000
0.000000	104624.000000
0.000000	104625.000000
0.000000	104625.000000
0.000000	104625.000000
0.000000	104625.000000
0.000000	104625.000000
0.000000	104625.000000
0.000000	104625.000000
0.000000	104625.000000
0.000000	104625.000000
0.000000	104625.000000
0.000000	104625.000000
0.000000	104625.000000
0.000000	104625.000000
0.000000	104625.000000
0.000000	104625.000000
0.000000	104625.000000
0.000000	104625.000000
0.000000	104626.000000
0.000000	104626.000000
0.000000	104626.000000
0.000000	104626.000000
0.000000	104626.000000
0.000000	104626.000000
0.000000	104626.000000
0.000000	104626.000000
0.000000	104626.000000
0.000000	104626.000000
0.000000	104626.000000
0.000000	104626.000000
0.000000	104626.000000
0.000000	104626.000000
0.000000	104626.000000
0.000000	104626.000000
0.000000	104626.000000
0.000000	104627.000000
0.000000	104627.000000
0.000000	104627.000000
0.000000	104627.000000
0.000000	104627.000000
0.000000	104627.000000
0.000000	104627.000000
0.000000	104627.000000
0.000000	104627.000000
0.000000	104627.000000
0.000000	104627.000000
0.000000	104627.000000
0.000000	104627.000000
0.000000	104627.000000
0.000000	104627.000000
0.000000	104627.000000
0.000000	104627.000000
0.000000	104628.000000
0.000000	104628.000000
0.000000	104628.000000
0.000000	104628.000000
0.000000	104628.000000
0.000000	104628.000000
0.000000	104628.000000
0.000000	104628.000000
0.000000	104628.000000
0.000000	104628.000000
0.000000	104628.000000
0.000000	104628.000000
0.000000	104628.000000
0.000000	104628.000000
0.000000	104628.000000
0.000000	104628.000000
0.000000	104628.000000
0.000000	104629.000000
0.000000	104629.000000
0.000000	104629.000000
0.000000	104629.000000
0.000000	104629.000000
0.000000	104629.000000
0.000000	104629.000000
0.000000	104629.000000
0.000000	104629.000000
0.000000	104629.000000
0.000000	104629.000000
0.000000	104629.000000
0.000000	104629.000000
0.000000	104629.000000
0.000000	104629.000000
0.000000	104629.000000
0.000000	104629.000000
0.000000	104630.000000
0.000000	104630.000000
0.000000	104630.000000
0.000000	104630.000000
0.000000	104630.000000
0.000000	104630.000000
0.000000	104630.000000
0.000000	104630.000000
0.000000	104630.000000
0.000000	104630.000000
0.000000	104630.000000
0.000000	104630.000000
0.000000	104630.000000
0.000000	104630.000000
0.000000	104630.000000
0.000000	104630.000000
0.000000	104630.000000
0.000000	104631.000000
0.000000	104631.000000
0.000000	104631.000000
0.000000	104631.000000
0.000000	104631.000000
0.000000	104631.000000
0.000000	104631.000000
0.000000	104631.000000
0.000000	104631.000000
0.000000	104631.000000
0.000000	104631.000000
0.000000	104631.000000
0.000000	104631.000000
0.000000	104631.000000
0.000000	104631.000000
0.000000	104631.000000
0.000000	104631.000000
0.000000	104632.000000
0.000000	104632.000000
0.000000	104632.000000
0.000000	104632.000000
0.000000	104632.000000
0.000000	104632.000000
0.000000	104632.000000
0.000000	104632.000000
0.000000	104632.000000
0.000000	104632.000000
0.000000	104632.000000
0.000000	104632.000000
0.000000	104632.000000
0.000000	104632.000000
0.000000	104632.000000
0.000000	104632.000000
0.000000	104632.000000
0.000000	104633.000000
0.000000	104633.000000
0.000000	104633.000000
0.000000	104633.000000
0.000000	104633.000000
0.000000	104633.000000
0.000000	104633.000000
0.000000	104633.000000
0.000000	104633.000000
0.000000	104633.000000
0.000000	104633.000000
0.000000	104633.000000
0.000000	104633.000000
0.000000	104633.000000
0.000000	104633.000000
0.000000	104633.000000
0.000000	104633.000000
0.000000	104633.000000
0.000000	104634.000000
0.000000	104634.000000
0.000000	104634.000000
0.000000	104634.000000
0.000000	104634.000000
0.000000	104634.000000
0.000000	104634.000000
0.000000	104634.000000
0.000000	104634.000000
0.000000	104634.000000
0.000000	104634.000000
0.000000	104634.000000
0.000000	104634.000000
0.000000	104634.000000
0.000000	104634.000000
0.000000	104634.000000
0.000000	104634.000000
0.000000	104635.000000
0.000000	104635.000000
0.000000	104635.000000
0.000000	104635.000000
0.000000	104635.000000
0.000000	104635.000000
0.000000	104635.000000
0.000000	104635.000000
0.000000	104635.000000
0.000000	104635.000000
0.000000	104635.000000
0.000000	104635.000000
0.000000	104635.000000
0.000000	104635.000000
0.000000	104635.000000
0.000000	104635.000000
0.000000	104635.000000
0.000000	104636.000000
0.000000	104636.000000
0.000000	104636.000000
0.000000	104636.000000
0.000000	104636.000000
0.000000	104636.000000
0.000000	104636.000000
0.000000	104636.000000
0.000000	104636.000000
0.000000	104636.000000
0.000000	104636.000000
0.000000	104636.000000
0.000000	104636.000000
0.000000	104636.000000
0.000000	104636.000000
0.000000	104636.000000
0.000000	104636.000000
0.000000	104637.000000
0.000000	104637.000000
0.000000	104637.000000
0.000000	104637.000000
0.000000	104637.000000
0.000000	104637.000000
0.000000	104637.000000
0.000000	104637.000000
0.000000	104637.000000
0.000000	104637.000000
0.000000	104637.000000
0.000000	104637.000000
0.000000	104637.000000
0.000000	104637.000000
0.000000	104637.000000
0.000000	104637.000000
0.000000	104637.000000
0.000000	104638.000000
0.000000	104638.000000
0.000000	104638.000000
0.000000	104638.000000
0.000000	104638.000000
0.000000	104638.000000
0.000000	104638.000000
0.000000	104638.000000
0.000000	104638.000000
0.000000	104638.000000
0.000000	104638.000000
0.000000	104638.000000
0.000000	104638.000000
0.000000	104638.000000
0.000000	104638.000000
0.000000	104638.000000
0.000000	104638.000000
0.000000	104639.000000
0.000000	104639.000000
0.000000	104639.000000
0.000000	104639.000000
0.000000	104639.000000
0.000000	104639.000000
0.000000	104639.000000
0.000000	104639.000000
0.000000	104639.000000
0.000000	104639.000000
0.000000	104639.000000
0.000000	104639.000000
0.000000	104639.000000
0.000000	104639.000000
0.000000	104639.000000
0.000000	104639.000000
0.000000	104639.000000
0.000000	104640.000000
0.000000	104640.000000
0.000000	104640.000000
0.000000	104640.000000
0.000000	104640.000000
0.000000	104640.000000
0.000000	104640.000000
0.000000	104640.000000
0.000000	104640.000000
0.000000	104640.000000
0.000000	104640.000000
0.000000	104640.000000
0.000000	104640.000000
0.000000	104640.000000
0.000000	104640.000000
0.000000	104640.000000
0.000000	104640.000000
0.000000	104641.000000
0.000000	104641.000000
0.000000	104641.000000
0.000000	104641.000000
0.000000	104641.000000
0.000000	104641.000000
0.000000	104641.000000
0.000000	104641.000000
0.000000	104641.000000
0.000000	104641.000000
0.000000	104641.000000
0.000000	104641.000000
0.000000	104641.000000
0.000000	104641.000000
0.000000	104641.000000
0.000000	104641.000000
0.000000	104641.000000
0.000000	104642.000000
0.000000	104642.000000
0.000000	104642.000000
0.000000	104642.000000
0.000000	104642.000000
0.000000	104642.000000
0.000000	104642.000000
0.000000	104642.000000
0.000000	104642.000000
0.000000	104642.000000
0.000000	104642.000000
0.000000	104642.000000
0.000000	104642.000000
0.000000	104642.000000
0.000000	104642.000000
0.000000	104642.000000
0.000000	104642.000000
0.000000	104643.000000
0.000000	104643.000000
0.000000	104643.000000
0.000000	104643.000000
0.000000	104643.000000
0.000000	104643.000000
0.000000	104643.000000
0.000000	104643.000000
0.000000	104643.000000
0.000000	104643.000000
0.000000	104643.000000
0.000000	104643.000000
0.000000	104643.000000
0.000000	104643.000000
0.000000	104643.000000
0.000000	104643.000000
0.000000	104643.000000
0.000000	104644.000000
0.000000	104644.000000
0.000000	104644.000000
0.000000	104644.000000
0.000000	104644.000000
0.000000	104644.000000
0.000000	104644.000000
0.000000	104644.000000
0.000000	104644.000000
0.000000	104644.000000
0.000000	104644.000000
0.000000	104644.000000
0.000000	104644.000000
0.000000	104644.000000
0.000000	104644.000000
0.000000	104644.000000
0.000000	104644.000000
0.000000	104645.000000
0.000000	104645.000000
0.000000	104645.000000
0.000000	104645.000000
0.000000	104645.000000
0.000000	104645.000000
0.000000	104645.000000
0.000000	104645.000000
0.000000	104645.000000
0.000000	104645.000000
0.000000	104645.000000
0.000000	104645.000000
0.000000	104645.000000
0.000000	104645.000000
0.000000	104645.000000
0.000000	104645.000000
0.000000	104646.000000
0.000000	104646.000000
0.000000	104646.000000
0.000000	104646.000000
0.000000	104646.000000
0.000000	104646.000000
0.000000	104646.000000
0.000000	104646.000000
0.000000	104646.000000
0.000000	104646.000000
0.000000	104646.000000
0.000000	104646.000000
0.000000	104646.000000
0.000000	104646.000000
0.000000	104646.000000
0.000000	104646.000000
0.000000	104646.000000
0.000000	104646.000000
0.000000	104647.000000
0.000000	104647.000000
0.000000	104647.000000
0.000000	104647.000000
0.000000	104647.000000
0.000000	104647.000000
0.000000	104647.000000
0.000000	104647.000000
0.000000	104647.000000
0.000000	104647.000000
0.000000	104647.000000
0.000000	104647.000000
0.000000	104647.000000
0.000000	104647.000000
0.000000	104647.000000
0.000000	104647.000000
0.000000	104647.000000
0.000000	104648.000000
0.000000	104648.000000
0.000000	104648.000000
0.000000	104648.000000
0.000000	104648.000000
0.000000	104648.000000
0.000000	104648.000000
0.000000	104648.000000
0.000000	104648.000000
0.000000	104648.000000
0.000000	104648.000000
0.000000	104648.000000
0.000000	104648.000000
0.000000	104648.000000
0.000000	104648.000000
0.000000	104648.000000
0.000000	104648.000000
0.000000	104648.000000
0.000000	104649.000000
0.000000	104649.000000
0.000000	104649.000000
0.000000	104649.000000
0.000000	104649.000000
0.000000	104649.000000
0.000000	104649.000000
0.000000	104649.000000
0.000000	104649.000000
0.000000	104649.000000
0.000000	104649.000000
0.000000	104649.000000
0.000000	104649.000000
0.000000	104649.000000
0.000000	104649.000000
0.000000	104649.000000
0.000000	104649.000000
0.000000	104650.000000
0.000000	104650.000000
0.000000	104650.000000
0.000000	104650.000000
0.000000	104650.000000
0.000000	104650.000000
0.000000	104650.000000
0.000000	104650.000000
0.000000	104650.000000
0.000000	104650.000000
0.000000	104650.000000
0.000000	104650.000000
0.000000	104650.000000
0.000000	104650.000000
0.000000	104650.000000
0.000000	104650.000000
0.000000	104650.000000
0.000000	104651.000000
0.000000	104651.000000
0.000000	104651.000000
0.000000	104651.000000
0.000000	104651.000000
0.000000	104651.000000
0.000000	104651.000000
0.000000	104651.000000
0.000000	104651.000000
0.000000	104651.000000
0.000000	104651.000000
0.000000	104651.000000
0.000000	104651.000000
0.000000	104651.000000
0.000000	104651.000000
0.000000	104651.000000
0.000000	104651.000000
0.000000	104652.000000
0.000000	104652.000000
0.000000	104652.000000
0.000000	104652.000000
0.000000	104652.000000
0.000000	104652.000000
0.000000	104652.000000
0.000000	104652.000000
0.000000	104652.000000
0.000000	104652.000000
0.000000	104652.000000
0.000000	104652.000000
0.000000	104652.000000
0.000000	104652.000000
0.000000	104652.000000
0.000000	104652.000000
0.000000	104652.000000
0.000000	104653.000000
0.000000	104653.000000
0.000000	104653.000000
0.000000	104653.000000
0.000000	104653.000000
0.000000	104653.000000
0.000000	104653.000000
0.000000	104653.000000
0.000000	104653.000000
0.000000	104653.000000
0.000000	104653.000000
0.000000	104653.000000
0.000000	104653.000000
0.000000	104653.000000
0.000000	104653.000000
0.000000	104653.000000
0.000000	104653.000000
0.000000	104654.000000
0.000000	104654.000000
0.000000	104654.000000
0.000000	104654.000000
0.000000	104654.000000
0.000000	104654.000000
0.000000	104654.000000
0.000000	104654.000000
0.000000	104654.000000
0.000000	104654.000000
0.000000	104654.000000
0.000000	104654.000000
0.000000	104654.000000
0.000000	104654.000000
0.000000	104654.000000
0.000000	104654.000000
0.000000	104654.000000
0.000000	104655.000000
0.000000	104655.000000
0.000000	104655.000000
0.000000	104655.000000
0.000000	104655.000000
0.000000	104655.000000
0.000000	104655.000000
0.000000	104655.000000
0.000000	104655.000000
0.000000	104655.000000
0.000000	104655.000000
0.000000	104655.000000
0.000000	104655.000000
0.000000	104655.000000
0.000000	104655.000000
0.000000	104655.000000
0.000000	104656.000000
0.000000	104656.000000
0.000000	104656.000000
0.000000	104656.000000
0.000000	104656.000000
0.000000	104656.000000
0.000000	104656.000000
0.000000	104656.000000
0.000000	104656.000000
0.000000	104656.000000
0.000000	104656.000000
0.000000	104656.000000
0.000000	104656.000000
0.000000	104656.000000
0.000000	104656.000000
0.000000	104656.000000
0.000000	104656.000000
0.000000	104656.000000
0.000000	104657.000000
0.000000	104657.000000
0.000000	104657.000000
0.000000	104657.000000
0.000000	104657.000000
0.000000	104657.000000
0.000000	104657.000000
0.000000	104657.000000
0.000000	104657.000000
0.000000	104657.000000
0.000000	104657.000000
0.000000	104657.000000
0.000000	104657.000000
0.000000	104657.000000
0.000000	104657.000000
0.000000	104657.000000
0.000000	104658.000000
0.000000	104658.000000
0.000000	104658.000000
0.000000	104658.000000
0.000000	104658.000000
0.000000	104658.000000
0.000000	104658.000000
0.000000	104658.000000
0.000000	104658.000000
0.000000	104658.000000
0.000000	104658.000000
0.000000	104658.000000
0.000000	104658.000000
0.000000	104658.000000
0.000000	104658.000000
0.000000	104658.000000
0.000000	104658.000000
0.000000	104658.000000
0.000000	104659.000000
0.000000	104659.000000
0.000000	104659.000000
0.000000	104659.000000
0.000000	104659.000000
0.000000	104659.000000
0.000000	104659.000000
0.000000	104659.000000
0.000000	104659.000000
0.000000	104659.000000
0.000000	104659.000000
0.000000	104659.000000
0.000000	104659.000000
0.000000	104659.000000
0.000000	104659.000000
0.000000	104659.000000
0.000000	104659.000000
0.000000	104700.000000
0.000000	104700.000000
0.000000	104700.000000
0.000000	104700.000000
0.000000	104700.000000
0.000000	104700.000000
0.000000	104700.000000
0.000000	104700.000000
0.000000	104700.000000
0.000000	104700.000000
0.000000	104700.000000
0.000000	104700.000000
0.000000	104700.000000
0.000000	104700.000000
0.000000	104700.000000
0.000000	104700.000000
0.000000	104700.000000
0.000000	104701.000000
0.000000	104701.000000
0.000000	104701.000000
0.000000	104701.000000
0.000000	104701.000000
0.000000	104701.000000
0.000000	104701.000000
0.000000	104701.000000
0.000000	104701.000000
0.000000	104701.000000
0.000000	104701.000000
0.000000	104701.000000
0.000000	104701.000000
0.000000	104701.000000
0.000000	104701.000000
0.000000	104701.000000
0.000000	104701.000000
0.000000	104702.000000
0.000000	104702.000000
0.000000	104702.000000
0.000000	104702.000000
0.000000	104702.000000
0.000000	104702.000000
0.000000	104702.000000
0.000000	104702.000000
0.000000	104702.000000
0.000000	104702.000000
0.000000	104702.000000
0.000000	104702.000000
0.000000	104702.000000
0.000000	104702.000000
0.000000	104702.000000
0.000000	104702.000000
0.000000	104702.000000
0.000000	104703.000000
0.000000	104703.000000
0.000000	104703.000000
0.000000	104703.000000
0.000000	104703.000000
0.000000	104703.000000
0.000000	104703.000000
0.000000	104703.000000
0.000000	104703.000000
0.000000	104703.000000
0.000000	104703.000000
0.000000	104703.000000
0.000000	104703.000000
0.000000	104703.000000
0.000000	104703.000000
0.000000	104703.000000
0.000000	104703.000000
0.000000	104703.000000
0.000000	104704.000000
0.000000	104704.000000
0.000000	104704.000000
0.000000	104704.000000
0.000000	104704.000000
0.000000	104704.000000
0.000000	104704.000000
0.000000	104704.000000
0.000000	104704.000000
0.000000	104704.000000
0.000000	104704.000000
0.000000	104704.000000
0.000000	104704.000000
0.000000	104704.000000
0.000000	104704.000000
0.000000	104704.000000
0.000000	104704.000000
0.000000	104705.000000
0.000000	104705.000000
0.000000	104705.000000
0.000000	104705.000000
0.000000	104705.000000
0.000000	104705.000000
0.000000	104705.000000
0.000000	104705.000000
0.000000	104705.000000
0.000000	104705.000000
0.000000	104705.000000
0.000000	104705.000000
0.000000	104705.000000
0.000000	104705.000000
0.000000	104705.000000
0.000000	104705.000000
0.000000	104705.000000
0.000000	104706.000000
0.000000	104706.000000
0.000000	104706.000000
0.000000	104706.000000
0.000000	104706.000000
0.000000	104706.000000
0.000000	104706.000000
0.000000	104706.000000
0.000000	104706.000000
0.000000	104706.000000
0.000000	104706.000000
0.000000	104706.000000
0.000000	104706.000000
0.000000	104706.000000
0.000000	104706.000000
0.000000	104706.000000
0.000000	104706.000000
0.000000	104707.000000
0.000000	104707.000000
0.000000	104707.000000
0.000000	104707.000000
0.000000	104707.000000
0.000000	104707.000000
0.000000	104707.000000
0.000000	104707.000000
0.000000	104707.000000
0.000000	104707.000000
0.000000	104707.000000
0.000000	104707.000000
0.000000	104707.000000
0.000000	104707.000000
0.000000	104707.000000
0.000000	104707.000000
0.000000	104707.000000
0.000000	104708.000000
0.000000	104708.000000
0.000000	104708.000000
0.000000	104708.000000
0.000000	104708.000000
0.000000	104708.000000
0.000000	104708.000000
0.000000	104708.000000
0.000000	104708.000000
0.000000	104708.000000
0.000000	104708.000000
0.000000	104708.000000
0.000000	104708.000000
0.000000	104708.000000
0.000000	104708.000000
0.000000	104708.000000
0.000000	104708.000000
0.000000	104709.000000
0.000000	104709.000000
0.000000	104709.000000
0.000000	104709.000000
0.000000	104709.000000
0.000000	104709.000000
0.000000	104709.000000
0.000000	104709.000000
0.000000	104709.000000
0.000000	104709.000000
0.000000	104709.000000
0.000000	104709.000000
0.000000	104709.000000
0.000000	104709.000000
0.000000	104709.000000
0.000000	104709.000000
0.000000	104709.000000
0.000000	104710.000000
0.000000	104710.000000
0.000000	104710.000000
0.000000	104710.000000
0.000000	104710.000000
0.000000	104710.000000
0.000000	104710.000000
0.000000	104710.000000
0.000000	104710.000000
0.000000	104710.000000
0.000000	104710.000000
0.000000	104710.000000
0.000000	104710.000000
0.000000	104710.000000
0.000000	104710.000000
0.000000	104710.000000
0.000000	104710.000000
0.000000	104711.000000
0.000000	104711.000000
0.000000	104711.000000
0.000000	104711.000000
0.000000	104711.000000
0.000000	104711.000000
0.000000	104711.000000
0.000000	104711.000000
0.000000	104711.000000
0.000000	104711.000000
0.000000	104711.000000
0.000000	104711.000000
0.000000	104711.000000
0.000000	104711.000000
0.000000	104711.000000
0.000000	104711.000000
0.000000	104711.000000
0.000000	104712.000000
0.000000	104712.000000
0.000000	104712.000000
0.000000	104712.000000
0.000000	104712.000000
0.000000	104712.000000
0.000000	104712.000000
0.000000	104712.000000
0.000000	104712.000000
0.000000	104712.000000
0.000000	104712.000000
0.000000	104712.000000
0.000000	104712.000000
0.000000	104712.000000
0.000000	104712.000000
0.000000	104712.000000
0.000000	104712.000000
0.000000	104713.000000
0.000000	104713.000000
0.000000	104713.000000
0.000000	104713.000000
0.000000	104713.000000
0.000000	104713.000000
0.000000	104713.000000
0.000000	104713.000000
0.000000	104713.000000
0.000000	104713.000000
0.000000	104713.000000
0.000000	104713.000000
0.000000	104713.000000
0.000000	104713.000000
0.000000	104713.000000
0.000000	104713.000000
0.000000	104713.000000
0.000000	104714.000000
0.000000	104714.000000
0.000000	104714.000000
0.000000	104714.000000
0.000000	104714.000000
0.000000	104714.000000
0.000000	104714.000000
0.000000	104714.000000
0.000000	104714.000000
0.000000	104714.000000
0.000000	104714.000000
0.000000	104714.000000
0.000000	104714.000000
0.000000	104714.000000
0.000000	104714.000000
0.000000	104714.000000
0.000000	104714.000000
0.000000	104715.000000
0.000000	104715.000000
0.000000	104715.000000
0.000000	104715.000000
0.000000	104715.000000
0.000000	104715.000000
0.000000	104715.000000
0.000000	104715.000000
0.000000	104715.000000
0.000000	104715.000000
0.000000	104715.000000
0.000000	104715.000000
0.000000	104715.000000
0.000000	104715.000000
0.000000	104715.000000
0.000000	104715.000000
0.000000	104715.000000
0.000000	104716.000000
0.000000	104716.000000
0.000000	104716.000000
0.000000	104716.000000
0.000000	104716.000000
0.000000	104716.000000
0.000000	104716.000000
0.000000	104716.000000
0.000000	104716.000000
0.000000	104716.000000
0.000000	104716.000000
0.000000	104716.000000
0.000000	104716.000000
0.000000	104716.000000
0.000000	104716.000000
0.000000	104716.000000
0.000000	104716.000000
0.000000	104717.000000
0.000000	104717.000000
0.000000	104717.000000
0.000000	104717.000000
0.000000	104717.000000
0.000000	104717.000000
0.000000	104717.000000
0.000000	104717.000000
0.000000	104717.000000
0.000000	104717.000000
0.000000	104717.000000
0.000000	104717.000000
0.000000	104717.000000
0.000000	104717.000000
0.000000	104717.000000
0.000000	104717.000000
0.000000	104717.000000
0.000000	104718.000000
0.000000	104718.000000
0.000000	104718.000000
0.000000	104718.000000
0.000000	104718.000000
0.000000	104718.000000
0.000000	104718.000000
0.000000	104718.000000
0.000000	104718.000000
0.000000	104718.000000
0.000000	104718.000000
0.000000	104718.000000
0.000000	104718.000000
0.000000	104718.000000
0.000000	104718.000000
0.000000	104718.000000
0.000000	104718.000000
0.000000	104718.000000
0.000000	104719.000000
0.000000	104719.000000
0.000000	104719.000000
0.000000	104719.000000
0.000000	104719.000000
0.000000	104719.000000
0.000000	104719.000000
0.000000	104719.000000
0.000000	104719.000000
0.000000	104719.000000
0.000000	104719.000000
0.000000	104719.000000
0.000000	104719.000000
0.000000	104719.000000
0.000000	104719.000000
0.000000	104719.000000
0.000000	104719.000000
0.000000	104720.000000
0.000000	104720.000000
0.000000	104720.000000
0.000000	104720.000000
0.000000	104720.000000
0.000000	104720.000000
0.000000	104720.000000
0.000000	104720.000000
0.000000	104720.000000
0.000000	104720.000000
0.000000	104720.000000
0.000000	104720.000000
0.000000	104720.000000
0.000000	104720.000000
0.000000	104720.000000
0.000000	104720.000000
0.000000	104720.000000
0.000000	104721.000000
0.000000	104721.000000
0.000000	104721.000000
0.000000	104721.000000
0.000000	104721.000000
0.000000	104721.000000
0.000000	104721.000000
0.000000	104721.000000
0.000000	104721.000000
0.000000	104721.000000
0.000000	104721.000000
0.000000	104721.000000
0.000000	104721.000000
0.000000	104721.000000
0.000000	104721.000000
0.000000	104721.000000
0.000000	104721.000000
0.000000	104722.000000
0.000000	104722.000000
0.000000	104722.000000
0.000000	104722.000000
0.000000	104722.000000
0.000000	104722.000000
0.000000	104722.000000
0.000000	104722.000000
0.000000	104722.000000
0.000000	104722.000000
0.000000	104722.000000
0.000000	104722.000000
0.000000	104722.000000
0.000000	104722.000000
0.000000	104722.000000
0.000000	104722.000000
0.000000	104722.000000
0.000000	104723.000000
0.000000	104723.000000
0.000000	104723.000000
0.000000	104723.000000
0.000000	104723.000000
0.000000	104723.000000
0.000000	104723.000000
0.000000	104723.000000
0.000000	104723.000000
0.000000	104723.000000
0.000000	104723.000000
0.000000	104723.000000
0.000000	104723.000000
0.000000	104723.000000
0.000000	104723.000000
0.000000	104723.000000
0.000000	104723.000000
0.000000	104724.000000
0.000000	104724.000000
0.000000	104724.000000
0.000000	104724.000000
0.000000	104724.000000
0.000000	104724.000000
0.000000	104724.000000
0.000000	104724.000000
0.000000	104724.000000
0.000000	104724.000000
0.000000	104724.000000
0.000000	104724.000000
0.000000	104724.000000
0.000000	104724.000000
0.000000	104724.000000
0.000000	104724.000000
0.000000	104724.000000
0.000000	104725.000000
0.000000	104725.000000
0.000000	104725.000000
0.000000	104725.000000
0.000000	104725.000000
0.000000	104725.000000
0.000000	104725.000000
0.000000	104725.000000
0.000000	104725.000000
0.000000	104725.000000
0.000000	104725.000000
0.000000	104725.000000
0.000000	104725.000000
0.000000	104725.000000
0.000000	104725.000000
0.000000	104725.000000
0.000000	104725.000000
0.000000	104726.000000
0.000000	104726.000000
0.000000	104726.000000
0.000000	104726.000000
0.000000	104726.000000
0.000000	104726.000000
0.000000	104726.000000
0.000000	104726.000000
0.000000	104726.000000
0.000000	104726.000000
0.000000	104726.000000
0.000000	104726.000000
0.000000	104726.000000
0.000000	104726.000000
0.000000	104726.000000
0.000000	104726.000000
0.000000	104726.000000
0.000000	104727.000000
0.000000	104727.000000
0.000000	104727.000000
0.000000	104727.000000
0.000000	104727.000000
0.000000	104727.000000
0.000000	104727.000000
0.000000	104727.000000
0.000000	104727.000000
0.000000	104727.000000
0.000000	104727.000000
0.000000	104727.000000
0.000000	104727.000000
0.000000	104727.000000
0.000000	104727.000000
0.000000	104727.000000
0.000000	104727.000000
0.000000	104728.000000
0.000000	104728.000000
0.000000	104728.000000
0.000000	104728.000000
0.000000	104728.000000
0.000000	104728.000000
0.000000	104728.000000
0.000000	104728.000000
0.000000	104728.000000
0.000000	104728.000000
0.000000	104728.000000
0.000000	104728.000000
0.000000	104728.000000
0.000000	104728.000000
0.000000	104728.000000
0.000000	104728.000000
0.000000	104728.000000
0.000000	104729.000000
0.000000	104729.000000
0.000000	104729.000000
0.000000	104729.000000
0.000000	104729.000000
0.000000	104729.000000
0.000000	104729.000000
0.000000	104729.000000
0.000000	104729.000000
0.000000	104729.000000
0.000000	104729.000000
0.000000	104729.000000
0.000000	104729.000000
0.000000	104729.000000
0.000000	104729.000000
0.000000	104729.000000
0.000000	104729.000000
0.000000	104730.000000
0.000000	104730.000000
0.000000	104730.000000
0.000000	104730.000000
0.000000	104730.000000
0.000000	104730.000000
0.000000	104730.000000
0.000000	104730.000000
0.000000	104730.000000
0.000000	104730.000000
0.000000	104730.000000
0.000000	104730.000000
0.000000	104730.000000
0.000000	104730.000000
0.000000	104730.000000
0.000000	104730.000000
0.000000	104730.000000
0.000000	104731.000000
0.000000	104731.000000
0.000000	104731.000000
0.000000	104731.000000
0.000000	104731.000000
0.000000	104731.000000
0.000000	104731.000000
0.000000	104731.000000
0.000000	104731.000000
0.000000	104731.000000
0.000000	104731.000000
0.000000	104731.000000
0.000000	104731.000000
0.000000	104731.000000
0.000000	104731.000000
0.000000	104731.000000
0.000000	104731.000000
0.000000	104732.000000
0.000000	104732.000000
0.000000	104732.000000
0.000000	104732.000000
0.000000	104732.000000
0.000000	104732.000000
0.000000	104732.000000
0.000000	104732.000000
0.000000	104732.000000
0.000000	104732.000000
0.000000	104732.000000
0.000000	104732.000000
0.000000	104732.000000
0.000000	104732.000000
0.000000	104732.000000
0.000000	104732.000000
0.000000	104732.000000
0.000000	104733.000000
0.000000	104733.000000
0.000000	104733.000000
0.000000	104733.000000
0.000000	104733.000000
0.000000	104733.000000
0.000000	104733.000000
0.000000	104733.000000
0.000000	104733.000000
0.000000	104733.000000
0.000000	104733.000000
0.000000	104733.000000
0.000000	104733.000000
0.000000	104733.000000
0.000000	104733.000000
0.000000	104733.000000
0.000000	104733.000000
0.000000	104734.000000
0.000000	104734.000000
0.000000	104734.000000
0.000000	104734.000000
0.000000	104734.000000
0.000000	104734.000000
0.000000	104734.000000
0.000000	104734.000000
0.000000	104734.000000
0.000000	104734.000000
0.000000	104734.000000
0.000000	104734.000000
0.000000	104734.000000
0.000000	104734.000000
0.000000	104734.000000
0.000000	104734.000000
0.000000	104734.000000
0.000000	104734.000000
0.000000	104735.000000
0.000000	104735.000000
0.000000	104735.000000
0.000000	104735.000000
0.000000	104735.000000
0.000000	104735.000000
0.000000	104735.000000
0.000000	104735.000000
0.000000	104735.000000
0.000000	104735.000000
0.000000	104735.000000
0.000000	104735.000000
0.000000	104735.000000
0.000000	104735.000000
0.000000	104735.000000
0.000000	104735.000000
0.000000	104735.000000
0.000000	104736.000000
0.000000	104736.000000
0.000000	104736.000000
0.000000	104736.000000
0.000000	104736.000000
0.000000	104736.000000
0.000000	104736.000000
0.000000	104736.000000
0.000000	104736.000000
0.000000	104736.000000
0.000000	104736.000000
0.000000	104736.000000
0.000000	104736.000000
0.000000	104736.000000
0.000000	104736.000000
0.000000	104736.000000
0.000000	104736.000000
0.000000	104737.000000
0.000000	104737.000000
0.000000	104737.000000
0.000000	104737.000000
0.000000	104737.000000
0.000000	104737.000000
0.000000	104737.000000
0.000000	104737.000000
0.000000	104737.000000
0.000000	104737.000000
0.000000	104737.000000
0.000000	104737.000000
0.000000	104737.000000
0.000000	104737.000000
0.000000	104737.000000
0.000000	104737.000000
0.000000	104737.000000
0.000000	104738.000000
0.000000	104738.000000
0.000000	104738.000000
0.000000	104738.000000
0.000000	104738.000000
0.000000	104738.000000
0.000000	104738.000000
0.000000	104738.000000
0.000000	104738.000000
0.000000	104738.000000
0.000000	104738.000000
0.000000	104738.000000
0.000000	104738.000000
0.000000	104738.000000
0.000000	104738.000000
0.000000	104738.000000
0.000000	104738.000000
0.000000	104739.000000
0.000000	104739.000000
0.000000	104739.000000
0.000000	104739.000000
0.000000	104739.000000
0.000000	104739.000000
0.000000	104739.000000
0.000000	104739.000000
0.000000	104739.000000
0.000000	104739.000000
0.000000	104739.000000
0.000000	104739.000000
0.000000	104739.000000
0.000000	104739.000000
0.000000	104739.000000
0.000000	104739.000000
0.000000	104739.000000
0.000000	104740.000000
0.000000	104740.000000
0.000000	104740.000000
0.000000	104740.000000
0.000000	104740.000000
0.000000	104740.000000
0.000000	104740.000000
0.000000	104740.000000
0.000000	104740.000000
0.000000	104740.000000
0.000000	104740.000000
0.000000	104740.000000
0.000000	104740.000000
0.000000	104740.000000
0.000000	104740.000000
0.000000	104740.000000
0.000000	104740.000000
0.000000	104741.000000
0.000000	104741.000000
0.000000	104741.000000
0.000000	104741.000000
0.000000	104741.000000
0.000000	104741.000000
0.000000	104741.000000
0.000000	104741.000000
0.000000	104741.000000
0.000000	104741.000000
0.000000	104741.000000
0.000000	104741.000000
0.000000	104741.000000
0.000000	104741.000000
0.000000	104741.000000
0.000000	104741.000000
0.000000	104741.000000
0.000000	104742.000000
0.000000	104742.000000
0.000000	104742.000000
0.000000	104742.000000
0.000000	104742.000000
0.000000	104742.000000
0.000000	104742.000000
0.000000	104742.000000
0.000000	104742.000000
0.000000	104742.000000
0.000000	104742.000000
0.000000	104742.000000
0.000000	104742.000000
0.000000	104742.000000
0.000000	104742.000000
0.000000	104742.000000
0.000000	104742.000000
0.000000	104743.000000
0.000000	104743.000000
0.000000	104743.000000
0.000000	104743.000000
0.000000	104743.000000
0.000000	104743.000000
0.000000	104743.000000
0.000000	104743.000000
0.000000	104743.000000
0.000000	104743.000000
0.000000	104743.000000
0.000000	104743.000000
0.000000	104743.000000
0.000000	104743.000000
0.000000	104743.000000
0.000000	104743.000000
0.000000	104743.000000
0.000000	104744.000000
0.000000	104744.000000
0.000000	104744.000000
0.000000	104744.000000
0.000000	104744.000000
0.000000	104744.000000
0.000000	104744.000000
0.000000	104744.000000
0.000000	104744.000000
0.000000	104744.000000
0.000000	104744.000000
0.000000	104744.000000
0.000000	104744.000000
0.000000	104744.000000
0.000000	104744.000000
0.000000	104744.000000
0.000000	104744.000000
0.000000	104745.000000
0.000000	104745.000000
0.000000	104745.000000
0.000000	104745.000000
0.000000	104745.000000
0.000000	104745.000000
0.000000	104745.000000
0.000000	104745.000000
0.000000	104745.000000
0.000000	104745.000000
0.000000	104745.000000
0.000000	104745.000000
0.000000	104745.000000
0.000000	104745.000000
0.000000	104745.000000
0.000000	104745.000000
0.000000	104745.000000
0.000000	104746.000000
0.000000	104746.000000
0.000000	104746.000000
0.000000	104746.000000
0.000000	104746.000000
0.000000	104746.000000
0.000000	104746.000000
0.000000	104746.000000
0.000000	104746.000000
0.000000	104746.000000
0.000000	104746.000000
0.000000	104746.000000
0.000000	104746.000000
0.000000	104746.000000
0.000000	104746.000000
0.000000	104746.000000
0.000000	104746.000000
0.000000	104747.000000
0.000000	104747.000000
0.000000	104747.000000
0.000000	104747.000000
0.000000	104747.000000
0.000000	104747.000000
0.000000	104747.000000
0.000000	104747.000000
0.000000	104747.000000
0.000000	104747.000000
0.000000	104747.000000
0.000000	104747.000000
0.000000	104747.000000
0.000000	104747.000000
0.000000	104747.000000
0.000000	104747.000000
0.000000	104747.000000
0.000000	104748.000000
0.000000	104748.000000
0.000000	104748.000000
0.000000	104748.000000
0.000000	104748.000000
0.000000	104748.000000
0.000000	104748.000000
0.000000	104748.000000
0.000000	104748.000000
0.000000	104748.000000
0.000000	104748.000000
0.000000	104748.000000
0.000000	104748.000000
0.000000	104748.000000
0.000000	104748.000000
0.000000	104748.000000
0.000000	104748.000000
0.000000	104749.000000
0.000000	104749.000000
0.000000	104749.000000
0.000000	104749.000000
0.000000	104749.000000
0.000000	104749.000000
0.000000	104749.000000
0.000000	104749.000000
0.000000	104749.000000
0.000000	104749.000000
0.000000	104749.000000
0.000000	104749.000000
0.000000	104749.000000
0.000000	104749.000000
0.000000	104749.000000
0.000000	104749.000000
0.000000	104749.000000
0.000000	104749.000000
0.000000	104750.000000
0.000000	104750.000000
0.000000	104750.000000
0.000000	104750.000000
0.000000	104750.000000
0.000000	104750.000000
0.000000	104750.000000
0.000000	104750.000000
0.000000	104750.000000
0.000000	104750.000000
0.000000	104750.000000
0.000000	104750.000000
0.000000	104750.000000
0.000000	104750.000000
0.000000	104750.000000
0.000000	104750.000000
0.000000	104750.000000
0.000000	104751.000000
0.000000	104751.000000
0.000000	104751.000000
0.000000	104751.000000
0.000000	104751.000000
0.000000	104751.000000
0.000000	104751.000000
0.000000	104751.000000
0.000000	104751.000000
0.000000	104751.000000
0.000000	104751.000000
0.000000	104751.000000
0.000000	104751.000000
0.000000	104751.000000
0.000000	104751.000000
0.000000	104751.000000
0.000000	104751.000000
0.000000	104752.000000
0.000000	104752.000000
0.000000	104752.000000
0.000000	104752.000000
0.000000	104752.000000
0.000000	104752.000000
0.000000	104752.000000
0.000000	104752.000000
0.000000	104752.000000
0.000000	104752.000000
0.000000	104752.000000
0.000000	104752.000000
0.000000	104752.000000
0.000000	104752.000000
0.000000	104752.000000
0.000000	104752.000000
0.000000	104752.000000
0.000000	104753.000000
0.000000	104753.000000
0.000000	104753.000000
0.000000	104753.000000
0.000000	104753.000000
0.000000	104753.000000
0.000000	104753.000000
0.000000	104753.000000
0.000000	104753.000000
0.000000	104753.000000
0.000000	104753.000000
0.000000	104753.000000
0.000000	104753.000000
0.000000	104753.000000
0.000000	104753.000000
0.000000	104753.000000
0.000000	104753.000000
0.000000	104754.000000
0.000000	104754.000000
0.000000	104754.000000
0.000000	104754.000000
0.000000	104754.000000
0.000000	104754.000000
0.000000	104754.000000
0.000000	104754.000000
0.000000	104754.000000
0.000000	104754.000000
0.000000	104754.000000
0.000000	104754.000000
0.000000	104754.000000
0.000000	104754.000000
0.000000	104754.000000
0.000000	104754.000000
0.000000	104754.000000
0.000000	104755.000000
0.000000	104755.000000
0.000000	104755.000000
0.000000	104755.000000
0.000000	104755.000000
0.000000	104755.000000
0.000000	104755.000000
0.000000	104755.000000
0.000000	104755.000000
0.000000	104755.000000
0.000000	104755.000000
0.000000	104755.000000
0.000000	104755.000000
0.000000	104755.000000
0.000000	104755.000000
0.000000	104755.000000
0.000000	104755.000000
0.000000	104756.000000
0.000000	104756.000000
0.000000	104756.000000
0.000000	104756.000000
0.000000	104756.000000
0.000000	104756.000000
0.000000	104756.000000
0.000000	104756.000000
0.000000	104756.000000
0.000000	104756.000000
0.000000	104756.000000
0.000000	104756.000000
0.000000	104756.000000
0.000000	104756.000000
0.000000	104756.000000
0.000000	104756.000000
0.000000	104756.000000
0.000000	104757.000000
0.000000	104757.000000
0.000000	104757.000000
0.000000	104757.000000
0.000000	104757.000000
0.000000	104757.000000
0.000000	104757.000000
0.000000	104757.000000
0.000000	104757.000000
0.000000	104757.000000
0.000000	104757.000000
0.000000	104757.000000
0.000000	104757.000000
0.000000	104757.000000
0.000000	104757.000000
0.000000	104757.000000
0.000000	104757.000000
0.000000	104758.000000
0.000000	104758.000000
0.000000	104758.000000
0.000000	104758.000000
0.000000	104758.000000
0.000000	104758.000000
0.000000	104758.000000
0.000000	104758.000000
0.000000	104758.000000
0.000000	104758.000000
0.000000	104758.000000
0.000000	104758.000000
0.000000	104758.000000
0.000000	104758.000000
0.000000	104758.000000
0.000000	104758.000000
0.000000	104758.000000
0.000000	104759.000000
0.000000	104759.000000
0.000000	104759.000000
0.000000	104759.000000
0.000000	104759.000000
0.000000	104759.000000
0.000000	104759.000000
0.000000	104759.000000
0.000000	104759.000000
0.000000	104759.000000
0.000000	104759.000000
0.000000	104759.000000
0.000000	104759.000000
0.000000	104759.000000
0.000000	104759.000000
0.000000	104759.000000
0.000000	104759.000000
0.000000	104800.000000
0.000000	104800.000000
0.000000	104800.000000
0.000000	104800.000000
0.000000	104800.000000
0.000000	104800.000000
0.000000	104800.000000
0.000000	104800.000000
0.000000	104800.000000
0.000000	104800.000000
0.000000	104800.000000
0.000000	104800.000000
0.000000	104800.000000
0.000000	104800.000000
0.000000	104800.000000
0.000000	104800.000000
0.000000	104800.000000
0.000000	104801.000000
0.000000	104801.000000
0.000000	104801.000000
0.000000	104801.000000
0.000000	104801.000000
0.000000	104801.000000
0.000000	104801.000000
0.000000	104801.000000
0.000000	104801.000000
0.000000	104801.000000
0.000000	104801.000000
0.000000	104801.000000
0.000000	104801.000000
0.000000	104801.000000
0.000000	104801.000000
0.000000	104801.000000
0.000000	104801.000000
0.000000	104802.000000
0.000000	104802.000000
0.000000	104802.000000
0.000000	104802.000000
0.000000	104802.000000
0.000000	104802.000000
0.000000	104802.000000
0.000000	104802.000000
0.000000	104802.000000
0.000000	104802.000000
0.000000	104802.000000
0.000000	104802.000000
0.000000	104802.000000
0.000000	104802.000000
0.000000	104802.000000
0.000000	104802.000000
0.000000	104802.000000
0.000000	104803.000000
0.000000	104803.000000
0.000000	104803.000000
0.000000	104803.000000
0.000000	104803.000000
0.000000	104803.000000
0.000000	104803.000000
0.000000	104803.000000
0.000000	104803.000000
0.000000	104803.000000
0.000000	104803.000000
0.000000	104803.000000
0.000000	104803.000000
0.000000	104803.000000
0.000000	104803.000000
0.000000	104803.000000
0.000000	104803.000000
0.000000	104803.000000
0.000000	104804.000000
0.000000	104804.000000
0.000000	104804.000000
0.000000	104804.000000
0.000000	104804.000000
0.000000	104804.000000
0.000000	104804.000000
0.000000	104804.000000
0.000000	104804.000000
0.000000	104804.000000
0.000000	104804.000000
0.000000	104804.000000
0.000000	104804.000000
0.000000	104804.000000
0.000000	104804.000000
0.000000	104804.000000
0.000000	104804.000000
0.000000	104805.000000
0.000000	104805.000000
0.000000	104805.000000
0.000000	104805.000000
0.000000	104805.000000
0.000000	104805.000000
0.000000	104805.000000
0.000000	104805.000000
0.000000	104805.000000
0.000000	104805.000000
0.000000	104805.000000
0.000000	104805.000000
0.000000	104805.000000
0.000000	104805.000000
0.000000	104805.000000
0.000000	104805.000000
0.000000	104805.000000
0.000000	104806.000000
0.000000	104806.000000
0.000000	104806.000000
0.000000	104806.000000
0.000000	104806.000000
0.000000	104806.000000
0.000000	104806.000000
0.000000	104806.000000
0.000000	104806.000000
0.000000	104806.000000
0.000000	104806.000000
0.000000	104806.000000
0.000000	104806.000000
0.000000	104806.000000
0.000000	104806.000000
0.000000	104806.000000
0.000000	104806.000000
0.000000	104807.000000
0.000000	104807.000000
0.000000	104807.000000
0.000000	104807.000000
0.000000	104807.000000
0.000000	104807.000000
0.000000	104807.000000
0.000000	104807.000000
0.000000	104807.000000
0.000000	104807.000000
0.000000	104807.000000
0.000000	104807.000000
0.000000	104807.000000
0.000000	104807.000000
0.000000	104807.000000
0.000000	104807.000000
0.000000	104807.000000
0.000000	104808.000000
0.000000	104808.000000
0.000000	104808.000000
0.000000	104808.000000
0.000000	104808.000000
0.000000	104808.000000
0.000000	104808.000000
0.000000	104808.000000
0.000000	104808.000000
0.000000	104808.000000
0.000000	104808.000000
0.000000	104808.000000
0.000000	104808.000000
0.000000	104808.000000
0.000000	104808.000000
0.000000	104808.000000
0.000000	104808.000000
0.000000	104809.000000
0.000000	104809.000000
0.000000	104809.000000
0.000000	104809.000000
0.000000	104809.000000
0.000000	104809.000000
0.000000	104809.000000
0.000000	104809.000000
0.000000	104809.000000
0.000000	104809.000000
0.000000	104809.000000
0.000000	104809.000000
0.000000	104809.000000
0.000000	104809.000000
0.000000	104809.000000
0.000000	104809.000000
0.000000	104809.000000
0.000000	104810.000000
0.000000	104810.000000
0.000000	104810.000000
0.000000	104810.000000
0.000000	104810.000000
0.000000	104810.000000
0.000000	104810.000000
0.000000	104810.000000
0.000000	104810.000000
0.000000	104810.000000
0.000000	104810.000000
0.000000	104810.000000
0.000000	104810.000000
0.000000	104810.000000
0.000000	104810.000000
0.000000	104810.000000
0.000000	104810.000000
0.000000	104811.000000
0.000000	104811.000000
0.000000	104811.000000
0.000000	104811.000000
0.000000	104811.000000
0.000000	104811.000000
0.000000	104811.000000
0.000000	104811.000000
0.000000	104811.000000
0.000000	104811.000000
0.000000	104811.000000
0.000000	104811.000000
0.000000	104811.000000
0.000000	104811.000000
0.000000	104811.000000
0.000000	104811.000000
0.000000	104811.000000
0.000000	104812.000000
0.000000	104812.000000
0.000000	104812.000000
0.000000	104812.000000
0.000000	104812.000000
0.000000	104812.000000
0.000000	104812.000000
0.000000	104812.000000
0.000000	104812.000000
0.000000	104812.000000
0.000000	104812.000000
0.000000	104812.000000
0.000000	104812.000000
0.000000	104812.000000
0.000000	104812.000000
0.000000	104812.000000
0.000000	104812.000000
0.000000	104813.000000
0.000000	104813.000000
0.000000	104813.000000
0.000000	104813.000000
0.000000	104813.000000
0.000000	104813.000000
0.000000	104813.000000
0.000000	104813.000000
0.000000	104813.000000
0.000000	104813.000000
0.000000	104813.000000
0.000000	104813.000000
0.000000	104813.000000
0.000000	104813.000000
0.000000	104813.000000
0.000000	104813.000000
0.000000	104813.000000
0.000000	104814.000000
0.000000	104814.000000
0.000000	104814.000000
0.000000	104814.000000
0.000000	104814.000000
0.000000	104814.000000
0.000000	104814.000000
0.000000	104814.000000
0.000000	104814.000000
0.000000	104814.000000
0.000000	104814.000000
0.000000	104814.000000
0.000000	104814.000000
0.000000	104814.000000
0.000000	104814.000000
0.000000	104814.000000
0.000000	104814.000000
0.000000	104815.000000
0.000000	104815.000000
0.000000	104815.000000
0.000000	104815.000000
0.000000	104815.000000
0.000000	104815.000000
0.000000	104815.000000
0.000000	104815.000000
0.000000	104815.000000
0.000000	104815.000000
0.000000	104815.000000
0.000000	104815.000000
0.000000	104815.000000
0.000000	104815.000000
0.000000	104815.000000
0.000000	104815.000000
0.000000	104815.000000
0.000000	104816.000000
0.000000	104816.000000
0.000000	104816.000000
0.000000	104816.000000
0.000000	104816.000000
0.000000	104816.000000
0.000000	104816.000000
0.000000	104816.000000
0.000000	104816.000000
0.000000	104816.000000
0.000000	104816.000000
0.000000	104816.000000
0.000000	104816.000000
0.000000	104816.000000
0.000000	104816.000000
0.000000	104816.000000
0.000000	104816.000000
0.000000	104817.000000
0.000000	104817.000000
0.000000	104817.000000
0.000000	104817.000000
0.000000	104817.000000
0.000000	104817.000000
0.000000	104817.000000
0.000000	104817.000000
0.000000	104817.000000
0.000000	104817.000000
0.000000	104817.000000
0.000000	104817.000000
0.000000	104817.000000
0.000000	104817.000000
0.000000	104817.000000
0.000000	104817.000000
0.000000	104817.000000
0.000000	104818.000000
0.000000	104818.000000
0.000000	104818.000000
0.000000	104818.000000
0.000000	104818.000000
0.000000	104818.000000
0.000000	104818.000000
0.000000	104818.000000
0.000000	104818.000000
0.000000	104818.000000
0.000000	104818.000000
0.000000	104818.000000
0.000000	104818.000000
0.000000	104818.000000
0.000000	104818.000000
0.000000	104818.000000
0.000000	104818.000000
0.000000	104819.000000
0.000000	104819.000000
0.000000	104819.000000
0.000000	104819.000000
0.000000	104819.000000
0.000000	104819.000000
0.000000	104819.000000
0.000000	104819.000000
0.000000	104819.000000
0.000000	104819.000000
0.000000	104819.000000
0.000000	104819.000000
0.000000	104819.000000
0.000000	104819.000000
0.000000	104819.000000
0.000000	104819.000000
0.000000	104819.000000
0.000000	104819.000000
0.000000	104820.000000
0.000000	104820.000000
0.000000	104820.000000
0.000000	104820.000000
0.000000	104820.000000
0.000000	104820.000000
0.000000	104820.000000
0.000000	104820.000000
0.000000	104820.000000
0.000000	104820.000000
0.000000	104820.000000
0.000000	104820.000000
0.000000	104820.000000
0.000000	104820.000000
0.000000	104820.000000
0.000000	104820.000000
0.000000	104820.000000
0.000000	104821.000000
0.000000	104821.000000
0.000000	104821.000000
0.000000	104821.000000
0.000000	104821.000000
0.000000	104821.000000
0.000000	104821.000000
0.000000	104821.000000
0.000000	104821.000000
0.000000	104821.000000
0.000000	104821.000000
0.000000	104821.000000
0.000000	104821.000000
0.000000	104821.000000
0.000000	104821.000000
0.000000	104821.000000
0.000000	104821.000000
0.000000	104822.000000
0.000000	104822.000000
0.000000	104822.000000
0.000000	104822.000000
0.000000	104822.000000
0.000000	104822.000000
0.000000	104822.000000
0.000000	104822.000000
0.000000	104822.000000
0.000000	104822.000000
0.000000	104822.000000
0.000000	104822.000000
0.000000	104822.000000
0.000000	104822.000000
0.000000	104822.000000
0.000000	104822.000000
0.000000	104822.000000
0.000000	104823.000000
0.000000	104823.000000
0.000000	104823.000000
0.000000	104823.000000
0.000000	104823.000000
0.000000	104823.000000
0.000000	104823.000000
0.000000	104823.000000
0.000000	104823.000000
0.000000	104823.000000
0.000000	104823.000000
0.000000	104823.000000
0.000000	104823.000000
0.000000	104823.000000
0.000000	104823.000000
0.000000	104823.000000
0.000000	104823.000000
0.000000	104824.000000
0.000000	104824.000000
0.000000	104824.000000
0.000000	104824.000000
0.000000	104824.000000
0.000000	104824.000000
0.000000	104824.000000
0.000000	104824.000000
0.000000	104824.000000
0.000000	104824.000000
0.000000	104824.000000
0.000000	104824.000000
0.000000	104824.000000
0.000000	104824.000000
0.000000	104824.000000
0.000000	104824.000000
0.000000	104824.000000
0.000000	104825.000000
0.000000	104825.000000
0.000000	104825.000000
0.000000	104825.000000
0.000000	104825.000000
0.000000	104825.000000
0.000000	104825.000000
0.000000	104825.000000
0.000000	104825.000000
0.000000	104825.000000
0.000000	104825.000000
0.000000	104825.000000
0.000000	104825.000000
0.000000	104825.000000
0.000000	104825.000000
0.000000	104825.000000
0.000000	104825.000000
0.000000	104826.000000
0.000000	104826.000000
0.000000	104826.000000
0.000000	104826.000000
0.000000	104826.000000
0.000000	104826.000000
0.000000	104826.000000
0.000000	104826.000000
0.000000	104826.000000
0.000000	104826.000000
0.000000	104826.000000
0.000000	104826.000000
0.000000	104826.000000
0.000000	104826.000000
0.000000	104826.000000
0.000000	104826.000000
0.000000	104826.000000
0.000000	104827.000000
0.000000	104827.000000
0.000000	104827.000000
0.000000	104827.000000
0.000000	104827.000000
0.000000	104827.000000
0.000000	104827.000000
0.000000	104827.000000
0.000000	104827.000000
0.000000	104827.000000
0.000000	104827.000000
0.000000	104827.000000
0.000000	104827.000000
0.000000	104827.000000
0.000000	104827.000000
0.000000	104827.000000
0.000000	104827.000000
0.000000	104828.000000
0.000000	104828.000000
0.000000	104828.000000
0.000000	104828.000000
0.000000	104828.000000
0.000000	104828.000000
0.000000	104828.000000
0.000000	104828.000000
0.000000	104828.000000
0.000000	104828.000000
0.000000	104828.000000
0.000000	104828.000000
0.000000	104828.000000
0.000000	104828.000000
0.000000	104828.000000
0.000000	104828.000000
0.000000	104828.000000
0.000000	104829.000000
0.000000	104829.000000
0.000000	104829.000000
0.000000	104829.000000
0.000000	104829.000000
0.000000	104829.000000
0.000000	104829.000000
0.000000	104829.000000
0.000000	104829.000000
0.000000	104829.000000
0.000000	104829.000000
0.000000	104829.000000
0.000000	104829.000000
0.000000	104829.000000
0.000000	104829.000000
0.000000	104829.000000
0.000000	104829.000000
0.000000	104830.000000
0.000000	104830.000000
0.000000	104830.000000
0.000000	104830.000000
0.000000	104830.000000
0.000000	104830.000000
0.000000	104830.000000
0.000000	104830.000000
0.000000	104830.000000
0.000000	104830.000000
0.000000	104830.000000
0.000000	104830.000000
0.000000	104830.000000
0.000000	104830.000000
0.000000	104830.000000
0.000000	104830.000000
0.000000	104830.000000
0.000000	104831.000000
0.000000	104831.000000
0.000000	104831.000000
0.000000	104831.000000
0.000000	104831.000000
0.000000	104831.000000
0.000000	104831.000000
0.000000	104831.000000
0.000000	104831.000000
0.000000	104831.000000
0.000000	104831.000000
0.000000	104831.000000
0.000000	104831.000000
0.000000	104831.000000
0.000000	104831.000000
0.000000	104831.000000
0.000000	104831.000000
0.000000	104832.000000
0.000000	104832.000000
0.000000	104832.000000
0.000000	104832.000000
0.000000	104832.000000
0.000000	104832.000000
0.000000	104832.000000
0.000000	104832.000000
0.000000	104832.000000
0.000000	104832.000000
0.000000	104832.000000
0.000000	104832.000000
0.000000	104832.000000
0.000000	104832.000000
0.000000	104832.000000
0.000000	104832.000000
0.000000	104832.000000
0.000000	104833.000000
0.000000	104833.000000
0.000000	104833.000000
0.000000	104833.000000
0.000000	104833.000000
0.000000	104833.000000
0.000000	104833.000000
0.000000	104833.000000
0.000000	104833.000000
0.000000	104833.000000
0.000000	104833.000000
0.000000	104833.000000
0.000000	104833.000000
0.000000	104833.000000
0.000000	104833.000000
0.000000	104833.000000
0.000000	104833.000000
0.000000	104833.000000
0.000000	104834.000000
0.000000	104834.000000
0.000000	104834.000000
0.000000	104834.000000
0.000000	104834.000000
0.000000	104834.000000
0.000000	104834.000000
0.000000	104834.000000
0.000000	104834.000000
0.000000	104834.000000
0.000000	104834.000000
0.000000	104834.000000
0.000000	104834.000000
0.000000	104834.000000
0.000000	104834.000000
0.000000	104834.000000
0.000000	104834.000000
0.000000	104835.000000
0.000000	104835.000000
0.000000	104835.000000
0.000000	104835.000000
0.000000	104835.000000
0.000000	104835.000000
0.000000	104835.000000
0.000000	104835.000000
0.000000	104835.000000
0.000000	104835.000000
0.000000	104835.000000
0.000000	104835.000000
0.000000	104835.000000
0.000000	104835.000000
0.000000	104835.000000
0.000000	104835.000000
0.000000	104835.000000
0.000000	104836.000000
0.000000	104836.000000
0.000000	104836.000000
0.000000	104836.000000
0.000000	104836.000000
0.000000	104836.000000
0.000000	104836.000000
0.000000	104836.000000
0.000000	104836.000000
0.000000	104836.000000
0.000000	104836.000000
0.000000	104836.000000
0.000000	104836.000000
0.000000	104836.000000
0.000000	104836.000000
0.000000	104836.000000
0.000000	104836.000000
0.000000	104837.000000
0.000000	104837.000000
0.000000	104837.000000
0.000000	104837.000000
0.000000	104837.000000
0.000000	104837.000000
0.000000	104837.000000
0.000000	104837.000000
0.000000	104837.000000
0.000000	104837.000000
0.000000	104837.000000
0.000000	104837.000000
0.000000	104837.000000
0.000000	104837.000000
0.000000	104837.000000
0.000000	104837.000000
0.000000	104837.000000
0.000000	104838.000000
0.000000	104838.000000
0.000000	104838.000000
0.000000	104838.000000
0.000000	104838.000000
0.000000	104838.000000
0.000000	104838.000000
0.000000	104838.000000
0.000000	104838.000000
0.000000	104838.000000
0.000000	104838.000000
0.000000	104838.000000
0.000000	104838.000000
0.000000	104838.000000
0.000000	104838.000000
0.000000	104838.000000
0.000000	104838.000000
0.000000	104839.000000
0.000000	104839.000000
0.000000	104839.000000
0.000000	104839.000000
0.000000	104839.000000
0.000000	104839.000000
0.000000	104839.000000
0.000000	104839.000000
0.000000	104839.000000
0.000000	104839.000000
0.000000	104839.000000
0.000000	104839.000000
0.000000	104839.000000
0.000000	104839.000000
0.000000	104839.000000
0.000000	104839.000000
0.000000	104839.000000
0.000000	104840.000000
0.000000	104840.000000
0.000000	104840.000000
0.000000	104840.000000
0.000000	104840.000000
0.000000	104840.000000
0.000000	104840.000000
0.000000	104840.000000
0.000000	104840.000000
0.000000	104840.000000
0.000000	104840.000000
0.000000	104840.000000
0.000000	104840.000000
0.000000	104840.000000
0.000000	104840.000000
0.000000	104840.000000
0.000000	104840.000000
0.000000	104841.000000
0.000000	104841.000000
0.000000	104841.000000
0.000000	104841.000000
0.000000	104841.000000
0.000000	104841.000000
0.000000	104841.000000
0.000000	104841.000000
0.000000	104841.000000
0.000000	104841.000000
0.000000	104841.000000
0.000000	104841.000000
0.000000	104841.000000
0.000000	104841.000000
0.000000	104841.000000
0.000000	104841.000000
0.000000	104841.000000
0.000000	104842.000000
0.000000	104842.000000
0.000000	104842.000000
0.000000	104842.000000
0.000000	104842.000000
0.000000	104842.000000
0.000000	104842.000000
0.000000	104842.000000
0.000000	104842.000000
0.000000	104842.000000
0.000000	104842.000000
0.000000	104842.000000
0.000000	104842.000000
0.000000	104842.000000
0.000000	104842.000000
0.000000	104842.000000
0.000000	104842.000000
0.000000	104843.000000
0.000000	104843.000000
0.000000	104843.000000
0.000000	104843.000000
0.000000	104843.000000
0.000000	104843.000000
0.000000	104843.000000
0.000000	104843.000000
0.000000	104843.000000
0.000000	104843.000000
0.000000	104843.000000
0.000000	104843.000000
0.000000	104843.000000
0.000000	104843.000000
0.000000	104843.000000
0.000000	104843.000000
0.000000	104843.000000
0.000000	104844.000000
0.000000	104844.000000
0.000000	104844.000000
0.000000	104844.000000
0.000000	104844.000000
0.000000	104844.000000
0.000000	104844.000000
0.000000	104844.000000
0.000000	104844.000000
0.000000	104844.000000
0.000000	104844.000000
0.000000	104844.000000
0.000000	104844.000000
0.000000	104844.000000
0.000000	104844.000000
0.000000	104844.000000
0.000000	104844.000000
0.000000	104845.000000
0.000000	104845.000000
0.000000	104845.000000
0.000000	104845.000000
0.000000	104845.000000
0.000000	104845.000000
0.000000	104845.000000
0.000000	104845.000000
0.000000	104845.000000
0.000000	104845.000000
0.000000	104845.000000
0.000000	104845.000000
0.000000	104845.000000
0.000000	104845.000000
0.000000	104845.000000
0.000000	104845.000000
0.000000	104845.000000
0.000000	104846.000000
0.000000	104846.000000
0.000000	104846.000000
0.000000	104846.000000
0.000000	104846.000000
0.000000	104846.000000
0.000000	104846.000000
0.000000	104846.000000
0.000000	104846.000000
0.000000	104846.000000
0.000000	104846.000000
0.000000	104846.000000
0.000000	104846.000000
0.000000	104846.000000
0.000000	104846.000000
0.000000	104846.000000
0.000000	104846.000000
0.000000	104847.000000
0.000000	104847.000000
0.000000	104847.000000
0.000000	104847.000000
0.000000	104847.000000
0.000000	104847.000000
0.000000	104847.000000
0.000000	104847.000000
0.000000	104847.000000
0.000000	104847.000000
0.000000	104847.000000
0.000000	104847.000000
0.000000	104847.000000
0.000000	104847.000000
0.000000	104847.000000
0.000000	104847.000000
0.000000	104847.000000
0.000000	104848.000000
0.000000	104848.000000
0.000000	104848.000000
0.000000	104848.000000
0.000000	104848.000000
0.000000	104848.000000
0.000000	104848.000000
0.000000	104848.000000
0.000000	104848.000000
0.000000	104848.000000
0.000000	104848.000000
0.000000	104848.000000
0.000000	104848.000000
0.000000	104848.000000
0.000000	104848.000000
0.000000	104848.000000
0.000000	104848.000000
0.000000	104848.000000
0.000000	104849.000000
0.000000	104849.000000
0.000000	104849.000000
0.000000	104849.000000
0.000000	104849.000000
0.000000	104849.000000
0.000000	104849.000000
0.000000	104849.000000
0.000000	104849.000000
0.000000	104849.000000
0.000000	104849.000000
0.000000	104849.000000
0.000000	104849.000000
0.000000	104849.000000
0.000000	104849.000000
0.000000	104849.000000
0.000000	104849.000000
0.000000	104850.000000
0.000000	104850.000000
0.000000	104850.000000
0.000000	104850.000000
0.000000	104850.000000
0.000000	104850.000000
0.000000	104850.000000
0.000000	104850.000000
0.000000	104850.000000
0.000000	104850.000000
0.000000	104850.000000
0.000000	104850.000000
0.000000	104850.000000
0.000000	104850.000000
0.000000	104850.000000
0.000000	104850.000000
0.000000	104850.000000
0.000000	104851.000000
0.000000	104851.000000
0.000000	104851.000000
0.000000	104851.000000
0.000000	104851.000000
0.000000	104851.000000
0.000000	104851.000000
0.000000	104851.000000
0.000000	104851.000000
0.000000	104851.000000
0.000000	104851.000000
0.000000	104851.000000
0.000000	104851.000000
0.000000	104851.000000
0.000000	104851.000000
0.000000	104851.000000
0.000000	104851.000000
0.000000	104852.000000
0.000000	104852.000000
0.000000	104852.000000
0.000000	104852.000000
0.000000	104852.000000
0.000000	104852.000000
0.000000	104852.000000
0.000000	104852.000000
0.000000	104852.000000
0.000000	104852.000000
0.000000	104852.000000
0.000000	104852.000000
0.000000	104852.000000
0.000000	104852.000000
0.000000	104852.000000
0.000000	104852.000000
0.000000	104852.000000
0.000000	104853.000000
0.000000	104853.000000
0.000000	104853.000000
0.000000	104853.000000
0.000000	104853.000000
0.000000	104853.000000
0.000000	104853.000000
0.000000	104853.000000
0.000000	104853.000000
0.000000	104853.000000
0.000000	104853.000000
0.000000	104853.000000
0.000000	104853.000000
0.000000	104853.000000
0.000000	104853.000000
0.000000	104853.000000
0.000000	104853.000000
0.000000	104854.000000
0.000000	104854.000000
0.000000	104854.000000
0.000000	104854.000000
0.000000	104854.000000
0.000000	104854.000000
0.000000	104854.000000
0.000000	104854.000000
0.000000	104854.000000
0.000000	104854.000000
0.000000	104854.000000
0.000000	104854.000000
0.000000	104854.000000
0.000000	104854.000000
0.000000	104854.000000
0.000000	104854.000000
0.000000	104854.000000
0.000000	104855.000000
0.000000	104855.000000
0.000000	104855.000000
0.000000	104855.000000
0.000000	104855.000000
0.000000	104855.000000
0.000000	104855.000000
0.000000	104855.000000
0.000000	104855.000000
0.000000	104855.000000
0.000000	104855.000000
0.000000	104855.000000
0.000000	104855.000000
0.000000	104855.000000
0.000000	104855.000000
0.000000	104855.000000
0.000000	104855.000000
0.000000	104856.000000
0.000000	104856.000000
0.000000	104856.000000
0.000000	104856.000000
0.000000	104856.000000
0.000000	104856.000000
0.000000	104856.000000
0.000000	104856.000000
0.000000	104856.000000
0.000000	104856.000000
0.000000	104856.000000
0.000000	104856.000000
0.000000	104856.000000
0.000000	104856.000000
0.000000	104856.000000
0.000000	104856.000000
0.000000	104856.000000
0.000000	104857.000000
0.000000	104857.000000
0.000000	104857.000000
0.000000	104857.000000
0.000000	104857.000000
0.000000	104857.000000
0.000000	104857.000000
0.000000	104857.000000
0.000000	104857.000000
0.000000	104857.000000
0.000000	104857.000000
0.000000	104857.000000
0.000000	104857.000000
0.000000	104857.000000
0.000000	104857.000000
0.000000	104857.000000
0.000000	104857.000000
0.000000	104858.000000
0.000000	104858.000000
0.000000	104858.000000
0.000000	104858.000000
0.000000	104858.000000
0.000000	104858.000000
0.000000	104858.000000
0.000000	104858.000000
0.000000	104858.000000
0.000000	104858.000000
0.000000	104858.000000
0.000000	104858.000000
0.000000	104858.000000
0.000000	104858.000000
0.000000	104858.000000
0.000000	104858.000000
0.000000	104858.000000
0.000000	104859.000000
0.000000	104859.000000
0.000000	104859.000000
0.000000	104859.000000
0.000000	104859.000000
0.000000	104859.000000
0.000000	104859.000000
0.000000	104859.000000
0.000000	104859.000000
0.000000	104859.000000
0.000000	104859.000000
0.000000	104859.000000
0.000000	104859.000000
0.000000	104859.000000
0.000000	104859.000000
0.000000	104859.000000
0.000000	104859.000000
0.000000	104900.000000
0.000000	104900.000000
0.000000	104900.000000
0.000000	104900.000000
0.000000	104900.000000
0.000000	104900.000000
0.000000	104900.000000
0.000000	104900.000000
0.000000	104900.000000
0.000000	104900.000000
0.000000	104900.000000
0.000000	104900.000000
0.000000	104900.000000
0.000000	104900.000000
0.000000	104900.000000
0.000000	104900.000000
0.000000	104900.000000
0.000000	104901.000000
0.000000	104901.000000
0.000000	104901.000000
0.000000	104901.000000
0.000000	104901.000000
0.000000	104901.000000
0.000000	104901.000000
0.000000	104901.000000
0.000000	104901.000000
0.000000	104901.000000
0.000000	104901.000000
0.000000	104901.000000
0.000000	104901.000000
0.000000	104901.000000
0.000000	104901.000000
0.000000	104901.000000
0.000000	104901.000000
0.000000	104902.000000
0.000000	104902.000000
0.000000	104902.000000
0.000000	104902.000000
0.000000	104902.000000
0.000000	104902.000000
0.000000	104902.000000
0.000000	104902.000000
0.000000	104902.000000
0.000000	104902.000000
0.000000	104902.000000
0.000000	104902.000000
0.000000	104902.000000
0.000000	104902.000000
0.000000	104902.000000
0.000000	104902.000000
0.000000	104902.000000
0.000000	104903.000000
0.000000	104903.000000
0.000000	104903.000000
0.000000	104903.000000
0.000000	104903.000000
0.000000	104903.000000
0.000000	104903.000000
0.000000	104903.000000
0.000000	104903.000000
0.000000	104903.000000
0.000000	104903.000000
0.000000	104903.000000
0.000000	104903.000000
0.000000	104903.000000
0.000000	104903.000000
0.000000	104903.000000
0.000000	104903.000000
0.000000	104903.000000
0.000000	104904.000000
0.000000	104904.000000
0.000000	104904.000000
0.000000	104904.000000
0.000000	104904.000000
0.000000	104904.000000
0.000000	104904.000000
0.000000	104904.000000
0.000000	104904.000000
0.000000	104904.000000
0.000000	104904.000000
0.000000	104904.000000
0.000000	104904.000000
0.000000	104904.000000
0.000000	104904.000000
0.000000	104904.000000
0.000000	104904.000000
0.000000	104905.000000
0.000000	104905.000000
0.000000	104905.000000
0.000000	104905.000000
0.000000	104905.000000
0.000000	104905.000000
0.000000	104905.000000
0.000000	104905.000000
0.000000	104905.000000
0.000000	104905.000000
0.000000	104905.000000
0.000000	104905.000000
0.000000	104905.000000
0.000000	104905.000000
0.000000	104905.000000
0.000000	104905.000000
0.000000	104905.000000
0.000000	104906.000000
0.000000	104906.000000
0.000000	104906.000000
0.000000	104906.000000
0.000000	104906.000000
0.000000	104906.000000
0.000000	104906.000000
0.000000	104906.000000
0.000000	104906.000000
0.000000	104906.000000
0.000000	104906.000000
0.000000	104906.000000
0.000000	104906.000000
0.000000	104906.000000
0.000000	104906.000000
0.000000	104906.000000
0.000000	104906.000000
0.000000	104907.000000
0.000000	104907.000000
0.000000	104907.000000
0.000000	104907.000000
0.000000	104907.000000
0.000000	104907.000000
0.000000	104907.000000
0.000000	104907.000000
0.000000	104907.000000
0.000000	104907.000000
0.000000	104907.000000
0.000000	104907.000000
0.000000	104907.000000
0.000000	104907.000000
0.000000	104907.000000
0.000000	104907.000000
0.000000	104907.000000
0.000000	104908.000000
0.000000	104908.000000
0.000000	104908.000000
0.000000	104908.000000
0.000000	104908.000000
0.000000	104908.000000
0.000000	104908.000000
0.000000	104908.000000
0.000000	104908.000000
0.000000	104908.000000
0.000000	104908.000000
0.000000	104908.000000
0.000000	104908.000000
0.000000	104908.000000
0.000000	104908.000000
0.000000	104908.000000
0.000000	104908.000000
0.000000	104909.000000
0.000000	104909.000000
0.000000	104909.000000
0.000000	104909.000000
0.000000	104909.000000
0.000000	104909.000000
0.000000	104909.000000
0.000000	104909.000000
0.000000	104909.000000
0.000000	104909.000000
0.000000	104909.000000
0.000000	104909.000000
0.000000	104909.000000
0.000000	104909.000000
0.000000	104909.000000
0.000000	104909.000000
0.000000	104909.000000
0.000000	104910.000000
0.000000	104910.000000
0.000000	104910.000000
0.000000	104910.000000
0.000000	104910.000000
0.000000	104910.000000
0.000000	104910.000000
0.000000	104910.000000
0.000000	104910.000000
0.000000	104910.000000
0.000000	104910.000000
0.000000	104910.000000
0.000000	104910.000000
0.000000	104910.000000
0.000000	104910.000000
0.000000	104910.000000
0.000000	104910.000000
0.000000	104911.000000
0.000000	104911.000000
0.000000	104911.000000
0.000000	104911.000000
0.000000	104911.000000
0.000000	104911.000000
0.000000	104911.000000
0.000000	104911.000000
0.000000	104911.000000
0.000000	104911.000000
0.000000	104911.000000
0.000000	104911.000000
0.000000	104911.000000
0.000000	104911.000000
0.000000	104911.000000
0.000000	104911.000000
0.000000	104911.000000
0.000000	104912.000000
0.000000	104912.000000
0.000000	104912.000000
0.000000	104912.000000
0.000000	104912.000000
0.000000	104912.000000
0.000000	104912.000000
0.000000	104912.000000
0.000000	104912.000000
0.000000	104912.000000
0.000000	104912.000000
0.000000	104912.000000
0.000000	104912.000000
0.000000	104912.000000
0.000000	104912.000000
0.000000	104912.000000
0.000000	104912.000000
0.000000	104913.000000
0.000000	104913.000000
0.000000	104913.000000
0.000000	104913.000000
0.000000	104913.000000
0.000000	104913.000000
0.000000	104913.000000
0.000000	104913.000000
