0.000000	124712.000000
0.000000	124712.000000
0.000000	124712.000000
0.000000	124712.000000
0.000000	124712.000000
0.000000	124712.000000
0.000000	124712.000000
0.000000	124712.000000
0.000000	124712.000000
0.000000	124713.000000
0.000000	124713.000000
0.000000	124713.000000
0.000000	124713.000000
0.000000	124713.000000
0.000000	124713.000000
0.000000	124713.000000
0.000000	124713.000000
0.000000	124713.000000
0.000000	124713.000000
0.000000	124713.000000
0.000000	124713.000000
0.000000	124713.000000
0.000000	124713.000000
0.000000	124713.000000
0.000000	124713.000000
0.000000	124713.000000
0.000000	124713.000000
0.000000	124714.000000
0.000000	124714.000000
0.000000	124714.000000
0.000000	124714.000000
0.000000	124714.000000
0.000000	124714.000000
0.000000	124714.000000
0.000000	124714.000000
0.000000	124714.000000
0.000000	124714.000000
0.000000	124714.000000
0.000000	124714.000000
0.000000	124714.000000
0.000000	124714.000000
0.000000	124714.000000
0.000000	124714.000000
0.000000	124714.000000
0.000000	124715.000000
0.000000	124715.000000
0.000000	124715.000000
0.000000	124715.000000
0.000000	124715.000000
0.000000	124715.000000
0.000000	124715.000000
0.000000	124715.000000
0.000000	124715.000000
0.000000	124715.000000
0.000000	124715.000000
0.000000	124715.000000
0.000000	124715.000000
0.000000	124715.000000
0.000000	124715.000000
0.000000	124715.000000
0.000000	124715.000000
0.000000	124716.000000
0.000000	124716.000000
0.000000	124716.000000
0.000000	124716.000000
0.000000	124716.000000
0.000000	124716.000000
0.000000	124716.000000
0.000000	124716.000000
0.000000	124716.000000
0.000000	124716.000000
0.000000	124716.000000
0.000000	124716.000000
0.000000	124716.000000
0.000000	124716.000000
0.000000	124716.000000
0.000000	124716.000000
0.000000	124716.000000
0.000000	124717.000000
0.000000	124717.000000
0.000000	124717.000000
0.000000	124717.000000
0.000000	124717.000000
0.000000	124717.000000
0.000000	124717.000000
0.000000	124717.000000
0.000000	124717.000000
0.000000	124717.000000
0.000000	124717.000000
0.000000	124717.000000
0.000000	124717.000000
0.000000	124717.000000
0.000000	124717.000000
0.000000	124717.000000
0.000000	124717.000000
0.000000	124718.000000
0.000000	124718.000000
0.000000	124718.000000
0.000000	124718.000000
0.000000	124718.000000
0.000000	124718.000000
0.000000	124718.000000
0.000000	124718.000000
0.000000	124718.000000
0.000000	124718.000000
0.000000	124718.000000
0.000000	124718.000000
0.000000	124718.000000
0.000000	124718.000000
0.000000	124718.000000
0.000000	124718.000000
0.000000	124718.000000
0.000000	124719.000000
0.000000	124719.000000
0.000000	124719.000000
0.000000	124719.000000
0.000000	124719.000000
0.000000	124719.000000
0.000000	124719.000000
0.000000	124719.000000
0.000000	124719.000000
0.000000	124719.000000
0.000000	124719.000000
0.000000	124719.000000
0.000000	124719.000000
0.000000	124719.000000
0.000000	124719.000000
0.000000	124719.000000
0.000000	124719.000000
0.000000	124720.000000
0.000000	124720.000000
0.000000	124720.000000
0.000000	124720.000000
0.000000	124720.000000
0.000000	124720.000000
0.000000	124720.000000
0.000000	124720.000000
0.000000	124720.000000
0.000000	124720.000000
0.000000	124720.000000
0.000000	124720.000000
0.000000	124720.000000
0.000000	124720.000000
0.000000	124720.000000
0.000000	124720.000000
0.000000	124720.000000
0.000000	124721.000000
0.000000	124721.000000
0.000000	124721.000000
0.000000	124721.000000
0.000000	124721.000000
0.000000	124721.000000
0.000000	124721.000000
0.000000	124721.000000
0.000000	124721.000000
0.000000	124721.000000
0.000000	124721.000000
0.000000	124721.000000
0.000000	124721.000000
0.000000	124721.000000
0.000000	124721.000000
0.000000	124721.000000
0.000000	124721.000000
0.000000	124722.000000
0.000000	124722.000000
0.000000	124722.000000
0.000000	124722.000000
0.000000	124722.000000
0.000000	124722.000000
0.000000	124722.000000
0.000000	124722.000000
0.000000	124722.000000
0.000000	124722.000000
0.000000	124722.000000
0.000000	124722.000000
0.000000	124722.000000
0.000000	124722.000000
0.000000	124722.000000
0.000000	124722.000000
0.000000	124722.000000
0.000000	124723.000000
0.000000	124723.000000
0.000000	124723.000000
0.000000	124723.000000
0.000000	124723.000000
0.000000	124723.000000
0.000000	124723.000000
0.000000	124723.000000
0.000000	124723.000000
0.000000	124723.000000
0.000000	124723.000000
0.000000	124723.000000
0.000000	124723.000000
0.000000	124723.000000
0.000000	124723.000000
0.000000	124723.000000
0.000000	124723.000000
0.000000	124724.000000
0.000000	124724.000000
0.000000	124724.000000
0.000000	124724.000000
0.000000	124724.000000
0.000000	124724.000000
0.000000	124724.000000
0.000000	124724.000000
0.000000	124724.000000
0.000000	124724.000000
0.000000	124724.000000
0.000000	124724.000000
0.000000	124724.000000
0.000000	124724.000000
0.000000	124724.000000
0.000000	124724.000000
0.000000	124724.000000
0.000000	124725.000000
0.000000	124725.000000
0.000000	124725.000000
0.000000	124725.000000
0.000000	124725.000000
0.000000	124725.000000
0.000000	124725.000000
0.000000	124725.000000
0.000000	124725.000000
0.000000	124725.000000
0.000000	124725.000000
0.000000	124725.000000
0.000000	124725.000000
0.000000	124725.000000
0.000000	124725.000000
0.000000	124725.000000
0.000000	124725.000000
0.000000	124726.000000
0.000000	124726.000000
0.000000	124726.000000
0.000000	124726.000000
0.000000	124726.000000
0.000000	124726.000000
0.000000	124726.000000
0.000000	124726.000000
0.000000	124726.000000
0.000000	124726.000000
0.000000	124726.000000
0.000000	124726.000000
0.000000	124726.000000
0.000000	124726.000000
0.000000	124726.000000
0.000000	124726.000000
0.000000	124726.000000
0.000000	124727.000000
0.000000	124727.000000
0.000000	124727.000000
0.000000	124727.000000
0.000000	124727.000000
0.000000	124727.000000
0.000000	124727.000000
0.000000	124727.000000
0.000000	124727.000000
0.000000	124727.000000
0.000000	124727.000000
0.000000	124727.000000
0.000000	124727.000000
0.000000	124727.000000
0.000000	124727.000000
0.000000	124727.000000
0.000000	124727.000000
0.000000	124728.000000
0.000000	124728.000000
0.000000	124728.000000
0.000000	124728.000000
0.000000	124728.000000
0.000000	124728.000000
0.000000	124728.000000
0.000000	124728.000000
0.000000	124728.000000
0.000000	124728.000000
0.000000	124728.000000
0.000000	124728.000000
0.000000	124728.000000
0.000000	124728.000000
0.000000	124728.000000
0.000000	124728.000000
0.000000	124728.000000
0.000000	124729.000000
0.000000	124729.000000
0.000000	124729.000000
0.000000	124729.000000
0.000000	124729.000000
0.000000	124729.000000
0.000000	124729.000000
0.000000	124729.000000
0.000000	124729.000000
0.000000	124729.000000
0.000000	124729.000000
0.000000	124729.000000
0.000000	124729.000000
0.000000	124729.000000
0.000000	124729.000000
0.000000	124729.000000
0.000000	124729.000000
0.000000	124729.000000
0.000000	124730.000000
0.000000	124730.000000
0.000000	124730.000000
0.000000	124730.000000
0.000000	124730.000000
0.000000	124730.000000
0.000000	124730.000000
0.000000	124730.000000
0.000000	124730.000000
0.000000	124730.000000
0.000000	124730.000000
0.000000	124730.000000
0.000000	124730.000000
0.000000	124730.000000
0.000000	124730.000000
0.000000	124730.000000
0.000000	124730.000000
0.000000	124731.000000
0.000000	124731.000000
0.000000	124731.000000
0.000000	124731.000000
0.000000	124731.000000
0.000000	124731.000000
0.000000	124731.000000
0.000000	124731.000000
0.000000	124731.000000
0.000000	124731.000000
0.000000	124731.000000
0.000000	124731.000000
0.000000	124731.000000
0.000000	124731.000000
0.000000	124731.000000
0.000000	124731.000000
0.000000	124731.000000
0.000000	124732.000000
0.000000	124732.000000
0.000000	124732.000000
0.000000	124732.000000
0.000000	124732.000000
0.000000	124732.000000
0.000000	124732.000000
0.000000	124732.000000
0.000000	124732.000000
0.000000	124732.000000
0.000000	124732.000000
0.000000	124732.000000
0.000000	124732.000000
0.000000	124732.000000
0.000000	124732.000000
0.000000	124732.000000
0.000000	124732.000000
0.000000	124733.000000
0.000000	124733.000000
0.000000	124733.000000
0.000000	124733.000000
0.000000	124733.000000
0.000000	124733.000000
0.000000	124733.000000
0.000000	124733.000000
0.000000	124733.000000
0.000000	124733.000000
0.000000	124733.000000
0.000000	124733.000000
0.000000	124733.000000
0.000000	124733.000000
0.000000	124733.000000
0.000000	124733.000000
0.000000	124733.000000
0.000000	124734.000000
0.000000	124734.000000
0.000000	124734.000000
0.000000	124734.000000
0.000000	124734.000000
0.000000	124734.000000
0.000000	124734.000000
0.000000	124734.000000
0.000000	124734.000000
0.000000	124734.000000
0.000000	124734.000000
0.000000	124734.000000
0.000000	124734.000000
0.000000	124734.000000
0.000000	124734.000000
0.000000	124734.000000
0.000000	124734.000000
0.000000	124735.000000
0.000000	124735.000000
0.000000	124735.000000
0.000000	124735.000000
0.000000	124735.000000
0.000000	124735.000000
0.000000	124735.000000
0.000000	124735.000000
0.000000	124735.000000
0.000000	124735.000000
0.000000	124735.000000
0.000000	124735.000000
0.000000	124735.000000
0.000000	124735.000000
0.000000	124735.000000
0.000000	124735.000000
0.000000	124735.000000
0.000000	124736.000000
0.000000	124736.000000
0.000000	124736.000000
0.000000	124736.000000
0.000000	124736.000000
0.000000	124736.000000
0.000000	124736.000000
0.000000	124736.000000
0.000000	124736.000000
0.000000	124736.000000
0.000000	124736.000000
0.000000	124736.000000
0.000000	124736.000000
0.000000	124736.000000
0.000000	124736.000000
0.000000	124736.000000
0.000000	124736.000000
0.000000	124737.000000
0.000000	124737.000000
0.000000	124737.000000
0.000000	124737.000000
0.000000	124737.000000
0.000000	124737.000000
0.000000	124737.000000
0.000000	124737.000000
0.000000	124737.000000
0.000000	124737.000000
0.000000	124737.000000
0.000000	124737.000000
0.000000	124737.000000
0.000000	124737.000000
0.000000	124737.000000
0.000000	124737.000000
0.000000	124737.000000
0.000000	124738.000000
0.000000	124738.000000
0.000000	124738.000000
0.000000	124738.000000
0.000000	124738.000000
0.000000	124738.000000
0.000000	124738.000000
0.000000	124738.000000
0.000000	124738.000000
0.000000	124738.000000
0.000000	124738.000000
0.000000	124738.000000
0.000000	124738.000000
0.000000	124738.000000
0.000000	124738.000000
0.000000	124738.000000
0.000000	124738.000000
0.000000	124739.000000
0.000000	124739.000000
0.000000	124739.000000
0.000000	124739.000000
0.000000	124739.000000
0.000000	124739.000000
0.000000	124739.000000
0.000000	124739.000000
0.000000	124739.000000
0.000000	124739.000000
0.000000	124739.000000
0.000000	124739.000000
0.000000	124739.000000
0.000000	124739.000000
0.000000	124739.000000
0.000000	124739.000000
0.000000	124739.000000
0.000000	124740.000000
0.000000	124740.000000
0.000000	124740.000000
0.000000	124740.000000
0.000000	124740.000000
0.000000	124740.000000
0.000000	124740.000000
0.000000	124740.000000
0.000000	124740.000000
0.000000	124740.000000
0.000000	124740.000000
0.000000	124740.000000
0.000000	124740.000000
0.000000	124740.000000
0.000000	124740.000000
0.000000	124740.000000
0.000000	124740.000000
0.000000	124741.000000
0.000000	124741.000000
0.000000	124741.000000
0.000000	124741.000000
0.000000	124741.000000
0.000000	124741.000000
0.000000	124741.000000
0.000000	124741.000000
0.000000	124741.000000
0.000000	124741.000000
0.000000	124741.000000
0.000000	124741.000000
0.000000	124741.000000
0.000000	124741.000000
0.000000	124741.000000
0.000000	124741.000000
0.000000	124741.000000
0.000000	124742.000000
0.000000	124742.000000
0.000000	124742.000000
0.000000	124742.000000
0.000000	124742.000000
0.000000	124742.000000
0.000000	124742.000000
0.000000	124742.000000
0.000000	124742.000000
0.000000	124742.000000
0.000000	124742.000000
0.000000	124742.000000
0.000000	124742.000000
0.000000	124742.000000
0.000000	124742.000000
0.000000	124742.000000
0.000000	124742.000000
0.000000	124743.000000
0.000000	124743.000000
0.000000	124743.000000
0.000000	124743.000000
0.000000	124743.000000
0.000000	124743.000000
0.000000	124743.000000
0.000000	124743.000000
0.000000	124743.000000
0.000000	124743.000000
0.000000	124743.000000
0.000000	124743.000000
0.000000	124743.000000
0.000000	124743.000000
0.000000	124743.000000
0.000000	124743.000000
0.000000	124743.000000
0.000000	124743.000000
0.000000	124744.000000
0.000000	124744.000000
0.000000	124744.000000
0.000000	124744.000000
0.000000	124744.000000
0.000000	124744.000000
0.000000	124744.000000
0.000000	124744.000000
0.000000	124744.000000
0.000000	124744.000000
0.000000	124744.000000
0.000000	124744.000000
0.000000	124744.000000
0.000000	124744.000000
0.000000	124744.000000
0.000000	124744.000000
0.000000	124744.000000
0.000000	124745.000000
0.000000	124745.000000
0.000000	124745.000000
0.000000	124745.000000
0.000000	124745.000000
0.000000	124745.000000
0.000000	124745.000000
0.000000	124745.000000
0.000000	124745.000000
0.000000	124745.000000
0.000000	124745.000000
0.000000	124745.000000
0.000000	124745.000000
0.000000	124745.000000
0.000000	124745.000000
0.000000	124745.000000
0.000000	124745.000000
0.000000	124746.000000
0.000000	124746.000000
0.000000	124746.000000
0.000000	124746.000000
0.000000	124746.000000
0.000000	124746.000000
0.000000	124746.000000
0.000000	124746.000000
0.000000	124746.000000
0.000000	124746.000000
0.000000	124746.000000
0.000000	124746.000000
0.000000	124746.000000
0.000000	124746.000000
0.000000	124746.000000
0.000000	124746.000000
0.000000	124746.000000
0.000000	124747.000000
0.000000	124747.000000
0.000000	124747.000000
0.000000	124747.000000
0.000000	124747.000000
0.000000	124747.000000
0.000000	124747.000000
0.000000	124747.000000
0.000000	124747.000000
0.000000	124747.000000
0.000000	124747.000000
0.000000	124747.000000
0.000000	124747.000000
0.000000	124747.000000
0.000000	124747.000000
0.000000	124747.000000
0.000000	124747.000000
0.000000	124748.000000
0.000000	124748.000000
0.000000	124748.000000
0.000000	124748.000000
0.000000	124748.000000
0.000000	124748.000000
0.000000	124748.000000
0.000000	124748.000000
0.000000	124748.000000
0.000000	124748.000000
0.000000	124748.000000
0.000000	124748.000000
0.000000	124748.000000
0.000000	124748.000000
0.000000	124748.000000
0.000000	124748.000000
0.000000	124748.000000
0.000000	124749.000000
0.000000	124749.000000
0.000000	124749.000000
0.000000	124749.000000
0.000000	124749.000000
0.000000	124749.000000
0.000000	124749.000000
0.000000	124749.000000
0.000000	124749.000000
0.000000	124749.000000
0.000000	124749.000000
0.000000	124749.000000
0.000000	124749.000000
0.000000	124749.000000
0.000000	124749.000000
0.000000	124749.000000
0.000000	124749.000000
0.000000	124750.000000
0.000000	124750.000000
0.000000	124750.000000
0.000000	124750.000000
0.000000	124750.000000
0.000000	124750.000000
0.000000	124750.000000
0.000000	124750.000000
0.000000	124750.000000
0.000000	124750.000000
0.000000	124750.000000
0.000000	124750.000000
0.000000	124750.000000
0.000000	124750.000000
0.000000	124750.000000
0.000000	124750.000000
0.000000	124750.000000
0.000000	124751.000000
0.000000	124751.000000
0.000000	124751.000000
0.000000	124751.000000
0.000000	124751.000000
0.000000	124751.000000
0.000000	124751.000000
0.000000	124751.000000
0.000000	124751.000000
0.000000	124751.000000
0.000000	124751.000000
0.000000	124751.000000
0.000000	124751.000000
0.000000	124751.000000
0.000000	124751.000000
0.000000	124751.000000
0.000000	124751.000000
0.000000	124752.000000
0.000000	124752.000000
0.000000	124752.000000
0.000000	124752.000000
0.000000	124752.000000
0.000000	124752.000000
0.000000	124752.000000
0.000000	124752.000000
0.000000	124752.000000
0.000000	124752.000000
0.000000	124752.000000
0.000000	124752.000000
0.000000	124752.000000
0.000000	124752.000000
0.000000	124752.000000
0.000000	124752.000000
0.000000	124752.000000
0.000000	124753.000000
0.000000	124753.000000
0.000000	124753.000000
0.000000	124753.000000
0.000000	124753.000000
0.000000	124753.000000
0.000000	124753.000000
0.000000	124753.000000
0.000000	124753.000000
0.000000	124753.000000
0.000000	124753.000000
0.000000	124753.000000
0.000000	124753.000000
0.000000	124753.000000
0.000000	124753.000000
0.000000	124753.000000
0.000000	124753.000000
0.000000	124754.000000
0.000000	124754.000000
0.000000	124754.000000
0.000000	124754.000000
0.000000	124754.000000
0.000000	124754.000000
0.000000	124754.000000
0.000000	124754.000000
0.000000	124754.000000
0.000000	124754.000000
0.000000	124754.000000
0.000000	124754.000000
0.000000	124754.000000
0.000000	124754.000000
0.000000	124754.000000
0.000000	124754.000000
0.000000	124754.000000
0.000000	124755.000000
0.000000	124755.000000
0.000000	124755.000000
0.000000	124755.000000
0.000000	124755.000000
0.000000	124755.000000
0.000000	124755.000000
0.000000	124755.000000
0.000000	124755.000000
0.000000	124755.000000
0.000000	124755.000000
0.000000	124755.000000
0.000000	124755.000000
0.000000	124755.000000
0.000000	124755.000000
0.000000	124755.000000
0.000000	124755.000000
0.000000	124756.000000
0.000000	124756.000000
0.000000	124756.000000
0.000000	124756.000000
0.000000	124756.000000
0.000000	124756.000000
0.000000	124756.000000
0.000000	124756.000000
0.000000	124756.000000
0.000000	124756.000000
0.000000	124756.000000
0.000000	124756.000000
0.000000	124756.000000
0.000000	124756.000000
0.000000	124756.000000
0.000000	124756.000000
0.000000	124756.000000
0.000000	124757.000000
0.000000	124757.000000
0.000000	124757.000000
0.000000	124757.000000
0.000000	124757.000000
0.000000	124757.000000
0.000000	124757.000000
0.000000	124757.000000
0.000000	124757.000000
0.000000	124757.000000
0.000000	124757.000000
0.000000	124757.000000
0.000000	124757.000000
0.000000	124757.000000
0.000000	124757.000000
0.000000	124757.000000
0.000000	124757.000000
0.000000	124758.000000
0.000000	124758.000000
0.000000	124758.000000
0.000000	124758.000000
0.000000	124758.000000
0.000000	124758.000000
0.000000	124758.000000
0.000000	124758.000000
0.000000	124758.000000
0.000000	124758.000000
0.000000	124758.000000
0.000000	124758.000000
0.000000	124758.000000
0.000000	124758.000000
0.000000	124758.000000
0.000000	124758.000000
0.000000	124758.000000
0.000000	124759.000000
0.000000	124759.000000
0.000000	124759.000000
0.000000	124759.000000
0.000000	124759.000000
0.000000	124759.000000
0.000000	124759.000000
0.000000	124759.000000
0.000000	124759.000000
0.000000	124759.000000
0.000000	124759.000000
0.000000	124759.000000
0.000000	124759.000000
0.000000	124759.000000
0.000000	124759.000000
0.000000	124759.000000
0.000000	124759.000000
0.000000	124759.000000
0.000000	124800.000000
0.000000	124800.000000
0.000000	124800.000000
0.000000	124800.000000
0.000000	124800.000000
0.000000	124800.000000
0.000000	124800.000000
0.000000	124800.000000
0.000000	124800.000000
0.000000	124800.000000
0.000000	124800.000000
0.000000	124800.000000
0.000000	124800.000000
0.000000	124800.000000
0.000000	124800.000000
0.000000	124800.000000
0.000000	124800.000000
0.000000	124801.000000
0.000000	124801.000000
0.000000	124801.000000
0.000000	124801.000000
0.000000	124801.000000
0.000000	124801.000000
0.000000	124801.000000
0.000000	124801.000000
0.000000	124801.000000
0.000000	124801.000000
0.000000	124801.000000
0.000000	124801.000000
0.000000	124801.000000
0.000000	124801.000000
0.000000	124801.000000
0.000000	124801.000000
0.000000	124801.000000
0.000000	124802.000000
0.000000	124802.000000
0.000000	124802.000000
0.000000	124802.000000
0.000000	124802.000000
0.000000	124802.000000
0.000000	124802.000000
0.000000	124802.000000
0.000000	124802.000000
0.000000	124802.000000
0.000000	124802.000000
0.000000	124802.000000
0.000000	124802.000000
0.000000	124802.000000
0.000000	124802.000000
0.000000	124802.000000
0.000000	124802.000000
0.000000	124803.000000
0.000000	124803.000000
0.000000	124803.000000
0.000000	124803.000000
0.000000	124803.000000
0.000000	124803.000000
0.000000	124803.000000
0.000000	124803.000000
0.000000	124803.000000
0.000000	124803.000000
0.000000	124803.000000
0.000000	124803.000000
0.000000	124803.000000
0.000000	124803.000000
0.000000	124803.000000
0.000000	124803.000000
0.000000	124803.000000
0.000000	124804.000000
0.000000	124804.000000
0.000000	124804.000000
0.000000	124804.000000
0.000000	124804.000000
0.000000	124804.000000
0.000000	124804.000000
0.000000	124804.000000
0.000000	124804.000000
0.000000	124804.000000
0.000000	124804.000000
0.000000	124804.000000
0.000000	124804.000000
0.000000	124804.000000
0.000000	124804.000000
0.000000	124804.000000
0.000000	124804.000000
0.000000	124805.000000
0.000000	124805.000000
0.000000	124805.000000
0.000000	124805.000000
0.000000	124805.000000
0.000000	124805.000000
0.000000	124805.000000
0.000000	124805.000000
0.000000	124805.000000
0.000000	124805.000000
0.000000	124805.000000
0.000000	124805.000000
0.000000	124805.000000
0.000000	124805.000000
0.000000	124805.000000
0.000000	124805.000000
0.000000	124805.000000
0.000000	124806.000000
0.000000	124806.000000
0.000000	124806.000000
0.000000	124806.000000
0.000000	124806.000000
0.000000	124806.000000
0.000000	124806.000000
0.000000	124806.000000
0.000000	124806.000000
0.000000	124806.000000
0.000000	124806.000000
0.000000	124806.000000
0.000000	124806.000000
0.000000	124806.000000
0.000000	124806.000000
0.000000	124806.000000
0.000000	124806.000000
0.000000	124807.000000
0.000000	124807.000000
0.000000	124807.000000
0.000000	124807.000000
0.000000	124807.000000
0.000000	124807.000000
0.000000	124807.000000
0.000000	124807.000000
0.000000	124807.000000
0.000000	124807.000000
0.000000	124807.000000
0.000000	124807.000000
0.000000	124807.000000
0.000000	124807.000000
0.000000	124807.000000
0.000000	124807.000000
0.000000	124807.000000
0.000000	124808.000000
0.000000	124808.000000
0.000000	124808.000000
0.000000	124808.000000
0.000000	124808.000000
0.000000	124808.000000
0.000000	124808.000000
0.000000	124808.000000
0.000000	124808.000000
0.000000	124808.000000
0.000000	124808.000000
0.000000	124808.000000
0.000000	124808.000000
0.000000	124808.000000
0.000000	124808.000000
0.000000	124808.000000
0.000000	124808.000000
0.000000	124809.000000
0.000000	124809.000000
0.000000	124809.000000
0.000000	124809.000000
0.000000	124809.000000
0.000000	124809.000000
0.000000	124809.000000
0.000000	124809.000000
0.000000	124809.000000
0.000000	124809.000000
0.000000	124809.000000
0.000000	124809.000000
0.000000	124809.000000
0.000000	124809.000000
0.000000	124809.000000
0.000000	124809.000000
0.000000	124809.000000
0.000000	124810.000000
0.000000	124810.000000
0.000000	124810.000000
0.000000	124810.000000
0.000000	124810.000000
0.000000	124810.000000
0.000000	124810.000000
0.000000	124810.000000
0.000000	124810.000000
0.000000	124810.000000
0.000000	124810.000000
0.000000	124810.000000
0.000000	124810.000000
0.000000	124810.000000
0.000000	124810.000000
0.000000	124810.000000
0.000000	124810.000000
0.000000	124811.000000
0.000000	124811.000000
0.000000	124811.000000
0.000000	124811.000000
0.000000	124811.000000
0.000000	124811.000000
0.000000	124811.000000
0.000000	124811.000000
0.000000	124811.000000
0.000000	124811.000000
0.000000	124811.000000
0.000000	124811.000000
0.000000	124811.000000
0.000000	124811.000000
0.000000	124811.000000
0.000000	124811.000000
0.000000	124811.000000
0.000000	124812.000000
0.000000	124812.000000
0.000000	124812.000000
0.000000	124812.000000
0.000000	124812.000000
0.000000	124812.000000
0.000000	124812.000000
0.000000	124812.000000
0.000000	124812.000000
0.000000	124812.000000
0.000000	124812.000000
0.000000	124812.000000
0.000000	124812.000000
0.000000	124812.000000
0.000000	124812.000000
0.000000	124812.000000
0.000000	124812.000000
0.000000	124813.000000
0.000000	124813.000000
0.000000	124813.000000
0.000000	124813.000000
0.000000	124813.000000
0.000000	124813.000000
0.000000	124813.000000
0.000000	124813.000000
0.000000	124813.000000
0.000000	124813.000000
0.000000	124813.000000
0.000000	124813.000000
0.000000	124813.000000
0.000000	124813.000000
0.000000	124813.000000
0.000000	124813.000000
0.000000	124813.000000
0.000000	124814.000000
0.000000	124814.000000
0.000000	124814.000000
0.000000	124814.000000
0.000000	124814.000000
0.000000	124814.000000
0.000000	124814.000000
0.000000	124814.000000
0.000000	124814.000000
0.000000	124814.000000
0.000000	124814.000000
0.000000	124814.000000
0.000000	124814.000000
0.000000	124814.000000
0.000000	124814.000000
0.000000	124814.000000
0.000000	124814.000000
0.000000	124814.000000
0.000000	124815.000000
0.000000	124815.000000
0.000000	124815.000000
0.000000	124815.000000
0.000000	124815.000000
0.000000	124815.000000
0.000000	124815.000000
0.000000	124815.000000
0.000000	124815.000000
0.000000	124815.000000
0.000000	124815.000000
0.000000	124815.000000
0.000000	124815.000000
0.000000	124815.000000
0.000000	124815.000000
0.000000	124815.000000
0.000000	124815.000000
0.000000	124816.000000
0.000000	124816.000000
0.000000	124816.000000
0.000000	124816.000000
0.000000	124816.000000
0.000000	124816.000000
0.000000	124816.000000
0.000000	124816.000000
0.000000	124816.000000
0.000000	124816.000000
0.000000	124816.000000
0.000000	124816.000000
0.000000	124816.000000
0.000000	124816.000000
0.000000	124816.000000
0.000000	124816.000000
0.000000	124816.000000
0.000000	124817.000000
0.000000	124817.000000
0.000000	124817.000000
0.000000	124817.000000
0.000000	124817.000000
0.000000	124817.000000
0.000000	124817.000000
0.000000	124817.000000
0.000000	124817.000000
0.000000	124817.000000
0.000000	124817.000000
0.000000	124817.000000
0.000000	124817.000000
0.000000	124817.000000
0.000000	124817.000000
0.000000	124817.000000
0.000000	124817.000000
0.000000	124818.000000
0.000000	124818.000000
0.000000	124818.000000
0.000000	124818.000000
0.000000	124818.000000
0.000000	124818.000000
0.000000	124818.000000
0.000000	124818.000000
0.000000	124818.000000
0.000000	124818.000000
0.000000	124818.000000
0.000000	124818.000000
0.000000	124818.000000
0.000000	124818.000000
0.000000	124818.000000
0.000000	124818.000000
0.000000	124818.000000
0.000000	124819.000000
0.000000	124819.000000
0.000000	124819.000000
0.000000	124819.000000
0.000000	124819.000000
0.000000	124819.000000
0.000000	124819.000000
0.000000	124819.000000
0.000000	124819.000000
0.000000	124819.000000
0.000000	124819.000000
0.000000	124819.000000
0.000000	124819.000000
0.000000	124819.000000
0.000000	124819.000000
0.000000	124819.000000
0.000000	124819.000000
0.000000	124820.000000
0.000000	124820.000000
0.000000	124820.000000
0.000000	124820.000000
0.000000	124820.000000
0.000000	124820.000000
0.000000	124820.000000
0.000000	124820.000000
0.000000	124820.000000
0.000000	124820.000000
0.000000	124820.000000
0.000000	124820.000000
0.000000	124820.000000
0.000000	124820.000000
0.000000	124820.000000
0.000000	124820.000000
0.000000	124820.000000
0.000000	124821.000000
0.000000	124821.000000
0.000000	124821.000000
0.000000	124821.000000
0.000000	124821.000000
0.000000	124821.000000
0.000000	124821.000000
0.000000	124821.000000
0.000000	124821.000000
0.000000	124821.000000
0.000000	124821.000000
0.000000	124821.000000
0.000000	124821.000000
0.000000	124821.000000
0.000000	124821.000000
0.000000	124821.000000
0.000000	124821.000000
0.000000	124822.000000
0.000000	124822.000000
0.000000	124822.000000
0.000000	124822.000000
0.000000	124822.000000
0.000000	124822.000000
0.000000	124822.000000
0.000000	124822.000000
0.000000	124822.000000
0.000000	124822.000000
0.000000	124822.000000
0.000000	124822.000000
0.000000	124822.000000
0.000000	124822.000000
0.000000	124822.000000
0.000000	124822.000000
0.000000	124822.000000
0.000000	124823.000000
0.000000	124823.000000
0.000000	124823.000000
0.000000	124823.000000
0.000000	124823.000000
0.000000	124823.000000
0.000000	124823.000000
0.000000	124823.000000
0.000000	124823.000000
0.000000	124823.000000
0.000000	124823.000000
0.000000	124823.000000
0.000000	124823.000000
0.000000	124823.000000
0.000000	124823.000000
0.000000	124823.000000
0.000000	124823.000000
0.000000	124824.000000
0.000000	124824.000000
0.000000	124824.000000
0.000000	124824.000000
0.000000	124824.000000
0.000000	124824.000000
0.000000	124824.000000
0.000000	124824.000000
0.000000	124824.000000
0.000000	124824.000000
0.000000	124824.000000
0.000000	124824.000000
0.000000	124824.000000
0.000000	124824.000000
0.000000	124824.000000
0.000000	124824.000000
0.000000	124824.000000
0.000000	124825.000000
0.000000	124825.000000
0.000000	124825.000000
0.000000	124825.000000
0.000000	124825.000000
0.000000	124825.000000
0.000000	124825.000000
0.000000	124825.000000
0.000000	124825.000000
0.000000	124825.000000
0.000000	124825.000000
0.000000	124825.000000
0.000000	124825.000000
0.000000	124825.000000
0.000000	124825.000000
0.000000	124825.000000
0.000000	124825.000000
0.000000	124826.000000
0.000000	124826.000000
0.000000	124826.000000
0.000000	124826.000000
0.000000	124826.000000
0.000000	124826.000000
0.000000	124826.000000
0.000000	124826.000000
0.000000	124826.000000
0.000000	124826.000000
0.000000	124826.000000
0.000000	124826.000000
0.000000	124826.000000
0.000000	124826.000000
0.000000	124826.000000
0.000000	124826.000000
0.000000	124826.000000
0.000000	124827.000000
0.000000	124827.000000
0.000000	124827.000000
0.000000	124827.000000
0.000000	124827.000000
0.000000	124827.000000
0.000000	124827.000000
0.000000	124827.000000
0.000000	124827.000000
0.000000	124827.000000
0.000000	124827.000000
0.000000	124827.000000
0.000000	124827.000000
0.000000	124827.000000
0.000000	124827.000000
0.000000	124827.000000
0.000000	124827.000000
0.000000	124828.000000
0.000000	124828.000000
0.000000	124828.000000
0.000000	124828.000000
0.000000	124828.000000
0.000000	124828.000000
0.000000	124828.000000
0.000000	124828.000000
0.000000	124828.000000
0.000000	124828.000000
0.000000	124828.000000
0.000000	124828.000000
0.000000	124828.000000
0.000000	124828.000000
0.000000	124828.000000
0.000000	124828.000000
0.000000	124828.000000
0.000000	124829.000000
0.000000	124829.000000
0.000000	124829.000000
0.000000	124829.000000
0.000000	124829.000000
0.000000	124829.000000
0.000000	124829.000000
0.000000	124829.000000
0.000000	124829.000000
0.000000	124829.000000
0.000000	124829.000000
0.000000	124829.000000
0.000000	124829.000000
0.000000	124829.000000
0.000000	124829.000000
0.000000	124829.000000
0.000000	124829.000000
0.000000	124829.000000
0.000000	124830.000000
0.000000	124830.000000
0.000000	124830.000000
0.000000	124830.000000
0.000000	124830.000000
0.000000	124830.000000
0.000000	124830.000000
0.000000	124830.000000
0.000000	124830.000000
0.000000	124830.000000
0.000000	124830.000000
0.000000	124830.000000
0.000000	124830.000000
0.000000	124830.000000
0.000000	124830.000000
0.000000	124830.000000
0.000000	124830.000000
0.000000	124831.000000
0.000000	124831.000000
0.000000	124831.000000
0.000000	124831.000000
0.000000	124831.000000
0.000000	124831.000000
0.000000	124831.000000
0.000000	124831.000000
0.000000	124831.000000
0.000000	124831.000000
0.000000	124831.000000
0.000000	124831.000000
0.000000	124831.000000
0.000000	124831.000000
0.000000	124831.000000
0.000000	124831.000000
0.000000	124831.000000
0.000000	124832.000000
0.000000	124832.000000
0.000000	124832.000000
0.000000	124832.000000
0.000000	124832.000000
0.000000	124832.000000
0.000000	124832.000000
0.000000	124832.000000
0.000000	124832.000000
0.000000	124832.000000
0.000000	124832.000000
0.000000	124832.000000
0.000000	124832.000000
0.000000	124832.000000
0.000000	124832.000000
0.000000	124832.000000
0.000000	124832.000000
0.000000	124833.000000
0.000000	124833.000000
0.000000	124833.000000
0.000000	124833.000000
0.000000	124833.000000
0.000000	124833.000000
0.000000	124833.000000
0.000000	124833.000000
0.000000	124833.000000
0.000000	124833.000000
0.000000	124833.000000
0.000000	124833.000000
0.000000	124833.000000
0.000000	124833.000000
0.000000	124833.000000
0.000000	124833.000000
0.000000	124833.000000
0.000000	124834.000000
0.000000	124834.000000
0.000000	124834.000000
0.000000	124834.000000
0.000000	124834.000000
0.000000	124834.000000
0.000000	124834.000000
0.000000	124834.000000
0.000000	124834.000000
0.000000	124834.000000
0.000000	124834.000000
0.000000	124834.000000
0.000000	124834.000000
0.000000	124834.000000
0.000000	124834.000000
0.000000	124834.000000
0.000000	124834.000000
0.000000	124835.000000
0.000000	124835.000000
0.000000	124835.000000
0.000000	124835.000000
0.000000	124835.000000
0.000000	124835.000000
0.000000	124835.000000
0.000000	124835.000000
0.000000	124835.000000
0.000000	124835.000000
0.000000	124835.000000
0.000000	124835.000000
0.000000	124835.000000
0.000000	124835.000000
0.000000	124835.000000
0.000000	124835.000000
0.000000	124835.000000
0.000000	124836.000000
0.000000	124836.000000
0.000000	124836.000000
0.000000	124836.000000
0.000000	124836.000000
0.000000	124836.000000
0.000000	124836.000000
0.000000	124836.000000
0.000000	124836.000000
0.000000	124836.000000
0.000000	124836.000000
0.000000	124836.000000
0.000000	124836.000000
0.000000	124836.000000
0.000000	124836.000000
0.000000	124836.000000
0.000000	124836.000000
0.000000	124837.000000
0.000000	124837.000000
0.000000	124837.000000
0.000000	124837.000000
0.000000	124837.000000
0.000000	124837.000000
0.000000	124837.000000
0.000000	124837.000000
0.000000	124837.000000
0.000000	124837.000000
0.000000	124837.000000
0.000000	124837.000000
0.000000	124837.000000
0.000000	124837.000000
0.000000	124837.000000
0.000000	124837.000000
0.000000	124837.000000
0.000000	124838.000000
0.000000	124838.000000
0.000000	124838.000000
0.000000	124838.000000
0.000000	124838.000000
0.000000	124838.000000
0.000000	124838.000000
0.000000	124838.000000
0.000000	124838.000000
0.000000	124838.000000
0.000000	124838.000000
0.000000	124838.000000
0.000000	124838.000000
0.000000	124838.000000
0.000000	124838.000000
0.000000	124838.000000
0.000000	124838.000000
0.000000	124839.000000
0.000000	124839.000000
0.000000	124839.000000
0.000000	124839.000000
0.000000	124839.000000
0.000000	124839.000000
0.000000	124839.000000
0.000000	124839.000000
0.000000	124839.000000
0.000000	124839.000000
0.000000	124839.000000
0.000000	124839.000000
0.000000	124839.000000
0.000000	124839.000000
0.000000	124839.000000
0.000000	124839.000000
0.000000	124839.000000
0.000000	124840.000000
0.000000	124840.000000
0.000000	124840.000000
0.000000	124840.000000
0.000000	124840.000000
0.000000	124840.000000
0.000000	124840.000000
0.000000	124840.000000
0.000000	124840.000000
0.000000	124840.000000
0.000000	124840.000000
0.000000	124840.000000
0.000000	124840.000000
0.000000	124840.000000
0.000000	124840.000000
0.000000	124840.000000
0.000000	124840.000000
0.000000	124841.000000
0.000000	124841.000000
0.000000	124841.000000
0.000000	124841.000000
0.000000	124841.000000
0.000000	124841.000000
0.000000	124841.000000
0.000000	124841.000000
0.000000	124841.000000
0.000000	124841.000000
0.000000	124841.000000
0.000000	124841.000000
0.000000	124841.000000
0.000000	124841.000000
0.000000	124841.000000
0.000000	124841.000000
0.000000	124841.000000
0.000000	124842.000000
0.000000	124842.000000
0.000000	124842.000000
0.000000	124842.000000
0.000000	124842.000000
0.000000	124842.000000
0.000000	124842.000000
0.000000	124842.000000
0.000000	124842.000000
0.000000	124842.000000
0.000000	124842.000000
0.000000	124842.000000
0.000000	124842.000000
0.000000	124842.000000
0.000000	124842.000000
0.000000	124842.000000
0.000000	124842.000000
0.000000	124843.000000
0.000000	124843.000000
0.000000	124843.000000
0.000000	124843.000000
0.000000	124843.000000
0.000000	124843.000000
0.000000	124843.000000
0.000000	124843.000000
0.000000	124843.000000
0.000000	124843.000000
0.000000	124843.000000
0.000000	124843.000000
0.000000	124843.000000
0.000000	124843.000000
0.000000	124843.000000
0.000000	124843.000000
0.000000	124843.000000
0.000000	124844.000000
0.000000	124844.000000
0.000000	124844.000000
0.000000	124844.000000
0.000000	124844.000000
0.000000	124844.000000
0.000000	124844.000000
0.000000	124844.000000
0.000000	124844.000000
0.000000	124844.000000
0.000000	124844.000000
0.000000	124844.000000
0.000000	124844.000000
0.000000	124844.000000
0.000000	124844.000000
0.000000	124844.000000
0.000000	124844.000000
0.000000	124844.000000
0.000000	124845.000000
0.000000	124845.000000
0.000000	124845.000000
0.000000	124845.000000
0.000000	124845.000000
0.000000	124845.000000
0.000000	124845.000000
0.000000	124845.000000
0.000000	124845.000000
0.000000	124845.000000
0.000000	124845.000000
0.000000	124845.000000
0.000000	124845.000000
0.000000	124845.000000
0.000000	124845.000000
0.000000	124845.000000
0.000000	124845.000000
0.000000	124846.000000
0.000000	124846.000000
0.000000	124846.000000
0.000000	124846.000000
0.000000	124846.000000
0.000000	124846.000000
0.000000	124846.000000
0.000000	124846.000000
0.000000	124846.000000
0.000000	124846.000000
0.000000	124846.000000
0.000000	124846.000000
0.000000	124846.000000
0.000000	124846.000000
0.000000	124846.000000
0.000000	124846.000000
0.000000	124846.000000
0.000000	124847.000000
0.000000	124847.000000
0.000000	124847.000000
0.000000	124847.000000
0.000000	124847.000000
0.000000	124847.000000
0.000000	124847.000000
0.000000	124847.000000
0.000000	124847.000000
0.000000	124847.000000
0.000000	124847.000000
0.000000	124847.000000
0.000000	124847.000000
0.000000	124847.000000
0.000000	124847.000000
0.000000	124847.000000
0.000000	124847.000000
0.000000	124848.000000
0.000000	124848.000000
0.000000	124848.000000
0.000000	124848.000000
0.000000	124848.000000
0.000000	124848.000000
0.000000	124848.000000
0.000000	124848.000000
0.000000	124848.000000
0.000000	124848.000000
0.000000	124848.000000
0.000000	124848.000000
0.000000	124848.000000
0.000000	124848.000000
0.000000	124848.000000
0.000000	124848.000000
0.000000	124848.000000
0.000000	124849.000000
0.000000	124849.000000
0.000000	124849.000000
0.000000	124849.000000
0.000000	124849.000000
0.000000	124849.000000
0.000000	124849.000000
0.000000	124849.000000
0.000000	124849.000000
0.000000	124849.000000
0.000000	124849.000000
0.000000	124849.000000
0.000000	124849.000000
0.000000	124849.000000
0.000000	124849.000000
0.000000	124849.000000
0.000000	124849.000000
0.000000	124850.000000
0.000000	124850.000000
0.000000	124850.000000
0.000000	124850.000000
0.000000	124850.000000
0.000000	124850.000000
0.000000	124850.000000
0.000000	124850.000000
0.000000	124850.000000
0.000000	124850.000000
0.000000	124850.000000
0.000000	124850.000000
0.000000	124850.000000
0.000000	124850.000000
0.000000	124850.000000
0.000000	124850.000000
0.000000	124850.000000
0.000000	124851.000000
0.000000	124851.000000
0.000000	124851.000000
0.000000	124851.000000
0.000000	124851.000000
0.000000	124851.000000
0.000000	124851.000000
0.000000	124851.000000
0.000000	124851.000000
0.000000	124851.000000
0.000000	124851.000000
0.000000	124851.000000
0.000000	124851.000000
0.000000	124851.000000
0.000000	124851.000000
0.000000	124851.000000
0.000000	124851.000000
0.000000	124852.000000
0.000000	124852.000000
0.000000	124852.000000
0.000000	124852.000000
0.000000	124852.000000
0.000000	124852.000000
0.000000	124852.000000
0.000000	124852.000000
0.000000	124852.000000
0.000000	124852.000000
0.000000	124852.000000
0.000000	124852.000000
0.000000	124852.000000
0.000000	124852.000000
0.000000	124852.000000
0.000000	124852.000000
0.000000	124852.000000
0.000000	124853.000000
0.000000	124853.000000
0.000000	124853.000000
0.000000	124853.000000
0.000000	124853.000000
0.000000	124853.000000
0.000000	124853.000000
0.000000	124853.000000
0.000000	124853.000000
0.000000	124853.000000
0.000000	124853.000000
0.000000	124853.000000
0.000000	124853.000000
0.000000	124853.000000
0.000000	124853.000000
0.000000	124853.000000
0.000000	124853.000000
0.000000	124854.000000
0.000000	124854.000000
0.000000	124854.000000
0.000000	124854.000000
0.000000	124854.000000
0.000000	124854.000000
0.000000	124854.000000
0.000000	124854.000000
0.000000	124854.000000
0.000000	124854.000000
0.000000	124854.000000
0.000000	124854.000000
0.000000	124854.000000
0.000000	124854.000000
0.000000	124854.000000
0.000000	124854.000000
0.000000	124854.000000
0.000000	124855.000000
0.000000	124855.000000
0.000000	124855.000000
0.000000	124855.000000
0.000000	124855.000000
0.000000	124855.000000
0.000000	124855.000000
0.000000	124855.000000
0.000000	124855.000000
0.000000	124855.000000
0.000000	124855.000000
0.000000	124855.000000
0.000000	124855.000000
0.000000	124855.000000
0.000000	124855.000000
0.000000	124855.000000
0.000000	124855.000000
0.000000	124856.000000
0.000000	124856.000000
0.000000	124856.000000
0.000000	124856.000000
0.000000	124856.000000
0.000000	124856.000000
0.000000	124856.000000
0.000000	124856.000000
0.000000	124856.000000
0.000000	124856.000000
0.000000	124856.000000
0.000000	124856.000000
0.000000	124856.000000
0.000000	124856.000000
0.000000	124856.000000
0.000000	124856.000000
0.000000	124856.000000
0.000000	124857.000000
0.000000	124857.000000
0.000000	124857.000000
0.000000	124857.000000
0.000000	124857.000000
0.000000	124857.000000
0.000000	124857.000000
0.000000	124857.000000
0.000000	124857.000000
0.000000	124857.000000
0.000000	124857.000000
0.000000	124857.000000
0.000000	124857.000000
0.000000	124857.000000
0.000000	124857.000000
0.000000	124857.000000
0.000000	124857.000000
0.000000	124858.000000
0.000000	124858.000000
0.000000	124858.000000
0.000000	124858.000000
0.000000	124858.000000
0.000000	124858.000000
0.000000	124858.000000
0.000000	124858.000000
0.000000	124858.000000
0.000000	124858.000000
0.000000	124858.000000
0.000000	124858.000000
0.000000	124858.000000
0.000000	124858.000000
0.000000	124858.000000
0.000000	124858.000000
0.000000	124858.000000
0.000000	124859.000000
0.000000	124859.000000
0.000000	124859.000000
0.000000	124859.000000
0.000000	124859.000000
0.000000	124859.000000
0.000000	124859.000000
0.000000	124859.000000
0.000000	124859.000000
0.000000	124859.000000
0.000000	124859.000000
0.000000	124859.000000
0.000000	124859.000000
0.000000	124859.000000
0.000000	124859.000000
0.000000	124859.000000
0.000000	124859.000000
0.000000	124859.000000
0.000000	124900.000000
0.000000	124900.000000
0.000000	124900.000000
0.000000	124900.000000
0.000000	124900.000000
0.000000	124900.000000
0.000000	124900.000000
0.000000	124900.000000
0.000000	124900.000000
0.000000	124900.000000
0.000000	124900.000000
0.000000	124900.000000
0.000000	124900.000000
0.000000	124900.000000
0.000000	124900.000000
0.000000	124900.000000
0.000000	124900.000000
0.000000	124901.000000
0.000000	124901.000000
0.000000	124901.000000
0.000000	124901.000000
0.000000	124901.000000
0.000000	124901.000000
0.000000	124901.000000
0.000000	124901.000000
0.000000	124901.000000
0.000000	124901.000000
0.000000	124901.000000
0.000000	124901.000000
0.000000	124901.000000
0.000000	124901.000000
0.000000	124901.000000
0.000000	124901.000000
0.000000	124901.000000
0.000000	124902.000000
0.000000	124902.000000
0.000000	124902.000000
0.000000	124902.000000
0.000000	124902.000000
0.000000	124902.000000
0.000000	124902.000000
0.000000	124902.000000
0.000000	124902.000000
0.000000	124902.000000
0.000000	124902.000000
0.000000	124902.000000
0.000000	124902.000000
0.000000	124902.000000
0.000000	124902.000000
0.000000	124902.000000
0.000000	124902.000000
0.000000	124903.000000
0.000000	124903.000000
0.000000	124903.000000
0.000000	124903.000000
0.000000	124903.000000
0.000000	124903.000000
0.000000	124903.000000
0.000000	124903.000000
0.000000	124903.000000
0.000000	124903.000000
0.000000	124903.000000
0.000000	124903.000000
0.000000	124903.000000
0.000000	124903.000000
0.000000	124903.000000
0.000000	124903.000000
0.000000	124903.000000
0.000000	124904.000000
0.000000	124904.000000
0.000000	124904.000000
0.000000	124904.000000
0.000000	124904.000000
0.000000	124904.000000
0.000000	124904.000000
0.000000	124904.000000
0.000000	124904.000000
0.000000	124904.000000
0.000000	124904.000000
0.000000	124904.000000
0.000000	124904.000000
0.000000	124904.000000
0.000000	124904.000000
0.000000	124904.000000
0.000000	124904.000000
0.000000	124905.000000
0.000000	124905.000000
0.000000	124905.000000
0.000000	124905.000000
0.000000	124905.000000
0.000000	124905.000000
0.000000	124905.000000
0.000000	124905.000000
0.000000	124905.000000
0.000000	124905.000000
0.000000	124905.000000
0.000000	124905.000000
0.000000	124905.000000
0.000000	124905.000000
0.000000	124905.000000
0.000000	124905.000000
0.000000	124905.000000
0.000000	124906.000000
0.000000	124906.000000
0.000000	124906.000000
0.000000	124906.000000
0.000000	124906.000000
0.000000	124906.000000
0.000000	124906.000000
0.000000	124906.000000
0.000000	124906.000000
0.000000	124906.000000
0.000000	124906.000000
0.000000	124906.000000
0.000000	124906.000000
0.000000	124906.000000
0.000000	124906.000000
0.000000	124906.000000
0.000000	124906.000000
0.000000	124907.000000
0.000000	124907.000000
0.000000	124907.000000
0.000000	124907.000000
0.000000	124907.000000
0.000000	124907.000000
0.000000	124907.000000
0.000000	124907.000000
0.000000	124907.000000
0.000000	124907.000000
0.000000	124907.000000
0.000000	124907.000000
0.000000	124907.000000
0.000000	124907.000000
0.000000	124907.000000
0.000000	124907.000000
0.000000	124907.000000
0.000000	124908.000000
0.000000	124908.000000
0.000000	124908.000000
0.000000	124908.000000
0.000000	124908.000000
0.000000	124908.000000
0.000000	124908.000000
0.000000	124908.000000
0.000000	124908.000000
0.000000	124908.000000
0.000000	124908.000000
0.000000	124908.000000
0.000000	124908.000000
0.000000	124908.000000
0.000000	124908.000000
0.000000	124908.000000
0.000000	124908.000000
0.000000	124909.000000
0.000000	124909.000000
0.000000	124909.000000
0.000000	124909.000000
0.000000	124909.000000
0.000000	124909.000000
0.000000	124909.000000
0.000000	124909.000000
0.000000	124909.000000
0.000000	124909.000000
0.000000	124909.000000
0.000000	124909.000000
0.000000	124909.000000
0.000000	124909.000000
0.000000	124909.000000
0.000000	124909.000000
0.000000	124909.000000
0.000000	124910.000000
0.000000	124910.000000
0.000000	124910.000000
0.000000	124910.000000
0.000000	124910.000000
0.000000	124910.000000
0.000000	124910.000000
0.000000	124910.000000
0.000000	124910.000000
0.000000	124910.000000
0.000000	124910.000000
0.000000	124910.000000
0.000000	124910.000000
0.000000	124910.000000
0.000000	124910.000000
0.000000	124910.000000
0.000000	124910.000000
0.000000	124911.000000
0.000000	124911.000000
0.000000	124911.000000
0.000000	124911.000000
0.000000	124911.000000
0.000000	124911.000000
0.000000	124911.000000
0.000000	124911.000000
0.000000	124911.000000
0.000000	124911.000000
0.000000	124911.000000
0.000000	124911.000000
0.000000	124911.000000
0.000000	124911.000000
0.000000	124911.000000
0.000000	124911.000000
0.000000	124911.000000
0.000000	124912.000000
0.000000	124912.000000
0.000000	124912.000000
0.000000	124912.000000
0.000000	124912.000000
0.000000	124912.000000
0.000000	124912.000000
0.000000	124912.000000
0.000000	124912.000000
0.000000	124912.000000
0.000000	124912.000000
0.000000	124912.000000
0.000000	124912.000000
0.000000	124912.000000
0.000000	124912.000000
0.000000	124912.000000
0.000000	124912.000000
0.000000	124913.000000
0.000000	124913.000000
0.000000	124913.000000
0.000000	124913.000000
0.000000	124913.000000
0.000000	124913.000000
0.000000	124913.000000
0.000000	124913.000000
0.000000	124913.000000
0.000000	124913.000000
0.000000	124913.000000
0.000000	124913.000000
0.000000	124913.000000
0.000000	124913.000000
0.000000	124913.000000
0.000000	124913.000000
0.000000	124913.000000
0.000000	124914.000000
0.000000	124914.000000
0.000000	124914.000000
0.000000	124914.000000
0.000000	124914.000000
0.000000	124914.000000
0.000000	124914.000000
0.000000	124914.000000
0.000000	124914.000000
0.000000	124914.000000
0.000000	124914.000000
0.000000	124914.000000
0.000000	124914.000000
0.000000	124914.000000
0.000000	124914.000000
0.000000	124914.000000
0.000000	124914.000000
0.000000	124915.000000
0.000000	124915.000000
0.000000	124915.000000
0.000000	124915.000000
0.000000	124915.000000
0.000000	124915.000000
0.000000	124915.000000
0.000000	124915.000000
0.000000	124915.000000
0.000000	124915.000000
0.000000	124915.000000
0.000000	124915.000000
0.000000	124915.000000
0.000000	124915.000000
0.000000	124915.000000
0.000000	124915.000000
0.000000	124915.000000
0.000000	124915.000000
0.000000	124916.000000
0.000000	124916.000000
0.000000	124916.000000
0.000000	124916.000000
0.000000	124916.000000
0.000000	124916.000000
0.000000	124916.000000
0.000000	124916.000000
0.000000	124916.000000
0.000000	124916.000000
0.000000	124916.000000
0.000000	124916.000000
0.000000	124916.000000
0.000000	124916.000000
0.000000	124916.000000
0.000000	124916.000000
0.000000	124916.000000
0.000000	124917.000000
0.000000	124917.000000
0.000000	124917.000000
0.000000	124917.000000
0.000000	124917.000000
0.000000	124917.000000
0.000000	124917.000000
0.000000	124917.000000
0.000000	124917.000000
0.000000	124917.000000
0.000000	124917.000000
0.000000	124917.000000
0.000000	124917.000000
0.000000	124917.000000
0.000000	124917.000000
0.000000	124917.000000
0.000000	124917.000000
0.000000	124918.000000
0.000000	124918.000000
0.000000	124918.000000
0.000000	124918.000000
0.000000	124918.000000
0.000000	124918.000000
0.000000	124918.000000
0.000000	124918.000000
0.000000	124918.000000
0.000000	124918.000000
0.000000	124918.000000
0.000000	124918.000000
0.000000	124918.000000
0.000000	124918.000000
0.000000	124918.000000
0.000000	124918.000000
0.000000	124918.000000
0.000000	124919.000000
0.000000	124919.000000
0.000000	124919.000000
0.000000	124919.000000
0.000000	124919.000000
0.000000	124919.000000
0.000000	124919.000000
0.000000	124919.000000
0.000000	124919.000000
0.000000	124919.000000
0.000000	124919.000000
0.000000	124919.000000
0.000000	124919.000000
0.000000	124919.000000
0.000000	124919.000000
0.000000	124919.000000
0.000000	124919.000000
0.000000	124920.000000
0.000000	124920.000000
0.000000	124920.000000
0.000000	124920.000000
0.000000	124920.000000
0.000000	124920.000000
0.000000	124920.000000
0.000000	124920.000000
0.000000	124920.000000
0.000000	124920.000000
0.000000	124920.000000
0.000000	124920.000000
0.000000	124920.000000
0.000000	124920.000000
0.000000	124920.000000
0.000000	124920.000000
0.000000	124920.000000
0.000000	124921.000000
0.000000	124921.000000
0.000000	124921.000000
0.000000	124921.000000
0.000000	124921.000000
0.000000	124921.000000
0.000000	124921.000000
0.000000	124921.000000
0.000000	124921.000000
0.000000	124921.000000
0.000000	124921.000000
0.000000	124921.000000
0.000000	124921.000000
0.000000	124921.000000
0.000000	124921.000000
0.000000	124921.000000
0.000000	124921.000000
0.000000	124922.000000
0.000000	124922.000000
0.000000	124922.000000
0.000000	124922.000000
0.000000	124922.000000
0.000000	124922.000000
0.000000	124922.000000
0.000000	124922.000000
0.000000	124922.000000
0.000000	124922.000000
0.000000	124922.000000
0.000000	124922.000000
0.000000	124922.000000
0.000000	124922.000000
0.000000	124922.000000
0.000000	124922.000000
0.000000	124922.000000
0.000000	124923.000000
0.000000	124923.000000
0.000000	124923.000000
0.000000	124923.000000
0.000000	124923.000000
0.000000	124923.000000
0.000000	124923.000000
0.000000	124923.000000
0.000000	124923.000000
0.000000	124923.000000
0.000000	124923.000000
0.000000	124923.000000
0.000000	124923.000000
0.000000	124923.000000
0.000000	124923.000000
0.000000	124923.000000
0.000000	124923.000000
0.000000	124924.000000
0.000000	124924.000000
0.000000	124924.000000
0.000000	124924.000000
0.000000	124924.000000
0.000000	124924.000000
0.000000	124924.000000
0.000000	124924.000000
0.000000	124924.000000
0.000000	124924.000000
0.000000	124924.000000
0.000000	124924.000000
0.000000	124924.000000
0.000000	124924.000000
0.000000	124924.000000
0.000000	124924.000000
0.000000	124924.000000
0.000000	124925.000000
0.000000	124925.000000
0.000000	124925.000000
0.000000	124925.000000
0.000000	124925.000000
0.000000	124925.000000
0.000000	124925.000000
0.000000	124925.000000
0.000000	124925.000000
0.000000	124925.000000
0.000000	124925.000000
0.000000	124925.000000
0.000000	124925.000000
0.000000	124925.000000
0.000000	124925.000000
0.000000	124925.000000
0.000000	124925.000000
0.000000	124926.000000
0.000000	124926.000000
0.000000	124926.000000
0.000000	124926.000000
0.000000	124926.000000
0.000000	124926.000000
0.000000	124926.000000
0.000000	124926.000000
0.000000	124926.000000
0.000000	124926.000000
0.000000	124926.000000
0.000000	124926.000000
0.000000	124926.000000
0.000000	124926.000000
0.000000	124926.000000
0.000000	124926.000000
0.000000	124926.000000
0.000000	124927.000000
0.000000	124927.000000
0.000000	124927.000000
0.000000	124927.000000
0.000000	124927.000000
0.000000	124927.000000
0.000000	124927.000000
0.000000	124927.000000
0.000000	124927.000000
0.000000	124927.000000
0.000000	124927.000000
0.000000	124927.000000
0.000000	124927.000000
0.000000	124927.000000
0.000000	124927.000000
0.000000	124927.000000
0.000000	124927.000000
0.000000	124928.000000
0.000000	124928.000000
0.000000	124928.000000
0.000000	124928.000000
0.000000	124928.000000
0.000000	124928.000000
0.000000	124928.000000
0.000000	124928.000000
0.000000	124928.000000
0.000000	124928.000000
0.000000	124928.000000
0.000000	124928.000000
0.000000	124928.000000
0.000000	124928.000000
0.000000	124928.000000
0.000000	124928.000000
0.000000	124928.000000
0.000000	124929.000000
0.000000	124929.000000
0.000000	124929.000000
0.000000	124929.000000
0.000000	124929.000000
0.000000	124929.000000
0.000000	124929.000000
0.000000	124929.000000
0.000000	124929.000000
0.000000	124929.000000
0.000000	124929.000000
0.000000	124929.000000
0.000000	124929.000000
0.000000	124929.000000
0.000000	124929.000000
0.000000	124929.000000
0.000000	124929.000000
0.000000	124929.000000
0.000000	124930.000000
0.000000	124930.000000
0.000000	124930.000000
0.000000	124930.000000
0.000000	124930.000000
0.000000	124930.000000
0.000000	124930.000000
0.000000	124930.000000
0.000000	124930.000000
0.000000	124930.000000
0.000000	124930.000000
0.000000	124930.000000
0.000000	124930.000000
0.000000	124930.000000
0.000000	124930.000000
0.000000	124930.000000
0.000000	124930.000000
0.000000	124931.000000
0.000000	124931.000000
0.000000	124931.000000
0.000000	124931.000000
0.000000	124931.000000
0.000000	124931.000000
0.000000	124931.000000
0.000000	124931.000000
0.000000	124931.000000
0.000000	124931.000000
0.000000	124931.000000
0.000000	124931.000000
0.000000	124931.000000
0.000000	124931.000000
0.000000	124931.000000
0.000000	124931.000000
0.000000	124931.000000
0.000000	124932.000000
0.000000	124932.000000
0.000000	124932.000000
0.000000	124932.000000
0.000000	124932.000000
0.000000	124932.000000
0.000000	124932.000000
0.000000	124932.000000
0.000000	124932.000000
0.000000	124932.000000
0.000000	124932.000000
0.000000	124932.000000
0.000000	124932.000000
0.000000	124932.000000
0.000000	124932.000000
0.000000	124932.000000
0.000000	124932.000000
0.000000	124933.000000
0.000000	124933.000000
0.000000	124933.000000
0.000000	124933.000000
0.000000	124933.000000
0.000000	124933.000000
0.000000	124933.000000
0.000000	124933.000000
0.000000	124933.000000
0.000000	124933.000000
0.000000	124933.000000
0.000000	124933.000000
0.000000	124933.000000
0.000000	124933.000000
0.000000	124933.000000
0.000000	124933.000000
0.000000	124933.000000
0.000000	124934.000000
0.000000	124934.000000
0.000000	124934.000000
0.000000	124934.000000
0.000000	124934.000000
0.000000	124934.000000
0.000000	124934.000000
0.000000	124934.000000
0.000000	124934.000000
0.000000	124934.000000
0.000000	124934.000000
0.000000	124934.000000
0.000000	124934.000000
0.000000	124934.000000
0.000000	124934.000000
0.000000	124934.000000
0.000000	124934.000000
0.000000	124935.000000
0.000000	124935.000000
0.000000	124935.000000
0.000000	124935.000000
0.000000	124935.000000
0.000000	124935.000000
0.000000	124935.000000
0.000000	124935.000000
0.000000	124935.000000
0.000000	124935.000000
0.000000	124935.000000
0.000000	124935.000000
0.000000	124935.000000
0.000000	124935.000000
0.000000	124935.000000
0.000000	124935.000000
0.000000	124935.000000
0.000000	124936.000000
0.000000	124936.000000
0.000000	124936.000000
0.000000	124936.000000
0.000000	124936.000000
0.000000	124936.000000
0.000000	124936.000000
0.000000	124936.000000
0.000000	124936.000000
0.000000	124936.000000
0.000000	124936.000000
0.000000	124936.000000
0.000000	124936.000000
0.000000	124936.000000
0.000000	124936.000000
0.000000	124936.000000
0.000000	124936.000000
0.000000	124937.000000
0.000000	124937.000000
0.000000	124937.000000
0.000000	124937.000000
0.000000	124937.000000
0.000000	124937.000000
0.000000	124937.000000
0.000000	124937.000000
0.000000	124937.000000
0.000000	124937.000000
0.000000	124937.000000
0.000000	124937.000000
0.000000	124937.000000
0.000000	124937.000000
0.000000	124937.000000
0.000000	124937.000000
0.000000	124937.000000
0.000000	124938.000000
0.000000	124938.000000
0.000000	124938.000000
0.000000	124938.000000
0.000000	124938.000000
0.000000	124938.000000
0.000000	124938.000000
0.000000	124938.000000
0.000000	124938.000000
0.000000	124938.000000
0.000000	124938.000000
0.000000	124938.000000
0.000000	124938.000000
0.000000	124938.000000
0.000000	124938.000000
0.000000	124938.000000
0.000000	124938.000000
0.000000	124939.000000
0.000000	124939.000000
0.000000	124939.000000
0.000000	124939.000000
0.000000	124939.000000
0.000000	124939.000000
0.000000	124939.000000
0.000000	124939.000000
0.000000	124939.000000
0.000000	124939.000000
0.000000	124939.000000
0.000000	124939.000000
0.000000	124939.000000
0.000000	124939.000000
0.000000	124939.000000
0.000000	124939.000000
0.000000	124939.000000
0.000000	124940.000000
0.000000	124940.000000
0.000000	124940.000000
0.000000	124940.000000
0.000000	124940.000000
0.000000	124940.000000
0.000000	124940.000000
0.000000	124940.000000
0.000000	124940.000000
0.000000	124940.000000
0.000000	124940.000000
0.000000	124940.000000
0.000000	124940.000000
0.000000	124940.000000
0.000000	124940.000000
0.000000	124940.000000
0.000000	124940.000000
0.000000	124941.000000
0.000000	124941.000000
0.000000	124941.000000
0.000000	124941.000000
0.000000	124941.000000
0.000000	124941.000000
0.000000	124941.000000
0.000000	124941.000000
0.000000	124941.000000
0.000000	124941.000000
0.000000	124941.000000
0.000000	124941.000000
0.000000	124941.000000
0.000000	124941.000000
0.000000	124941.000000
0.000000	124941.000000
0.000000	124941.000000
0.000000	124942.000000
0.000000	124942.000000
0.000000	124942.000000
0.000000	124942.000000
0.000000	124942.000000
0.000000	124942.000000
0.000000	124942.000000
0.000000	124942.000000
0.000000	124942.000000
0.000000	124942.000000
0.000000	124942.000000
0.000000	124942.000000
0.000000	124942.000000
0.000000	124942.000000
0.000000	124942.000000
0.000000	124942.000000
0.000000	124942.000000
0.000000	124943.000000
0.000000	124943.000000
0.000000	124943.000000
0.000000	124943.000000
0.000000	124943.000000
0.000000	124943.000000
0.000000	124943.000000
0.000000	124943.000000
0.000000	124943.000000
0.000000	124943.000000
0.000000	124943.000000
0.000000	124943.000000
0.000000	124943.000000
0.000000	124943.000000
0.000000	124943.000000
0.000000	124943.000000
0.000000	124943.000000
0.000000	124944.000000
0.000000	124944.000000
0.000000	124944.000000
0.000000	124944.000000
0.000000	124944.000000
0.000000	124944.000000
0.000000	124944.000000
0.000000	124944.000000
0.000000	124944.000000
0.000000	124944.000000
0.000000	124944.000000
0.000000	124944.000000
0.000000	124944.000000
0.000000	124944.000000
0.000000	124944.000000
0.000000	124944.000000
0.000000	124944.000000
0.000000	124944.000000
0.000000	124945.000000
0.000000	124945.000000
0.000000	124945.000000
0.000000	124945.000000
0.000000	124945.000000
0.000000	124945.000000
0.000000	124945.000000
0.000000	124945.000000
0.000000	124945.000000
0.000000	124945.000000
0.000000	124945.000000
0.000000	124945.000000
0.000000	124945.000000
0.000000	124945.000000
0.000000	124945.000000
0.000000	124945.000000
0.000000	124945.000000
0.000000	124946.000000
0.000000	124946.000000
0.000000	124946.000000
0.000000	124946.000000
0.000000	124946.000000
0.000000	124946.000000
0.000000	124946.000000
0.000000	124946.000000
0.000000	124946.000000
0.000000	124946.000000
0.000000	124946.000000
0.000000	124946.000000
0.000000	124946.000000
0.000000	124946.000000
0.000000	124946.000000
0.000000	124946.000000
0.000000	124946.000000
0.000000	124947.000000
0.000000	124947.000000
0.000000	124947.000000
0.000000	124947.000000
0.000000	124947.000000
0.000000	124947.000000
0.000000	124947.000000
0.000000	124947.000000
0.000000	124947.000000
0.000000	124947.000000
0.000000	124947.000000
0.000000	124947.000000
0.000000	124947.000000
0.000000	124947.000000
0.000000	124947.000000
0.000000	124947.000000
0.000000	124947.000000
0.000000	124948.000000
0.000000	124948.000000
0.000000	124948.000000
0.000000	124948.000000
0.000000	124948.000000
0.000000	124948.000000
0.000000	124948.000000
0.000000	124948.000000
0.000000	124948.000000
0.000000	124948.000000
0.000000	124948.000000
0.000000	124948.000000
0.000000	124948.000000
0.000000	124948.000000
0.000000	124948.000000
0.000000	124948.000000
0.000000	124948.000000
0.000000	124949.000000
0.000000	124949.000000
0.000000	124949.000000
0.000000	124949.000000
0.000000	124949.000000
0.000000	124949.000000
0.000000	124949.000000
0.000000	124949.000000
0.000000	124949.000000
0.000000	124949.000000
0.000000	124949.000000
0.000000	124949.000000
0.000000	124949.000000
0.000000	124949.000000
0.000000	124949.000000
0.000000	124949.000000
0.000000	124949.000000
0.000000	124950.000000
0.000000	124950.000000
0.000000	124950.000000
0.000000	124950.000000
0.000000	124950.000000
0.000000	124950.000000
0.000000	124950.000000
0.000000	124950.000000
0.000000	124950.000000
0.000000	124950.000000
0.000000	124950.000000
0.000000	124950.000000
0.000000	124950.000000
0.000000	124950.000000
0.000000	124950.000000
0.000000	124950.000000
0.000000	124950.000000
0.000000	124951.000000
0.000000	124951.000000
0.000000	124951.000000
0.000000	124951.000000
0.000000	124951.000000
0.000000	124951.000000
0.000000	124951.000000
0.000000	124951.000000
0.000000	124951.000000
0.000000	124951.000000
0.000000	124951.000000
0.000000	124951.000000
0.000000	124951.000000
0.000000	124951.000000
0.000000	124951.000000
0.000000	124951.000000
0.000000	124951.000000
0.000000	124952.000000
0.000000	124952.000000
0.000000	124952.000000
0.000000	124952.000000
0.000000	124952.000000
0.000000	124952.000000
0.000000	124952.000000
0.000000	124952.000000
0.000000	124952.000000
0.000000	124952.000000
0.000000	124952.000000
0.000000	124952.000000
0.000000	124952.000000
0.000000	124952.000000
0.000000	124952.000000
0.000000	124952.000000
0.000000	124952.000000
0.000000	124953.000000
0.000000	124953.000000
0.000000	124953.000000
0.000000	124953.000000
0.000000	124953.000000
0.000000	124953.000000
0.000000	124953.000000
0.000000	124953.000000
0.000000	124953.000000
0.000000	124953.000000
0.000000	124953.000000
0.000000	124953.000000
0.000000	124953.000000
0.000000	124953.000000
0.000000	124953.000000
0.000000	124953.000000
0.000000	124953.000000
0.000000	124954.000000
0.000000	124954.000000
0.000000	124954.000000
0.000000	124954.000000
0.000000	124954.000000
0.000000	124954.000000
0.000000	124954.000000
0.000000	124954.000000
0.000000	124954.000000
0.000000	124954.000000
0.000000	124954.000000
0.000000	124954.000000
0.000000	124954.000000
0.000000	124954.000000
0.000000	124954.000000
0.000000	124954.000000
0.000000	124954.000000
0.000000	124955.000000
0.000000	124955.000000
0.000000	124955.000000
0.000000	124955.000000
0.000000	124955.000000
0.000000	124955.000000
0.000000	124955.000000
0.000000	124955.000000
0.000000	124955.000000
0.000000	124955.000000
0.000000	124955.000000
0.000000	124955.000000
0.000000	124955.000000
0.000000	124955.000000
0.000000	124955.000000
0.000000	124955.000000
0.000000	124955.000000
0.000000	124956.000000
0.000000	124956.000000
0.000000	124956.000000
0.000000	124956.000000
0.000000	124956.000000
0.000000	124956.000000
0.000000	124956.000000
0.000000	124956.000000
0.000000	124956.000000
0.000000	124956.000000
0.000000	124956.000000
0.000000	124956.000000
0.000000	124956.000000
0.000000	124956.000000
0.000000	124956.000000
0.000000	124956.000000
0.000000	124956.000000
0.000000	124957.000000
0.000000	124957.000000
0.000000	124957.000000
0.000000	124957.000000
0.000000	124957.000000
0.000000	124957.000000
0.000000	124957.000000
0.000000	124957.000000
0.000000	124957.000000
0.000000	124957.000000
0.000000	124957.000000
0.000000	124957.000000
0.000000	124957.000000
0.000000	124957.000000
0.000000	124957.000000
0.000000	124957.000000
0.000000	124957.000000
0.000000	124958.000000
0.000000	124958.000000
0.000000	124958.000000
0.000000	124958.000000
0.000000	124958.000000
0.000000	124958.000000
0.000000	124958.000000
0.000000	124958.000000
0.000000	124958.000000
0.000000	124958.000000
0.000000	124958.000000
0.000000	124958.000000
0.000000	124958.000000
0.000000	124958.000000
0.000000	124958.000000
0.000000	124958.000000
0.000000	124958.000000
0.000000	124959.000000
0.000000	124959.000000
0.000000	124959.000000
0.000000	124959.000000
0.000000	124959.000000
0.000000	124959.000000
0.000000	124959.000000
0.000000	124959.000000
0.000000	124959.000000
0.000000	124959.000000
0.000000	124959.000000
0.000000	124959.000000
0.000000	124959.000000
0.000000	124959.000000
0.000000	124959.000000
0.000000	124959.000000
0.000000	124959.000000
0.000000	125000.000000
0.000000	125000.000000
0.000000	125000.000000
0.000000	125000.000000
0.000000	125000.000000
0.000000	125000.000000
0.000000	125000.000000
0.000000	125000.000000
0.000000	125000.000000
0.000000	125000.000000
0.000000	125000.000000
0.000000	125000.000000
0.000000	125000.000000
0.000000	125000.000000
0.000000	125000.000000
0.000000	125000.000000
0.000000	125000.000000
0.000000	125000.000000
0.000000	125001.000000
0.000000	125001.000000
0.000000	125001.000000
0.000000	125001.000000
0.000000	125001.000000
0.000000	125001.000000
0.000000	125001.000000
0.000000	125001.000000
0.000000	125001.000000
0.000000	125001.000000
0.000000	125001.000000
0.000000	125001.000000
0.000000	125001.000000
0.000000	125001.000000
0.000000	125001.000000
0.000000	125001.000000
0.000000	125001.000000
0.000000	125002.000000
0.000000	125002.000000
0.000000	125002.000000
0.000000	125002.000000
0.000000	125002.000000
0.000000	125002.000000
0.000000	125002.000000
0.000000	125002.000000
0.000000	125002.000000
0.000000	125002.000000
0.000000	125002.000000
0.000000	125002.000000
0.000000	125002.000000
0.000000	125002.000000
0.000000	125002.000000
0.000000	125002.000000
0.000000	125002.000000
0.000000	125003.000000
0.000000	125003.000000
0.000000	125003.000000
0.000000	125003.000000
0.000000	125003.000000
0.000000	125003.000000
0.000000	125003.000000
0.000000	125003.000000
0.000000	125003.000000
0.000000	125003.000000
0.000000	125003.000000
0.000000	125003.000000
0.000000	125003.000000
0.000000	125003.000000
0.000000	125003.000000
0.000000	125003.000000
0.000000	125003.000000
0.000000	125004.000000
0.000000	125004.000000
0.000000	125004.000000
0.000000	125004.000000
0.000000	125004.000000
0.000000	125004.000000
0.000000	125004.000000
0.000000	125004.000000
0.000000	125004.000000
0.000000	125004.000000
0.000000	125004.000000
0.000000	125004.000000
0.000000	125004.000000
0.000000	125004.000000
0.000000	125004.000000
0.000000	125004.000000
0.000000	125004.000000
0.000000	125005.000000
0.000000	125005.000000
0.000000	125005.000000
0.000000	125005.000000
0.000000	125005.000000
0.000000	125005.000000
0.000000	125005.000000
0.000000	125005.000000
0.000000	125005.000000
0.000000	125005.000000
0.000000	125005.000000
0.000000	125005.000000
0.000000	125005.000000
0.000000	125005.000000
0.000000	125005.000000
0.000000	125005.000000
0.000000	125005.000000
0.000000	125006.000000
0.000000	125006.000000
0.000000	125006.000000
0.000000	125006.000000
0.000000	125006.000000
0.000000	125006.000000
0.000000	125006.000000
0.000000	125006.000000
0.000000	125006.000000
0.000000	125006.000000
0.000000	125006.000000
0.000000	125006.000000
0.000000	125006.000000
0.000000	125006.000000
0.000000	125006.000000
0.000000	125006.000000
0.000000	125006.000000
0.000000	125007.000000
0.000000	125007.000000
0.000000	125007.000000
0.000000	125007.000000
0.000000	125007.000000
0.000000	125007.000000
0.000000	125007.000000
0.000000	125007.000000
0.000000	125007.000000
0.000000	125007.000000
0.000000	125007.000000
0.000000	125007.000000
0.000000	125007.000000
0.000000	125007.000000
0.000000	125007.000000
0.000000	125007.000000
0.000000	125007.000000
0.000000	125008.000000
0.000000	125008.000000
0.000000	125008.000000
0.000000	125008.000000
0.000000	125008.000000
0.000000	125008.000000
0.000000	125008.000000
0.000000	125008.000000
0.000000	125008.000000
0.000000	125008.000000
0.000000	125008.000000
0.000000	125008.000000
0.000000	125008.000000
0.000000	125008.000000
0.000000	125008.000000
0.000000	125008.000000
0.000000	125008.000000
0.000000	125009.000000
0.000000	125009.000000
0.000000	125009.000000
0.000000	125009.000000
0.000000	125009.000000
0.000000	125009.000000
0.000000	125009.000000
0.000000	125009.000000
0.000000	125009.000000
0.000000	125009.000000
0.000000	125009.000000
0.000000	125009.000000
0.000000	125009.000000
0.000000	125009.000000
0.000000	125009.000000
0.000000	125009.000000
0.000000	125009.000000
0.000000	125010.000000
0.000000	125010.000000
0.000000	125010.000000
0.000000	125010.000000
0.000000	125010.000000
0.000000	125010.000000
0.000000	125010.000000
0.000000	125010.000000
0.000000	125010.000000
0.000000	125010.000000
0.000000	125010.000000
0.000000	125010.000000
0.000000	125010.000000
0.000000	125010.000000
0.000000	125010.000000
0.000000	125010.000000
0.000000	125010.000000
0.000000	125011.000000
0.000000	125011.000000
0.000000	125011.000000
0.000000	125011.000000
0.000000	125011.000000
0.000000	125011.000000
0.000000	125011.000000
0.000000	125011.000000
0.000000	125011.000000
0.000000	125011.000000
0.000000	125011.000000
0.000000	125011.000000
0.000000	125011.000000
0.000000	125011.000000
0.000000	125011.000000
0.000000	125011.000000
0.000000	125011.000000
0.000000	125012.000000
0.000000	125012.000000
0.000000	125012.000000
0.000000	125012.000000
0.000000	125012.000000
0.000000	125012.000000
0.000000	125012.000000
0.000000	125012.000000
