0.000000	103343.000000
0.000000	103343.000000
0.000000	103343.000000
0.000000	103343.000000
0.000000	103343.000000
0.000000	103343.000000
0.000000	103343.000000
0.000000	103343.000000
0.000000	103343.000000
0.000000	103343.000000
0.000000	103344.000000
0.000000	103344.000000
0.000000	103344.000000
0.000000	103344.000000
0.000000	103344.000000
0.000000	103344.000000
0.000000	103344.000000
0.000000	103344.000000
0.000000	103344.000000
0.000000	103344.000000
0.000000	103344.000000
0.000000	103344.000000
0.000000	103344.000000
0.000000	103344.000000
0.000000	103344.000000
0.000000	103344.000000
0.000000	103344.000000
0.000000	103345.000000
0.000000	103345.000000
0.000000	103345.000000
0.000000	103345.000000
0.000000	103345.000000
0.000000	103345.000000
0.000000	103345.000000
0.000000	103345.000000
0.000000	103345.000000
0.000000	103345.000000
0.000000	103345.000000
0.000000	103345.000000
0.000000	103345.000000
0.000000	103345.000000
0.000000	103345.000000
0.000000	103345.000000
0.000000	103345.000000
0.000000	103346.000000
0.000000	103346.000000
0.000000	103346.000000
0.000000	103346.000000
0.000000	103346.000000
0.000000	103346.000000
0.000000	103346.000000
0.000000	103346.000000
0.000000	103346.000000
0.000000	103346.000000
0.000000	103346.000000
0.000000	103346.000000
0.000000	103346.000000
0.000000	103346.000000
0.000000	103346.000000
0.000000	103346.000000
0.000000	103346.000000
0.000000	103347.000000
0.000000	103347.000000
0.000000	103347.000000
0.000000	103347.000000
0.000000	103347.000000
0.000000	103347.000000
0.000000	103347.000000
0.000000	103347.000000
0.000000	103347.000000
0.000000	103347.000000
0.000000	103347.000000
0.000000	103347.000000
0.000000	103347.000000
0.000000	103347.000000
0.000000	103347.000000
0.000000	103347.000000
0.000000	103347.000000
0.000000	103348.000000
0.000000	103348.000000
0.000000	103348.000000
0.000000	103348.000000
0.000000	103348.000000
0.000000	103348.000000
0.000000	103348.000000
0.000000	103348.000000
0.000000	103348.000000
0.000000	103348.000000
0.000000	103348.000000
0.000000	103348.000000
0.000000	103348.000000
0.000000	103348.000000
0.000000	103348.000000
0.000000	103348.000000
0.000000	103348.000000
0.000000	103349.000000
0.000000	103349.000000
0.000000	103349.000000
0.000000	103349.000000
0.000000	103349.000000
0.000000	103349.000000
0.000000	103349.000000
0.000000	103349.000000
0.000000	103349.000000
0.000000	103349.000000
0.000000	103349.000000
0.000000	103349.000000
0.000000	103349.000000
0.000000	103349.000000
0.000000	103349.000000
0.000000	103349.000000
0.000000	103349.000000
0.000000	103350.000000
0.000000	103350.000000
0.000000	103350.000000
0.000000	103350.000000
0.000000	103350.000000
0.000000	103350.000000
0.000000	103350.000000
0.000000	103350.000000
0.000000	103350.000000
0.000000	103350.000000
0.000000	103350.000000
0.000000	103350.000000
0.000000	103350.000000
0.000000	103350.000000
0.000000	103350.000000
0.000000	103350.000000
0.000000	103350.000000
0.000000	103351.000000
0.000000	103351.000000
0.000000	103351.000000
0.000000	103351.000000
0.000000	103351.000000
0.000000	103351.000000
0.000000	103351.000000
0.000000	103351.000000
0.000000	103351.000000
0.000000	103351.000000
0.000000	103351.000000
0.000000	103351.000000
0.000000	103351.000000
0.000000	103351.000000
0.000000	103351.000000
0.000000	103351.000000
0.000000	103351.000000
0.000000	103352.000000
0.000000	103352.000000
0.000000	103352.000000
0.000000	103352.000000
0.000000	103352.000000
0.000000	103352.000000
0.000000	103352.000000
0.000000	103352.000000
0.000000	103352.000000
0.000000	103352.000000
0.000000	103352.000000
0.000000	103352.000000
0.000000	103352.000000
0.000000	103352.000000
0.000000	103352.000000
0.000000	103352.000000
0.000000	103352.000000
0.000000	103353.000000
0.000000	103353.000000
0.000000	103353.000000
0.000000	103353.000000
0.000000	103353.000000
0.000000	103353.000000
0.000000	103353.000000
0.000000	103353.000000
0.000000	103353.000000
0.000000	103353.000000
0.000000	103353.000000
0.000000	103353.000000
0.000000	103353.000000
0.000000	103353.000000
0.000000	103353.000000
0.000000	103353.000000
0.000000	103353.000000
0.000000	103354.000000
0.000000	103354.000000
0.000000	103354.000000
0.000000	103354.000000
0.000000	103354.000000
0.000000	103354.000000
0.000000	103354.000000
0.000000	103354.000000
0.000000	103354.000000
0.000000	103354.000000
0.000000	103354.000000
0.000000	103354.000000
0.000000	103354.000000
0.000000	103354.000000
0.000000	103354.000000
0.000000	103354.000000
0.000000	103354.000000
0.000000	103355.000000
0.000000	103355.000000
0.000000	103355.000000
0.000000	103355.000000
0.000000	103355.000000
0.000000	103355.000000
0.000000	103355.000000
0.000000	103355.000000
0.000000	103355.000000
0.000000	103355.000000
0.000000	103355.000000
0.000000	103355.000000
0.000000	103355.000000
0.000000	103355.000000
0.000000	103355.000000
0.000000	103355.000000
0.000000	103355.000000
0.000000	103356.000000
0.000000	103356.000000
0.000000	103356.000000
0.000000	103356.000000
0.000000	103356.000000
0.000000	103356.000000
0.000000	103356.000000
0.000000	103356.000000
0.000000	103356.000000
0.000000	103356.000000
0.000000	103356.000000
0.000000	103356.000000
0.000000	103356.000000
0.000000	103356.000000
0.000000	103356.000000
0.000000	103356.000000
0.000000	103356.000000
0.000000	103357.000000
0.000000	103357.000000
0.000000	103357.000000
0.000000	103357.000000
0.000000	103357.000000
0.000000	103357.000000
0.000000	103357.000000
0.000000	103357.000000
0.000000	103357.000000
0.000000	103357.000000
0.000000	103357.000000
0.000000	103357.000000
0.000000	103357.000000
0.000000	103357.000000
0.000000	103357.000000
0.000000	103357.000000
0.000000	103357.000000
0.000000	103357.000000
0.000000	103358.000000
0.000000	103358.000000
0.000000	103358.000000
0.000000	103358.000000
0.000000	103358.000000
0.000000	103358.000000
0.000000	103358.000000
0.000000	103358.000000
0.000000	103358.000000
0.000000	103358.000000
0.000000	103358.000000
0.000000	103358.000000
0.000000	103358.000000
0.000000	103358.000000
0.000000	103358.000000
0.000000	103358.000000
0.000000	103358.000000
0.000000	103359.000000
0.000000	103359.000000
0.000000	103359.000000
0.000000	103359.000000
0.000000	103359.000000
0.000000	103359.000000
0.000000	103359.000000
0.000000	103359.000000
0.000000	103359.000000
0.000000	103359.000000
0.000000	103359.000000
0.000000	103359.000000
0.000000	103359.000000
0.000000	103359.000000
0.000000	103359.000000
0.000000	103359.000000
0.000000	103359.000000
0.000000	103400.000000
0.000000	103400.000000
0.000000	103400.000000
0.000000	103400.000000
0.000000	103400.000000
0.000000	103400.000000
0.000000	103400.000000
0.000000	103400.000000
0.000000	103400.000000
0.000000	103400.000000
0.000000	103400.000000
0.000000	103400.000000
0.000000	103400.000000
0.000000	103400.000000
0.000000	103400.000000
0.000000	103400.000000
0.000000	103400.000000
0.000000	103401.000000
0.000000	103401.000000
0.000000	103401.000000
0.000000	103401.000000
0.000000	103401.000000
0.000000	103401.000000
0.000000	103401.000000
0.000000	103401.000000
0.000000	103401.000000
0.000000	103401.000000
0.000000	103401.000000
0.000000	103401.000000
0.000000	103401.000000
0.000000	103401.000000
0.000000	103401.000000
0.000000	103401.000000
0.000000	103401.000000
0.000000	103402.000000
0.000000	103402.000000
0.000000	103402.000000
0.000000	103402.000000
0.000000	103402.000000
0.000000	103402.000000
0.000000	103402.000000
0.000000	103402.000000
0.000000	103402.000000
0.000000	103402.000000
0.000000	103402.000000
0.000000	103402.000000
0.000000	103402.000000
0.000000	103402.000000
0.000000	103402.000000
0.000000	103402.000000
0.000000	103402.000000
0.000000	103403.000000
0.000000	103403.000000
0.000000	103403.000000
0.000000	103403.000000
0.000000	103403.000000
0.000000	103403.000000
0.000000	103403.000000
0.000000	103403.000000
0.000000	103403.000000
0.000000	103403.000000
0.000000	103403.000000
0.000000	103403.000000
0.000000	103403.000000
0.000000	103403.000000
0.000000	103403.000000
0.000000	103403.000000
0.000000	103403.000000
0.000000	103404.000000
0.000000	103404.000000
0.000000	103404.000000
0.000000	103404.000000
0.000000	103404.000000
0.000000	103404.000000
0.000000	103404.000000
0.000000	103404.000000
0.000000	103404.000000
0.000000	103404.000000
0.000000	103404.000000
0.000000	103404.000000
0.000000	103404.000000
0.000000	103404.000000
0.000000	103404.000000
0.000000	103404.000000
0.000000	103404.000000
0.000000	103405.000000
0.000000	103405.000000
0.000000	103405.000000
0.000000	103405.000000
0.000000	103405.000000
0.000000	103405.000000
0.000000	103405.000000
0.000000	103405.000000
0.000000	103405.000000
0.000000	103405.000000
0.000000	103405.000000
0.000000	103405.000000
0.000000	103405.000000
0.000000	103405.000000
0.000000	103405.000000
0.000000	103405.000000
0.000000	103405.000000
0.000000	103406.000000
0.000000	103406.000000
0.000000	103406.000000
0.000000	103406.000000
0.000000	103406.000000
0.000000	103406.000000
0.000000	103406.000000
0.000000	103406.000000
0.000000	103406.000000
0.000000	103406.000000
0.000000	103406.000000
0.000000	103406.000000
0.000000	103406.000000
0.000000	103406.000000
0.000000	103406.000000
0.000000	103406.000000
0.000000	103406.000000
0.000000	103407.000000
0.000000	103407.000000
0.000000	103407.000000
0.000000	103407.000000
0.000000	103407.000000
0.000000	103407.000000
0.000000	103407.000000
0.000000	103407.000000
0.000000	103407.000000
0.000000	103407.000000
0.000000	103407.000000
0.000000	103407.000000
0.000000	103407.000000
0.000000	103407.000000
0.000000	103407.000000
0.000000	103407.000000
0.000000	103407.000000
0.000000	103408.000000
0.000000	103408.000000
0.000000	103408.000000
0.000000	103408.000000
0.000000	103408.000000
0.000000	103408.000000
0.000000	103408.000000
0.000000	103408.000000
0.000000	103408.000000
0.000000	103408.000000
0.000000	103408.000000
0.000000	103408.000000
0.000000	103408.000000
0.000000	103408.000000
0.000000	103408.000000
0.000000	103408.000000
0.000000	103408.000000
0.000000	103409.000000
0.000000	103409.000000
0.000000	103409.000000
0.000000	103409.000000
0.000000	103409.000000
0.000000	103409.000000
0.000000	103409.000000
0.000000	103409.000000
0.000000	103409.000000
0.000000	103409.000000
0.000000	103409.000000
0.000000	103409.000000
0.000000	103409.000000
0.000000	103409.000000
0.000000	103409.000000
0.000000	103409.000000
0.000000	103409.000000
0.000000	103410.000000
0.000000	103410.000000
0.000000	103410.000000
0.000000	103410.000000
0.000000	103410.000000
0.000000	103410.000000
0.000000	103410.000000
0.000000	103410.000000
0.000000	103410.000000
0.000000	103410.000000
0.000000	103410.000000
0.000000	103410.000000
0.000000	103410.000000
0.000000	103410.000000
0.000000	103410.000000
0.000000	103410.000000
0.000000	103410.000000
0.000000	103411.000000
0.000000	103411.000000
0.000000	103411.000000
0.000000	103411.000000
0.000000	103411.000000
0.000000	103411.000000
0.000000	103411.000000
0.000000	103411.000000
0.000000	103411.000000
0.000000	103411.000000
0.000000	103411.000000
0.000000	103411.000000
0.000000	103411.000000
0.000000	103411.000000
0.000000	103411.000000
0.000000	103411.000000
0.000000	103411.000000
0.000000	103412.000000
0.000000	103412.000000
0.000000	103412.000000
0.000000	103412.000000
0.000000	103412.000000
0.000000	103412.000000
0.000000	103412.000000
0.000000	103412.000000
0.000000	103412.000000
0.000000	103412.000000
0.000000	103412.000000
0.000000	103412.000000
0.000000	103412.000000
0.000000	103412.000000
0.000000	103412.000000
0.000000	103412.000000
0.000000	103412.000000
0.000000	103412.000000
0.000000	103413.000000
0.000000	103413.000000
0.000000	103413.000000
0.000000	103413.000000
0.000000	103413.000000
0.000000	103413.000000
0.000000	103413.000000
0.000000	103413.000000
0.000000	103413.000000
0.000000	103413.000000
0.000000	103413.000000
0.000000	103413.000000
0.000000	103413.000000
0.000000	103413.000000
0.000000	103413.000000
0.000000	103413.000000
0.000000	103413.000000
0.000000	103414.000000
0.000000	103414.000000
0.000000	103414.000000
0.000000	103414.000000
0.000000	103414.000000
0.000000	103414.000000
0.000000	103414.000000
0.000000	103414.000000
0.000000	103414.000000
0.000000	103414.000000
0.000000	103414.000000
0.000000	103414.000000
0.000000	103414.000000
0.000000	103414.000000
0.000000	103414.000000
0.000000	103414.000000
0.000000	103414.000000
0.000000	103415.000000
0.000000	103415.000000
0.000000	103415.000000
0.000000	103415.000000
0.000000	103415.000000
0.000000	103415.000000
0.000000	103415.000000
0.000000	103415.000000
0.000000	103415.000000
0.000000	103415.000000
0.000000	103415.000000
0.000000	103415.000000
0.000000	103415.000000
0.000000	103415.000000
0.000000	103415.000000
0.000000	103415.000000
0.000000	103415.000000
0.000000	103416.000000
0.000000	103416.000000
0.000000	103416.000000
0.000000	103416.000000
0.000000	103416.000000
0.000000	103416.000000
0.000000	103416.000000
0.000000	103416.000000
0.000000	103416.000000
0.000000	103416.000000
0.000000	103416.000000
0.000000	103416.000000
0.000000	103416.000000
0.000000	103416.000000
0.000000	103416.000000
0.000000	103416.000000
0.000000	103416.000000
0.000000	103417.000000
0.000000	103417.000000
0.000000	103417.000000
0.000000	103417.000000
0.000000	103417.000000
0.000000	103417.000000
0.000000	103417.000000
0.000000	103417.000000
0.000000	103417.000000
0.000000	103417.000000
0.000000	103417.000000
0.000000	103417.000000
0.000000	103417.000000
0.000000	103417.000000
0.000000	103417.000000
0.000000	103417.000000
0.000000	103417.000000
0.000000	103418.000000
0.000000	103418.000000
0.000000	103418.000000
0.000000	103418.000000
0.000000	103418.000000
0.000000	103418.000000
0.000000	103418.000000
0.000000	103418.000000
0.000000	103418.000000
0.000000	103418.000000
0.000000	103418.000000
0.000000	103418.000000
0.000000	103418.000000
0.000000	103418.000000
0.000000	103418.000000
0.000000	103418.000000
0.000000	103418.000000
0.000000	103419.000000
0.000000	103419.000000
0.000000	103419.000000
0.000000	103419.000000
0.000000	103419.000000
0.000000	103419.000000
0.000000	103419.000000
0.000000	103419.000000
0.000000	103419.000000
0.000000	103419.000000
0.000000	103419.000000
0.000000	103419.000000
0.000000	103419.000000
0.000000	103419.000000
0.000000	103419.000000
0.000000	103419.000000
0.000000	103419.000000
0.000000	103420.000000
0.000000	103420.000000
0.000000	103420.000000
0.000000	103420.000000
0.000000	103420.000000
0.000000	103420.000000
0.000000	103420.000000
0.000000	103420.000000
0.000000	103420.000000
0.000000	103420.000000
0.000000	103420.000000
0.000000	103420.000000
0.000000	103420.000000
0.000000	103420.000000
0.000000	103420.000000
0.000000	103420.000000
0.000000	103420.000000
0.000000	103421.000000
0.000000	103421.000000
0.000000	103421.000000
0.000000	103421.000000
0.000000	103421.000000
0.000000	103421.000000
0.000000	103421.000000
0.000000	103421.000000
0.000000	103421.000000
0.000000	103421.000000
0.000000	103421.000000
0.000000	103421.000000
0.000000	103421.000000
0.000000	103421.000000
0.000000	103421.000000
0.000000	103421.000000
0.000000	103421.000000
0.000000	103422.000000
0.000000	103422.000000
0.000000	103422.000000
0.000000	103422.000000
0.000000	103422.000000
0.000000	103422.000000
0.000000	103422.000000
0.000000	103422.000000
0.000000	103422.000000
0.000000	103422.000000
0.000000	103422.000000
0.000000	103422.000000
0.000000	103422.000000
0.000000	103422.000000
0.000000	103422.000000
0.000000	103422.000000
0.000000	103422.000000
0.000000	103423.000000
0.000000	103423.000000
0.000000	103423.000000
0.000000	103423.000000
0.000000	103423.000000
0.000000	103423.000000
0.000000	103423.000000
0.000000	103423.000000
0.000000	103423.000000
0.000000	103423.000000
0.000000	103423.000000
0.000000	103423.000000
0.000000	103423.000000
0.000000	103423.000000
0.000000	103423.000000
0.000000	103423.000000
0.000000	103423.000000
0.000000	103424.000000
0.000000	103424.000000
0.000000	103424.000000
0.000000	103424.000000
0.000000	103424.000000
0.000000	103424.000000
0.000000	103424.000000
0.000000	103424.000000
0.000000	103424.000000
0.000000	103424.000000
0.000000	103424.000000
0.000000	103424.000000
0.000000	103424.000000
0.000000	103424.000000
0.000000	103424.000000
0.000000	103424.000000
0.000000	103424.000000
0.000000	103425.000000
0.000000	103425.000000
0.000000	103425.000000
0.000000	103425.000000
0.000000	103425.000000
0.000000	103425.000000
0.000000	103425.000000
0.000000	103425.000000
0.000000	103425.000000
0.000000	103425.000000
0.000000	103425.000000
0.000000	103425.000000
0.000000	103425.000000
0.000000	103425.000000
0.000000	103425.000000
0.000000	103425.000000
0.000000	103425.000000
0.000000	103426.000000
0.000000	103426.000000
0.000000	103426.000000
0.000000	103426.000000
0.000000	103426.000000
0.000000	103426.000000
0.000000	103426.000000
0.000000	103426.000000
0.000000	103426.000000
0.000000	103426.000000
0.000000	103426.000000
0.000000	103426.000000
0.000000	103426.000000
0.000000	103426.000000
0.000000	103426.000000
0.000000	103426.000000
0.000000	103426.000000
0.000000	103427.000000
0.000000	103427.000000
0.000000	103427.000000
0.000000	103427.000000
0.000000	103427.000000
0.000000	103427.000000
0.000000	103427.000000
0.000000	103427.000000
0.000000	103427.000000
0.000000	103427.000000
0.000000	103427.000000
0.000000	103427.000000
0.000000	103427.000000
0.000000	103427.000000
0.000000	103427.000000
0.000000	103427.000000
0.000000	103427.000000
0.000000	103428.000000
0.000000	103428.000000
0.000000	103428.000000
0.000000	103428.000000
0.000000	103428.000000
0.000000	103428.000000
0.000000	103428.000000
0.000000	103428.000000
0.000000	103428.000000
0.000000	103428.000000
0.000000	103428.000000
0.000000	103428.000000
0.000000	103428.000000
0.000000	103428.000000
0.000000	103428.000000
0.000000	103428.000000
0.000000	103428.000000
0.000000	103428.000000
0.000000	103429.000000
0.000000	103429.000000
0.000000	103429.000000
0.000000	103429.000000
0.000000	103429.000000
0.000000	103429.000000
0.000000	103429.000000
0.000000	103429.000000
0.000000	103429.000000
0.000000	103429.000000
0.000000	103429.000000
0.000000	103429.000000
0.000000	103429.000000
0.000000	103429.000000
0.000000	103429.000000
0.000000	103429.000000
0.000000	103429.000000
0.000000	103430.000000
0.000000	103430.000000
0.000000	103430.000000
0.000000	103430.000000
0.000000	103430.000000
0.000000	103430.000000
0.000000	103430.000000
0.000000	103430.000000
0.000000	103430.000000
0.000000	103430.000000
0.000000	103430.000000
0.000000	103430.000000
0.000000	103430.000000
0.000000	103430.000000
0.000000	103430.000000
0.000000	103430.000000
0.000000	103430.000000
0.000000	103431.000000
0.000000	103431.000000
0.000000	103431.000000
0.000000	103431.000000
0.000000	103431.000000
0.000000	103431.000000
0.000000	103431.000000
0.000000	103431.000000
0.000000	103431.000000
0.000000	103431.000000
0.000000	103431.000000
0.000000	103431.000000
0.000000	103431.000000
0.000000	103431.000000
0.000000	103431.000000
0.000000	103431.000000
0.000000	103431.000000
0.000000	103432.000000
0.000000	103432.000000
0.000000	103432.000000
0.000000	103432.000000
0.000000	103432.000000
0.000000	103432.000000
0.000000	103432.000000
0.000000	103432.000000
0.000000	103432.000000
0.000000	103432.000000
0.000000	103432.000000
0.000000	103432.000000
0.000000	103432.000000
0.000000	103432.000000
0.000000	103432.000000
0.000000	103432.000000
0.000000	103432.000000
0.000000	103433.000000
0.000000	103433.000000
0.000000	103433.000000
0.000000	103433.000000
0.000000	103433.000000
0.000000	103433.000000
0.000000	103433.000000
0.000000	103433.000000
0.000000	103433.000000
0.000000	103433.000000
0.000000	103433.000000
0.000000	103433.000000
0.000000	103433.000000
0.000000	103433.000000
0.000000	103433.000000
0.000000	103433.000000
0.000000	103433.000000
0.000000	103434.000000
0.000000	103434.000000
0.000000	103434.000000
0.000000	103434.000000
0.000000	103434.000000
0.000000	103434.000000
0.000000	103434.000000
0.000000	103434.000000
0.000000	103434.000000
0.000000	103434.000000
0.000000	103434.000000
0.000000	103434.000000
0.000000	103434.000000
0.000000	103434.000000
0.000000	103434.000000
0.000000	103434.000000
0.000000	103434.000000
0.000000	103435.000000
0.000000	103435.000000
0.000000	103435.000000
0.000000	103435.000000
0.000000	103435.000000
0.000000	103435.000000
0.000000	103435.000000
0.000000	103435.000000
0.000000	103435.000000
0.000000	103435.000000
0.000000	103435.000000
0.000000	103435.000000
0.000000	103435.000000
0.000000	103435.000000
0.000000	103435.000000
0.000000	103435.000000
0.000000	103435.000000
0.000000	103436.000000
0.000000	103436.000000
0.000000	103436.000000
0.000000	103436.000000
0.000000	103436.000000
0.000000	103436.000000
0.000000	103436.000000
0.000000	103436.000000
0.000000	103436.000000
0.000000	103436.000000
0.000000	103436.000000
0.000000	103436.000000
0.000000	103436.000000
0.000000	103436.000000
0.000000	103436.000000
0.000000	103436.000000
0.000000	103436.000000
0.000000	103437.000000
0.000000	103437.000000
0.000000	103437.000000
0.000000	103437.000000
0.000000	103437.000000
0.000000	103437.000000
0.000000	103437.000000
0.000000	103437.000000
0.000000	103437.000000
0.000000	103437.000000
0.000000	103437.000000
0.000000	103437.000000
0.000000	103437.000000
0.000000	103437.000000
0.000000	103437.000000
0.000000	103437.000000
0.000000	103437.000000
0.000000	103438.000000
0.000000	103438.000000
0.000000	103438.000000
0.000000	103438.000000
0.000000	103438.000000
0.000000	103438.000000
0.000000	103438.000000
0.000000	103438.000000
0.000000	103438.000000
0.000000	103438.000000
0.000000	103438.000000
0.000000	103438.000000
0.000000	103438.000000
0.000000	103438.000000
0.000000	103438.000000
0.000000	103438.000000
0.000000	103438.000000
0.000000	103439.000000
0.000000	103439.000000
0.000000	103439.000000
0.000000	103439.000000
0.000000	103439.000000
0.000000	103439.000000
0.000000	103439.000000
0.000000	103439.000000
0.000000	103439.000000
0.000000	103439.000000
0.000000	103439.000000
0.000000	103439.000000
0.000000	103439.000000
0.000000	103439.000000
0.000000	103439.000000
0.000000	103439.000000
0.000000	103439.000000
0.000000	103440.000000
0.000000	103440.000000
0.000000	103440.000000
0.000000	103440.000000
0.000000	103440.000000
0.000000	103440.000000
0.000000	103440.000000
0.000000	103440.000000
0.000000	103440.000000
0.000000	103440.000000
0.000000	103440.000000
0.000000	103440.000000
0.000000	103440.000000
0.000000	103440.000000
0.000000	103440.000000
0.000000	103440.000000
0.000000	103440.000000
0.000000	103441.000000
0.000000	103441.000000
0.000000	103441.000000
0.000000	103441.000000
0.000000	103441.000000
0.000000	103441.000000
0.000000	103441.000000
0.000000	103441.000000
0.000000	103441.000000
0.000000	103441.000000
0.000000	103441.000000
0.000000	103441.000000
0.000000	103441.000000
0.000000	103441.000000
0.000000	103441.000000
0.000000	103441.000000
0.000000	103441.000000
0.000000	103442.000000
0.000000	103442.000000
0.000000	103442.000000
0.000000	103442.000000
0.000000	103442.000000
0.000000	103442.000000
0.000000	103442.000000
0.000000	103442.000000
0.000000	103442.000000
0.000000	103442.000000
0.000000	103442.000000
0.000000	103442.000000
0.000000	103442.000000
0.000000	103442.000000
0.000000	103442.000000
0.000000	103442.000000
0.000000	103442.000000
0.000000	103443.000000
0.000000	103443.000000
0.000000	103443.000000
0.000000	103443.000000
0.000000	103443.000000
0.000000	103443.000000
0.000000	103443.000000
0.000000	103443.000000
0.000000	103443.000000
0.000000	103443.000000
0.000000	103443.000000
0.000000	103443.000000
0.000000	103443.000000
0.000000	103443.000000
0.000000	103443.000000
0.000000	103443.000000
0.000000	103443.000000
0.000000	103443.000000
0.000000	103444.000000
0.000000	103444.000000
0.000000	103444.000000
0.000000	103444.000000
0.000000	103444.000000
0.000000	103444.000000
0.000000	103444.000000
0.000000	103444.000000
0.000000	103444.000000
0.000000	103444.000000
0.000000	103444.000000
0.000000	103444.000000
0.000000	103444.000000
0.000000	103444.000000
0.000000	103444.000000
0.000000	103444.000000
0.000000	103444.000000
0.000000	103445.000000
0.000000	103445.000000
0.000000	103445.000000
0.000000	103445.000000
0.000000	103445.000000
0.000000	103445.000000
0.000000	103445.000000
0.000000	103445.000000
0.000000	103445.000000
0.000000	103445.000000
0.000000	103445.000000
0.000000	103445.000000
0.000000	103445.000000
0.000000	103445.000000
0.000000	103445.000000
0.000000	103445.000000
0.000000	103445.000000
0.000000	103446.000000
0.000000	103446.000000
0.000000	103446.000000
0.000000	103446.000000
0.000000	103446.000000
0.000000	103446.000000
0.000000	103446.000000
0.000000	103446.000000
0.000000	103446.000000
0.000000	103446.000000
0.000000	103446.000000
0.000000	103446.000000
0.000000	103446.000000
0.000000	103446.000000
0.000000	103446.000000
0.000000	103446.000000
0.000000	103446.000000
0.000000	103447.000000
0.000000	103447.000000
0.000000	103447.000000
0.000000	103447.000000
0.000000	103447.000000
0.000000	103447.000000
0.000000	103447.000000
0.000000	103447.000000
0.000000	103447.000000
0.000000	103447.000000
0.000000	103447.000000
0.000000	103447.000000
0.000000	103447.000000
0.000000	103447.000000
0.000000	103447.000000
0.000000	103447.000000
0.000000	103447.000000
0.000000	103448.000000
0.000000	103448.000000
0.000000	103448.000000
0.000000	103448.000000
0.000000	103448.000000
0.000000	103448.000000
0.000000	103448.000000
0.000000	103448.000000
0.000000	103448.000000
0.000000	103448.000000
0.000000	103448.000000
0.000000	103448.000000
0.000000	103448.000000
0.000000	103448.000000
0.000000	103448.000000
0.000000	103448.000000
0.000000	103448.000000
0.000000	103449.000000
0.000000	103449.000000
0.000000	103449.000000
0.000000	103449.000000
0.000000	103449.000000
0.000000	103449.000000
0.000000	103449.000000
0.000000	103449.000000
0.000000	103449.000000
0.000000	103449.000000
0.000000	103449.000000
0.000000	103449.000000
0.000000	103449.000000
0.000000	103449.000000
0.000000	103449.000000
0.000000	103449.000000
0.000000	103449.000000
0.000000	103450.000000
0.000000	103450.000000
0.000000	103450.000000
0.000000	103450.000000
0.000000	103450.000000
0.000000	103450.000000
0.000000	103450.000000
0.000000	103450.000000
0.000000	103450.000000
0.000000	103450.000000
0.000000	103450.000000
0.000000	103450.000000
0.000000	103450.000000
0.000000	103450.000000
0.000000	103450.000000
0.000000	103450.000000
0.000000	103450.000000
0.000000	103451.000000
0.000000	103451.000000
0.000000	103451.000000
0.000000	103451.000000
0.000000	103451.000000
0.000000	103451.000000
0.000000	103451.000000
0.000000	103451.000000
0.000000	103451.000000
0.000000	103451.000000
0.000000	103451.000000
0.000000	103451.000000
0.000000	103451.000000
0.000000	103451.000000
0.000000	103451.000000
0.000000	103451.000000
0.000000	103451.000000
0.000000	103452.000000
0.000000	103452.000000
0.000000	103452.000000
0.000000	103452.000000
0.000000	103452.000000
0.000000	103452.000000
0.000000	103452.000000
0.000000	103452.000000
0.000000	103452.000000
0.000000	103452.000000
0.000000	103452.000000
0.000000	103452.000000
0.000000	103452.000000
0.000000	103452.000000
0.000000	103452.000000
0.000000	103452.000000
0.000000	103452.000000
0.000000	103453.000000
0.000000	103453.000000
0.000000	103453.000000
0.000000	103453.000000
0.000000	103453.000000
0.000000	103453.000000
0.000000	103453.000000
0.000000	103453.000000
0.000000	103453.000000
0.000000	103453.000000
0.000000	103453.000000
0.000000	103453.000000
0.000000	103453.000000
0.000000	103453.000000
0.000000	103453.000000
0.000000	103453.000000
0.000000	103453.000000
0.000000	103454.000000
0.000000	103454.000000
0.000000	103454.000000
0.000000	103454.000000
0.000000	103454.000000
0.000000	103454.000000
0.000000	103454.000000
0.000000	103454.000000
0.000000	103454.000000
0.000000	103454.000000
0.000000	103454.000000
0.000000	103454.000000
0.000000	103454.000000
0.000000	103454.000000
0.000000	103454.000000
0.000000	103454.000000
0.000000	103454.000000
0.000000	103455.000000
0.000000	103455.000000
0.000000	103455.000000
0.000000	103455.000000
0.000000	103455.000000
0.000000	103455.000000
0.000000	103455.000000
0.000000	103455.000000
0.000000	103455.000000
0.000000	103455.000000
0.000000	103455.000000
0.000000	103455.000000
0.000000	103455.000000
0.000000	103455.000000
0.000000	103455.000000
0.000000	103455.000000
0.000000	103455.000000
0.000000	103456.000000
0.000000	103456.000000
0.000000	103456.000000
0.000000	103456.000000
0.000000	103456.000000
0.000000	103456.000000
0.000000	103456.000000
0.000000	103456.000000
0.000000	103456.000000
0.000000	103456.000000
0.000000	103456.000000
0.000000	103456.000000
0.000000	103456.000000
0.000000	103456.000000
0.000000	103456.000000
0.000000	103456.000000
0.000000	103456.000000
0.000000	103457.000000
0.000000	103457.000000
0.000000	103457.000000
0.000000	103457.000000
0.000000	103457.000000
0.000000	103457.000000
0.000000	103457.000000
0.000000	103457.000000
0.000000	103457.000000
0.000000	103457.000000
0.000000	103457.000000
0.000000	103457.000000
0.000000	103457.000000
0.000000	103457.000000
0.000000	103457.000000
0.000000	103457.000000
0.000000	103457.000000
0.000000	103458.000000
0.000000	103458.000000
0.000000	103458.000000
0.000000	103458.000000
0.000000	103458.000000
0.000000	103458.000000
0.000000	103458.000000
0.000000	103458.000000
0.000000	103458.000000
0.000000	103458.000000
0.000000	103458.000000
0.000000	103458.000000
0.000000	103458.000000
0.000000	103458.000000
0.000000	103458.000000
0.000000	103458.000000
0.000000	103458.000000
0.000000	103458.000000
0.000000	103459.000000
0.000000	103459.000000
0.000000	103459.000000
0.000000	103459.000000
0.000000	103459.000000
0.000000	103459.000000
0.000000	103459.000000
0.000000	103459.000000
0.000000	103459.000000
0.000000	103459.000000
0.000000	103459.000000
0.000000	103459.000000
0.000000	103459.000000
0.000000	103459.000000
0.000000	103459.000000
0.000000	103459.000000
0.000000	103459.000000
0.000000	103500.000000
0.000000	103500.000000
0.000000	103500.000000
0.000000	103500.000000
0.000000	103500.000000
0.000000	103500.000000
0.000000	103500.000000
0.000000	103500.000000
0.000000	103500.000000
0.000000	103500.000000
0.000000	103500.000000
0.000000	103500.000000
0.000000	103500.000000
0.000000	103500.000000
0.000000	103500.000000
0.000000	103500.000000
0.000000	103500.000000
0.000000	103501.000000
0.000000	103501.000000
0.000000	103501.000000
0.000000	103501.000000
0.000000	103501.000000
0.000000	103501.000000
0.000000	103501.000000
0.000000	103501.000000
0.000000	103501.000000
0.000000	103501.000000
0.000000	103501.000000
0.000000	103501.000000
0.000000	103501.000000
0.000000	103501.000000
0.000000	103501.000000
0.000000	103501.000000
0.000000	103501.000000
0.000000	103502.000000
0.000000	103502.000000
0.000000	103502.000000
0.000000	103502.000000
0.000000	103502.000000
0.000000	103502.000000
0.000000	103502.000000
0.000000	103502.000000
0.000000	103502.000000
0.000000	103502.000000
0.000000	103502.000000
0.000000	103502.000000
0.000000	103502.000000
0.000000	103502.000000
0.000000	103502.000000
0.000000	103502.000000
0.000000	103502.000000
0.000000	103503.000000
0.000000	103503.000000
0.000000	103503.000000
0.000000	103503.000000
0.000000	103503.000000
0.000000	103503.000000
0.000000	103503.000000
0.000000	103503.000000
0.000000	103503.000000
0.000000	103503.000000
0.000000	103503.000000
0.000000	103503.000000
0.000000	103503.000000
0.000000	103503.000000
0.000000	103503.000000
0.000000	103503.000000
0.000000	103503.000000
0.000000	103504.000000
0.000000	103504.000000
0.000000	103504.000000
0.000000	103504.000000
0.000000	103504.000000
0.000000	103504.000000
0.000000	103504.000000
0.000000	103504.000000
0.000000	103504.000000
0.000000	103504.000000
0.000000	103504.000000
0.000000	103504.000000
0.000000	103504.000000
0.000000	103504.000000
0.000000	103504.000000
0.000000	103504.000000
0.000000	103504.000000
0.000000	103505.000000
0.000000	103505.000000
0.000000	103505.000000
0.000000	103505.000000
0.000000	103505.000000
0.000000	103505.000000
0.000000	103505.000000
0.000000	103505.000000
0.000000	103505.000000
0.000000	103505.000000
0.000000	103505.000000
0.000000	103505.000000
0.000000	103505.000000
0.000000	103505.000000
0.000000	103505.000000
0.000000	103505.000000
0.000000	103505.000000
0.000000	103506.000000
0.000000	103506.000000
0.000000	103506.000000
0.000000	103506.000000
0.000000	103506.000000
0.000000	103506.000000
0.000000	103506.000000
0.000000	103506.000000
0.000000	103506.000000
0.000000	103506.000000
0.000000	103506.000000
0.000000	103506.000000
0.000000	103506.000000
0.000000	103506.000000
0.000000	103506.000000
0.000000	103506.000000
0.000000	103506.000000
0.000000	103507.000000
0.000000	103507.000000
0.000000	103507.000000
0.000000	103507.000000
0.000000	103507.000000
0.000000	103507.000000
0.000000	103507.000000
0.000000	103507.000000
0.000000	103507.000000
0.000000	103507.000000
0.000000	103507.000000
0.000000	103507.000000
0.000000	103507.000000
0.000000	103507.000000
0.000000	103507.000000
0.000000	103507.000000
0.000000	103507.000000
0.000000	103508.000000
0.000000	103508.000000
0.000000	103508.000000
0.000000	103508.000000
0.000000	103508.000000
0.000000	103508.000000
0.000000	103508.000000
0.000000	103508.000000
0.000000	103508.000000
0.000000	103508.000000
0.000000	103508.000000
0.000000	103508.000000
0.000000	103508.000000
0.000000	103508.000000
0.000000	103508.000000
0.000000	103508.000000
0.000000	103508.000000
0.000000	103509.000000
0.000000	103509.000000
0.000000	103509.000000
0.000000	103509.000000
0.000000	103509.000000
0.000000	103509.000000
0.000000	103509.000000
0.000000	103509.000000
0.000000	103509.000000
0.000000	103509.000000
0.000000	103509.000000
0.000000	103509.000000
0.000000	103509.000000
0.000000	103509.000000
0.000000	103509.000000
0.000000	103509.000000
0.000000	103509.000000
0.000000	103510.000000
0.000000	103510.000000
0.000000	103510.000000
0.000000	103510.000000
0.000000	103510.000000
0.000000	103510.000000
0.000000	103510.000000
0.000000	103510.000000
0.000000	103510.000000
0.000000	103510.000000
0.000000	103510.000000
0.000000	103510.000000
0.000000	103510.000000
0.000000	103510.000000
0.000000	103510.000000
0.000000	103510.000000
0.000000	103510.000000
0.000000	103511.000000
0.000000	103511.000000
0.000000	103511.000000
0.000000	103511.000000
0.000000	103511.000000
0.000000	103511.000000
0.000000	103511.000000
0.000000	103511.000000
0.000000	103511.000000
0.000000	103511.000000
0.000000	103511.000000
0.000000	103511.000000
0.000000	103511.000000
0.000000	103511.000000
0.000000	103511.000000
0.000000	103511.000000
0.000000	103511.000000
0.000000	103512.000000
0.000000	103512.000000
0.000000	103512.000000
0.000000	103512.000000
0.000000	103512.000000
0.000000	103512.000000
0.000000	103512.000000
0.000000	103512.000000
0.000000	103512.000000
0.000000	103512.000000
0.000000	103512.000000
0.000000	103512.000000
0.000000	103512.000000
0.000000	103512.000000
0.000000	103512.000000
0.000000	103512.000000
0.000000	103512.000000
0.000000	103513.000000
0.000000	103513.000000
0.000000	103513.000000
0.000000	103513.000000
0.000000	103513.000000
0.000000	103513.000000
0.000000	103513.000000
0.000000	103513.000000
0.000000	103513.000000
0.000000	103513.000000
0.000000	103513.000000
0.000000	103513.000000
0.000000	103513.000000
0.000000	103513.000000
0.000000	103513.000000
0.000000	103513.000000
0.000000	103513.000000
0.000000	103513.000000
0.000000	103514.000000
0.000000	103514.000000
0.000000	103514.000000
0.000000	103514.000000
0.000000	103514.000000
0.000000	103514.000000
0.000000	103514.000000
0.000000	103514.000000
0.000000	103514.000000
0.000000	103514.000000
0.000000	103514.000000
0.000000	103514.000000
0.000000	103514.000000
0.000000	103514.000000
0.000000	103514.000000
0.000000	103514.000000
0.000000	103514.000000
0.000000	103515.000000
0.000000	103515.000000
0.000000	103515.000000
0.000000	103515.000000
0.000000	103515.000000
0.000000	103515.000000
0.000000	103515.000000
0.000000	103515.000000
0.000000	103515.000000
0.000000	103515.000000
0.000000	103515.000000
0.000000	103515.000000
0.000000	103515.000000
0.000000	103515.000000
0.000000	103515.000000
0.000000	103515.000000
0.000000	103515.000000
0.000000	103516.000000
0.000000	103516.000000
0.000000	103516.000000
0.000000	103516.000000
0.000000	103516.000000
0.000000	103516.000000
0.000000	103516.000000
0.000000	103516.000000
0.000000	103516.000000
0.000000	103516.000000
0.000000	103516.000000
0.000000	103516.000000
0.000000	103516.000000
0.000000	103516.000000
0.000000	103516.000000
0.000000	103516.000000
0.000000	103516.000000
0.000000	103517.000000
0.000000	103517.000000
0.000000	103517.000000
0.000000	103517.000000
0.000000	103517.000000
0.000000	103517.000000
0.000000	103517.000000
0.000000	103517.000000
0.000000	103517.000000
0.000000	103517.000000
0.000000	103517.000000
0.000000	103517.000000
0.000000	103517.000000
0.000000	103517.000000
0.000000	103517.000000
0.000000	103517.000000
0.000000	103517.000000
0.000000	103518.000000
0.000000	103518.000000
0.000000	103518.000000
0.000000	103518.000000
0.000000	103518.000000
0.000000	103518.000000
0.000000	103518.000000
0.000000	103518.000000
0.000000	103518.000000
0.000000	103518.000000
0.000000	103518.000000
0.000000	103518.000000
0.000000	103518.000000
0.000000	103518.000000
0.000000	103518.000000
0.000000	103518.000000
0.000000	103518.000000
0.000000	103519.000000
0.000000	103519.000000
0.000000	103519.000000
0.000000	103519.000000
0.000000	103519.000000
0.000000	103519.000000
0.000000	103519.000000
0.000000	103519.000000
0.000000	103519.000000
0.000000	103519.000000
0.000000	103519.000000
0.000000	103519.000000
0.000000	103519.000000
0.000000	103519.000000
0.000000	103519.000000
0.000000	103519.000000
0.000000	103519.000000
0.000000	103520.000000
0.000000	103520.000000
0.000000	103520.000000
0.000000	103520.000000
0.000000	103520.000000
0.000000	103520.000000
0.000000	103520.000000
0.000000	103520.000000
0.000000	103520.000000
0.000000	103520.000000
0.000000	103520.000000
0.000000	103520.000000
0.000000	103520.000000
0.000000	103520.000000
0.000000	103520.000000
0.000000	103520.000000
0.000000	103520.000000
0.000000	103521.000000
0.000000	103521.000000
0.000000	103521.000000
0.000000	103521.000000
0.000000	103521.000000
0.000000	103521.000000
0.000000	103521.000000
0.000000	103521.000000
0.000000	103521.000000
0.000000	103521.000000
0.000000	103521.000000
0.000000	103521.000000
0.000000	103521.000000
0.000000	103521.000000
0.000000	103521.000000
0.000000	103521.000000
0.000000	103521.000000
0.000000	103522.000000
0.000000	103522.000000
0.000000	103522.000000
0.000000	103522.000000
0.000000	103522.000000
0.000000	103522.000000
0.000000	103522.000000
0.000000	103522.000000
0.000000	103522.000000
0.000000	103522.000000
0.000000	103522.000000
0.000000	103522.000000
0.000000	103522.000000
0.000000	103522.000000
0.000000	103522.000000
0.000000	103522.000000
0.000000	103522.000000
0.000000	103523.000000
0.000000	103523.000000
0.000000	103523.000000
0.000000	103523.000000
0.000000	103523.000000
0.000000	103523.000000
0.000000	103523.000000
0.000000	103523.000000
0.000000	103523.000000
0.000000	103523.000000
0.000000	103523.000000
0.000000	103523.000000
0.000000	103523.000000
0.000000	103523.000000
0.000000	103523.000000
0.000000	103523.000000
0.000000	103523.000000
0.000000	103524.000000
0.000000	103524.000000
0.000000	103524.000000
0.000000	103524.000000
0.000000	103524.000000
0.000000	103524.000000
0.000000	103524.000000
0.000000	103524.000000
0.000000	103524.000000
0.000000	103524.000000
0.000000	103524.000000
0.000000	103524.000000
0.000000	103524.000000
0.000000	103524.000000
0.000000	103524.000000
0.000000	103524.000000
0.000000	103524.000000
0.000000	103525.000000
0.000000	103525.000000
0.000000	103525.000000
0.000000	103525.000000
0.000000	103525.000000
0.000000	103525.000000
0.000000	103525.000000
0.000000	103525.000000
0.000000	103525.000000
0.000000	103525.000000
0.000000	103525.000000
0.000000	103525.000000
0.000000	103525.000000
0.000000	103525.000000
0.000000	103525.000000
0.000000	103525.000000
0.000000	103525.000000
0.000000	103526.000000
0.000000	103526.000000
0.000000	103526.000000
0.000000	103526.000000
0.000000	103526.000000
0.000000	103526.000000
0.000000	103526.000000
0.000000	103526.000000
0.000000	103526.000000
0.000000	103526.000000
0.000000	103526.000000
0.000000	103526.000000
0.000000	103526.000000
0.000000	103526.000000
0.000000	103526.000000
0.000000	103526.000000
0.000000	103526.000000
0.000000	103527.000000
0.000000	103527.000000
0.000000	103527.000000
0.000000	103527.000000
0.000000	103527.000000
0.000000	103527.000000
0.000000	103527.000000
0.000000	103527.000000
0.000000	103527.000000
0.000000	103527.000000
0.000000	103527.000000
0.000000	103527.000000
0.000000	103527.000000
0.000000	103527.000000
0.000000	103527.000000
0.000000	103527.000000
0.000000	103527.000000
0.000000	103528.000000
0.000000	103528.000000
0.000000	103528.000000
0.000000	103528.000000
0.000000	103528.000000
0.000000	103528.000000
0.000000	103528.000000
0.000000	103528.000000
0.000000	103528.000000
0.000000	103528.000000
0.000000	103528.000000
0.000000	103528.000000
0.000000	103528.000000
0.000000	103528.000000
0.000000	103528.000000
0.000000	103528.000000
0.000000	103528.000000
0.000000	103529.000000
0.000000	103529.000000
0.000000	103529.000000
0.000000	103529.000000
0.000000	103529.000000
0.000000	103529.000000
0.000000	103529.000000
0.000000	103529.000000
0.000000	103529.000000
0.000000	103529.000000
0.000000	103529.000000
0.000000	103529.000000
0.000000	103529.000000
0.000000	103529.000000
0.000000	103529.000000
0.000000	103529.000000
0.000000	103529.000000
0.000000	103530.000000
0.000000	103530.000000
0.000000	103530.000000
0.000000	103530.000000
0.000000	103530.000000
0.000000	103530.000000
0.000000	103530.000000
0.000000	103530.000000
0.000000	103530.000000
0.000000	103530.000000
0.000000	103530.000000
0.000000	103530.000000
0.000000	103530.000000
0.000000	103530.000000
0.000000	103530.000000
0.000000	103530.000000
0.000000	103530.000000
0.000000	103530.000000
0.000000	103531.000000
0.000000	103531.000000
0.000000	103531.000000
0.000000	103531.000000
0.000000	103531.000000
0.000000	103531.000000
0.000000	103531.000000
0.000000	103531.000000
0.000000	103531.000000
0.000000	103531.000000
0.000000	103531.000000
0.000000	103531.000000
0.000000	103531.000000
0.000000	103531.000000
0.000000	103531.000000
0.000000	103531.000000
0.000000	103531.000000
0.000000	103532.000000
0.000000	103532.000000
0.000000	103532.000000
0.000000	103532.000000
0.000000	103532.000000
0.000000	103532.000000
0.000000	103532.000000
0.000000	103532.000000
0.000000	103532.000000
0.000000	103532.000000
0.000000	103532.000000
0.000000	103532.000000
0.000000	103532.000000
0.000000	103532.000000
0.000000	103532.000000
0.000000	103532.000000
0.000000	103532.000000
0.000000	103533.000000
0.000000	103533.000000
0.000000	103533.000000
0.000000	103533.000000
0.000000	103533.000000
0.000000	103533.000000
0.000000	103533.000000
0.000000	103533.000000
0.000000	103533.000000
0.000000	103533.000000
0.000000	103533.000000
0.000000	103533.000000
0.000000	103533.000000
0.000000	103533.000000
0.000000	103533.000000
0.000000	103533.000000
0.000000	103533.000000
0.000000	103534.000000
0.000000	103534.000000
0.000000	103534.000000
0.000000	103534.000000
0.000000	103534.000000
0.000000	103534.000000
0.000000	103534.000000
0.000000	103534.000000
0.000000	103534.000000
0.000000	103534.000000
0.000000	103534.000000
0.000000	103534.000000
0.000000	103534.000000
0.000000	103534.000000
0.000000	103534.000000
0.000000	103534.000000
0.000000	103534.000000
0.000000	103535.000000
0.000000	103535.000000
0.000000	103535.000000
0.000000	103535.000000
0.000000	103535.000000
0.000000	103535.000000
0.000000	103535.000000
0.000000	103535.000000
0.000000	103535.000000
0.000000	103535.000000
0.000000	103535.000000
0.000000	103535.000000
0.000000	103535.000000
0.000000	103535.000000
0.000000	103535.000000
0.000000	103535.000000
0.000000	103535.000000
0.000000	103536.000000
0.000000	103536.000000
0.000000	103536.000000
0.000000	103536.000000
0.000000	103536.000000
0.000000	103536.000000
0.000000	103536.000000
0.000000	103536.000000
0.000000	103536.000000
0.000000	103536.000000
0.000000	103536.000000
0.000000	103536.000000
0.000000	103536.000000
0.000000	103536.000000
0.000000	103536.000000
0.000000	103536.000000
0.000000	103536.000000
0.000000	103537.000000
0.000000	103537.000000
0.000000	103537.000000
0.000000	103537.000000
0.000000	103537.000000
0.000000	103537.000000
0.000000	103537.000000
0.000000	103537.000000
0.000000	103537.000000
0.000000	103537.000000
0.000000	103537.000000
0.000000	103537.000000
0.000000	103537.000000
0.000000	103537.000000
0.000000	103537.000000
0.000000	103537.000000
0.000000	103537.000000
0.000000	103538.000000
0.000000	103538.000000
0.000000	103538.000000
0.000000	103538.000000
0.000000	103538.000000
0.000000	103538.000000
0.000000	103538.000000
0.000000	103538.000000
0.000000	103538.000000
0.000000	103538.000000
0.000000	103538.000000
0.000000	103538.000000
0.000000	103538.000000
0.000000	103538.000000
0.000000	103538.000000
0.000000	103538.000000
0.000000	103538.000000
0.000000	103539.000000
0.000000	103539.000000
0.000000	103539.000000
0.000000	103539.000000
0.000000	103539.000000
0.000000	103539.000000
0.000000	103539.000000
0.000000	103539.000000
0.000000	103539.000000
0.000000	103539.000000
0.000000	103539.000000
0.000000	103539.000000
0.000000	103539.000000
0.000000	103539.000000
0.000000	103539.000000
0.000000	103539.000000
0.000000	103539.000000
0.000000	103540.000000
0.000000	103540.000000
0.000000	103540.000000
0.000000	103540.000000
0.000000	103540.000000
0.000000	103540.000000
0.000000	103540.000000
0.000000	103540.000000
0.000000	103540.000000
0.000000	103540.000000
0.000000	103540.000000
0.000000	103540.000000
0.000000	103540.000000
0.000000	103540.000000
0.000000	103540.000000
0.000000	103540.000000
0.000000	103540.000000
0.000000	103541.000000
0.000000	103541.000000
0.000000	103541.000000
0.000000	103541.000000
0.000000	103541.000000
0.000000	103541.000000
0.000000	103541.000000
0.000000	103541.000000
0.000000	103541.000000
0.000000	103541.000000
0.000000	103541.000000
0.000000	103541.000000
0.000000	103541.000000
0.000000	103541.000000
0.000000	103541.000000
0.000000	103541.000000
0.000000	103541.000000
0.000000	103542.000000
0.000000	103542.000000
0.000000	103542.000000
0.000000	103542.000000
0.000000	103542.000000
0.000000	103542.000000
0.000000	103542.000000
0.000000	103542.000000
0.000000	103542.000000
0.000000	103542.000000
0.000000	103542.000000
0.000000	103542.000000
0.000000	103542.000000
0.000000	103542.000000
0.000000	103542.000000
0.000000	103542.000000
0.000000	103542.000000
0.000000	103543.000000
0.000000	103543.000000
0.000000	103543.000000
0.000000	103543.000000
0.000000	103543.000000
0.000000	103543.000000
0.000000	103543.000000
0.000000	103543.000000
0.000000	103543.000000
0.000000	103543.000000
0.000000	103543.000000
0.000000	103543.000000
0.000000	103543.000000
0.000000	103543.000000
0.000000	103543.000000
0.000000	103543.000000
0.000000	103543.000000
0.000000	103544.000000
0.000000	103544.000000
0.000000	103544.000000
0.000000	103544.000000
0.000000	103544.000000
0.000000	103544.000000
0.000000	103544.000000
0.000000	103544.000000
0.000000	103544.000000
0.000000	103544.000000
0.000000	103544.000000
0.000000	103544.000000
0.000000	103544.000000
0.000000	103544.000000
0.000000	103544.000000
0.000000	103544.000000
0.000000	103544.000000
0.000000	103545.000000
0.000000	103545.000000
0.000000	103545.000000
0.000000	103545.000000
0.000000	103545.000000
0.000000	103545.000000
0.000000	103545.000000
0.000000	103545.000000
0.000000	103545.000000
0.000000	103545.000000
0.000000	103545.000000
0.000000	103545.000000
0.000000	103545.000000
0.000000	103545.000000
0.000000	103545.000000
0.000000	103545.000000
0.000000	103545.000000
0.000000	103545.000000
0.000000	103546.000000
0.000000	103546.000000
0.000000	103546.000000
0.000000	103546.000000
0.000000	103546.000000
0.000000	103546.000000
0.000000	103546.000000
0.000000	103546.000000
0.000000	103546.000000
0.000000	103546.000000
0.000000	103546.000000
0.000000	103546.000000
0.000000	103546.000000
0.000000	103546.000000
0.000000	103546.000000
0.000000	103546.000000
0.000000	103546.000000
0.000000	103547.000000
0.000000	103547.000000
0.000000	103547.000000
0.000000	103547.000000
0.000000	103547.000000
0.000000	103547.000000
0.000000	103547.000000
0.000000	103547.000000
0.000000	103547.000000
0.000000	103547.000000
0.000000	103547.000000
0.000000	103547.000000
0.000000	103547.000000
0.000000	103547.000000
0.000000	103547.000000
0.000000	103547.000000
0.000000	103547.000000
0.000000	103548.000000
0.000000	103548.000000
0.000000	103548.000000
0.000000	103548.000000
0.000000	103548.000000
0.000000	103548.000000
0.000000	103548.000000
0.000000	103548.000000
0.000000	103548.000000
0.000000	103548.000000
0.000000	103548.000000
0.000000	103548.000000
0.000000	103548.000000
0.000000	103548.000000
0.000000	103548.000000
0.000000	103548.000000
0.000000	103548.000000
0.000000	103549.000000
0.000000	103549.000000
0.000000	103549.000000
0.000000	103549.000000
0.000000	103549.000000
0.000000	103549.000000
0.000000	103549.000000
0.000000	103549.000000
0.000000	103549.000000
0.000000	103549.000000
0.000000	103549.000000
0.000000	103549.000000
0.000000	103549.000000
0.000000	103549.000000
0.000000	103549.000000
0.000000	103549.000000
0.000000	103549.000000
0.000000	103550.000000
0.000000	103550.000000
0.000000	103550.000000
0.000000	103550.000000
0.000000	103550.000000
0.000000	103550.000000
0.000000	103550.000000
0.000000	103550.000000
0.000000	103550.000000
0.000000	103550.000000
0.000000	103550.000000
0.000000	103550.000000
0.000000	103550.000000
0.000000	103550.000000
0.000000	103550.000000
0.000000	103550.000000
0.000000	103550.000000
0.000000	103551.000000
0.000000	103551.000000
0.000000	103551.000000
0.000000	103551.000000
0.000000	103551.000000
0.000000	103551.000000
0.000000	103551.000000
0.000000	103551.000000
0.000000	103551.000000
0.000000	103551.000000
0.000000	103551.000000
0.000000	103551.000000
0.000000	103551.000000
0.000000	103551.000000
0.000000	103551.000000
0.000000	103551.000000
0.000000	103551.000000
0.000000	103552.000000
0.000000	103552.000000
0.000000	103552.000000
0.000000	103552.000000
0.000000	103552.000000
0.000000	103552.000000
0.000000	103552.000000
0.000000	103552.000000
0.000000	103552.000000
0.000000	103552.000000
0.000000	103552.000000
0.000000	103552.000000
0.000000	103552.000000
0.000000	103552.000000
0.000000	103552.000000
0.000000	103552.000000
0.000000	103552.000000
0.000000	103553.000000
0.000000	103553.000000
0.000000	103553.000000
0.000000	103553.000000
0.000000	103553.000000
0.000000	103553.000000
0.000000	103553.000000
0.000000	103553.000000
0.000000	103553.000000
0.000000	103553.000000
0.000000	103553.000000
0.000000	103553.000000
0.000000	103553.000000
0.000000	103553.000000
0.000000	103553.000000
0.000000	103553.000000
0.000000	103553.000000
0.000000	103554.000000
0.000000	103554.000000
0.000000	103554.000000
0.000000	103554.000000
0.000000	103554.000000
0.000000	103554.000000
0.000000	103554.000000
0.000000	103554.000000
0.000000	103554.000000
0.000000	103554.000000
0.000000	103554.000000
0.000000	103554.000000
0.000000	103554.000000
0.000000	103554.000000
0.000000	103554.000000
0.000000	103554.000000
0.000000	103554.000000
0.000000	103555.000000
0.000000	103555.000000
0.000000	103555.000000
0.000000	103555.000000
0.000000	103555.000000
0.000000	103555.000000
0.000000	103555.000000
0.000000	103555.000000
0.000000	103555.000000
0.000000	103555.000000
0.000000	103555.000000
0.000000	103555.000000
0.000000	103555.000000
0.000000	103555.000000
0.000000	103555.000000
0.000000	103555.000000
0.000000	103555.000000
0.000000	103556.000000
0.000000	103556.000000
0.000000	103556.000000
0.000000	103556.000000
0.000000	103556.000000
0.000000	103556.000000
0.000000	103556.000000
0.000000	103556.000000
0.000000	103556.000000
0.000000	103556.000000
0.000000	103556.000000
0.000000	103556.000000
0.000000	103556.000000
0.000000	103556.000000
0.000000	103556.000000
0.000000	103556.000000
0.000000	103556.000000
0.000000	103557.000000
0.000000	103557.000000
0.000000	103557.000000
0.000000	103557.000000
0.000000	103557.000000
0.000000	103557.000000
0.000000	103557.000000
0.000000	103557.000000
0.000000	103557.000000
0.000000	103557.000000
0.000000	103557.000000
0.000000	103557.000000
0.000000	103557.000000
0.000000	103557.000000
0.000000	103557.000000
0.000000	103557.000000
0.000000	103557.000000
0.000000	103558.000000
0.000000	103558.000000
0.000000	103558.000000
0.000000	103558.000000
0.000000	103558.000000
0.000000	103558.000000
0.000000	103558.000000
0.000000	103558.000000
0.000000	103558.000000
0.000000	103558.000000
0.000000	103558.000000
0.000000	103558.000000
0.000000	103558.000000
0.000000	103558.000000
0.000000	103558.000000
0.000000	103558.000000
0.000000	103558.000000
0.000000	103559.000000
0.000000	103559.000000
0.000000	103559.000000
0.000000	103559.000000
0.000000	103559.000000
0.000000	103559.000000
0.000000	103559.000000
0.000000	103559.000000
0.000000	103559.000000
0.000000	103559.000000
0.000000	103559.000000
0.000000	103559.000000
0.000000	103559.000000
0.000000	103559.000000
0.000000	103559.000000
0.000000	103559.000000
0.000000	103559.000000
0.000000	103600.000000
0.000000	103600.000000
0.000000	103600.000000
0.000000	103600.000000
0.000000	103600.000000
0.000000	103600.000000
0.000000	103600.000000
0.000000	103600.000000
0.000000	103600.000000
0.000000	103600.000000
0.000000	103600.000000
0.000000	103600.000000
0.000000	103600.000000
0.000000	103600.000000
0.000000	103600.000000
0.000000	103600.000000
0.000000	103600.000000
0.000000	103600.000000
0.000000	103601.000000
0.000000	103601.000000
0.000000	103601.000000
0.000000	103601.000000
0.000000	103601.000000
0.000000	103601.000000
0.000000	103601.000000
0.000000	103601.000000
0.000000	103601.000000
0.000000	103601.000000
0.000000	103601.000000
0.000000	103601.000000
0.000000	103601.000000
0.000000	103601.000000
0.000000	103601.000000
0.000000	103601.000000
0.000000	103601.000000
0.000000	103602.000000
0.000000	103602.000000
0.000000	103602.000000
0.000000	103602.000000
0.000000	103602.000000
0.000000	103602.000000
0.000000	103602.000000
0.000000	103602.000000
0.000000	103602.000000
0.000000	103602.000000
0.000000	103602.000000
0.000000	103602.000000
0.000000	103602.000000
0.000000	103602.000000
0.000000	103602.000000
0.000000	103602.000000
0.000000	103602.000000
0.000000	103603.000000
0.000000	103603.000000
0.000000	103603.000000
0.000000	103603.000000
0.000000	103603.000000
0.000000	103603.000000
0.000000	103603.000000
0.000000	103603.000000
0.000000	103603.000000
0.000000	103603.000000
0.000000	103603.000000
0.000000	103603.000000
0.000000	103603.000000
0.000000	103603.000000
0.000000	103603.000000
0.000000	103603.000000
0.000000	103603.000000
0.000000	103604.000000
0.000000	103604.000000
0.000000	103604.000000
0.000000	103604.000000
0.000000	103604.000000
0.000000	103604.000000
0.000000	103604.000000
0.000000	103604.000000
0.000000	103604.000000
0.000000	103604.000000
0.000000	103604.000000
0.000000	103604.000000
0.000000	103604.000000
0.000000	103604.000000
0.000000	103604.000000
0.000000	103604.000000
0.000000	103604.000000
0.000000	103605.000000
0.000000	103605.000000
0.000000	103605.000000
0.000000	103605.000000
0.000000	103605.000000
0.000000	103605.000000
0.000000	103605.000000
0.000000	103605.000000
0.000000	103605.000000
0.000000	103605.000000
0.000000	103605.000000
0.000000	103605.000000
0.000000	103605.000000
0.000000	103605.000000
0.000000	103605.000000
0.000000	103605.000000
0.000000	103605.000000
0.000000	103606.000000
0.000000	103606.000000
0.000000	103606.000000
0.000000	103606.000000
0.000000	103606.000000
0.000000	103606.000000
0.000000	103606.000000
0.000000	103606.000000
0.000000	103606.000000
0.000000	103606.000000
0.000000	103606.000000
0.000000	103606.000000
0.000000	103606.000000
0.000000	103606.000000
0.000000	103606.000000
0.000000	103606.000000
0.000000	103606.000000
0.000000	103607.000000
0.000000	103607.000000
0.000000	103607.000000
0.000000	103607.000000
0.000000	103607.000000
0.000000	103607.000000
0.000000	103607.000000
0.000000	103607.000000
0.000000	103607.000000
0.000000	103607.000000
0.000000	103607.000000
0.000000	103607.000000
0.000000	103607.000000
0.000000	103607.000000
0.000000	103607.000000
0.000000	103607.000000
0.000000	103607.000000
0.000000	103608.000000
0.000000	103608.000000
0.000000	103608.000000
0.000000	103608.000000
0.000000	103608.000000
0.000000	103608.000000
0.000000	103608.000000
0.000000	103608.000000
0.000000	103608.000000
0.000000	103608.000000
0.000000	103608.000000
0.000000	103608.000000
0.000000	103608.000000
0.000000	103608.000000
0.000000	103608.000000
0.000000	103608.000000
0.000000	103608.000000
0.000000	103609.000000
0.000000	103609.000000
0.000000	103609.000000
0.000000	103609.000000
0.000000	103609.000000
0.000000	103609.000000
0.000000	103609.000000
0.000000	103609.000000
0.000000	103609.000000
0.000000	103609.000000
0.000000	103609.000000
0.000000	103609.000000
0.000000	103609.000000
0.000000	103609.000000
0.000000	103609.000000
0.000000	103609.000000
0.000000	103609.000000
0.000000	103610.000000
0.000000	103610.000000
0.000000	103610.000000
0.000000	103610.000000
0.000000	103610.000000
0.000000	103610.000000
0.000000	103610.000000
0.000000	103610.000000
0.000000	103610.000000
0.000000	103610.000000
0.000000	103610.000000
0.000000	103610.000000
0.000000	103610.000000
0.000000	103610.000000
0.000000	103610.000000
0.000000	103610.000000
0.000000	103610.000000
0.000000	103611.000000
0.000000	103611.000000
0.000000	103611.000000
0.000000	103611.000000
0.000000	103611.000000
0.000000	103611.000000
0.000000	103611.000000
0.000000	103611.000000
0.000000	103611.000000
0.000000	103611.000000
0.000000	103611.000000
0.000000	103611.000000
0.000000	103611.000000
0.000000	103611.000000
0.000000	103611.000000
0.000000	103611.000000
0.000000	103611.000000
0.000000	103612.000000
0.000000	103612.000000
0.000000	103612.000000
0.000000	103612.000000
0.000000	103612.000000
0.000000	103612.000000
0.000000	103612.000000
0.000000	103612.000000
0.000000	103612.000000
0.000000	103612.000000
0.000000	103612.000000
0.000000	103612.000000
0.000000	103612.000000
0.000000	103612.000000
0.000000	103612.000000
0.000000	103612.000000
0.000000	103612.000000
0.000000	103613.000000
0.000000	103613.000000
0.000000	103613.000000
0.000000	103613.000000
0.000000	103613.000000
0.000000	103613.000000
0.000000	103613.000000
0.000000	103613.000000
0.000000	103613.000000
0.000000	103613.000000
0.000000	103613.000000
0.000000	103613.000000
0.000000	103613.000000
0.000000	103613.000000
0.000000	103613.000000
0.000000	103613.000000
0.000000	103613.000000
0.000000	103614.000000
0.000000	103614.000000
0.000000	103614.000000
0.000000	103614.000000
0.000000	103614.000000
0.000000	103614.000000
0.000000	103614.000000
0.000000	103614.000000
0.000000	103614.000000
0.000000	103614.000000
0.000000	103614.000000
0.000000	103614.000000
0.000000	103614.000000
0.000000	103614.000000
0.000000	103614.000000
0.000000	103614.000000
0.000000	103614.000000
0.000000	103615.000000
0.000000	103615.000000
0.000000	103615.000000
0.000000	103615.000000
0.000000	103615.000000
0.000000	103615.000000
0.000000	103615.000000
0.000000	103615.000000
0.000000	103615.000000
0.000000	103615.000000
0.000000	103615.000000
0.000000	103615.000000
0.000000	103615.000000
0.000000	103615.000000
0.000000	103615.000000
0.000000	103615.000000
0.000000	103615.000000
0.000000	103616.000000
0.000000	103616.000000
0.000000	103616.000000
0.000000	103616.000000
0.000000	103616.000000
0.000000	103616.000000
0.000000	103616.000000
0.000000	103616.000000
0.000000	103616.000000
0.000000	103616.000000
0.000000	103616.000000
0.000000	103616.000000
0.000000	103616.000000
0.000000	103616.000000
0.000000	103616.000000
0.000000	103616.000000
0.000000	103616.000000
0.000000	103616.000000
0.000000	103617.000000
0.000000	103617.000000
0.000000	103617.000000
0.000000	103617.000000
0.000000	103617.000000
0.000000	103617.000000
0.000000	103617.000000
0.000000	103617.000000
0.000000	103617.000000
0.000000	103617.000000
0.000000	103617.000000
0.000000	103617.000000
0.000000	103617.000000
0.000000	103617.000000
0.000000	103617.000000
0.000000	103617.000000
0.000000	103617.000000
0.000000	103618.000000
0.000000	103618.000000
0.000000	103618.000000
0.000000	103618.000000
0.000000	103618.000000
0.000000	103618.000000
0.000000	103618.000000
0.000000	103618.000000
0.000000	103618.000000
0.000000	103618.000000
0.000000	103618.000000
0.000000	103618.000000
0.000000	103618.000000
0.000000	103618.000000
0.000000	103618.000000
0.000000	103618.000000
0.000000	103618.000000
0.000000	103619.000000
0.000000	103619.000000
0.000000	103619.000000
0.000000	103619.000000
0.000000	103619.000000
0.000000	103619.000000
0.000000	103619.000000
0.000000	103619.000000
0.000000	103619.000000
0.000000	103619.000000
0.000000	103619.000000
0.000000	103619.000000
0.000000	103619.000000
0.000000	103619.000000
0.000000	103619.000000
0.000000	103619.000000
0.000000	103619.000000
0.000000	103620.000000
0.000000	103620.000000
0.000000	103620.000000
0.000000	103620.000000
0.000000	103620.000000
0.000000	103620.000000
0.000000	103620.000000
0.000000	103620.000000
0.000000	103620.000000
0.000000	103620.000000
0.000000	103620.000000
0.000000	103620.000000
0.000000	103620.000000
0.000000	103620.000000
0.000000	103620.000000
0.000000	103620.000000
0.000000	103620.000000
0.000000	103621.000000
0.000000	103621.000000
0.000000	103621.000000
0.000000	103621.000000
0.000000	103621.000000
0.000000	103621.000000
0.000000	103621.000000
0.000000	103621.000000
0.000000	103621.000000
0.000000	103621.000000
0.000000	103621.000000
0.000000	103621.000000
0.000000	103621.000000
0.000000	103621.000000
0.000000	103621.000000
0.000000	103621.000000
0.000000	103621.000000
0.000000	103622.000000
0.000000	103622.000000
0.000000	103622.000000
0.000000	103622.000000
0.000000	103622.000000
0.000000	103622.000000
0.000000	103622.000000
0.000000	103622.000000
0.000000	103622.000000
0.000000	103622.000000
0.000000	103622.000000
0.000000	103622.000000
0.000000	103622.000000
0.000000	103622.000000
0.000000	103622.000000
0.000000	103622.000000
0.000000	103622.000000
0.000000	103623.000000
0.000000	103623.000000
0.000000	103623.000000
0.000000	103623.000000
0.000000	103623.000000
0.000000	103623.000000
0.000000	103623.000000
0.000000	103623.000000
0.000000	103623.000000
0.000000	103623.000000
0.000000	103623.000000
0.000000	103623.000000
0.000000	103623.000000
0.000000	103623.000000
0.000000	103623.000000
0.000000	103623.000000
0.000000	103623.000000
0.000000	103624.000000
0.000000	103624.000000
0.000000	103624.000000
0.000000	103624.000000
0.000000	103624.000000
0.000000	103624.000000
0.000000	103624.000000
0.000000	103624.000000
0.000000	103624.000000
0.000000	103624.000000
0.000000	103624.000000
0.000000	103624.000000
0.000000	103624.000000
0.000000	103624.000000
0.000000	103624.000000
0.000000	103624.000000
0.000000	103624.000000
0.000000	103625.000000
0.000000	103625.000000
0.000000	103625.000000
0.000000	103625.000000
0.000000	103625.000000
0.000000	103625.000000
0.000000	103625.000000
0.000000	103625.000000
0.000000	103625.000000
0.000000	103625.000000
0.000000	103625.000000
0.000000	103625.000000
0.000000	103625.000000
0.000000	103625.000000
0.000000	103625.000000
0.000000	103625.000000
0.000000	103625.000000
0.000000	103626.000000
0.000000	103626.000000
0.000000	103626.000000
0.000000	103626.000000
0.000000	103626.000000
0.000000	103626.000000
0.000000	103626.000000
0.000000	103626.000000
0.000000	103626.000000
0.000000	103626.000000
0.000000	103626.000000
0.000000	103626.000000
0.000000	103626.000000
0.000000	103626.000000
0.000000	103626.000000
0.000000	103626.000000
0.000000	103626.000000
0.000000	103627.000000
0.000000	103627.000000
0.000000	103627.000000
0.000000	103627.000000
0.000000	103627.000000
0.000000	103627.000000
0.000000	103627.000000
0.000000	103627.000000
0.000000	103627.000000
0.000000	103627.000000
0.000000	103627.000000
0.000000	103627.000000
0.000000	103627.000000
0.000000	103627.000000
0.000000	103627.000000
0.000000	103627.000000
0.000000	103627.000000
0.000000	103628.000000
0.000000	103628.000000
0.000000	103628.000000
0.000000	103628.000000
0.000000	103628.000000
0.000000	103628.000000
0.000000	103628.000000
0.000000	103628.000000
0.000000	103628.000000
0.000000	103628.000000
0.000000	103628.000000
0.000000	103628.000000
0.000000	103628.000000
0.000000	103628.000000
0.000000	103628.000000
0.000000	103628.000000
0.000000	103628.000000
0.000000	103629.000000
0.000000	103629.000000
0.000000	103629.000000
0.000000	103629.000000
0.000000	103629.000000
0.000000	103629.000000
0.000000	103629.000000
0.000000	103629.000000
0.000000	103629.000000
0.000000	103629.000000
0.000000	103629.000000
0.000000	103629.000000
0.000000	103629.000000
0.000000	103629.000000
0.000000	103629.000000
0.000000	103629.000000
0.000000	103629.000000
0.000000	103630.000000
0.000000	103630.000000
0.000000	103630.000000
0.000000	103630.000000
0.000000	103630.000000
0.000000	103630.000000
0.000000	103630.000000
0.000000	103630.000000
0.000000	103630.000000
0.000000	103630.000000
0.000000	103630.000000
0.000000	103630.000000
0.000000	103630.000000
0.000000	103630.000000
0.000000	103630.000000
0.000000	103630.000000
0.000000	103630.000000
0.000000	103631.000000
0.000000	103631.000000
0.000000	103631.000000
0.000000	103631.000000
0.000000	103631.000000
0.000000	103631.000000
0.000000	103631.000000
0.000000	103631.000000
0.000000	103631.000000
0.000000	103631.000000
0.000000	103631.000000
0.000000	103631.000000
0.000000	103631.000000
0.000000	103631.000000
0.000000	103631.000000
0.000000	103631.000000
0.000000	103631.000000
0.000000	103632.000000
0.000000	103632.000000
0.000000	103632.000000
0.000000	103632.000000
0.000000	103632.000000
0.000000	103632.000000
0.000000	103632.000000
0.000000	103632.000000
0.000000	103632.000000
0.000000	103632.000000
0.000000	103632.000000
0.000000	103632.000000
0.000000	103632.000000
0.000000	103632.000000
0.000000	103632.000000
0.000000	103632.000000
0.000000	103632.000000
0.000000	103632.000000
0.000000	103633.000000
0.000000	103633.000000
0.000000	103633.000000
0.000000	103633.000000
0.000000	103633.000000
0.000000	103633.000000
0.000000	103633.000000
0.000000	103633.000000
0.000000	103633.000000
0.000000	103633.000000
0.000000	103633.000000
0.000000	103633.000000
0.000000	103633.000000
0.000000	103633.000000
0.000000	103633.000000
0.000000	103633.000000
0.000000	103633.000000
0.000000	103634.000000
0.000000	103634.000000
0.000000	103634.000000
0.000000	103634.000000
0.000000	103634.000000
0.000000	103634.000000
0.000000	103634.000000
0.000000	103634.000000
0.000000	103634.000000
0.000000	103634.000000
0.000000	103634.000000
0.000000	103634.000000
0.000000	103634.000000
0.000000	103634.000000
0.000000	103634.000000
0.000000	103634.000000
0.000000	103634.000000
0.000000	103635.000000
0.000000	103635.000000
0.000000	103635.000000
0.000000	103635.000000
0.000000	103635.000000
0.000000	103635.000000
0.000000	103635.000000
0.000000	103635.000000
0.000000	103635.000000
0.000000	103635.000000
0.000000	103635.000000
0.000000	103635.000000
0.000000	103635.000000
0.000000	103635.000000
0.000000	103635.000000
0.000000	103635.000000
0.000000	103635.000000
0.000000	103636.000000
0.000000	103636.000000
0.000000	103636.000000
0.000000	103636.000000
0.000000	103636.000000
0.000000	103636.000000
0.000000	103636.000000
0.000000	103636.000000
0.000000	103636.000000
0.000000	103636.000000
0.000000	103636.000000
0.000000	103636.000000
0.000000	103636.000000
0.000000	103636.000000
0.000000	103636.000000
0.000000	103636.000000
0.000000	103636.000000
0.000000	103637.000000
0.000000	103637.000000
0.000000	103637.000000
0.000000	103637.000000
0.000000	103637.000000
0.000000	103637.000000
0.000000	103637.000000
0.000000	103637.000000
0.000000	103637.000000
0.000000	103637.000000
0.000000	103637.000000
0.000000	103637.000000
0.000000	103637.000000
0.000000	103637.000000
0.000000	103637.000000
0.000000	103637.000000
0.000000	103637.000000
0.000000	103638.000000
0.000000	103638.000000
0.000000	103638.000000
0.000000	103638.000000
0.000000	103638.000000
0.000000	103638.000000
0.000000	103638.000000
0.000000	103638.000000
0.000000	103638.000000
0.000000	103638.000000
0.000000	103638.000000
0.000000	103638.000000
0.000000	103638.000000
0.000000	103638.000000
0.000000	103638.000000
0.000000	103638.000000
0.000000	103638.000000
0.000000	103639.000000
0.000000	103639.000000
0.000000	103639.000000
0.000000	103639.000000
0.000000	103639.000000
0.000000	103639.000000
0.000000	103639.000000
0.000000	103639.000000
0.000000	103639.000000
0.000000	103639.000000
0.000000	103639.000000
0.000000	103639.000000
0.000000	103639.000000
0.000000	103639.000000
0.000000	103639.000000
0.000000	103639.000000
0.000000	103639.000000
0.000000	103640.000000
0.000000	103640.000000
0.000000	103640.000000
0.000000	103640.000000
0.000000	103640.000000
0.000000	103640.000000
0.000000	103640.000000
0.000000	103640.000000
0.000000	103640.000000
0.000000	103640.000000
0.000000	103640.000000
0.000000	103640.000000
0.000000	103640.000000
0.000000	103640.000000
0.000000	103640.000000
0.000000	103640.000000
0.000000	103640.000000
0.000000	103641.000000
0.000000	103641.000000
0.000000	103641.000000
0.000000	103641.000000
0.000000	103641.000000
0.000000	103641.000000
0.000000	103641.000000
0.000000	103641.000000
0.000000	103641.000000
0.000000	103641.000000
0.000000	103641.000000
0.000000	103641.000000
0.000000	103641.000000
0.000000	103641.000000
0.000000	103641.000000
0.000000	103641.000000
0.000000	103641.000000
0.000000	103642.000000
0.000000	103642.000000
0.000000	103642.000000
0.000000	103642.000000
0.000000	103642.000000
0.000000	103642.000000
0.000000	103642.000000
0.000000	103642.000000
0.000000	103642.000000
0.000000	103642.000000
0.000000	103642.000000
0.000000	103642.000000
0.000000	103642.000000
0.000000	103642.000000
0.000000	103642.000000
0.000000	103642.000000
0.000000	103642.000000
0.000000	103643.000000
0.000000	103643.000000
0.000000	103643.000000
0.000000	103643.000000
0.000000	103643.000000
0.000000	103643.000000
0.000000	103643.000000
0.000000	103643.000000
