0.000000	44853.000000
0.000000	44853.000000
0.000000	44853.000000
0.000000	44853.000000
0.000000	44853.000000
0.000000	44853.000000
0.000000	44853.000000
0.000000	44853.000000
0.000000	44853.000000
0.000000	44854.000000
0.000000	44854.000000
0.000000	44854.000000
0.000000	44854.000000
0.000000	44854.000000
0.000000	44854.000000
0.000000	44854.000000
0.000000	44854.000000
0.000000	44854.000000
0.000000	44854.000000
0.000000	44854.000000
0.000000	44854.000000
0.000000	44854.000000
0.000000	44854.000000
0.000000	44854.000000
0.000000	44854.000000
0.000000	44854.000000
0.000000	44855.000000
0.000000	44855.000000
0.000000	44855.000000
0.000000	44855.000000
0.000000	44855.000000
0.000000	44855.000000
0.000000	44855.000000
0.000000	44855.000000
0.000000	44855.000000
0.000000	44855.000000
0.000000	44855.000000
0.000000	44855.000000
0.000000	44855.000000
0.000000	44855.000000
0.000000	44855.000000
0.000000	44855.000000
0.000000	44855.000000
0.000000	44856.000000
0.000000	44856.000000
0.000000	44856.000000
0.000000	44856.000000
0.000000	44856.000000
0.000000	44856.000000
0.000000	44856.000000
0.000000	44856.000000
0.000000	44856.000000
0.000000	44856.000000
0.000000	44856.000000
0.000000	44856.000000
0.000000	44856.000000
0.000000	44856.000000
0.000000	44856.000000
0.000000	44856.000000
0.000000	44856.000000
0.000000	44857.000000
0.000000	44857.000000
0.000000	44857.000000
0.000000	44857.000000
0.000000	44857.000000
0.000000	44857.000000
0.000000	44857.000000
0.000000	44857.000000
0.000000	44857.000000
0.000000	44857.000000
0.000000	44857.000000
0.000000	44857.000000
0.000000	44857.000000
0.000000	44857.000000
0.000000	44857.000000
0.000000	44857.000000
0.000000	44857.000000
0.000000	44857.000000
0.000000	44858.000000
0.000000	44858.000000
0.000000	44858.000000
0.000000	44858.000000
0.000000	44858.000000
0.000000	44858.000000
0.000000	44858.000000
0.000000	44858.000000
0.000000	44858.000000
0.000000	44858.000000
0.000000	44858.000000
0.000000	44858.000000
0.000000	44858.000000
0.000000	44858.000000
0.000000	44858.000000
0.000000	44858.000000
0.000000	44858.000000
0.000000	44859.000000
0.000000	44859.000000
0.000000	44859.000000
0.000000	44859.000000
0.000000	44859.000000
0.000000	44859.000000
0.000000	44859.000000
0.000000	44859.000000
0.000000	44859.000000
0.000000	44859.000000
0.000000	44859.000000
0.000000	44859.000000
0.000000	44859.000000
0.000000	44859.000000
0.000000	44859.000000
0.000000	44859.000000
0.000000	44859.000000
0.000000	44900.000000
0.000000	44900.000000
0.000000	44900.000000
0.000000	44900.000000
0.000000	44900.000000
0.000000	44900.000000
0.000000	44900.000000
0.000000	44900.000000
0.000000	44900.000000
0.000000	44900.000000
0.000000	44900.000000
0.000000	44900.000000
0.000000	44900.000000
0.000000	44900.000000
0.000000	44900.000000
0.000000	44900.000000
0.000000	44900.000000
0.000000	44901.000000
0.000000	44901.000000
0.000000	44901.000000
0.000000	44901.000000
0.000000	44901.000000
0.000000	44901.000000
0.000000	44901.000000
0.000000	44901.000000
0.000000	44901.000000
0.000000	44901.000000
0.000000	44901.000000
0.000000	44901.000000
0.000000	44901.000000
0.000000	44901.000000
0.000000	44901.000000
0.000000	44901.000000
0.000000	44901.000000
0.000000	44902.000000
0.000000	44902.000000
0.000000	44902.000000
0.000000	44902.000000
0.000000	44902.000000
0.000000	44902.000000
0.000000	44902.000000
0.000000	44902.000000
0.000000	44902.000000
0.000000	44902.000000
0.000000	44902.000000
0.000000	44902.000000
0.000000	44902.000000
0.000000	44902.000000
0.000000	44902.000000
0.000000	44902.000000
0.000000	44902.000000
0.000000	44903.000000
0.000000	44903.000000
0.000000	44903.000000
0.000000	44903.000000
0.000000	44903.000000
0.000000	44903.000000
0.000000	44903.000000
0.000000	44903.000000
0.000000	44903.000000
0.000000	44903.000000
0.000000	44903.000000
0.000000	44903.000000
0.000000	44903.000000
0.000000	44903.000000
0.000000	44903.000000
0.000000	44903.000000
0.000000	44903.000000
0.000000	44904.000000
0.000000	44904.000000
0.000000	44904.000000
0.000000	44904.000000
0.000000	44904.000000
0.000000	44904.000000
0.000000	44904.000000
0.000000	44904.000000
0.000000	44904.000000
0.000000	44904.000000
0.000000	44904.000000
0.000000	44904.000000
0.000000	44904.000000
0.000000	44904.000000
0.000000	44904.000000
0.000000	44904.000000
0.000000	44904.000000
0.000000	44905.000000
0.000000	44905.000000
0.000000	44905.000000
0.000000	44905.000000
0.000000	44905.000000
0.000000	44905.000000
0.000000	44905.000000
0.000000	44905.000000
0.000000	44905.000000
0.000000	44905.000000
0.000000	44905.000000
0.000000	44905.000000
0.000000	44905.000000
0.000000	44905.000000
0.000000	44905.000000
0.000000	44905.000000
0.000000	44905.000000
0.000000	44906.000000
0.000000	44906.000000
0.000000	44906.000000
0.000000	44906.000000
0.000000	44906.000000
0.000000	44906.000000
0.000000	44906.000000
0.000000	44906.000000
0.000000	44906.000000
0.000000	44906.000000
0.000000	44906.000000
0.000000	44906.000000
0.000000	44906.000000
0.000000	44906.000000
0.000000	44906.000000
0.000000	44906.000000
0.000000	44906.000000
0.000000	44907.000000
0.000000	44907.000000
0.000000	44907.000000
0.000000	44907.000000
0.000000	44907.000000
0.000000	44907.000000
0.000000	44907.000000
0.000000	44907.000000
0.000000	44907.000000
0.000000	44907.000000
0.000000	44907.000000
0.000000	44907.000000
0.000000	44907.000000
0.000000	44907.000000
0.000000	44907.000000
0.000000	44907.000000
0.000000	44907.000000
0.000000	44908.000000
0.000000	44908.000000
0.000000	44908.000000
0.000000	44908.000000
0.000000	44908.000000
0.000000	44908.000000
0.000000	44908.000000
0.000000	44908.000000
0.000000	44908.000000
0.000000	44908.000000
0.000000	44908.000000
0.000000	44908.000000
0.000000	44908.000000
0.000000	44908.000000
0.000000	44908.000000
0.000000	44908.000000
0.000000	44908.000000
0.000000	44909.000000
0.000000	44909.000000
0.000000	44909.000000
0.000000	44909.000000
0.000000	44909.000000
0.000000	44909.000000
0.000000	44909.000000
0.000000	44909.000000
0.000000	44909.000000
0.000000	44909.000000
0.000000	44909.000000
0.000000	44909.000000
0.000000	44909.000000
0.000000	44909.000000
0.000000	44909.000000
0.000000	44909.000000
0.000000	44909.000000
0.000000	44910.000000
0.000000	44910.000000
0.000000	44910.000000
0.000000	44910.000000
0.000000	44910.000000
0.000000	44910.000000
0.000000	44910.000000
0.000000	44910.000000
0.000000	44910.000000
0.000000	44910.000000
0.000000	44910.000000
0.000000	44910.000000
0.000000	44910.000000
0.000000	44910.000000
0.000000	44910.000000
0.000000	44910.000000
0.000000	44910.000000
0.000000	44911.000000
0.000000	44911.000000
0.000000	44911.000000
0.000000	44911.000000
0.000000	44911.000000
0.000000	44911.000000
0.000000	44911.000000
0.000000	44911.000000
0.000000	44911.000000
0.000000	44911.000000
0.000000	44911.000000
0.000000	44911.000000
0.000000	44911.000000
0.000000	44911.000000
0.000000	44911.000000
0.000000	44911.000000
0.000000	44911.000000
0.000000	44912.000000
0.000000	44912.000000
0.000000	44912.000000
0.000000	44912.000000
0.000000	44912.000000
0.000000	44912.000000
0.000000	44912.000000
0.000000	44912.000000
0.000000	44912.000000
0.000000	44912.000000
0.000000	44912.000000
0.000000	44912.000000
0.000000	44912.000000
0.000000	44912.000000
0.000000	44912.000000
0.000000	44912.000000
0.000000	44912.000000
0.000000	44913.000000
0.000000	44913.000000
0.000000	44913.000000
0.000000	44913.000000
0.000000	44913.000000
0.000000	44913.000000
0.000000	44913.000000
0.000000	44913.000000
0.000000	44913.000000
0.000000	44913.000000
0.000000	44913.000000
0.000000	44913.000000
0.000000	44913.000000
0.000000	44913.000000
0.000000	44913.000000
0.000000	44913.000000
0.000000	44913.000000
0.000000	44913.000000
0.000000	44914.000000
0.000000	44914.000000
0.000000	44914.000000
0.000000	44914.000000
0.000000	44914.000000
0.000000	44914.000000
0.000000	44914.000000
0.000000	44914.000000
0.000000	44914.000000
0.000000	44914.000000
0.000000	44914.000000
0.000000	44914.000000
0.000000	44914.000000
0.000000	44914.000000
0.000000	44914.000000
0.000000	44914.000000
0.000000	44914.000000
0.000000	44915.000000
0.000000	44915.000000
0.000000	44915.000000
0.000000	44915.000000
0.000000	44915.000000
0.000000	44915.000000
0.000000	44915.000000
0.000000	44915.000000
0.000000	44915.000000
0.000000	44915.000000
0.000000	44915.000000
0.000000	44915.000000
0.000000	44915.000000
0.000000	44915.000000
0.000000	44915.000000
0.000000	44915.000000
0.000000	44915.000000
0.000000	44916.000000
0.000000	44916.000000
0.000000	44916.000000
0.000000	44916.000000
0.000000	44916.000000
0.000000	44916.000000
0.000000	44916.000000
0.000000	44916.000000
0.000000	44916.000000
0.000000	44916.000000
0.000000	44916.000000
0.000000	44916.000000
0.000000	44916.000000
0.000000	44916.000000
0.000000	44916.000000
0.000000	44916.000000
0.000000	44916.000000
0.000000	44917.000000
0.000000	44917.000000
0.000000	44917.000000
0.000000	44917.000000
0.000000	44917.000000
0.000000	44917.000000
0.000000	44917.000000
0.000000	44917.000000
0.000000	44917.000000
0.000000	44917.000000
0.000000	44917.000000
0.000000	44917.000000
0.000000	44917.000000
0.000000	44917.000000
0.000000	44917.000000
0.000000	44917.000000
0.000000	44917.000000
0.000000	44918.000000
0.000000	44918.000000
0.000000	44918.000000
0.000000	44918.000000
0.000000	44918.000000
0.000000	44918.000000
0.000000	44918.000000
0.000000	44918.000000
0.000000	44918.000000
0.000000	44918.000000
0.000000	44918.000000
0.000000	44918.000000
0.000000	44918.000000
0.000000	44918.000000
0.000000	44918.000000
0.000000	44918.000000
0.000000	44918.000000
0.000000	44919.000000
0.000000	44919.000000
0.000000	44919.000000
0.000000	44919.000000
0.000000	44919.000000
0.000000	44919.000000
0.000000	44919.000000
0.000000	44919.000000
0.000000	44919.000000
0.000000	44919.000000
0.000000	44919.000000
0.000000	44919.000000
0.000000	44919.000000
0.000000	44919.000000
0.000000	44919.000000
0.000000	44919.000000
0.000000	44919.000000
0.000000	44920.000000
0.000000	44920.000000
0.000000	44920.000000
0.000000	44920.000000
0.000000	44920.000000
0.000000	44920.000000
0.000000	44920.000000
0.000000	44920.000000
0.000000	44920.000000
0.000000	44920.000000
0.000000	44920.000000
0.000000	44920.000000
0.000000	44920.000000
0.000000	44920.000000
0.000000	44920.000000
0.000000	44920.000000
0.000000	44920.000000
0.000000	44921.000000
0.000000	44921.000000
0.000000	44921.000000
0.000000	44921.000000
0.000000	44921.000000
0.000000	44921.000000
0.000000	44921.000000
0.000000	44921.000000
0.000000	44921.000000
0.000000	44921.000000
0.000000	44921.000000
0.000000	44921.000000
0.000000	44921.000000
0.000000	44921.000000
0.000000	44921.000000
0.000000	44921.000000
0.000000	44921.000000
0.000000	44922.000000
0.000000	44922.000000
0.000000	44922.000000
0.000000	44922.000000
0.000000	44922.000000
0.000000	44922.000000
0.000000	44922.000000
0.000000	44922.000000
0.000000	44922.000000
0.000000	44922.000000
0.000000	44922.000000
0.000000	44922.000000
0.000000	44922.000000
0.000000	44922.000000
0.000000	44922.000000
0.000000	44922.000000
0.000000	44922.000000
0.000000	44923.000000
0.000000	44923.000000
0.000000	44923.000000
0.000000	44923.000000
0.000000	44923.000000
0.000000	44923.000000
0.000000	44923.000000
0.000000	44923.000000
0.000000	44923.000000
0.000000	44923.000000
0.000000	44923.000000
0.000000	44923.000000
0.000000	44923.000000
0.000000	44923.000000
0.000000	44923.000000
0.000000	44923.000000
0.000000	44923.000000
0.000000	44924.000000
0.000000	44924.000000
0.000000	44924.000000
0.000000	44924.000000
0.000000	44924.000000
0.000000	44924.000000
0.000000	44924.000000
0.000000	44924.000000
0.000000	44924.000000
0.000000	44924.000000
0.000000	44924.000000
0.000000	44924.000000
0.000000	44924.000000
0.000000	44924.000000
0.000000	44924.000000
0.000000	44924.000000
0.000000	44924.000000
0.000000	44925.000000
0.000000	44925.000000
0.000000	44925.000000
0.000000	44925.000000
0.000000	44925.000000
0.000000	44925.000000
0.000000	44925.000000
0.000000	44925.000000
0.000000	44925.000000
0.000000	44925.000000
0.000000	44925.000000
0.000000	44925.000000
0.000000	44925.000000
0.000000	44925.000000
0.000000	44925.000000
0.000000	44925.000000
0.000000	44925.000000
0.000000	44926.000000
0.000000	44926.000000
0.000000	44926.000000
0.000000	44926.000000
0.000000	44926.000000
0.000000	44926.000000
0.000000	44926.000000
0.000000	44926.000000
0.000000	44926.000000
0.000000	44926.000000
0.000000	44926.000000
0.000000	44926.000000
0.000000	44926.000000
0.000000	44926.000000
0.000000	44926.000000
0.000000	44926.000000
0.000000	44926.000000
0.000000	44927.000000
0.000000	44927.000000
0.000000	44927.000000
0.000000	44927.000000
0.000000	44927.000000
0.000000	44927.000000
0.000000	44927.000000
0.000000	44927.000000
0.000000	44927.000000
0.000000	44927.000000
0.000000	44927.000000
0.000000	44927.000000
0.000000	44927.000000
0.000000	44927.000000
0.000000	44927.000000
0.000000	44927.000000
0.000000	44927.000000
0.000000	44928.000000
0.000000	44928.000000
0.000000	44928.000000
0.000000	44928.000000
0.000000	44928.000000
0.000000	44928.000000
0.000000	44928.000000
0.000000	44928.000000
0.000000	44928.000000
0.000000	44928.000000
0.000000	44928.000000
0.000000	44928.000000
0.000000	44928.000000
0.000000	44928.000000
0.000000	44928.000000
0.000000	44928.000000
0.000000	44928.000000
0.000000	44928.000000
0.000000	44929.000000
0.000000	44929.000000
0.000000	44929.000000
0.000000	44929.000000
0.000000	44929.000000
0.000000	44929.000000
0.000000	44929.000000
0.000000	44929.000000
0.000000	44929.000000
0.000000	44929.000000
0.000000	44929.000000
0.000000	44929.000000
0.000000	44929.000000
0.000000	44929.000000
0.000000	44929.000000
0.000000	44929.000000
0.000000	44929.000000
0.000000	44930.000000
0.000000	44930.000000
0.000000	44930.000000
0.000000	44930.000000
0.000000	44930.000000
0.000000	44930.000000
0.000000	44930.000000
0.000000	44930.000000
0.000000	44930.000000
0.000000	44930.000000
0.000000	44930.000000
0.000000	44930.000000
0.000000	44930.000000
0.000000	44930.000000
0.000000	44930.000000
0.000000	44930.000000
0.000000	44930.000000
0.000000	44931.000000
0.000000	44931.000000
0.000000	44931.000000
0.000000	44931.000000
0.000000	44931.000000
0.000000	44931.000000
0.000000	44931.000000
0.000000	44931.000000
0.000000	44931.000000
0.000000	44931.000000
0.000000	44931.000000
0.000000	44931.000000
0.000000	44931.000000
0.000000	44931.000000
0.000000	44931.000000
0.000000	44931.000000
0.000000	44931.000000
0.000000	44932.000000
0.000000	44932.000000
0.000000	44932.000000
0.000000	44932.000000
0.000000	44932.000000
0.000000	44932.000000
0.000000	44932.000000
0.000000	44932.000000
0.000000	44932.000000
0.000000	44932.000000
0.000000	44932.000000
0.000000	44932.000000
0.000000	44932.000000
0.000000	44932.000000
0.000000	44932.000000
0.000000	44932.000000
0.000000	44932.000000
0.000000	44933.000000
0.000000	44933.000000
0.000000	44933.000000
0.000000	44933.000000
0.000000	44933.000000
0.000000	44933.000000
0.000000	44933.000000
0.000000	44933.000000
0.000000	44933.000000
0.000000	44933.000000
0.000000	44933.000000
0.000000	44933.000000
0.000000	44933.000000
0.000000	44933.000000
0.000000	44933.000000
0.000000	44933.000000
0.000000	44933.000000
0.000000	44934.000000
0.000000	44934.000000
0.000000	44934.000000
0.000000	44934.000000
0.000000	44934.000000
0.000000	44934.000000
0.000000	44934.000000
0.000000	44934.000000
0.000000	44934.000000
0.000000	44934.000000
0.000000	44934.000000
0.000000	44934.000000
0.000000	44934.000000
0.000000	44934.000000
0.000000	44934.000000
0.000000	44934.000000
0.000000	44934.000000
0.000000	44935.000000
0.000000	44935.000000
0.000000	44935.000000
0.000000	44935.000000
0.000000	44935.000000
0.000000	44935.000000
0.000000	44935.000000
0.000000	44935.000000
0.000000	44935.000000
0.000000	44935.000000
0.000000	44935.000000
0.000000	44935.000000
0.000000	44935.000000
0.000000	44935.000000
0.000000	44935.000000
0.000000	44935.000000
0.000000	44935.000000
0.000000	44936.000000
0.000000	44936.000000
0.000000	44936.000000
0.000000	44936.000000
0.000000	44936.000000
0.000000	44936.000000
0.000000	44936.000000
0.000000	44936.000000
0.000000	44936.000000
0.000000	44936.000000
0.000000	44936.000000
0.000000	44936.000000
0.000000	44936.000000
0.000000	44936.000000
0.000000	44936.000000
0.000000	44936.000000
0.000000	44936.000000
0.000000	44937.000000
0.000000	44937.000000
0.000000	44937.000000
0.000000	44937.000000
0.000000	44937.000000
0.000000	44937.000000
0.000000	44937.000000
0.000000	44937.000000
0.000000	44937.000000
0.000000	44937.000000
0.000000	44937.000000
0.000000	44937.000000
0.000000	44937.000000
0.000000	44937.000000
0.000000	44937.000000
0.000000	44937.000000
0.000000	44937.000000
0.000000	44938.000000
0.000000	44938.000000
0.000000	44938.000000
0.000000	44938.000000
0.000000	44938.000000
0.000000	44938.000000
0.000000	44938.000000
0.000000	44938.000000
0.000000	44938.000000
0.000000	44938.000000
0.000000	44938.000000
0.000000	44938.000000
0.000000	44938.000000
0.000000	44938.000000
0.000000	44938.000000
0.000000	44938.000000
0.000000	44938.000000
0.000000	44939.000000
0.000000	44939.000000
0.000000	44939.000000
0.000000	44939.000000
0.000000	44939.000000
0.000000	44939.000000
0.000000	44939.000000
0.000000	44939.000000
0.000000	44939.000000
0.000000	44939.000000
0.000000	44939.000000
0.000000	44939.000000
0.000000	44939.000000
0.000000	44939.000000
0.000000	44939.000000
0.000000	44939.000000
0.000000	44939.000000
0.000000	44940.000000
0.000000	44940.000000
0.000000	44940.000000
0.000000	44940.000000
0.000000	44940.000000
0.000000	44940.000000
0.000000	44940.000000
0.000000	44940.000000
0.000000	44940.000000
0.000000	44940.000000
0.000000	44940.000000
0.000000	44940.000000
0.000000	44940.000000
0.000000	44940.000000
0.000000	44940.000000
0.000000	44940.000000
0.000000	44940.000000
0.000000	44941.000000
0.000000	44941.000000
0.000000	44941.000000
0.000000	44941.000000
0.000000	44941.000000
0.000000	44941.000000
0.000000	44941.000000
0.000000	44941.000000
0.000000	44941.000000
0.000000	44941.000000
0.000000	44941.000000
0.000000	44941.000000
0.000000	44941.000000
0.000000	44941.000000
0.000000	44941.000000
0.000000	44941.000000
0.000000	44941.000000
0.000000	44942.000000
0.000000	44942.000000
0.000000	44942.000000
0.000000	44942.000000
0.000000	44942.000000
0.000000	44942.000000
0.000000	44942.000000
0.000000	44942.000000
0.000000	44942.000000
0.000000	44942.000000
0.000000	44942.000000
0.000000	44942.000000
0.000000	44942.000000
0.000000	44942.000000
0.000000	44942.000000
0.000000	44942.000000
0.000000	44942.000000
0.000000	44943.000000
0.000000	44943.000000
0.000000	44943.000000
0.000000	44943.000000
0.000000	44943.000000
0.000000	44943.000000
0.000000	44943.000000
0.000000	44943.000000
0.000000	44943.000000
0.000000	44943.000000
0.000000	44943.000000
0.000000	44943.000000
0.000000	44943.000000
0.000000	44943.000000
0.000000	44943.000000
0.000000	44943.000000
0.000000	44943.000000
0.000000	44943.000000
0.000000	44944.000000
0.000000	44944.000000
0.000000	44944.000000
0.000000	44944.000000
0.000000	44944.000000
0.000000	44944.000000
0.000000	44944.000000
0.000000	44944.000000
0.000000	44944.000000
0.000000	44944.000000
0.000000	44944.000000
0.000000	44944.000000
0.000000	44944.000000
0.000000	44944.000000
0.000000	44944.000000
0.000000	44944.000000
0.000000	44944.000000
0.000000	44945.000000
0.000000	44945.000000
0.000000	44945.000000
0.000000	44945.000000
0.000000	44945.000000
0.000000	44945.000000
0.000000	44945.000000
0.000000	44945.000000
0.000000	44945.000000
0.000000	44945.000000
0.000000	44945.000000
0.000000	44945.000000
0.000000	44945.000000
0.000000	44945.000000
0.000000	44945.000000
0.000000	44945.000000
0.000000	44945.000000
0.000000	44946.000000
0.000000	44946.000000
0.000000	44946.000000
0.000000	44946.000000
0.000000	44946.000000
0.000000	44946.000000
0.000000	44946.000000
0.000000	44946.000000
0.000000	44946.000000
0.000000	44946.000000
0.000000	44946.000000
0.000000	44946.000000
0.000000	44946.000000
0.000000	44946.000000
0.000000	44946.000000
0.000000	44946.000000
0.000000	44946.000000
0.000000	44947.000000
0.000000	44947.000000
0.000000	44947.000000
0.000000	44947.000000
0.000000	44947.000000
0.000000	44947.000000
0.000000	44947.000000
0.000000	44947.000000
0.000000	44947.000000
0.000000	44947.000000
0.000000	44947.000000
0.000000	44947.000000
0.000000	44947.000000
0.000000	44947.000000
0.000000	44947.000000
0.000000	44947.000000
0.000000	44947.000000
0.000000	44948.000000
0.000000	44948.000000
0.000000	44948.000000
0.000000	44948.000000
0.000000	44948.000000
0.000000	44948.000000
0.000000	44948.000000
0.000000	44948.000000
0.000000	44948.000000
0.000000	44948.000000
0.000000	44948.000000
0.000000	44948.000000
0.000000	44948.000000
0.000000	44948.000000
0.000000	44948.000000
0.000000	44948.000000
0.000000	44948.000000
0.000000	44949.000000
0.000000	44949.000000
0.000000	44949.000000
0.000000	44949.000000
0.000000	44949.000000
0.000000	44949.000000
0.000000	44949.000000
0.000000	44949.000000
0.000000	44949.000000
0.000000	44949.000000
0.000000	44949.000000
0.000000	44949.000000
0.000000	44949.000000
0.000000	44949.000000
0.000000	44949.000000
0.000000	44949.000000
0.000000	44949.000000
0.000000	44950.000000
0.000000	44950.000000
0.000000	44950.000000
0.000000	44950.000000
0.000000	44950.000000
0.000000	44950.000000
0.000000	44950.000000
0.000000	44950.000000
0.000000	44950.000000
0.000000	44950.000000
0.000000	44950.000000
0.000000	44950.000000
0.000000	44950.000000
0.000000	44950.000000
0.000000	44950.000000
0.000000	44950.000000
0.000000	44950.000000
0.000000	44951.000000
0.000000	44951.000000
0.000000	44951.000000
0.000000	44951.000000
0.000000	44951.000000
0.000000	44951.000000
0.000000	44951.000000
0.000000	44951.000000
0.000000	44951.000000
0.000000	44951.000000
0.000000	44951.000000
0.000000	44951.000000
0.000000	44951.000000
0.000000	44951.000000
0.000000	44951.000000
0.000000	44951.000000
0.000000	44951.000000
0.000000	44952.000000
0.000000	44952.000000
0.000000	44952.000000
0.000000	44952.000000
0.000000	44952.000000
0.000000	44952.000000
0.000000	44952.000000
0.000000	44952.000000
0.000000	44952.000000
0.000000	44952.000000
0.000000	44952.000000
0.000000	44952.000000
0.000000	44952.000000
0.000000	44952.000000
0.000000	44952.000000
0.000000	44952.000000
0.000000	44952.000000
0.000000	44953.000000
0.000000	44953.000000
0.000000	44953.000000
0.000000	44953.000000
0.000000	44953.000000
0.000000	44953.000000
0.000000	44953.000000
0.000000	44953.000000
0.000000	44953.000000
0.000000	44953.000000
0.000000	44953.000000
0.000000	44953.000000
0.000000	44953.000000
0.000000	44953.000000
0.000000	44953.000000
0.000000	44953.000000
0.000000	44953.000000
0.000000	44954.000000
0.000000	44954.000000
0.000000	44954.000000
0.000000	44954.000000
0.000000	44954.000000
0.000000	44954.000000
0.000000	44954.000000
0.000000	44954.000000
0.000000	44954.000000
0.000000	44954.000000
0.000000	44954.000000
0.000000	44954.000000
0.000000	44954.000000
0.000000	44954.000000
0.000000	44954.000000
0.000000	44954.000000
0.000000	44954.000000
0.000000	44955.000000
0.000000	44955.000000
0.000000	44955.000000
0.000000	44955.000000
0.000000	44955.000000
0.000000	44955.000000
0.000000	44955.000000
0.000000	44955.000000
0.000000	44955.000000
0.000000	44955.000000
0.000000	44955.000000
0.000000	44955.000000
0.000000	44955.000000
0.000000	44955.000000
0.000000	44955.000000
0.000000	44955.000000
0.000000	44955.000000
0.000000	44956.000000
0.000000	44956.000000
0.000000	44956.000000
0.000000	44956.000000
0.000000	44956.000000
0.000000	44956.000000
0.000000	44956.000000
0.000000	44956.000000
0.000000	44956.000000
0.000000	44956.000000
0.000000	44956.000000
0.000000	44956.000000
0.000000	44956.000000
0.000000	44956.000000
0.000000	44956.000000
0.000000	44956.000000
0.000000	44956.000000
0.000000	44957.000000
0.000000	44957.000000
0.000000	44957.000000
0.000000	44957.000000
0.000000	44957.000000
0.000000	44957.000000
0.000000	44957.000000
0.000000	44957.000000
0.000000	44957.000000
0.000000	44957.000000
0.000000	44957.000000
0.000000	44957.000000
0.000000	44957.000000
0.000000	44957.000000
0.000000	44957.000000
0.000000	44957.000000
0.000000	44957.000000
0.000000	44958.000000
0.000000	44958.000000
0.000000	44958.000000
0.000000	44958.000000
0.000000	44958.000000
0.000000	44958.000000
0.000000	44958.000000
0.000000	44958.000000
0.000000	44958.000000
0.000000	44958.000000
0.000000	44958.000000
0.000000	44958.000000
0.000000	44958.000000
0.000000	44958.000000
0.000000	44958.000000
0.000000	44958.000000
0.000000	44958.000000
0.000000	44959.000000
0.000000	44959.000000
0.000000	44959.000000
0.000000	44959.000000
0.000000	44959.000000
0.000000	44959.000000
0.000000	44959.000000
0.000000	44959.000000
0.000000	44959.000000
0.000000	44959.000000
0.000000	44959.000000
0.000000	44959.000000
0.000000	44959.000000
0.000000	44959.000000
0.000000	44959.000000
0.000000	44959.000000
0.000000	44959.000000
0.000000	44959.000000
0.000000	45000.000000
0.000000	45000.000000
0.000000	45000.000000
0.000000	45000.000000
0.000000	45000.000000
0.000000	45000.000000
0.000000	45000.000000
0.000000	45000.000000
0.000000	45000.000000
0.000000	45000.000000
0.000000	45000.000000
0.000000	45000.000000
0.000000	45000.000000
0.000000	45000.000000
0.000000	45000.000000
0.000000	45000.000000
0.000000	45000.000000
0.000000	45001.000000
0.000000	45001.000000
0.000000	45001.000000
0.000000	45001.000000
0.000000	45001.000000
0.000000	45001.000000
0.000000	45001.000000
0.000000	45001.000000
0.000000	45001.000000
0.000000	45001.000000
0.000000	45001.000000
0.000000	45001.000000
0.000000	45001.000000
0.000000	45001.000000
0.000000	45001.000000
0.000000	45001.000000
0.000000	45001.000000
0.000000	45002.000000
0.000000	45002.000000
0.000000	45002.000000
0.000000	45002.000000
0.000000	45002.000000
0.000000	45002.000000
0.000000	45002.000000
0.000000	45002.000000
0.000000	45002.000000
0.000000	45002.000000
0.000000	45002.000000
0.000000	45002.000000
0.000000	45002.000000
0.000000	45002.000000
0.000000	45002.000000
0.000000	45002.000000
0.000000	45002.000000
0.000000	45003.000000
0.000000	45003.000000
0.000000	45003.000000
0.000000	45003.000000
0.000000	45003.000000
0.000000	45003.000000
0.000000	45003.000000
0.000000	45003.000000
0.000000	45003.000000
0.000000	45003.000000
0.000000	45003.000000
0.000000	45003.000000
0.000000	45003.000000
0.000000	45003.000000
0.000000	45003.000000
0.000000	45003.000000
0.000000	45003.000000
0.000000	45004.000000
0.000000	45004.000000
0.000000	45004.000000
0.000000	45004.000000
0.000000	45004.000000
0.000000	45004.000000
0.000000	45004.000000
0.000000	45004.000000
0.000000	45004.000000
0.000000	45004.000000
0.000000	45004.000000
0.000000	45004.000000
0.000000	45004.000000
0.000000	45004.000000
0.000000	45004.000000
0.000000	45004.000000
0.000000	45004.000000
0.000000	45005.000000
0.000000	45005.000000
0.000000	45005.000000
0.000000	45005.000000
0.000000	45005.000000
0.000000	45005.000000
0.000000	45005.000000
0.000000	45005.000000
0.000000	45005.000000
0.000000	45005.000000
0.000000	45005.000000
0.000000	45005.000000
0.000000	45005.000000
0.000000	45005.000000
0.000000	45005.000000
0.000000	45005.000000
0.000000	45005.000000
0.000000	45006.000000
0.000000	45006.000000
0.000000	45006.000000
0.000000	45006.000000
0.000000	45006.000000
0.000000	45006.000000
0.000000	45006.000000
0.000000	45006.000000
0.000000	45006.000000
0.000000	45006.000000
0.000000	45006.000000
0.000000	45006.000000
0.000000	45006.000000
0.000000	45006.000000
0.000000	45006.000000
0.000000	45006.000000
0.000000	45006.000000
0.000000	45007.000000
0.000000	45007.000000
0.000000	45007.000000
0.000000	45007.000000
0.000000	45007.000000
0.000000	45007.000000
0.000000	45007.000000
0.000000	45007.000000
0.000000	45007.000000
0.000000	45007.000000
0.000000	45007.000000
0.000000	45007.000000
0.000000	45007.000000
0.000000	45007.000000
0.000000	45007.000000
0.000000	45007.000000
0.000000	45007.000000
0.000000	45008.000000
0.000000	45008.000000
0.000000	45008.000000
0.000000	45008.000000
0.000000	45008.000000
0.000000	45008.000000
0.000000	45008.000000
0.000000	45008.000000
0.000000	45008.000000
0.000000	45008.000000
0.000000	45008.000000
0.000000	45008.000000
0.000000	45008.000000
0.000000	45008.000000
0.000000	45008.000000
0.000000	45008.000000
0.000000	45008.000000
0.000000	45009.000000
0.000000	45009.000000
0.000000	45009.000000
0.000000	45009.000000
0.000000	45009.000000
0.000000	45009.000000
0.000000	45009.000000
0.000000	45009.000000
0.000000	45009.000000
0.000000	45009.000000
0.000000	45009.000000
0.000000	45009.000000
0.000000	45009.000000
0.000000	45009.000000
0.000000	45009.000000
0.000000	45009.000000
0.000000	45009.000000
0.000000	45010.000000
0.000000	45010.000000
0.000000	45010.000000
0.000000	45010.000000
0.000000	45010.000000
0.000000	45010.000000
0.000000	45010.000000
0.000000	45010.000000
0.000000	45010.000000
0.000000	45010.000000
0.000000	45010.000000
0.000000	45010.000000
0.000000	45010.000000
0.000000	45010.000000
0.000000	45010.000000
0.000000	45010.000000
0.000000	45010.000000
0.000000	45011.000000
0.000000	45011.000000
0.000000	45011.000000
0.000000	45011.000000
0.000000	45011.000000
0.000000	45011.000000
0.000000	45011.000000
0.000000	45011.000000
0.000000	45011.000000
0.000000	45011.000000
0.000000	45011.000000
0.000000	45011.000000
0.000000	45011.000000
0.000000	45011.000000
0.000000	45011.000000
0.000000	45011.000000
0.000000	45011.000000
0.000000	45012.000000
0.000000	45012.000000
0.000000	45012.000000
0.000000	45012.000000
0.000000	45012.000000
0.000000	45012.000000
0.000000	45012.000000
0.000000	45012.000000
0.000000	45012.000000
0.000000	45012.000000
0.000000	45012.000000
0.000000	45012.000000
0.000000	45012.000000
0.000000	45012.000000
0.000000	45012.000000
0.000000	45012.000000
0.000000	45012.000000
0.000000	45013.000000
0.000000	45013.000000
0.000000	45013.000000
0.000000	45013.000000
0.000000	45013.000000
0.000000	45013.000000
0.000000	45013.000000
0.000000	45013.000000
0.000000	45013.000000
0.000000	45013.000000
0.000000	45013.000000
0.000000	45013.000000
0.000000	45013.000000
0.000000	45013.000000
0.000000	45013.000000
0.000000	45013.000000
0.000000	45013.000000
0.000000	45013.000000
0.000000	45014.000000
0.000000	45014.000000
0.000000	45014.000000
0.000000	45014.000000
0.000000	45014.000000
0.000000	45014.000000
0.000000	45014.000000
0.000000	45014.000000
0.000000	45014.000000
0.000000	45014.000000
0.000000	45014.000000
0.000000	45014.000000
0.000000	45014.000000
0.000000	45014.000000
0.000000	45014.000000
0.000000	45014.000000
0.000000	45014.000000
0.000000	45015.000000
0.000000	45015.000000
0.000000	45015.000000
0.000000	45015.000000
0.000000	45015.000000
0.000000	45015.000000
0.000000	45015.000000
0.000000	45015.000000
0.000000	45015.000000
0.000000	45015.000000
0.000000	45015.000000
0.000000	45015.000000
0.000000	45015.000000
0.000000	45015.000000
0.000000	45015.000000
0.000000	45015.000000
0.000000	45015.000000
0.000000	45016.000000
0.000000	45016.000000
0.000000	45016.000000
0.000000	45016.000000
0.000000	45016.000000
0.000000	45016.000000
0.000000	45016.000000
0.000000	45016.000000
0.000000	45016.000000
0.000000	45016.000000
0.000000	45016.000000
0.000000	45016.000000
0.000000	45016.000000
0.000000	45016.000000
0.000000	45016.000000
0.000000	45016.000000
0.000000	45016.000000
0.000000	45017.000000
0.000000	45017.000000
0.000000	45017.000000
0.000000	45017.000000
0.000000	45017.000000
0.000000	45017.000000
0.000000	45017.000000
0.000000	45017.000000
0.000000	45017.000000
0.000000	45017.000000
0.000000	45017.000000
0.000000	45017.000000
0.000000	45017.000000
0.000000	45017.000000
0.000000	45017.000000
0.000000	45017.000000
0.000000	45017.000000
0.000000	45018.000000
0.000000	45018.000000
0.000000	45018.000000
0.000000	45018.000000
0.000000	45018.000000
0.000000	45018.000000
0.000000	45018.000000
0.000000	45018.000000
0.000000	45018.000000
0.000000	45018.000000
0.000000	45018.000000
0.000000	45018.000000
0.000000	45018.000000
0.000000	45018.000000
0.000000	45018.000000
0.000000	45018.000000
0.000000	45018.000000
0.000000	45019.000000
0.000000	45019.000000
0.000000	45019.000000
0.000000	45019.000000
0.000000	45019.000000
0.000000	45019.000000
0.000000	45019.000000
0.000000	45019.000000
0.000000	45019.000000
0.000000	45019.000000
0.000000	45019.000000
0.000000	45019.000000
0.000000	45019.000000
0.000000	45019.000000
0.000000	45019.000000
0.000000	45019.000000
0.000000	45019.000000
0.000000	45020.000000
0.000000	45020.000000
0.000000	45020.000000
0.000000	45020.000000
0.000000	45020.000000
0.000000	45020.000000
0.000000	45020.000000
0.000000	45020.000000
0.000000	45020.000000
0.000000	45020.000000
0.000000	45020.000000
0.000000	45020.000000
0.000000	45020.000000
0.000000	45020.000000
0.000000	45020.000000
0.000000	45020.000000
0.000000	45020.000000
0.000000	45021.000000
0.000000	45021.000000
0.000000	45021.000000
0.000000	45021.000000
0.000000	45021.000000
0.000000	45021.000000
0.000000	45021.000000
0.000000	45021.000000
0.000000	45021.000000
0.000000	45021.000000
0.000000	45021.000000
0.000000	45021.000000
0.000000	45021.000000
0.000000	45021.000000
0.000000	45021.000000
0.000000	45021.000000
0.000000	45021.000000
0.000000	45022.000000
0.000000	45022.000000
0.000000	45022.000000
0.000000	45022.000000
0.000000	45022.000000
0.000000	45022.000000
0.000000	45022.000000
0.000000	45022.000000
0.000000	45022.000000
0.000000	45022.000000
0.000000	45022.000000
0.000000	45022.000000
0.000000	45022.000000
0.000000	45022.000000
0.000000	45022.000000
0.000000	45022.000000
0.000000	45022.000000
0.000000	45023.000000
0.000000	45023.000000
0.000000	45023.000000
0.000000	45023.000000
0.000000	45023.000000
0.000000	45023.000000
0.000000	45023.000000
0.000000	45023.000000
0.000000	45023.000000
0.000000	45023.000000
0.000000	45023.000000
0.000000	45023.000000
0.000000	45023.000000
0.000000	45023.000000
0.000000	45023.000000
0.000000	45023.000000
0.000000	45023.000000
0.000000	45024.000000
0.000000	45024.000000
0.000000	45024.000000
0.000000	45024.000000
0.000000	45024.000000
0.000000	45024.000000
0.000000	45024.000000
0.000000	45024.000000
0.000000	45024.000000
0.000000	45024.000000
0.000000	45024.000000
0.000000	45024.000000
0.000000	45024.000000
0.000000	45024.000000
0.000000	45024.000000
0.000000	45024.000000
0.000000	45024.000000
0.000000	45025.000000
0.000000	45025.000000
0.000000	45025.000000
0.000000	45025.000000
0.000000	45025.000000
0.000000	45025.000000
0.000000	45025.000000
0.000000	45025.000000
0.000000	45025.000000
0.000000	45025.000000
0.000000	45025.000000
0.000000	45025.000000
0.000000	45025.000000
0.000000	45025.000000
0.000000	45025.000000
0.000000	45025.000000
0.000000	45025.000000
0.000000	45026.000000
0.000000	45026.000000
0.000000	45026.000000
0.000000	45026.000000
0.000000	45026.000000
0.000000	45026.000000
0.000000	45026.000000
0.000000	45026.000000
0.000000	45026.000000
0.000000	45026.000000
0.000000	45026.000000
0.000000	45026.000000
0.000000	45026.000000
0.000000	45026.000000
0.000000	45026.000000
0.000000	45026.000000
0.000000	45026.000000
0.000000	45027.000000
0.000000	45027.000000
0.000000	45027.000000
0.000000	45027.000000
0.000000	45027.000000
0.000000	45027.000000
0.000000	45027.000000
0.000000	45027.000000
0.000000	45027.000000
0.000000	45027.000000
0.000000	45027.000000
0.000000	45027.000000
0.000000	45027.000000
0.000000	45027.000000
0.000000	45027.000000
0.000000	45027.000000
0.000000	45027.000000
0.000000	45028.000000
0.000000	45028.000000
0.000000	45028.000000
0.000000	45028.000000
0.000000	45028.000000
0.000000	45028.000000
0.000000	45028.000000
0.000000	45028.000000
0.000000	45028.000000
0.000000	45028.000000
0.000000	45028.000000
0.000000	45028.000000
0.000000	45028.000000
0.000000	45028.000000
0.000000	45028.000000
0.000000	45028.000000
0.000000	45028.000000
0.000000	45029.000000
0.000000	45029.000000
0.000000	45029.000000
0.000000	45029.000000
0.000000	45029.000000
0.000000	45029.000000
0.000000	45029.000000
0.000000	45029.000000
0.000000	45029.000000
0.000000	45029.000000
0.000000	45029.000000
0.000000	45029.000000
0.000000	45029.000000
0.000000	45029.000000
0.000000	45029.000000
0.000000	45029.000000
0.000000	45029.000000
0.000000	45029.000000
0.000000	45030.000000
0.000000	45030.000000
0.000000	45030.000000
0.000000	45030.000000
0.000000	45030.000000
0.000000	45030.000000
0.000000	45030.000000
0.000000	45030.000000
0.000000	45030.000000
0.000000	45030.000000
0.000000	45030.000000
0.000000	45030.000000
0.000000	45030.000000
0.000000	45030.000000
0.000000	45030.000000
0.000000	45030.000000
0.000000	45030.000000
0.000000	45031.000000
0.000000	45031.000000
0.000000	45031.000000
0.000000	45031.000000
0.000000	45031.000000
0.000000	45031.000000
0.000000	45031.000000
0.000000	45031.000000
0.000000	45031.000000
0.000000	45031.000000
0.000000	45031.000000
0.000000	45031.000000
0.000000	45031.000000
0.000000	45031.000000
0.000000	45031.000000
0.000000	45031.000000
0.000000	45031.000000
0.000000	45032.000000
0.000000	45032.000000
0.000000	45032.000000
0.000000	45032.000000
0.000000	45032.000000
0.000000	45032.000000
0.000000	45032.000000
0.000000	45032.000000
0.000000	45032.000000
0.000000	45032.000000
0.000000	45032.000000
0.000000	45032.000000
0.000000	45032.000000
0.000000	45032.000000
0.000000	45032.000000
0.000000	45032.000000
0.000000	45032.000000
0.000000	45033.000000
0.000000	45033.000000
0.000000	45033.000000
0.000000	45033.000000
0.000000	45033.000000
0.000000	45033.000000
0.000000	45033.000000
0.000000	45033.000000
0.000000	45033.000000
0.000000	45033.000000
0.000000	45033.000000
0.000000	45033.000000
0.000000	45033.000000
0.000000	45033.000000
0.000000	45033.000000
0.000000	45033.000000
0.000000	45033.000000
0.000000	45034.000000
0.000000	45034.000000
0.000000	45034.000000
0.000000	45034.000000
0.000000	45034.000000
0.000000	45034.000000
0.000000	45034.000000
0.000000	45034.000000
0.000000	45034.000000
0.000000	45034.000000
0.000000	45034.000000
0.000000	45034.000000
0.000000	45034.000000
0.000000	45034.000000
0.000000	45034.000000
0.000000	45034.000000
0.000000	45034.000000
0.000000	45035.000000
0.000000	45035.000000
0.000000	45035.000000
0.000000	45035.000000
0.000000	45035.000000
0.000000	45035.000000
0.000000	45035.000000
0.000000	45035.000000
0.000000	45035.000000
0.000000	45035.000000
0.000000	45035.000000
0.000000	45035.000000
0.000000	45035.000000
0.000000	45035.000000
0.000000	45035.000000
0.000000	45035.000000
0.000000	45035.000000
0.000000	45036.000000
0.000000	45036.000000
0.000000	45036.000000
0.000000	45036.000000
0.000000	45036.000000
0.000000	45036.000000
0.000000	45036.000000
0.000000	45036.000000
0.000000	45036.000000
0.000000	45036.000000
0.000000	45036.000000
0.000000	45036.000000
0.000000	45036.000000
0.000000	45036.000000
0.000000	45036.000000
0.000000	45036.000000
0.000000	45036.000000
0.000000	45037.000000
0.000000	45037.000000
0.000000	45037.000000
0.000000	45037.000000
0.000000	45037.000000
0.000000	45037.000000
0.000000	45037.000000
0.000000	45037.000000
0.000000	45037.000000
0.000000	45037.000000
0.000000	45037.000000
0.000000	45037.000000
0.000000	45037.000000
0.000000	45037.000000
0.000000	45037.000000
0.000000	45037.000000
0.000000	45037.000000
0.000000	45038.000000
0.000000	45038.000000
0.000000	45038.000000
0.000000	45038.000000
0.000000	45038.000000
0.000000	45038.000000
0.000000	45038.000000
0.000000	45038.000000
0.000000	45038.000000
0.000000	45038.000000
0.000000	45038.000000
0.000000	45038.000000
0.000000	45038.000000
0.000000	45038.000000
0.000000	45038.000000
0.000000	45038.000000
0.000000	45038.000000
0.000000	45039.000000
0.000000	45039.000000
0.000000	45039.000000
0.000000	45039.000000
0.000000	45039.000000
0.000000	45039.000000
0.000000	45039.000000
0.000000	45039.000000
0.000000	45039.000000
0.000000	45039.000000
0.000000	45039.000000
0.000000	45039.000000
0.000000	45039.000000
0.000000	45039.000000
0.000000	45039.000000
0.000000	45039.000000
0.000000	45039.000000
0.000000	45040.000000
0.000000	45040.000000
0.000000	45040.000000
0.000000	45040.000000
0.000000	45040.000000
0.000000	45040.000000
0.000000	45040.000000
0.000000	45040.000000
0.000000	45040.000000
0.000000	45040.000000
0.000000	45040.000000
0.000000	45040.000000
0.000000	45040.000000
0.000000	45040.000000
0.000000	45040.000000
0.000000	45040.000000
0.000000	45040.000000
0.000000	45041.000000
0.000000	45041.000000
0.000000	45041.000000
0.000000	45041.000000
0.000000	45041.000000
0.000000	45041.000000
0.000000	45041.000000
0.000000	45041.000000
0.000000	45041.000000
0.000000	45041.000000
0.000000	45041.000000
0.000000	45041.000000
0.000000	45041.000000
0.000000	45041.000000
0.000000	45041.000000
0.000000	45041.000000
0.000000	45041.000000
0.000000	45042.000000
0.000000	45042.000000
0.000000	45042.000000
0.000000	45042.000000
0.000000	45042.000000
0.000000	45042.000000
0.000000	45042.000000
0.000000	45042.000000
0.000000	45042.000000
0.000000	45042.000000
0.000000	45042.000000
0.000000	45042.000000
0.000000	45042.000000
0.000000	45042.000000
0.000000	45042.000000
0.000000	45042.000000
0.000000	45042.000000
0.000000	45043.000000
0.000000	45043.000000
0.000000	45043.000000
0.000000	45043.000000
0.000000	45043.000000
0.000000	45043.000000
0.000000	45043.000000
0.000000	45043.000000
0.000000	45043.000000
0.000000	45043.000000
0.000000	45043.000000
0.000000	45043.000000
0.000000	45043.000000
0.000000	45043.000000
0.000000	45043.000000
0.000000	45043.000000
0.000000	45043.000000
0.000000	45044.000000
0.000000	45044.000000
0.000000	45044.000000
0.000000	45044.000000
0.000000	45044.000000
0.000000	45044.000000
0.000000	45044.000000
0.000000	45044.000000
0.000000	45044.000000
0.000000	45044.000000
0.000000	45044.000000
0.000000	45044.000000
0.000000	45044.000000
0.000000	45044.000000
0.000000	45044.000000
0.000000	45044.000000
0.000000	45044.000000
0.000000	45044.000000
0.000000	45045.000000
0.000000	45045.000000
0.000000	45045.000000
0.000000	45045.000000
0.000000	45045.000000
0.000000	45045.000000
0.000000	45045.000000
0.000000	45045.000000
0.000000	45045.000000
0.000000	45045.000000
0.000000	45045.000000
0.000000	45045.000000
0.000000	45045.000000
0.000000	45045.000000
0.000000	45045.000000
0.000000	45045.000000
0.000000	45045.000000
0.000000	45046.000000
0.000000	45046.000000
0.000000	45046.000000
0.000000	45046.000000
0.000000	45046.000000
0.000000	45046.000000
0.000000	45046.000000
0.000000	45046.000000
0.000000	45046.000000
0.000000	45046.000000
0.000000	45046.000000
0.000000	45046.000000
0.000000	45046.000000
0.000000	45046.000000
0.000000	45046.000000
0.000000	45046.000000
0.000000	45046.000000
0.000000	45047.000000
0.000000	45047.000000
0.000000	45047.000000
0.000000	45047.000000
0.000000	45047.000000
0.000000	45047.000000
0.000000	45047.000000
0.000000	45047.000000
0.000000	45047.000000
0.000000	45047.000000
0.000000	45047.000000
0.000000	45047.000000
0.000000	45047.000000
0.000000	45047.000000
0.000000	45047.000000
0.000000	45047.000000
0.000000	45047.000000
0.000000	45048.000000
0.000000	45048.000000
0.000000	45048.000000
0.000000	45048.000000
0.000000	45048.000000
0.000000	45048.000000
0.000000	45048.000000
0.000000	45048.000000
0.000000	45048.000000
0.000000	45048.000000
0.000000	45048.000000
0.000000	45048.000000
0.000000	45048.000000
0.000000	45048.000000
0.000000	45048.000000
0.000000	45048.000000
0.000000	45048.000000
0.000000	45049.000000
0.000000	45049.000000
0.000000	45049.000000
0.000000	45049.000000
0.000000	45049.000000
0.000000	45049.000000
0.000000	45049.000000
0.000000	45049.000000
0.000000	45049.000000
0.000000	45049.000000
0.000000	45049.000000
0.000000	45049.000000
0.000000	45049.000000
0.000000	45049.000000
0.000000	45049.000000
0.000000	45049.000000
0.000000	45049.000000
0.000000	45050.000000
0.000000	45050.000000
0.000000	45050.000000
0.000000	45050.000000
0.000000	45050.000000
0.000000	45050.000000
0.000000	45050.000000
0.000000	45050.000000
0.000000	45050.000000
0.000000	45050.000000
0.000000	45050.000000
0.000000	45050.000000
0.000000	45050.000000
0.000000	45050.000000
0.000000	45050.000000
0.000000	45050.000000
0.000000	45050.000000
0.000000	45051.000000
0.000000	45051.000000
0.000000	45051.000000
0.000000	45051.000000
0.000000	45051.000000
0.000000	45051.000000
0.000000	45051.000000
0.000000	45051.000000
0.000000	45051.000000
0.000000	45051.000000
0.000000	45051.000000
0.000000	45051.000000
0.000000	45051.000000
0.000000	45051.000000
0.000000	45051.000000
0.000000	45051.000000
0.000000	45051.000000
0.000000	45052.000000
0.000000	45052.000000
0.000000	45052.000000
0.000000	45052.000000
0.000000	45052.000000
0.000000	45052.000000
0.000000	45052.000000
0.000000	45052.000000
0.000000	45052.000000
0.000000	45052.000000
0.000000	45052.000000
0.000000	45052.000000
0.000000	45052.000000
0.000000	45052.000000
0.000000	45052.000000
0.000000	45052.000000
0.000000	45052.000000
0.000000	45053.000000
0.000000	45053.000000
0.000000	45053.000000
0.000000	45053.000000
0.000000	45053.000000
0.000000	45053.000000
0.000000	45053.000000
0.000000	45053.000000
0.000000	45053.000000
0.000000	45053.000000
0.000000	45053.000000
0.000000	45053.000000
0.000000	45053.000000
0.000000	45053.000000
0.000000	45053.000000
0.000000	45053.000000
0.000000	45053.000000
0.000000	45054.000000
0.000000	45054.000000
0.000000	45054.000000
0.000000	45054.000000
0.000000	45054.000000
0.000000	45054.000000
0.000000	45054.000000
0.000000	45054.000000
0.000000	45054.000000
0.000000	45054.000000
0.000000	45054.000000
0.000000	45054.000000
0.000000	45054.000000
0.000000	45054.000000
0.000000	45054.000000
0.000000	45054.000000
0.000000	45054.000000
0.000000	45055.000000
0.000000	45055.000000
0.000000	45055.000000
0.000000	45055.000000
0.000000	45055.000000
0.000000	45055.000000
0.000000	45055.000000
0.000000	45055.000000
0.000000	45055.000000
0.000000	45055.000000
0.000000	45055.000000
0.000000	45055.000000
0.000000	45055.000000
0.000000	45055.000000
0.000000	45055.000000
0.000000	45055.000000
0.000000	45055.000000
0.000000	45056.000000
0.000000	45056.000000
0.000000	45056.000000
0.000000	45056.000000
0.000000	45056.000000
0.000000	45056.000000
0.000000	45056.000000
0.000000	45056.000000
0.000000	45056.000000
0.000000	45056.000000
0.000000	45056.000000
0.000000	45056.000000
0.000000	45056.000000
0.000000	45056.000000
0.000000	45056.000000
0.000000	45056.000000
0.000000	45056.000000
0.000000	45057.000000
0.000000	45057.000000
0.000000	45057.000000
0.000000	45057.000000
0.000000	45057.000000
0.000000	45057.000000
0.000000	45057.000000
0.000000	45057.000000
0.000000	45057.000000
0.000000	45057.000000
0.000000	45057.000000
0.000000	45057.000000
0.000000	45057.000000
0.000000	45057.000000
0.000000	45057.000000
0.000000	45057.000000
0.000000	45057.000000
0.000000	45058.000000
0.000000	45058.000000
0.000000	45058.000000
0.000000	45058.000000
0.000000	45058.000000
0.000000	45058.000000
0.000000	45058.000000
0.000000	45058.000000
0.000000	45058.000000
0.000000	45058.000000
0.000000	45058.000000
0.000000	45058.000000
0.000000	45058.000000
0.000000	45058.000000
0.000000	45058.000000
0.000000	45058.000000
0.000000	45058.000000
0.000000	45059.000000
0.000000	45059.000000
0.000000	45059.000000
0.000000	45059.000000
0.000000	45059.000000
0.000000	45059.000000
0.000000	45059.000000
0.000000	45059.000000
0.000000	45059.000000
0.000000	45059.000000
0.000000	45059.000000
0.000000	45059.000000
0.000000	45059.000000
0.000000	45059.000000
0.000000	45059.000000
0.000000	45059.000000
0.000000	45059.000000
0.000000	45059.000000
0.000000	45100.000000
0.000000	45100.000000
0.000000	45100.000000
0.000000	45100.000000
0.000000	45100.000000
0.000000	45100.000000
0.000000	45100.000000
0.000000	45100.000000
0.000000	45100.000000
0.000000	45100.000000
0.000000	45100.000000
0.000000	45100.000000
0.000000	45100.000000
0.000000	45100.000000
0.000000	45100.000000
0.000000	45100.000000
0.000000	45100.000000
0.000000	45101.000000
0.000000	45101.000000
0.000000	45101.000000
0.000000	45101.000000
0.000000	45101.000000
0.000000	45101.000000
0.000000	45101.000000
0.000000	45101.000000
0.000000	45101.000000
0.000000	45101.000000
0.000000	45101.000000
0.000000	45101.000000
0.000000	45101.000000
0.000000	45101.000000
0.000000	45101.000000
0.000000	45101.000000
0.000000	45101.000000
0.000000	45102.000000
0.000000	45102.000000
0.000000	45102.000000
0.000000	45102.000000
0.000000	45102.000000
0.000000	45102.000000
0.000000	45102.000000
0.000000	45102.000000
0.000000	45102.000000
0.000000	45102.000000
0.000000	45102.000000
0.000000	45102.000000
0.000000	45102.000000
0.000000	45102.000000
0.000000	45102.000000
0.000000	45102.000000
0.000000	45102.000000
0.000000	45103.000000
0.000000	45103.000000
0.000000	45103.000000
0.000000	45103.000000
0.000000	45103.000000
0.000000	45103.000000
0.000000	45103.000000
0.000000	45103.000000
0.000000	45103.000000
0.000000	45103.000000
0.000000	45103.000000
0.000000	45103.000000
0.000000	45103.000000
0.000000	45103.000000
0.000000	45103.000000
0.000000	45103.000000
0.000000	45103.000000
0.000000	45104.000000
0.000000	45104.000000
0.000000	45104.000000
0.000000	45104.000000
0.000000	45104.000000
0.000000	45104.000000
0.000000	45104.000000
0.000000	45104.000000
0.000000	45104.000000
0.000000	45104.000000
0.000000	45104.000000
0.000000	45104.000000
0.000000	45104.000000
0.000000	45104.000000
0.000000	45104.000000
0.000000	45104.000000
0.000000	45104.000000
0.000000	45105.000000
0.000000	45105.000000
0.000000	45105.000000
0.000000	45105.000000
0.000000	45105.000000
0.000000	45105.000000
0.000000	45105.000000
0.000000	45105.000000
0.000000	45105.000000
0.000000	45105.000000
0.000000	45105.000000
0.000000	45105.000000
0.000000	45105.000000
0.000000	45105.000000
0.000000	45105.000000
0.000000	45105.000000
0.000000	45105.000000
0.000000	45106.000000
0.000000	45106.000000
0.000000	45106.000000
0.000000	45106.000000
0.000000	45106.000000
0.000000	45106.000000
0.000000	45106.000000
0.000000	45106.000000
0.000000	45106.000000
0.000000	45106.000000
0.000000	45106.000000
0.000000	45106.000000
0.000000	45106.000000
0.000000	45106.000000
0.000000	45106.000000
0.000000	45106.000000
0.000000	45106.000000
0.000000	45107.000000
0.000000	45107.000000
0.000000	45107.000000
0.000000	45107.000000
0.000000	45107.000000
0.000000	45107.000000
0.000000	45107.000000
0.000000	45107.000000
0.000000	45107.000000
0.000000	45107.000000
0.000000	45107.000000
0.000000	45107.000000
0.000000	45107.000000
0.000000	45107.000000
0.000000	45107.000000
0.000000	45107.000000
0.000000	45107.000000
0.000000	45108.000000
0.000000	45108.000000
0.000000	45108.000000
0.000000	45108.000000
0.000000	45108.000000
0.000000	45108.000000
0.000000	45108.000000
0.000000	45108.000000
0.000000	45108.000000
0.000000	45108.000000
0.000000	45108.000000
0.000000	45108.000000
0.000000	45108.000000
0.000000	45108.000000
0.000000	45108.000000
0.000000	45108.000000
0.000000	45108.000000
0.000000	45109.000000
0.000000	45109.000000
0.000000	45109.000000
0.000000	45109.000000
0.000000	45109.000000
0.000000	45109.000000
0.000000	45109.000000
0.000000	45109.000000
0.000000	45109.000000
0.000000	45109.000000
0.000000	45109.000000
0.000000	45109.000000
0.000000	45109.000000
0.000000	45109.000000
0.000000	45109.000000
0.000000	45109.000000
0.000000	45109.000000
0.000000	45110.000000
0.000000	45110.000000
0.000000	45110.000000
0.000000	45110.000000
0.000000	45110.000000
0.000000	45110.000000
0.000000	45110.000000
0.000000	45110.000000
0.000000	45110.000000
0.000000	45110.000000
0.000000	45110.000000
0.000000	45110.000000
0.000000	45110.000000
0.000000	45110.000000
0.000000	45110.000000
0.000000	45110.000000
0.000000	45110.000000
0.000000	45111.000000
0.000000	45111.000000
0.000000	45111.000000
0.000000	45111.000000
0.000000	45111.000000
0.000000	45111.000000
0.000000	45111.000000
0.000000	45111.000000
0.000000	45111.000000
0.000000	45111.000000
0.000000	45111.000000
0.000000	45111.000000
0.000000	45111.000000
0.000000	45111.000000
0.000000	45111.000000
0.000000	45111.000000
0.000000	45111.000000
0.000000	45112.000000
0.000000	45112.000000
0.000000	45112.000000
0.000000	45112.000000
0.000000	45112.000000
0.000000	45112.000000
0.000000	45112.000000
0.000000	45112.000000
0.000000	45112.000000
0.000000	45112.000000
0.000000	45112.000000
0.000000	45112.000000
0.000000	45112.000000
0.000000	45112.000000
0.000000	45112.000000
0.000000	45112.000000
0.000000	45112.000000
0.000000	45113.000000
0.000000	45113.000000
0.000000	45113.000000
0.000000	45113.000000
0.000000	45113.000000
0.000000	45113.000000
0.000000	45113.000000
0.000000	45113.000000
0.000000	45113.000000
0.000000	45113.000000
0.000000	45113.000000
0.000000	45113.000000
0.000000	45113.000000
0.000000	45113.000000
0.000000	45113.000000
0.000000	45113.000000
0.000000	45113.000000
0.000000	45114.000000
0.000000	45114.000000
0.000000	45114.000000
0.000000	45114.000000
0.000000	45114.000000
0.000000	45114.000000
0.000000	45114.000000
0.000000	45114.000000
0.000000	45114.000000
0.000000	45114.000000
0.000000	45114.000000
0.000000	45114.000000
0.000000	45114.000000
0.000000	45114.000000
0.000000	45114.000000
0.000000	45114.000000
0.000000	45114.000000
0.000000	45114.000000
0.000000	45115.000000
0.000000	45115.000000
0.000000	45115.000000
0.000000	45115.000000
0.000000	45115.000000
0.000000	45115.000000
0.000000	45115.000000
0.000000	45115.000000
0.000000	45115.000000
0.000000	45115.000000
0.000000	45115.000000
0.000000	45115.000000
0.000000	45115.000000
0.000000	45115.000000
0.000000	45115.000000
0.000000	45115.000000
0.000000	45115.000000
0.000000	45116.000000
0.000000	45116.000000
0.000000	45116.000000
0.000000	45116.000000
0.000000	45116.000000
0.000000	45116.000000
0.000000	45116.000000
0.000000	45116.000000
0.000000	45116.000000
0.000000	45116.000000
0.000000	45116.000000
0.000000	45116.000000
0.000000	45116.000000
0.000000	45116.000000
0.000000	45116.000000
0.000000	45116.000000
0.000000	45116.000000
0.000000	45117.000000
0.000000	45117.000000
0.000000	45117.000000
0.000000	45117.000000
0.000000	45117.000000
0.000000	45117.000000
0.000000	45117.000000
0.000000	45117.000000
0.000000	45117.000000
0.000000	45117.000000
0.000000	45117.000000
0.000000	45117.000000
0.000000	45117.000000
0.000000	45117.000000
0.000000	45117.000000
0.000000	45117.000000
0.000000	45117.000000
0.000000	45118.000000
0.000000	45118.000000
0.000000	45118.000000
0.000000	45118.000000
0.000000	45118.000000
0.000000	45118.000000
0.000000	45118.000000
0.000000	45118.000000
0.000000	45118.000000
0.000000	45118.000000
0.000000	45118.000000
0.000000	45118.000000
0.000000	45118.000000
0.000000	45118.000000
0.000000	45118.000000
0.000000	45118.000000
0.000000	45118.000000
0.000000	45119.000000
0.000000	45119.000000
0.000000	45119.000000
0.000000	45119.000000
0.000000	45119.000000
0.000000	45119.000000
0.000000	45119.000000
0.000000	45119.000000
0.000000	45119.000000
0.000000	45119.000000
0.000000	45119.000000
0.000000	45119.000000
0.000000	45119.000000
0.000000	45119.000000
0.000000	45119.000000
0.000000	45119.000000
0.000000	45119.000000
0.000000	45120.000000
0.000000	45120.000000
0.000000	45120.000000
0.000000	45120.000000
0.000000	45120.000000
0.000000	45120.000000
0.000000	45120.000000
0.000000	45120.000000
0.000000	45120.000000
0.000000	45120.000000
0.000000	45120.000000
0.000000	45120.000000
0.000000	45120.000000
0.000000	45120.000000
0.000000	45120.000000
0.000000	45120.000000
0.000000	45120.000000
0.000000	45121.000000
0.000000	45121.000000
0.000000	45121.000000
0.000000	45121.000000
0.000000	45121.000000
0.000000	45121.000000
0.000000	45121.000000
0.000000	45121.000000
0.000000	45121.000000
0.000000	45121.000000
0.000000	45121.000000
0.000000	45121.000000
0.000000	45121.000000
0.000000	45121.000000
0.000000	45121.000000
0.000000	45121.000000
0.000000	45121.000000
0.000000	45122.000000
0.000000	45122.000000
0.000000	45122.000000
0.000000	45122.000000
0.000000	45122.000000
0.000000	45122.000000
0.000000	45122.000000
0.000000	45122.000000
0.000000	45122.000000
0.000000	45122.000000
0.000000	45122.000000
0.000000	45122.000000
0.000000	45122.000000
0.000000	45122.000000
0.000000	45122.000000
0.000000	45122.000000
0.000000	45122.000000
0.000000	45123.000000
0.000000	45123.000000
0.000000	45123.000000
0.000000	45123.000000
0.000000	45123.000000
0.000000	45123.000000
0.000000	45123.000000
0.000000	45123.000000
0.000000	45123.000000
0.000000	45123.000000
0.000000	45123.000000
0.000000	45123.000000
0.000000	45123.000000
0.000000	45123.000000
0.000000	45123.000000
0.000000	45123.000000
0.000000	45123.000000
0.000000	45124.000000
0.000000	45124.000000
0.000000	45124.000000
0.000000	45124.000000
0.000000	45124.000000
0.000000	45124.000000
0.000000	45124.000000
0.000000	45124.000000
0.000000	45124.000000
0.000000	45124.000000
0.000000	45124.000000
0.000000	45124.000000
0.000000	45124.000000
0.000000	45124.000000
0.000000	45124.000000
0.000000	45124.000000
0.000000	45124.000000
0.000000	45125.000000
0.000000	45125.000000
0.000000	45125.000000
0.000000	45125.000000
0.000000	45125.000000
0.000000	45125.000000
0.000000	45125.000000
0.000000	45125.000000
0.000000	45125.000000
0.000000	45125.000000
0.000000	45125.000000
0.000000	45125.000000
0.000000	45125.000000
0.000000	45125.000000
0.000000	45125.000000
0.000000	45125.000000
0.000000	45125.000000
0.000000	45126.000000
0.000000	45126.000000
0.000000	45126.000000
0.000000	45126.000000
0.000000	45126.000000
0.000000	45126.000000
0.000000	45126.000000
0.000000	45126.000000
0.000000	45126.000000
0.000000	45126.000000
0.000000	45126.000000
0.000000	45126.000000
0.000000	45126.000000
0.000000	45126.000000
0.000000	45126.000000
0.000000	45126.000000
0.000000	45126.000000
0.000000	45127.000000
0.000000	45127.000000
0.000000	45127.000000
0.000000	45127.000000
0.000000	45127.000000
0.000000	45127.000000
0.000000	45127.000000
0.000000	45127.000000
0.000000	45127.000000
0.000000	45127.000000
0.000000	45127.000000
0.000000	45127.000000
0.000000	45127.000000
0.000000	45127.000000
0.000000	45127.000000
0.000000	45127.000000
0.000000	45127.000000
0.000000	45128.000000
0.000000	45128.000000
0.000000	45128.000000
0.000000	45128.000000
0.000000	45128.000000
0.000000	45128.000000
0.000000	45128.000000
0.000000	45128.000000
0.000000	45128.000000
0.000000	45128.000000
0.000000	45128.000000
0.000000	45128.000000
0.000000	45128.000000
0.000000	45128.000000
0.000000	45128.000000
0.000000	45128.000000
0.000000	45128.000000
0.000000	45129.000000
0.000000	45129.000000
0.000000	45129.000000
0.000000	45129.000000
0.000000	45129.000000
0.000000	45129.000000
0.000000	45129.000000
0.000000	45129.000000
0.000000	45129.000000
0.000000	45129.000000
0.000000	45129.000000
0.000000	45129.000000
0.000000	45129.000000
0.000000	45129.000000
0.000000	45129.000000
0.000000	45129.000000
0.000000	45129.000000
0.000000	45129.000000
0.000000	45130.000000
0.000000	45130.000000
0.000000	45130.000000
0.000000	45130.000000
0.000000	45130.000000
0.000000	45130.000000
0.000000	45130.000000
0.000000	45130.000000
0.000000	45130.000000
0.000000	45130.000000
0.000000	45130.000000
0.000000	45130.000000
0.000000	45130.000000
0.000000	45130.000000
0.000000	45130.000000
0.000000	45130.000000
0.000000	45130.000000
0.000000	45131.000000
0.000000	45131.000000
0.000000	45131.000000
0.000000	45131.000000
0.000000	45131.000000
0.000000	45131.000000
0.000000	45131.000000
0.000000	45131.000000
0.000000	45131.000000
0.000000	45131.000000
0.000000	45131.000000
0.000000	45131.000000
0.000000	45131.000000
0.000000	45131.000000
0.000000	45131.000000
0.000000	45131.000000
0.000000	45131.000000
0.000000	45132.000000
0.000000	45132.000000
0.000000	45132.000000
0.000000	45132.000000
0.000000	45132.000000
0.000000	45132.000000
0.000000	45132.000000
0.000000	45132.000000
0.000000	45132.000000
0.000000	45132.000000
0.000000	45132.000000
0.000000	45132.000000
0.000000	45132.000000
0.000000	45132.000000
0.000000	45132.000000
0.000000	45132.000000
0.000000	45132.000000
0.000000	45133.000000
0.000000	45133.000000
0.000000	45133.000000
0.000000	45133.000000
0.000000	45133.000000
0.000000	45133.000000
0.000000	45133.000000
0.000000	45133.000000
0.000000	45133.000000
0.000000	45133.000000
0.000000	45133.000000
0.000000	45133.000000
0.000000	45133.000000
0.000000	45133.000000
0.000000	45133.000000
0.000000	45133.000000
0.000000	45133.000000
0.000000	45134.000000
0.000000	45134.000000
0.000000	45134.000000
0.000000	45134.000000
0.000000	45134.000000
0.000000	45134.000000
0.000000	45134.000000
0.000000	45134.000000
0.000000	45134.000000
0.000000	45134.000000
0.000000	45134.000000
0.000000	45134.000000
0.000000	45134.000000
0.000000	45134.000000
0.000000	45134.000000
0.000000	45134.000000
0.000000	45134.000000
0.000000	45135.000000
0.000000	45135.000000
0.000000	45135.000000
0.000000	45135.000000
0.000000	45135.000000
0.000000	45135.000000
0.000000	45135.000000
0.000000	45135.000000
0.000000	45135.000000
0.000000	45135.000000
0.000000	45135.000000
0.000000	45135.000000
0.000000	45135.000000
0.000000	45135.000000
0.000000	45135.000000
0.000000	45135.000000
0.000000	45135.000000
0.000000	45136.000000
0.000000	45136.000000
0.000000	45136.000000
0.000000	45136.000000
0.000000	45136.000000
0.000000	45136.000000
0.000000	45136.000000
0.000000	45136.000000
0.000000	45136.000000
0.000000	45136.000000
0.000000	45136.000000
0.000000	45136.000000
0.000000	45136.000000
0.000000	45136.000000
0.000000	45136.000000
0.000000	45136.000000
0.000000	45136.000000
0.000000	45137.000000
0.000000	45137.000000
0.000000	45137.000000
0.000000	45137.000000
0.000000	45137.000000
0.000000	45137.000000
0.000000	45137.000000
0.000000	45137.000000
0.000000	45137.000000
0.000000	45137.000000
0.000000	45137.000000
0.000000	45137.000000
0.000000	45137.000000
0.000000	45137.000000
0.000000	45137.000000
0.000000	45137.000000
0.000000	45137.000000
0.000000	45138.000000
0.000000	45138.000000
0.000000	45138.000000
0.000000	45138.000000
0.000000	45138.000000
0.000000	45138.000000
0.000000	45138.000000
0.000000	45138.000000
0.000000	45138.000000
0.000000	45138.000000
0.000000	45138.000000
0.000000	45138.000000
0.000000	45138.000000
0.000000	45138.000000
0.000000	45138.000000
0.000000	45138.000000
0.000000	45138.000000
0.000000	45139.000000
0.000000	45139.000000
0.000000	45139.000000
0.000000	45139.000000
0.000000	45139.000000
0.000000	45139.000000
0.000000	45139.000000
0.000000	45139.000000
0.000000	45139.000000
0.000000	45139.000000
0.000000	45139.000000
0.000000	45139.000000
0.000000	45139.000000
0.000000	45139.000000
0.000000	45139.000000
0.000000	45139.000000
0.000000	45139.000000
0.000000	45140.000000
0.000000	45140.000000
0.000000	45140.000000
0.000000	45140.000000
0.000000	45140.000000
0.000000	45140.000000
0.000000	45140.000000
0.000000	45140.000000
0.000000	45140.000000
0.000000	45140.000000
0.000000	45140.000000
0.000000	45140.000000
0.000000	45140.000000
0.000000	45140.000000
0.000000	45140.000000
0.000000	45140.000000
0.000000	45140.000000
0.000000	45141.000000
0.000000	45141.000000
0.000000	45141.000000
0.000000	45141.000000
0.000000	45141.000000
0.000000	45141.000000
0.000000	45141.000000
0.000000	45141.000000
0.000000	45141.000000
0.000000	45141.000000
0.000000	45141.000000
0.000000	45141.000000
0.000000	45141.000000
0.000000	45141.000000
0.000000	45141.000000
0.000000	45141.000000
0.000000	45141.000000
0.000000	45142.000000
0.000000	45142.000000
0.000000	45142.000000
0.000000	45142.000000
0.000000	45142.000000
0.000000	45142.000000
0.000000	45142.000000
0.000000	45142.000000
0.000000	45142.000000
0.000000	45142.000000
0.000000	45142.000000
0.000000	45142.000000
0.000000	45142.000000
0.000000	45142.000000
0.000000	45142.000000
0.000000	45142.000000
0.000000	45142.000000
0.000000	45143.000000
0.000000	45143.000000
0.000000	45143.000000
0.000000	45143.000000
0.000000	45143.000000
0.000000	45143.000000
0.000000	45143.000000
0.000000	45143.000000
0.000000	45143.000000
0.000000	45143.000000
0.000000	45143.000000
0.000000	45143.000000
0.000000	45143.000000
0.000000	45143.000000
0.000000	45143.000000
0.000000	45143.000000
0.000000	45143.000000
0.000000	45144.000000
0.000000	45144.000000
0.000000	45144.000000
0.000000	45144.000000
0.000000	45144.000000
0.000000	45144.000000
0.000000	45144.000000
0.000000	45144.000000
0.000000	45144.000000
0.000000	45144.000000
0.000000	45144.000000
0.000000	45144.000000
0.000000	45144.000000
0.000000	45144.000000
0.000000	45144.000000
0.000000	45144.000000
0.000000	45144.000000
0.000000	45144.000000
0.000000	45145.000000
0.000000	45145.000000
0.000000	45145.000000
0.000000	45145.000000
0.000000	45145.000000
0.000000	45145.000000
0.000000	45145.000000
0.000000	45145.000000
0.000000	45145.000000
0.000000	45145.000000
0.000000	45145.000000
0.000000	45145.000000
0.000000	45145.000000
0.000000	45145.000000
0.000000	45145.000000
0.000000	45145.000000
0.000000	45145.000000
0.000000	45146.000000
0.000000	45146.000000
0.000000	45146.000000
0.000000	45146.000000
0.000000	45146.000000
0.000000	45146.000000
0.000000	45146.000000
0.000000	45146.000000
0.000000	45146.000000
0.000000	45146.000000
0.000000	45146.000000
0.000000	45146.000000
0.000000	45146.000000
0.000000	45146.000000
0.000000	45146.000000
0.000000	45146.000000
0.000000	45146.000000
0.000000	45147.000000
0.000000	45147.000000
0.000000	45147.000000
0.000000	45147.000000
0.000000	45147.000000
0.000000	45147.000000
0.000000	45147.000000
0.000000	45147.000000
0.000000	45147.000000
0.000000	45147.000000
0.000000	45147.000000
0.000000	45147.000000
0.000000	45147.000000
0.000000	45147.000000
0.000000	45147.000000
0.000000	45147.000000
0.000000	45147.000000
0.000000	45148.000000
0.000000	45148.000000
0.000000	45148.000000
0.000000	45148.000000
0.000000	45148.000000
0.000000	45148.000000
0.000000	45148.000000
0.000000	45148.000000
0.000000	45148.000000
0.000000	45148.000000
0.000000	45148.000000
0.000000	45148.000000
0.000000	45148.000000
0.000000	45148.000000
0.000000	45148.000000
0.000000	45148.000000
0.000000	45148.000000
0.000000	45149.000000
0.000000	45149.000000
0.000000	45149.000000
0.000000	45149.000000
0.000000	45149.000000
0.000000	45149.000000
0.000000	45149.000000
0.000000	45149.000000
0.000000	45149.000000
0.000000	45149.000000
0.000000	45149.000000
0.000000	45149.000000
0.000000	45149.000000
0.000000	45149.000000
0.000000	45149.000000
0.000000	45149.000000
0.000000	45149.000000
0.000000	45150.000000
0.000000	45150.000000
0.000000	45150.000000
0.000000	45150.000000
0.000000	45150.000000
0.000000	45150.000000
0.000000	45150.000000
0.000000	45150.000000
0.000000	45150.000000
0.000000	45150.000000
0.000000	45150.000000
0.000000	45150.000000
0.000000	45150.000000
0.000000	45150.000000
0.000000	45150.000000
0.000000	45150.000000
0.000000	45150.000000
0.000000	45151.000000
0.000000	45151.000000
0.000000	45151.000000
0.000000	45151.000000
0.000000	45151.000000
0.000000	45151.000000
0.000000	45151.000000
0.000000	45151.000000
0.000000	45151.000000
0.000000	45151.000000
0.000000	45151.000000
0.000000	45151.000000
0.000000	45151.000000
0.000000	45151.000000
0.000000	45151.000000
0.000000	45151.000000
0.000000	45151.000000
0.000000	45152.000000
0.000000	45152.000000
0.000000	45152.000000
0.000000	45152.000000
0.000000	45152.000000
0.000000	45152.000000
0.000000	45152.000000
0.000000	45152.000000
0.000000	45152.000000
0.000000	45152.000000
0.000000	45152.000000
0.000000	45152.000000
0.000000	45152.000000
0.000000	45152.000000
0.000000	45152.000000
0.000000	45152.000000
0.000000	45152.000000
0.000000	45153.000000
0.000000	45153.000000
0.000000	45153.000000
0.000000	45153.000000
0.000000	45153.000000
0.000000	45153.000000
0.000000	45153.000000
0.000000	45153.000000
