0.000000	44553.000000
0.000000	44553.000000
0.000000	44553.000000
0.000000	44553.000000
0.000000	44553.000000
0.000000	44553.000000
0.000000	44553.000000
0.000000	44553.000000
0.000000	44553.000000
0.000000	44554.000000
0.000000	44554.000000
0.000000	44554.000000
0.000000	44554.000000
0.000000	44554.000000
0.000000	44554.000000
0.000000	44554.000000
0.000000	44554.000000
0.000000	44554.000000
0.000000	44554.000000
0.000000	44554.000000
0.000000	44554.000000
0.000000	44554.000000
0.000000	44554.000000
0.000000	44554.000000
0.000000	44554.000000
0.000000	44554.000000
0.000000	44555.000000
0.000000	44555.000000
0.000000	44555.000000
0.000000	44555.000000
0.000000	44555.000000
0.000000	44555.000000
0.000000	44555.000000
0.000000	44555.000000
0.000000	44555.000000
0.000000	44555.000000
0.000000	44555.000000
0.000000	44555.000000
0.000000	44555.000000
0.000000	44555.000000
0.000000	44555.000000
0.000000	44555.000000
0.000000	44555.000000
0.000000	44556.000000
0.000000	44556.000000
0.000000	44556.000000
0.000000	44556.000000
0.000000	44556.000000
0.000000	44556.000000
0.000000	44556.000000
0.000000	44556.000000
0.000000	44556.000000
0.000000	44556.000000
0.000000	44556.000000
0.000000	44556.000000
0.000000	44556.000000
0.000000	44556.000000
0.000000	44556.000000
0.000000	44556.000000
0.000000	44556.000000
0.000000	44557.000000
0.000000	44557.000000
0.000000	44557.000000
0.000000	44557.000000
0.000000	44557.000000
0.000000	44557.000000
0.000000	44557.000000
0.000000	44557.000000
0.000000	44557.000000
0.000000	44557.000000
0.000000	44557.000000
0.000000	44557.000000
0.000000	44557.000000
0.000000	44557.000000
0.000000	44557.000000
0.000000	44557.000000
0.000000	44557.000000
0.000000	44557.000000
0.000000	44558.000000
0.000000	44558.000000
0.000000	44558.000000
0.000000	44558.000000
0.000000	44558.000000
0.000000	44558.000000
0.000000	44558.000000
0.000000	44558.000000
0.000000	44558.000000
0.000000	44558.000000
0.000000	44558.000000
0.000000	44558.000000
0.000000	44558.000000
0.000000	44558.000000
0.000000	44558.000000
0.000000	44558.000000
0.000000	44558.000000
0.000000	44559.000000
0.000000	44559.000000
0.000000	44559.000000
0.000000	44559.000000
0.000000	44559.000000
0.000000	44559.000000
0.000000	44559.000000
0.000000	44559.000000
0.000000	44559.000000
0.000000	44559.000000
0.000000	44559.000000
0.000000	44559.000000
0.000000	44559.000000
0.000000	44559.000000
0.000000	44559.000000
0.000000	44559.000000
0.000000	44559.000000
0.000000	44600.000000
0.000000	44600.000000
0.000000	44600.000000
0.000000	44600.000000
0.000000	44600.000000
0.000000	44600.000000
0.000000	44600.000000
0.000000	44600.000000
0.000000	44600.000000
0.000000	44600.000000
0.000000	44600.000000
0.000000	44600.000000
0.000000	44600.000000
0.000000	44600.000000
0.000000	44600.000000
0.000000	44600.000000
0.000000	44600.000000
0.000000	44601.000000
0.000000	44601.000000
0.000000	44601.000000
0.000000	44601.000000
0.000000	44601.000000
0.000000	44601.000000
0.000000	44601.000000
0.000000	44601.000000
0.000000	44601.000000
0.000000	44601.000000
0.000000	44601.000000
0.000000	44601.000000
0.000000	44601.000000
0.000000	44601.000000
0.000000	44601.000000
0.000000	44601.000000
0.000000	44601.000000
0.000000	44602.000000
0.000000	44602.000000
0.000000	44602.000000
0.000000	44602.000000
0.000000	44602.000000
0.000000	44602.000000
0.000000	44602.000000
0.000000	44602.000000
0.000000	44602.000000
0.000000	44602.000000
0.000000	44602.000000
0.000000	44602.000000
0.000000	44602.000000
0.000000	44602.000000
0.000000	44602.000000
0.000000	44602.000000
0.000000	44602.000000
0.000000	44603.000000
0.000000	44603.000000
0.000000	44603.000000
0.000000	44603.000000
0.000000	44603.000000
0.000000	44603.000000
0.000000	44603.000000
0.000000	44603.000000
0.000000	44603.000000
0.000000	44603.000000
0.000000	44603.000000
0.000000	44603.000000
0.000000	44603.000000
0.000000	44603.000000
0.000000	44603.000000
0.000000	44603.000000
0.000000	44603.000000
0.000000	44604.000000
0.000000	44604.000000
0.000000	44604.000000
0.000000	44604.000000
0.000000	44604.000000
0.000000	44604.000000
0.000000	44604.000000
0.000000	44604.000000
0.000000	44604.000000
0.000000	44604.000000
0.000000	44604.000000
0.000000	44604.000000
0.000000	44604.000000
0.000000	44604.000000
0.000000	44604.000000
0.000000	44604.000000
0.000000	44604.000000
0.000000	44605.000000
0.000000	44605.000000
0.000000	44605.000000
0.000000	44605.000000
0.000000	44605.000000
0.000000	44605.000000
0.000000	44605.000000
0.000000	44605.000000
0.000000	44605.000000
0.000000	44605.000000
0.000000	44605.000000
0.000000	44605.000000
0.000000	44605.000000
0.000000	44605.000000
0.000000	44605.000000
0.000000	44605.000000
0.000000	44605.000000
0.000000	44606.000000
0.000000	44606.000000
0.000000	44606.000000
0.000000	44606.000000
0.000000	44606.000000
0.000000	44606.000000
0.000000	44606.000000
0.000000	44606.000000
0.000000	44606.000000
0.000000	44606.000000
0.000000	44606.000000
0.000000	44606.000000
0.000000	44606.000000
0.000000	44606.000000
0.000000	44606.000000
0.000000	44606.000000
0.000000	44606.000000
0.000000	44607.000000
0.000000	44607.000000
0.000000	44607.000000
0.000000	44607.000000
0.000000	44607.000000
0.000000	44607.000000
0.000000	44607.000000
0.000000	44607.000000
0.000000	44607.000000
0.000000	44607.000000
0.000000	44607.000000
0.000000	44607.000000
0.000000	44607.000000
0.000000	44607.000000
0.000000	44607.000000
0.000000	44607.000000
0.000000	44607.000000
0.000000	44608.000000
0.000000	44608.000000
0.000000	44608.000000
0.000000	44608.000000
0.000000	44608.000000
0.000000	44608.000000
0.000000	44608.000000
0.000000	44608.000000
0.000000	44608.000000
0.000000	44608.000000
0.000000	44608.000000
0.000000	44608.000000
0.000000	44608.000000
0.000000	44608.000000
0.000000	44608.000000
0.000000	44608.000000
0.000000	44608.000000
0.000000	44609.000000
0.000000	44609.000000
0.000000	44609.000000
0.000000	44609.000000
0.000000	44609.000000
0.000000	44609.000000
0.000000	44609.000000
0.000000	44609.000000
0.000000	44609.000000
0.000000	44609.000000
0.000000	44609.000000
0.000000	44609.000000
0.000000	44609.000000
0.000000	44609.000000
0.000000	44609.000000
0.000000	44609.000000
0.000000	44609.000000
0.000000	44610.000000
0.000000	44610.000000
0.000000	44610.000000
0.000000	44610.000000
0.000000	44610.000000
0.000000	44610.000000
0.000000	44610.000000
0.000000	44610.000000
0.000000	44610.000000
0.000000	44610.000000
0.000000	44610.000000
0.000000	44610.000000
0.000000	44610.000000
0.000000	44610.000000
0.000000	44610.000000
0.000000	44610.000000
0.000000	44610.000000
0.000000	44611.000000
0.000000	44611.000000
0.000000	44611.000000
0.000000	44611.000000
0.000000	44611.000000
0.000000	44611.000000
0.000000	44611.000000
0.000000	44611.000000
0.000000	44611.000000
0.000000	44611.000000
0.000000	44611.000000
0.000000	44611.000000
0.000000	44611.000000
0.000000	44611.000000
0.000000	44611.000000
0.000000	44611.000000
0.000000	44611.000000
0.000000	44612.000000
0.000000	44612.000000
0.000000	44612.000000
0.000000	44612.000000
0.000000	44612.000000
0.000000	44612.000000
0.000000	44612.000000
0.000000	44612.000000
0.000000	44612.000000
0.000000	44612.000000
0.000000	44612.000000
0.000000	44612.000000
0.000000	44612.000000
0.000000	44612.000000
0.000000	44612.000000
0.000000	44612.000000
0.000000	44612.000000
0.000000	44612.000000
0.000000	44613.000000
0.000000	44613.000000
0.000000	44613.000000
0.000000	44613.000000
0.000000	44613.000000
0.000000	44613.000000
0.000000	44613.000000
0.000000	44613.000000
0.000000	44613.000000
0.000000	44613.000000
0.000000	44613.000000
0.000000	44613.000000
0.000000	44613.000000
0.000000	44613.000000
0.000000	44613.000000
0.000000	44613.000000
0.000000	44613.000000
0.000000	44614.000000
0.000000	44614.000000
0.000000	44614.000000
0.000000	44614.000000
0.000000	44614.000000
0.000000	44614.000000
0.000000	44614.000000
0.000000	44614.000000
0.000000	44614.000000
0.000000	44614.000000
0.000000	44614.000000
0.000000	44614.000000
0.000000	44614.000000
0.000000	44614.000000
0.000000	44614.000000
0.000000	44614.000000
0.000000	44614.000000
0.000000	44615.000000
0.000000	44615.000000
0.000000	44615.000000
0.000000	44615.000000
0.000000	44615.000000
0.000000	44615.000000
0.000000	44615.000000
0.000000	44615.000000
0.000000	44615.000000
0.000000	44615.000000
0.000000	44615.000000
0.000000	44615.000000
0.000000	44615.000000
0.000000	44615.000000
0.000000	44615.000000
0.000000	44615.000000
0.000000	44615.000000
0.000000	44616.000000
0.000000	44616.000000
0.000000	44616.000000
0.000000	44616.000000
0.000000	44616.000000
0.000000	44616.000000
0.000000	44616.000000
0.000000	44616.000000
0.000000	44616.000000
0.000000	44616.000000
0.000000	44616.000000
0.000000	44616.000000
0.000000	44616.000000
0.000000	44616.000000
0.000000	44616.000000
0.000000	44616.000000
0.000000	44616.000000
0.000000	44617.000000
0.000000	44617.000000
0.000000	44617.000000
0.000000	44617.000000
0.000000	44617.000000
0.000000	44617.000000
0.000000	44617.000000
0.000000	44617.000000
0.000000	44617.000000
0.000000	44617.000000
0.000000	44617.000000
0.000000	44617.000000
0.000000	44617.000000
0.000000	44617.000000
0.000000	44617.000000
0.000000	44617.000000
0.000000	44617.000000
0.000000	44618.000000
0.000000	44618.000000
0.000000	44618.000000
0.000000	44618.000000
0.000000	44618.000000
0.000000	44618.000000
0.000000	44618.000000
0.000000	44618.000000
0.000000	44618.000000
0.000000	44618.000000
0.000000	44618.000000
0.000000	44618.000000
0.000000	44618.000000
0.000000	44618.000000
0.000000	44618.000000
0.000000	44618.000000
0.000000	44618.000000
0.000000	44619.000000
0.000000	44619.000000
0.000000	44619.000000
0.000000	44619.000000
0.000000	44619.000000
0.000000	44619.000000
0.000000	44619.000000
0.000000	44619.000000
0.000000	44619.000000
0.000000	44619.000000
0.000000	44619.000000
0.000000	44619.000000
0.000000	44619.000000
0.000000	44619.000000
0.000000	44619.000000
0.000000	44619.000000
0.000000	44619.000000
0.000000	44620.000000
0.000000	44620.000000
0.000000	44620.000000
0.000000	44620.000000
0.000000	44620.000000
0.000000	44620.000000
0.000000	44620.000000
0.000000	44620.000000
0.000000	44620.000000
0.000000	44620.000000
0.000000	44620.000000
0.000000	44620.000000
0.000000	44620.000000
0.000000	44620.000000
0.000000	44620.000000
0.000000	44620.000000
0.000000	44620.000000
0.000000	44621.000000
0.000000	44621.000000
0.000000	44621.000000
0.000000	44621.000000
0.000000	44621.000000
0.000000	44621.000000
0.000000	44621.000000
0.000000	44621.000000
0.000000	44621.000000
0.000000	44621.000000
0.000000	44621.000000
0.000000	44621.000000
0.000000	44621.000000
0.000000	44621.000000
0.000000	44621.000000
0.000000	44621.000000
0.000000	44621.000000
0.000000	44622.000000
0.000000	44622.000000
0.000000	44622.000000
0.000000	44622.000000
0.000000	44622.000000
0.000000	44622.000000
0.000000	44622.000000
0.000000	44622.000000
0.000000	44622.000000
0.000000	44622.000000
0.000000	44622.000000
0.000000	44622.000000
0.000000	44622.000000
0.000000	44622.000000
0.000000	44622.000000
0.000000	44622.000000
0.000000	44622.000000
0.000000	44623.000000
0.000000	44623.000000
0.000000	44623.000000
0.000000	44623.000000
0.000000	44623.000000
0.000000	44623.000000
0.000000	44623.000000
0.000000	44623.000000
0.000000	44623.000000
0.000000	44623.000000
0.000000	44623.000000
0.000000	44623.000000
0.000000	44623.000000
0.000000	44623.000000
0.000000	44623.000000
0.000000	44623.000000
0.000000	44623.000000
0.000000	44624.000000
0.000000	44624.000000
0.000000	44624.000000
0.000000	44624.000000
0.000000	44624.000000
0.000000	44624.000000
0.000000	44624.000000
0.000000	44624.000000
0.000000	44624.000000
0.000000	44624.000000
0.000000	44624.000000
0.000000	44624.000000
0.000000	44624.000000
0.000000	44624.000000
0.000000	44624.000000
0.000000	44624.000000
0.000000	44624.000000
0.000000	44625.000000
0.000000	44625.000000
0.000000	44625.000000
0.000000	44625.000000
0.000000	44625.000000
0.000000	44625.000000
0.000000	44625.000000
0.000000	44625.000000
0.000000	44625.000000
0.000000	44625.000000
0.000000	44625.000000
0.000000	44625.000000
0.000000	44625.000000
0.000000	44625.000000
0.000000	44625.000000
0.000000	44625.000000
0.000000	44625.000000
0.000000	44626.000000
0.000000	44626.000000
0.000000	44626.000000
0.000000	44626.000000
0.000000	44626.000000
0.000000	44626.000000
0.000000	44626.000000
0.000000	44626.000000
0.000000	44626.000000
0.000000	44626.000000
0.000000	44626.000000
0.000000	44626.000000
0.000000	44626.000000
0.000000	44626.000000
0.000000	44626.000000
0.000000	44626.000000
0.000000	44626.000000
0.000000	44627.000000
0.000000	44627.000000
0.000000	44627.000000
0.000000	44627.000000
0.000000	44627.000000
0.000000	44627.000000
0.000000	44627.000000
0.000000	44627.000000
0.000000	44627.000000
0.000000	44627.000000
0.000000	44627.000000
0.000000	44627.000000
0.000000	44627.000000
0.000000	44627.000000
0.000000	44627.000000
0.000000	44627.000000
0.000000	44627.000000
0.000000	44628.000000
0.000000	44628.000000
0.000000	44628.000000
0.000000	44628.000000
0.000000	44628.000000
0.000000	44628.000000
0.000000	44628.000000
0.000000	44628.000000
0.000000	44628.000000
0.000000	44628.000000
0.000000	44628.000000
0.000000	44628.000000
0.000000	44628.000000
0.000000	44628.000000
0.000000	44628.000000
0.000000	44628.000000
0.000000	44628.000000
0.000000	44628.000000
0.000000	44629.000000
0.000000	44629.000000
0.000000	44629.000000
0.000000	44629.000000
0.000000	44629.000000
0.000000	44629.000000
0.000000	44629.000000
0.000000	44629.000000
0.000000	44629.000000
0.000000	44629.000000
0.000000	44629.000000
0.000000	44629.000000
0.000000	44629.000000
0.000000	44629.000000
0.000000	44629.000000
0.000000	44629.000000
0.000000	44629.000000
0.000000	44630.000000
0.000000	44630.000000
0.000000	44630.000000
0.000000	44630.000000
0.000000	44630.000000
0.000000	44630.000000
0.000000	44630.000000
0.000000	44630.000000
0.000000	44630.000000
0.000000	44630.000000
0.000000	44630.000000
0.000000	44630.000000
0.000000	44630.000000
0.000000	44630.000000
0.000000	44630.000000
0.000000	44630.000000
0.000000	44630.000000
0.000000	44631.000000
0.000000	44631.000000
0.000000	44631.000000
0.000000	44631.000000
0.000000	44631.000000
0.000000	44631.000000
0.000000	44631.000000
0.000000	44631.000000
0.000000	44631.000000
0.000000	44631.000000
0.000000	44631.000000
0.000000	44631.000000
0.000000	44631.000000
0.000000	44631.000000
0.000000	44631.000000
0.000000	44631.000000
0.000000	44631.000000
0.000000	44632.000000
0.000000	44632.000000
0.000000	44632.000000
0.000000	44632.000000
0.000000	44632.000000
0.000000	44632.000000
0.000000	44632.000000
0.000000	44632.000000
0.000000	44632.000000
0.000000	44632.000000
0.000000	44632.000000
0.000000	44632.000000
0.000000	44632.000000
0.000000	44632.000000
0.000000	44632.000000
0.000000	44632.000000
0.000000	44632.000000
0.000000	44633.000000
0.000000	44633.000000
0.000000	44633.000000
0.000000	44633.000000
0.000000	44633.000000
0.000000	44633.000000
0.000000	44633.000000
0.000000	44633.000000
0.000000	44633.000000
0.000000	44633.000000
0.000000	44633.000000
0.000000	44633.000000
0.000000	44633.000000
0.000000	44633.000000
0.000000	44633.000000
0.000000	44633.000000
0.000000	44633.000000
0.000000	44634.000000
0.000000	44634.000000
0.000000	44634.000000
0.000000	44634.000000
0.000000	44634.000000
0.000000	44634.000000
0.000000	44634.000000
0.000000	44634.000000
0.000000	44634.000000
0.000000	44634.000000
0.000000	44634.000000
0.000000	44634.000000
0.000000	44634.000000
0.000000	44634.000000
0.000000	44634.000000
0.000000	44634.000000
0.000000	44634.000000
0.000000	44635.000000
0.000000	44635.000000
0.000000	44635.000000
0.000000	44635.000000
0.000000	44635.000000
0.000000	44635.000000
0.000000	44635.000000
0.000000	44635.000000
0.000000	44635.000000
0.000000	44635.000000
0.000000	44635.000000
0.000000	44635.000000
0.000000	44635.000000
0.000000	44635.000000
0.000000	44635.000000
0.000000	44635.000000
0.000000	44635.000000
0.000000	44636.000000
0.000000	44636.000000
0.000000	44636.000000
0.000000	44636.000000
0.000000	44636.000000
0.000000	44636.000000
0.000000	44636.000000
0.000000	44636.000000
0.000000	44636.000000
0.000000	44636.000000
0.000000	44636.000000
0.000000	44636.000000
0.000000	44636.000000
0.000000	44636.000000
0.000000	44636.000000
0.000000	44636.000000
0.000000	44636.000000
0.000000	44637.000000
0.000000	44637.000000
0.000000	44637.000000
0.000000	44637.000000
0.000000	44637.000000
0.000000	44637.000000
0.000000	44637.000000
0.000000	44637.000000
0.000000	44637.000000
0.000000	44637.000000
0.000000	44637.000000
0.000000	44637.000000
0.000000	44637.000000
0.000000	44637.000000
0.000000	44637.000000
0.000000	44637.000000
0.000000	44637.000000
0.000000	44638.000000
0.000000	44638.000000
0.000000	44638.000000
0.000000	44638.000000
0.000000	44638.000000
0.000000	44638.000000
0.000000	44638.000000
0.000000	44638.000000
0.000000	44638.000000
0.000000	44638.000000
0.000000	44638.000000
0.000000	44638.000000
0.000000	44638.000000
0.000000	44638.000000
0.000000	44638.000000
0.000000	44638.000000
0.000000	44638.000000
0.000000	44639.000000
0.000000	44639.000000
0.000000	44639.000000
0.000000	44639.000000
0.000000	44639.000000
0.000000	44639.000000
0.000000	44639.000000
0.000000	44639.000000
0.000000	44639.000000
0.000000	44639.000000
0.000000	44639.000000
0.000000	44639.000000
0.000000	44639.000000
0.000000	44639.000000
0.000000	44639.000000
0.000000	44639.000000
0.000000	44639.000000
0.000000	44640.000000
0.000000	44640.000000
0.000000	44640.000000
0.000000	44640.000000
0.000000	44640.000000
0.000000	44640.000000
0.000000	44640.000000
0.000000	44640.000000
0.000000	44640.000000
0.000000	44640.000000
0.000000	44640.000000
0.000000	44640.000000
0.000000	44640.000000
0.000000	44640.000000
0.000000	44640.000000
0.000000	44640.000000
0.000000	44640.000000
0.000000	44641.000000
0.000000	44641.000000
0.000000	44641.000000
0.000000	44641.000000
0.000000	44641.000000
0.000000	44641.000000
0.000000	44641.000000
0.000000	44641.000000
0.000000	44641.000000
0.000000	44641.000000
0.000000	44641.000000
0.000000	44641.000000
0.000000	44641.000000
0.000000	44641.000000
0.000000	44641.000000
0.000000	44641.000000
0.000000	44641.000000
0.000000	44642.000000
0.000000	44642.000000
0.000000	44642.000000
0.000000	44642.000000
0.000000	44642.000000
0.000000	44642.000000
0.000000	44642.000000
0.000000	44642.000000
0.000000	44642.000000
0.000000	44642.000000
0.000000	44642.000000
0.000000	44642.000000
0.000000	44642.000000
0.000000	44642.000000
0.000000	44642.000000
0.000000	44642.000000
0.000000	44642.000000
0.000000	44643.000000
0.000000	44643.000000
0.000000	44643.000000
0.000000	44643.000000
0.000000	44643.000000
0.000000	44643.000000
0.000000	44643.000000
0.000000	44643.000000
0.000000	44643.000000
0.000000	44643.000000
0.000000	44643.000000
0.000000	44643.000000
0.000000	44643.000000
0.000000	44643.000000
0.000000	44643.000000
0.000000	44643.000000
0.000000	44643.000000
0.000000	44643.000000
0.000000	44644.000000
0.000000	44644.000000
0.000000	44644.000000
0.000000	44644.000000
0.000000	44644.000000
0.000000	44644.000000
0.000000	44644.000000
0.000000	44644.000000
0.000000	44644.000000
0.000000	44644.000000
0.000000	44644.000000
0.000000	44644.000000
0.000000	44644.000000
0.000000	44644.000000
0.000000	44644.000000
0.000000	44644.000000
0.000000	44644.000000
0.000000	44645.000000
0.000000	44645.000000
0.000000	44645.000000
0.000000	44645.000000
0.000000	44645.000000
0.000000	44645.000000
0.000000	44645.000000
0.000000	44645.000000
0.000000	44645.000000
0.000000	44645.000000
0.000000	44645.000000
0.000000	44645.000000
0.000000	44645.000000
0.000000	44645.000000
0.000000	44645.000000
0.000000	44645.000000
0.000000	44645.000000
0.000000	44646.000000
0.000000	44646.000000
0.000000	44646.000000
0.000000	44646.000000
0.000000	44646.000000
0.000000	44646.000000
0.000000	44646.000000
0.000000	44646.000000
0.000000	44646.000000
0.000000	44646.000000
0.000000	44646.000000
0.000000	44646.000000
0.000000	44646.000000
0.000000	44646.000000
0.000000	44646.000000
0.000000	44646.000000
0.000000	44646.000000
0.000000	44647.000000
0.000000	44647.000000
0.000000	44647.000000
0.000000	44647.000000
0.000000	44647.000000
0.000000	44647.000000
0.000000	44647.000000
0.000000	44647.000000
0.000000	44647.000000
0.000000	44647.000000
0.000000	44647.000000
0.000000	44647.000000
0.000000	44647.000000
0.000000	44647.000000
0.000000	44647.000000
0.000000	44647.000000
0.000000	44647.000000
0.000000	44648.000000
0.000000	44648.000000
0.000000	44648.000000
0.000000	44648.000000
0.000000	44648.000000
0.000000	44648.000000
0.000000	44648.000000
0.000000	44648.000000
0.000000	44648.000000
0.000000	44648.000000
0.000000	44648.000000
0.000000	44648.000000
0.000000	44648.000000
0.000000	44648.000000
0.000000	44648.000000
0.000000	44648.000000
0.000000	44648.000000
0.000000	44649.000000
0.000000	44649.000000
0.000000	44649.000000
0.000000	44649.000000
0.000000	44649.000000
0.000000	44649.000000
0.000000	44649.000000
0.000000	44649.000000
0.000000	44649.000000
0.000000	44649.000000
0.000000	44649.000000
0.000000	44649.000000
0.000000	44649.000000
0.000000	44649.000000
0.000000	44649.000000
0.000000	44649.000000
0.000000	44649.000000
0.000000	44650.000000
0.000000	44650.000000
0.000000	44650.000000
0.000000	44650.000000
0.000000	44650.000000
0.000000	44650.000000
0.000000	44650.000000
0.000000	44650.000000
0.000000	44650.000000
0.000000	44650.000000
0.000000	44650.000000
0.000000	44650.000000
0.000000	44650.000000
0.000000	44650.000000
0.000000	44650.000000
0.000000	44650.000000
0.000000	44650.000000
0.000000	44651.000000
0.000000	44651.000000
0.000000	44651.000000
0.000000	44651.000000
0.000000	44651.000000
0.000000	44651.000000
0.000000	44651.000000
0.000000	44651.000000
0.000000	44651.000000
0.000000	44651.000000
0.000000	44651.000000
0.000000	44651.000000
0.000000	44651.000000
0.000000	44651.000000
0.000000	44651.000000
0.000000	44651.000000
0.000000	44651.000000
0.000000	44652.000000
0.000000	44652.000000
0.000000	44652.000000
0.000000	44652.000000
0.000000	44652.000000
0.000000	44652.000000
0.000000	44652.000000
0.000000	44652.000000
0.000000	44652.000000
0.000000	44652.000000
0.000000	44652.000000
0.000000	44652.000000
0.000000	44652.000000
0.000000	44652.000000
0.000000	44652.000000
0.000000	44652.000000
0.000000	44652.000000
0.000000	44653.000000
0.000000	44653.000000
0.000000	44653.000000
0.000000	44653.000000
0.000000	44653.000000
0.000000	44653.000000
0.000000	44653.000000
0.000000	44653.000000
0.000000	44653.000000
0.000000	44653.000000
0.000000	44653.000000
0.000000	44653.000000
0.000000	44653.000000
0.000000	44653.000000
0.000000	44653.000000
0.000000	44653.000000
0.000000	44653.000000
0.000000	44654.000000
0.000000	44654.000000
0.000000	44654.000000
0.000000	44654.000000
0.000000	44654.000000
0.000000	44654.000000
0.000000	44654.000000
0.000000	44654.000000
0.000000	44654.000000
0.000000	44654.000000
0.000000	44654.000000
0.000000	44654.000000
0.000000	44654.000000
0.000000	44654.000000
0.000000	44654.000000
0.000000	44654.000000
0.000000	44654.000000
0.000000	44655.000000
0.000000	44655.000000
0.000000	44655.000000
0.000000	44655.000000
0.000000	44655.000000
0.000000	44655.000000
0.000000	44655.000000
0.000000	44655.000000
0.000000	44655.000000
0.000000	44655.000000
0.000000	44655.000000
0.000000	44655.000000
0.000000	44655.000000
0.000000	44655.000000
0.000000	44655.000000
0.000000	44655.000000
0.000000	44655.000000
0.000000	44656.000000
0.000000	44656.000000
0.000000	44656.000000
0.000000	44656.000000
0.000000	44656.000000
0.000000	44656.000000
0.000000	44656.000000
0.000000	44656.000000
0.000000	44656.000000
0.000000	44656.000000
0.000000	44656.000000
0.000000	44656.000000
0.000000	44656.000000
0.000000	44656.000000
0.000000	44656.000000
0.000000	44656.000000
0.000000	44656.000000
0.000000	44657.000000
0.000000	44657.000000
0.000000	44657.000000
0.000000	44657.000000
0.000000	44657.000000
0.000000	44657.000000
0.000000	44657.000000
0.000000	44657.000000
0.000000	44657.000000
0.000000	44657.000000
0.000000	44657.000000
0.000000	44657.000000
0.000000	44657.000000
0.000000	44657.000000
0.000000	44657.000000
0.000000	44657.000000
0.000000	44657.000000
0.000000	44658.000000
0.000000	44658.000000
0.000000	44658.000000
0.000000	44658.000000
0.000000	44658.000000
0.000000	44658.000000
0.000000	44658.000000
0.000000	44658.000000
0.000000	44658.000000
0.000000	44658.000000
0.000000	44658.000000
0.000000	44658.000000
0.000000	44658.000000
0.000000	44658.000000
0.000000	44658.000000
0.000000	44658.000000
0.000000	44658.000000
0.000000	44658.000000
0.000000	44659.000000
0.000000	44659.000000
0.000000	44659.000000
0.000000	44659.000000
0.000000	44659.000000
0.000000	44659.000000
0.000000	44659.000000
0.000000	44659.000000
0.000000	44659.000000
0.000000	44659.000000
0.000000	44659.000000
0.000000	44659.000000
0.000000	44659.000000
0.000000	44659.000000
0.000000	44659.000000
0.000000	44659.000000
0.000000	44659.000000
0.000000	44700.000000
0.000000	44700.000000
0.000000	44700.000000
0.000000	44700.000000
0.000000	44700.000000
0.000000	44700.000000
0.000000	44700.000000
0.000000	44700.000000
0.000000	44700.000000
0.000000	44700.000000
0.000000	44700.000000
0.000000	44700.000000
0.000000	44700.000000
0.000000	44700.000000
0.000000	44700.000000
0.000000	44700.000000
0.000000	44700.000000
0.000000	44701.000000
0.000000	44701.000000
0.000000	44701.000000
0.000000	44701.000000
0.000000	44701.000000
0.000000	44701.000000
0.000000	44701.000000
0.000000	44701.000000
0.000000	44701.000000
0.000000	44701.000000
0.000000	44701.000000
0.000000	44701.000000
0.000000	44701.000000
0.000000	44701.000000
0.000000	44701.000000
0.000000	44701.000000
0.000000	44701.000000
0.000000	44702.000000
0.000000	44702.000000
0.000000	44702.000000
0.000000	44702.000000
0.000000	44702.000000
0.000000	44702.000000
0.000000	44702.000000
0.000000	44702.000000
0.000000	44702.000000
0.000000	44702.000000
0.000000	44702.000000
0.000000	44702.000000
0.000000	44702.000000
0.000000	44702.000000
0.000000	44702.000000
0.000000	44702.000000
0.000000	44702.000000
0.000000	44703.000000
0.000000	44703.000000
0.000000	44703.000000
0.000000	44703.000000
0.000000	44703.000000
0.000000	44703.000000
0.000000	44703.000000
0.000000	44703.000000
0.000000	44703.000000
0.000000	44703.000000
0.000000	44703.000000
0.000000	44703.000000
0.000000	44703.000000
0.000000	44703.000000
0.000000	44703.000000
0.000000	44703.000000
0.000000	44703.000000
0.000000	44704.000000
0.000000	44704.000000
0.000000	44704.000000
0.000000	44704.000000
0.000000	44704.000000
0.000000	44704.000000
0.000000	44704.000000
0.000000	44704.000000
0.000000	44704.000000
0.000000	44704.000000
0.000000	44704.000000
0.000000	44704.000000
0.000000	44704.000000
0.000000	44704.000000
0.000000	44704.000000
0.000000	44704.000000
0.000000	44704.000000
0.000000	44705.000000
0.000000	44705.000000
0.000000	44705.000000
0.000000	44705.000000
0.000000	44705.000000
0.000000	44705.000000
0.000000	44705.000000
0.000000	44705.000000
0.000000	44705.000000
0.000000	44705.000000
0.000000	44705.000000
0.000000	44705.000000
0.000000	44705.000000
0.000000	44705.000000
0.000000	44705.000000
0.000000	44705.000000
0.000000	44705.000000
0.000000	44706.000000
0.000000	44706.000000
0.000000	44706.000000
0.000000	44706.000000
0.000000	44706.000000
0.000000	44706.000000
0.000000	44706.000000
0.000000	44706.000000
0.000000	44706.000000
0.000000	44706.000000
0.000000	44706.000000
0.000000	44706.000000
0.000000	44706.000000
0.000000	44706.000000
0.000000	44706.000000
0.000000	44706.000000
0.000000	44706.000000
0.000000	44707.000000
0.000000	44707.000000
0.000000	44707.000000
0.000000	44707.000000
0.000000	44707.000000
0.000000	44707.000000
0.000000	44707.000000
0.000000	44707.000000
0.000000	44707.000000
0.000000	44707.000000
0.000000	44707.000000
0.000000	44707.000000
0.000000	44707.000000
0.000000	44707.000000
0.000000	44707.000000
0.000000	44707.000000
0.000000	44707.000000
0.000000	44708.000000
0.000000	44708.000000
0.000000	44708.000000
0.000000	44708.000000
0.000000	44708.000000
0.000000	44708.000000
0.000000	44708.000000
0.000000	44708.000000
0.000000	44708.000000
0.000000	44708.000000
0.000000	44708.000000
0.000000	44708.000000
0.000000	44708.000000
0.000000	44708.000000
0.000000	44708.000000
0.000000	44708.000000
0.000000	44708.000000
0.000000	44709.000000
0.000000	44709.000000
0.000000	44709.000000
0.000000	44709.000000
0.000000	44709.000000
0.000000	44709.000000
0.000000	44709.000000
0.000000	44709.000000
0.000000	44709.000000
0.000000	44709.000000
0.000000	44709.000000
0.000000	44709.000000
0.000000	44709.000000
0.000000	44709.000000
0.000000	44709.000000
0.000000	44709.000000
0.000000	44709.000000
0.000000	44710.000000
0.000000	44710.000000
0.000000	44710.000000
0.000000	44710.000000
0.000000	44710.000000
0.000000	44710.000000
0.000000	44710.000000
0.000000	44710.000000
0.000000	44710.000000
0.000000	44710.000000
0.000000	44710.000000
0.000000	44710.000000
0.000000	44710.000000
0.000000	44710.000000
0.000000	44710.000000
0.000000	44710.000000
0.000000	44710.000000
0.000000	44711.000000
0.000000	44711.000000
0.000000	44711.000000
0.000000	44711.000000
0.000000	44711.000000
0.000000	44711.000000
0.000000	44711.000000
0.000000	44711.000000
0.000000	44711.000000
0.000000	44711.000000
0.000000	44711.000000
0.000000	44711.000000
0.000000	44711.000000
0.000000	44711.000000
0.000000	44711.000000
0.000000	44711.000000
0.000000	44711.000000
0.000000	44712.000000
0.000000	44712.000000
0.000000	44712.000000
0.000000	44712.000000
0.000000	44712.000000
0.000000	44712.000000
0.000000	44712.000000
0.000000	44712.000000
0.000000	44712.000000
0.000000	44712.000000
0.000000	44712.000000
0.000000	44712.000000
0.000000	44712.000000
0.000000	44712.000000
0.000000	44712.000000
0.000000	44712.000000
0.000000	44712.000000
0.000000	44713.000000
0.000000	44713.000000
0.000000	44713.000000
0.000000	44713.000000
0.000000	44713.000000
0.000000	44713.000000
0.000000	44713.000000
0.000000	44713.000000
0.000000	44713.000000
0.000000	44713.000000
0.000000	44713.000000
0.000000	44713.000000
0.000000	44713.000000
0.000000	44713.000000
0.000000	44713.000000
0.000000	44713.000000
0.000000	44713.000000
0.000000	44713.000000
0.000000	44714.000000
0.000000	44714.000000
0.000000	44714.000000
0.000000	44714.000000
0.000000	44714.000000
0.000000	44714.000000
0.000000	44714.000000
0.000000	44714.000000
0.000000	44714.000000
0.000000	44714.000000
0.000000	44714.000000
0.000000	44714.000000
0.000000	44714.000000
0.000000	44714.000000
0.000000	44714.000000
0.000000	44714.000000
0.000000	44714.000000
0.000000	44715.000000
0.000000	44715.000000
0.000000	44715.000000
0.000000	44715.000000
0.000000	44715.000000
0.000000	44715.000000
0.000000	44715.000000
0.000000	44715.000000
0.000000	44715.000000
0.000000	44715.000000
0.000000	44715.000000
0.000000	44715.000000
0.000000	44715.000000
0.000000	44715.000000
0.000000	44715.000000
0.000000	44715.000000
0.000000	44715.000000
0.000000	44716.000000
0.000000	44716.000000
0.000000	44716.000000
0.000000	44716.000000
0.000000	44716.000000
0.000000	44716.000000
0.000000	44716.000000
0.000000	44716.000000
0.000000	44716.000000
0.000000	44716.000000
0.000000	44716.000000
0.000000	44716.000000
0.000000	44716.000000
0.000000	44716.000000
0.000000	44716.000000
0.000000	44716.000000
0.000000	44716.000000
0.000000	44717.000000
0.000000	44717.000000
0.000000	44717.000000
0.000000	44717.000000
0.000000	44717.000000
0.000000	44717.000000
0.000000	44717.000000
0.000000	44717.000000
0.000000	44717.000000
0.000000	44717.000000
0.000000	44717.000000
0.000000	44717.000000
0.000000	44717.000000
0.000000	44717.000000
0.000000	44717.000000
0.000000	44717.000000
0.000000	44717.000000
0.000000	44718.000000
0.000000	44718.000000
0.000000	44718.000000
0.000000	44718.000000
0.000000	44718.000000
0.000000	44718.000000
0.000000	44718.000000
0.000000	44718.000000
0.000000	44718.000000
0.000000	44718.000000
0.000000	44718.000000
0.000000	44718.000000
0.000000	44718.000000
0.000000	44718.000000
0.000000	44718.000000
0.000000	44718.000000
0.000000	44718.000000
0.000000	44719.000000
0.000000	44719.000000
0.000000	44719.000000
0.000000	44719.000000
0.000000	44719.000000
0.000000	44719.000000
0.000000	44719.000000
0.000000	44719.000000
0.000000	44719.000000
0.000000	44719.000000
0.000000	44719.000000
0.000000	44719.000000
0.000000	44719.000000
0.000000	44719.000000
0.000000	44719.000000
0.000000	44719.000000
0.000000	44719.000000
0.000000	44720.000000
0.000000	44720.000000
0.000000	44720.000000
0.000000	44720.000000
0.000000	44720.000000
0.000000	44720.000000
0.000000	44720.000000
0.000000	44720.000000
0.000000	44720.000000
0.000000	44720.000000
0.000000	44720.000000
0.000000	44720.000000
0.000000	44720.000000
0.000000	44720.000000
0.000000	44720.000000
0.000000	44720.000000
0.000000	44720.000000
0.000000	44721.000000
0.000000	44721.000000
0.000000	44721.000000
0.000000	44721.000000
0.000000	44721.000000
0.000000	44721.000000
0.000000	44721.000000
0.000000	44721.000000
0.000000	44721.000000
0.000000	44721.000000
0.000000	44721.000000
0.000000	44721.000000
0.000000	44721.000000
0.000000	44721.000000
0.000000	44721.000000
0.000000	44721.000000
0.000000	44721.000000
0.000000	44722.000000
0.000000	44722.000000
0.000000	44722.000000
0.000000	44722.000000
0.000000	44722.000000
0.000000	44722.000000
0.000000	44722.000000
0.000000	44722.000000
0.000000	44722.000000
0.000000	44722.000000
0.000000	44722.000000
0.000000	44722.000000
0.000000	44722.000000
0.000000	44722.000000
0.000000	44722.000000
0.000000	44722.000000
0.000000	44722.000000
0.000000	44723.000000
0.000000	44723.000000
0.000000	44723.000000
0.000000	44723.000000
0.000000	44723.000000
0.000000	44723.000000
0.000000	44723.000000
0.000000	44723.000000
0.000000	44723.000000
0.000000	44723.000000
0.000000	44723.000000
0.000000	44723.000000
0.000000	44723.000000
0.000000	44723.000000
0.000000	44723.000000
0.000000	44723.000000
0.000000	44723.000000
0.000000	44724.000000
0.000000	44724.000000
0.000000	44724.000000
0.000000	44724.000000
0.000000	44724.000000
0.000000	44724.000000
0.000000	44724.000000
0.000000	44724.000000
0.000000	44724.000000
0.000000	44724.000000
0.000000	44724.000000
0.000000	44724.000000
0.000000	44724.000000
0.000000	44724.000000
0.000000	44724.000000
0.000000	44724.000000
0.000000	44724.000000
0.000000	44725.000000
0.000000	44725.000000
0.000000	44725.000000
0.000000	44725.000000
0.000000	44725.000000
0.000000	44725.000000
0.000000	44725.000000
0.000000	44725.000000
0.000000	44725.000000
0.000000	44725.000000
0.000000	44725.000000
0.000000	44725.000000
0.000000	44725.000000
0.000000	44725.000000
0.000000	44725.000000
0.000000	44725.000000
0.000000	44725.000000
0.000000	44726.000000
0.000000	44726.000000
0.000000	44726.000000
0.000000	44726.000000
0.000000	44726.000000
0.000000	44726.000000
0.000000	44726.000000
0.000000	44726.000000
0.000000	44726.000000
0.000000	44726.000000
0.000000	44726.000000
0.000000	44726.000000
0.000000	44726.000000
0.000000	44726.000000
0.000000	44726.000000
0.000000	44726.000000
0.000000	44726.000000
0.000000	44727.000000
0.000000	44727.000000
0.000000	44727.000000
0.000000	44727.000000
0.000000	44727.000000
0.000000	44727.000000
0.000000	44727.000000
0.000000	44727.000000
0.000000	44727.000000
0.000000	44727.000000
0.000000	44727.000000
0.000000	44727.000000
0.000000	44727.000000
0.000000	44727.000000
0.000000	44727.000000
0.000000	44727.000000
0.000000	44727.000000
0.000000	44728.000000
0.000000	44728.000000
0.000000	44728.000000
0.000000	44728.000000
0.000000	44728.000000
0.000000	44728.000000
0.000000	44728.000000
0.000000	44728.000000
0.000000	44728.000000
0.000000	44728.000000
0.000000	44728.000000
0.000000	44728.000000
0.000000	44728.000000
0.000000	44728.000000
0.000000	44728.000000
0.000000	44728.000000
0.000000	44728.000000
0.000000	44728.000000
0.000000	44729.000000
0.000000	44729.000000
0.000000	44729.000000
0.000000	44729.000000
0.000000	44729.000000
0.000000	44729.000000
0.000000	44729.000000
0.000000	44729.000000
0.000000	44729.000000
0.000000	44729.000000
0.000000	44729.000000
0.000000	44729.000000
0.000000	44729.000000
0.000000	44729.000000
0.000000	44729.000000
0.000000	44729.000000
0.000000	44729.000000
0.000000	44730.000000
0.000000	44730.000000
0.000000	44730.000000
0.000000	44730.000000
0.000000	44730.000000
0.000000	44730.000000
0.000000	44730.000000
0.000000	44730.000000
0.000000	44730.000000
0.000000	44730.000000
0.000000	44730.000000
0.000000	44730.000000
0.000000	44730.000000
0.000000	44730.000000
0.000000	44730.000000
0.000000	44730.000000
0.000000	44730.000000
0.000000	44731.000000
0.000000	44731.000000
0.000000	44731.000000
0.000000	44731.000000
0.000000	44731.000000
0.000000	44731.000000
0.000000	44731.000000
0.000000	44731.000000
0.000000	44731.000000
0.000000	44731.000000
0.000000	44731.000000
0.000000	44731.000000
0.000000	44731.000000
0.000000	44731.000000
0.000000	44731.000000
0.000000	44731.000000
0.000000	44731.000000
0.000000	44732.000000
0.000000	44732.000000
0.000000	44732.000000
0.000000	44732.000000
0.000000	44732.000000
0.000000	44732.000000
0.000000	44732.000000
0.000000	44732.000000
0.000000	44732.000000
0.000000	44732.000000
0.000000	44732.000000
0.000000	44732.000000
0.000000	44732.000000
0.000000	44732.000000
0.000000	44732.000000
0.000000	44732.000000
0.000000	44732.000000
0.000000	44733.000000
0.000000	44733.000000
0.000000	44733.000000
0.000000	44733.000000
0.000000	44733.000000
0.000000	44733.000000
0.000000	44733.000000
0.000000	44733.000000
0.000000	44733.000000
0.000000	44733.000000
0.000000	44733.000000
0.000000	44733.000000
0.000000	44733.000000
0.000000	44733.000000
0.000000	44733.000000
0.000000	44733.000000
0.000000	44733.000000
0.000000	44734.000000
0.000000	44734.000000
0.000000	44734.000000
0.000000	44734.000000
0.000000	44734.000000
0.000000	44734.000000
0.000000	44734.000000
0.000000	44734.000000
0.000000	44734.000000
0.000000	44734.000000
0.000000	44734.000000
0.000000	44734.000000
0.000000	44734.000000
0.000000	44734.000000
0.000000	44734.000000
0.000000	44734.000000
0.000000	44734.000000
0.000000	44735.000000
0.000000	44735.000000
0.000000	44735.000000
0.000000	44735.000000
0.000000	44735.000000
0.000000	44735.000000
0.000000	44735.000000
0.000000	44735.000000
0.000000	44735.000000
0.000000	44735.000000
0.000000	44735.000000
0.000000	44735.000000
0.000000	44735.000000
0.000000	44735.000000
0.000000	44735.000000
0.000000	44735.000000
0.000000	44735.000000
0.000000	44736.000000
0.000000	44736.000000
0.000000	44736.000000
0.000000	44736.000000
0.000000	44736.000000
0.000000	44736.000000
0.000000	44736.000000
0.000000	44736.000000
0.000000	44736.000000
0.000000	44736.000000
0.000000	44736.000000
0.000000	44736.000000
0.000000	44736.000000
0.000000	44736.000000
0.000000	44736.000000
0.000000	44736.000000
0.000000	44736.000000
0.000000	44737.000000
0.000000	44737.000000
0.000000	44737.000000
0.000000	44737.000000
0.000000	44737.000000
0.000000	44737.000000
0.000000	44737.000000
0.000000	44737.000000
0.000000	44737.000000
0.000000	44737.000000
0.000000	44737.000000
0.000000	44737.000000
0.000000	44737.000000
0.000000	44737.000000
0.000000	44737.000000
0.000000	44737.000000
0.000000	44737.000000
0.000000	44738.000000
0.000000	44738.000000
0.000000	44738.000000
0.000000	44738.000000
0.000000	44738.000000
0.000000	44738.000000
0.000000	44738.000000
0.000000	44738.000000
0.000000	44738.000000
0.000000	44738.000000
0.000000	44738.000000
0.000000	44738.000000
0.000000	44738.000000
0.000000	44738.000000
0.000000	44738.000000
0.000000	44738.000000
0.000000	44738.000000
0.000000	44739.000000
0.000000	44739.000000
0.000000	44739.000000
0.000000	44739.000000
0.000000	44739.000000
0.000000	44739.000000
0.000000	44739.000000
0.000000	44739.000000
0.000000	44739.000000
0.000000	44739.000000
0.000000	44739.000000
0.000000	44739.000000
0.000000	44739.000000
0.000000	44739.000000
0.000000	44739.000000
0.000000	44739.000000
0.000000	44739.000000
0.000000	44740.000000
0.000000	44740.000000
0.000000	44740.000000
0.000000	44740.000000
0.000000	44740.000000
0.000000	44740.000000
0.000000	44740.000000
0.000000	44740.000000
0.000000	44740.000000
0.000000	44740.000000
0.000000	44740.000000
0.000000	44740.000000
0.000000	44740.000000
0.000000	44740.000000
0.000000	44740.000000
0.000000	44740.000000
0.000000	44740.000000
0.000000	44741.000000
0.000000	44741.000000
0.000000	44741.000000
0.000000	44741.000000
0.000000	44741.000000
0.000000	44741.000000
0.000000	44741.000000
0.000000	44741.000000
0.000000	44741.000000
0.000000	44741.000000
0.000000	44741.000000
0.000000	44741.000000
0.000000	44741.000000
0.000000	44741.000000
0.000000	44741.000000
0.000000	44741.000000
0.000000	44741.000000
0.000000	44742.000000
0.000000	44742.000000
0.000000	44742.000000
0.000000	44742.000000
0.000000	44742.000000
0.000000	44742.000000
0.000000	44742.000000
0.000000	44742.000000
0.000000	44742.000000
0.000000	44742.000000
0.000000	44742.000000
0.000000	44742.000000
0.000000	44742.000000
0.000000	44742.000000
0.000000	44742.000000
0.000000	44742.000000
0.000000	44742.000000
0.000000	44743.000000
0.000000	44743.000000
0.000000	44743.000000
0.000000	44743.000000
0.000000	44743.000000
0.000000	44743.000000
0.000000	44743.000000
0.000000	44743.000000
0.000000	44743.000000
0.000000	44743.000000
0.000000	44743.000000
0.000000	44743.000000
0.000000	44743.000000
0.000000	44743.000000
0.000000	44743.000000
0.000000	44743.000000
0.000000	44743.000000
0.000000	44743.000000
0.000000	44744.000000
0.000000	44744.000000
0.000000	44744.000000
0.000000	44744.000000
0.000000	44744.000000
0.000000	44744.000000
0.000000	44744.000000
0.000000	44744.000000
0.000000	44744.000000
0.000000	44744.000000
0.000000	44744.000000
0.000000	44744.000000
0.000000	44744.000000
0.000000	44744.000000
0.000000	44744.000000
0.000000	44744.000000
0.000000	44744.000000
0.000000	44745.000000
0.000000	44745.000000
0.000000	44745.000000
0.000000	44745.000000
0.000000	44745.000000
0.000000	44745.000000
0.000000	44745.000000
0.000000	44745.000000
0.000000	44745.000000
0.000000	44745.000000
0.000000	44745.000000
0.000000	44745.000000
0.000000	44745.000000
0.000000	44745.000000
0.000000	44745.000000
0.000000	44745.000000
0.000000	44745.000000
0.000000	44746.000000
0.000000	44746.000000
0.000000	44746.000000
0.000000	44746.000000
0.000000	44746.000000
0.000000	44746.000000
0.000000	44746.000000
0.000000	44746.000000
0.000000	44746.000000
0.000000	44746.000000
0.000000	44746.000000
0.000000	44746.000000
0.000000	44746.000000
0.000000	44746.000000
0.000000	44746.000000
0.000000	44746.000000
0.000000	44746.000000
0.000000	44747.000000
0.000000	44747.000000
0.000000	44747.000000
0.000000	44747.000000
0.000000	44747.000000
0.000000	44747.000000
0.000000	44747.000000
0.000000	44747.000000
0.000000	44747.000000
0.000000	44747.000000
0.000000	44747.000000
0.000000	44747.000000
0.000000	44747.000000
0.000000	44747.000000
0.000000	44747.000000
0.000000	44747.000000
0.000000	44747.000000
0.000000	44748.000000
0.000000	44748.000000
0.000000	44748.000000
0.000000	44748.000000
0.000000	44748.000000
0.000000	44748.000000
0.000000	44748.000000
0.000000	44748.000000
0.000000	44748.000000
0.000000	44748.000000
0.000000	44748.000000
0.000000	44748.000000
0.000000	44748.000000
0.000000	44748.000000
0.000000	44748.000000
0.000000	44748.000000
0.000000	44748.000000
0.000000	44749.000000
0.000000	44749.000000
0.000000	44749.000000
0.000000	44749.000000
0.000000	44749.000000
0.000000	44749.000000
0.000000	44749.000000
0.000000	44749.000000
0.000000	44749.000000
0.000000	44749.000000
0.000000	44749.000000
0.000000	44749.000000
0.000000	44749.000000
0.000000	44749.000000
0.000000	44749.000000
0.000000	44749.000000
0.000000	44749.000000
0.000000	44750.000000
0.000000	44750.000000
0.000000	44750.000000
0.000000	44750.000000
0.000000	44750.000000
0.000000	44750.000000
0.000000	44750.000000
0.000000	44750.000000
0.000000	44750.000000
0.000000	44750.000000
0.000000	44750.000000
0.000000	44750.000000
0.000000	44750.000000
0.000000	44750.000000
0.000000	44750.000000
0.000000	44750.000000
0.000000	44750.000000
0.000000	44751.000000
0.000000	44751.000000
0.000000	44751.000000
0.000000	44751.000000
0.000000	44751.000000
0.000000	44751.000000
0.000000	44751.000000
0.000000	44751.000000
0.000000	44751.000000
0.000000	44751.000000
0.000000	44751.000000
0.000000	44751.000000
0.000000	44751.000000
0.000000	44751.000000
0.000000	44751.000000
0.000000	44751.000000
0.000000	44751.000000
0.000000	44752.000000
0.000000	44752.000000
0.000000	44752.000000
0.000000	44752.000000
0.000000	44752.000000
0.000000	44752.000000
0.000000	44752.000000
0.000000	44752.000000
0.000000	44752.000000
0.000000	44752.000000
0.000000	44752.000000
0.000000	44752.000000
0.000000	44752.000000
0.000000	44752.000000
0.000000	44752.000000
0.000000	44752.000000
0.000000	44752.000000
0.000000	44753.000000
0.000000	44753.000000
0.000000	44753.000000
0.000000	44753.000000
0.000000	44753.000000
0.000000	44753.000000
0.000000	44753.000000
0.000000	44753.000000
0.000000	44753.000000
0.000000	44753.000000
0.000000	44753.000000
0.000000	44753.000000
0.000000	44753.000000
0.000000	44753.000000
0.000000	44753.000000
0.000000	44753.000000
0.000000	44753.000000
0.000000	44754.000000
0.000000	44754.000000
0.000000	44754.000000
0.000000	44754.000000
0.000000	44754.000000
0.000000	44754.000000
0.000000	44754.000000
0.000000	44754.000000
0.000000	44754.000000
0.000000	44754.000000
0.000000	44754.000000
0.000000	44754.000000
0.000000	44754.000000
0.000000	44754.000000
0.000000	44754.000000
0.000000	44754.000000
0.000000	44754.000000
0.000000	44755.000000
0.000000	44755.000000
0.000000	44755.000000
0.000000	44755.000000
0.000000	44755.000000
0.000000	44755.000000
0.000000	44755.000000
0.000000	44755.000000
0.000000	44755.000000
0.000000	44755.000000
0.000000	44755.000000
0.000000	44755.000000
0.000000	44755.000000
0.000000	44755.000000
0.000000	44755.000000
0.000000	44755.000000
0.000000	44755.000000
0.000000	44756.000000
0.000000	44756.000000
0.000000	44756.000000
0.000000	44756.000000
0.000000	44756.000000
0.000000	44756.000000
0.000000	44756.000000
0.000000	44756.000000
0.000000	44756.000000
0.000000	44756.000000
0.000000	44756.000000
0.000000	44756.000000
0.000000	44756.000000
0.000000	44756.000000
0.000000	44756.000000
0.000000	44756.000000
0.000000	44756.000000
0.000000	44757.000000
0.000000	44757.000000
0.000000	44757.000000
0.000000	44757.000000
0.000000	44757.000000
0.000000	44757.000000
0.000000	44757.000000
0.000000	44757.000000
0.000000	44757.000000
0.000000	44757.000000
0.000000	44757.000000
0.000000	44757.000000
0.000000	44757.000000
0.000000	44757.000000
0.000000	44757.000000
0.000000	44757.000000
0.000000	44757.000000
0.000000	44758.000000
0.000000	44758.000000
0.000000	44758.000000
0.000000	44758.000000
0.000000	44758.000000
0.000000	44758.000000
0.000000	44758.000000
0.000000	44758.000000
0.000000	44758.000000
0.000000	44758.000000
0.000000	44758.000000
0.000000	44758.000000
0.000000	44758.000000
0.000000	44758.000000
0.000000	44758.000000
0.000000	44758.000000
0.000000	44758.000000
0.000000	44758.000000
0.000000	44759.000000
0.000000	44759.000000
0.000000	44759.000000
0.000000	44759.000000
0.000000	44759.000000
0.000000	44759.000000
0.000000	44759.000000
0.000000	44759.000000
0.000000	44759.000000
0.000000	44759.000000
0.000000	44759.000000
0.000000	44759.000000
0.000000	44759.000000
0.000000	44759.000000
0.000000	44759.000000
0.000000	44759.000000
0.000000	44759.000000
0.000000	44800.000000
0.000000	44800.000000
0.000000	44800.000000
0.000000	44800.000000
0.000000	44800.000000
0.000000	44800.000000
0.000000	44800.000000
0.000000	44800.000000
0.000000	44800.000000
0.000000	44800.000000
0.000000	44800.000000
0.000000	44800.000000
0.000000	44800.000000
0.000000	44800.000000
0.000000	44800.000000
0.000000	44800.000000
0.000000	44800.000000
0.000000	44801.000000
0.000000	44801.000000
0.000000	44801.000000
0.000000	44801.000000
0.000000	44801.000000
0.000000	44801.000000
0.000000	44801.000000
0.000000	44801.000000
0.000000	44801.000000
0.000000	44801.000000
0.000000	44801.000000
0.000000	44801.000000
0.000000	44801.000000
0.000000	44801.000000
0.000000	44801.000000
0.000000	44801.000000
0.000000	44801.000000
0.000000	44802.000000
0.000000	44802.000000
0.000000	44802.000000
0.000000	44802.000000
0.000000	44802.000000
0.000000	44802.000000
0.000000	44802.000000
0.000000	44802.000000
0.000000	44802.000000
0.000000	44802.000000
0.000000	44802.000000
0.000000	44802.000000
0.000000	44802.000000
0.000000	44802.000000
0.000000	44802.000000
0.000000	44802.000000
0.000000	44802.000000
0.000000	44803.000000
0.000000	44803.000000
0.000000	44803.000000
0.000000	44803.000000
0.000000	44803.000000
0.000000	44803.000000
0.000000	44803.000000
0.000000	44803.000000
0.000000	44803.000000
0.000000	44803.000000
0.000000	44803.000000
0.000000	44803.000000
0.000000	44803.000000
0.000000	44803.000000
0.000000	44803.000000
0.000000	44803.000000
0.000000	44803.000000
0.000000	44804.000000
0.000000	44804.000000
0.000000	44804.000000
0.000000	44804.000000
0.000000	44804.000000
0.000000	44804.000000
0.000000	44804.000000
0.000000	44804.000000
0.000000	44804.000000
0.000000	44804.000000
0.000000	44804.000000
0.000000	44804.000000
0.000000	44804.000000
0.000000	44804.000000
0.000000	44804.000000
0.000000	44804.000000
0.000000	44804.000000
0.000000	44805.000000
0.000000	44805.000000
0.000000	44805.000000
0.000000	44805.000000
0.000000	44805.000000
0.000000	44805.000000
0.000000	44805.000000
0.000000	44805.000000
0.000000	44805.000000
0.000000	44805.000000
0.000000	44805.000000
0.000000	44805.000000
0.000000	44805.000000
0.000000	44805.000000
0.000000	44805.000000
0.000000	44805.000000
0.000000	44805.000000
0.000000	44806.000000
0.000000	44806.000000
0.000000	44806.000000
0.000000	44806.000000
0.000000	44806.000000
0.000000	44806.000000
0.000000	44806.000000
0.000000	44806.000000
0.000000	44806.000000
0.000000	44806.000000
0.000000	44806.000000
0.000000	44806.000000
0.000000	44806.000000
0.000000	44806.000000
0.000000	44806.000000
0.000000	44806.000000
0.000000	44806.000000
0.000000	44807.000000
0.000000	44807.000000
0.000000	44807.000000
0.000000	44807.000000
0.000000	44807.000000
0.000000	44807.000000
0.000000	44807.000000
0.000000	44807.000000
0.000000	44807.000000
0.000000	44807.000000
0.000000	44807.000000
0.000000	44807.000000
0.000000	44807.000000
0.000000	44807.000000
0.000000	44807.000000
0.000000	44807.000000
0.000000	44807.000000
0.000000	44808.000000
0.000000	44808.000000
0.000000	44808.000000
0.000000	44808.000000
0.000000	44808.000000
0.000000	44808.000000
0.000000	44808.000000
0.000000	44808.000000
0.000000	44808.000000
0.000000	44808.000000
0.000000	44808.000000
0.000000	44808.000000
0.000000	44808.000000
0.000000	44808.000000
0.000000	44808.000000
0.000000	44808.000000
0.000000	44808.000000
0.000000	44809.000000
0.000000	44809.000000
0.000000	44809.000000
0.000000	44809.000000
0.000000	44809.000000
0.000000	44809.000000
0.000000	44809.000000
0.000000	44809.000000
0.000000	44809.000000
0.000000	44809.000000
0.000000	44809.000000
0.000000	44809.000000
0.000000	44809.000000
0.000000	44809.000000
0.000000	44809.000000
0.000000	44809.000000
0.000000	44809.000000
0.000000	44810.000000
0.000000	44810.000000
0.000000	44810.000000
0.000000	44810.000000
0.000000	44810.000000
0.000000	44810.000000
0.000000	44810.000000
0.000000	44810.000000
0.000000	44810.000000
0.000000	44810.000000
0.000000	44810.000000
0.000000	44810.000000
0.000000	44810.000000
0.000000	44810.000000
0.000000	44810.000000
0.000000	44810.000000
0.000000	44810.000000
0.000000	44811.000000
0.000000	44811.000000
0.000000	44811.000000
0.000000	44811.000000
0.000000	44811.000000
0.000000	44811.000000
0.000000	44811.000000
0.000000	44811.000000
0.000000	44811.000000
0.000000	44811.000000
0.000000	44811.000000
0.000000	44811.000000
0.000000	44811.000000
0.000000	44811.000000
0.000000	44811.000000
0.000000	44811.000000
0.000000	44811.000000
0.000000	44812.000000
0.000000	44812.000000
0.000000	44812.000000
0.000000	44812.000000
0.000000	44812.000000
0.000000	44812.000000
0.000000	44812.000000
0.000000	44812.000000
0.000000	44812.000000
0.000000	44812.000000
0.000000	44812.000000
0.000000	44812.000000
0.000000	44812.000000
0.000000	44812.000000
0.000000	44812.000000
0.000000	44812.000000
0.000000	44812.000000
0.000000	44813.000000
0.000000	44813.000000
0.000000	44813.000000
0.000000	44813.000000
0.000000	44813.000000
0.000000	44813.000000
0.000000	44813.000000
0.000000	44813.000000
0.000000	44813.000000
0.000000	44813.000000
0.000000	44813.000000
0.000000	44813.000000
0.000000	44813.000000
0.000000	44813.000000
0.000000	44813.000000
0.000000	44813.000000
0.000000	44813.000000
0.000000	44813.000000
0.000000	44814.000000
0.000000	44814.000000
0.000000	44814.000000
0.000000	44814.000000
0.000000	44814.000000
0.000000	44814.000000
0.000000	44814.000000
0.000000	44814.000000
0.000000	44814.000000
0.000000	44814.000000
0.000000	44814.000000
0.000000	44814.000000
0.000000	44814.000000
0.000000	44814.000000
0.000000	44814.000000
0.000000	44814.000000
0.000000	44814.000000
0.000000	44815.000000
0.000000	44815.000000
0.000000	44815.000000
0.000000	44815.000000
0.000000	44815.000000
0.000000	44815.000000
0.000000	44815.000000
0.000000	44815.000000
0.000000	44815.000000
0.000000	44815.000000
0.000000	44815.000000
0.000000	44815.000000
0.000000	44815.000000
0.000000	44815.000000
0.000000	44815.000000
0.000000	44815.000000
0.000000	44815.000000
0.000000	44816.000000
0.000000	44816.000000
0.000000	44816.000000
0.000000	44816.000000
0.000000	44816.000000
0.000000	44816.000000
0.000000	44816.000000
0.000000	44816.000000
0.000000	44816.000000
0.000000	44816.000000
0.000000	44816.000000
0.000000	44816.000000
0.000000	44816.000000
0.000000	44816.000000
0.000000	44816.000000
0.000000	44816.000000
0.000000	44816.000000
0.000000	44817.000000
0.000000	44817.000000
0.000000	44817.000000
0.000000	44817.000000
0.000000	44817.000000
0.000000	44817.000000
0.000000	44817.000000
0.000000	44817.000000
0.000000	44817.000000
0.000000	44817.000000
0.000000	44817.000000
0.000000	44817.000000
0.000000	44817.000000
0.000000	44817.000000
0.000000	44817.000000
0.000000	44817.000000
0.000000	44817.000000
0.000000	44818.000000
0.000000	44818.000000
0.000000	44818.000000
0.000000	44818.000000
0.000000	44818.000000
0.000000	44818.000000
0.000000	44818.000000
0.000000	44818.000000
0.000000	44818.000000
0.000000	44818.000000
0.000000	44818.000000
0.000000	44818.000000
0.000000	44818.000000
0.000000	44818.000000
0.000000	44818.000000
0.000000	44818.000000
0.000000	44818.000000
0.000000	44819.000000
0.000000	44819.000000
0.000000	44819.000000
0.000000	44819.000000
0.000000	44819.000000
0.000000	44819.000000
0.000000	44819.000000
0.000000	44819.000000
0.000000	44819.000000
0.000000	44819.000000
0.000000	44819.000000
0.000000	44819.000000
0.000000	44819.000000
0.000000	44819.000000
0.000000	44819.000000
0.000000	44819.000000
0.000000	44819.000000
0.000000	44820.000000
0.000000	44820.000000
0.000000	44820.000000
0.000000	44820.000000
0.000000	44820.000000
0.000000	44820.000000
0.000000	44820.000000
0.000000	44820.000000
0.000000	44820.000000
0.000000	44820.000000
0.000000	44820.000000
0.000000	44820.000000
0.000000	44820.000000
0.000000	44820.000000
0.000000	44820.000000
0.000000	44820.000000
0.000000	44820.000000
0.000000	44821.000000
0.000000	44821.000000
0.000000	44821.000000
0.000000	44821.000000
0.000000	44821.000000
0.000000	44821.000000
0.000000	44821.000000
0.000000	44821.000000
0.000000	44821.000000
0.000000	44821.000000
0.000000	44821.000000
0.000000	44821.000000
0.000000	44821.000000
0.000000	44821.000000
0.000000	44821.000000
0.000000	44821.000000
0.000000	44821.000000
0.000000	44822.000000
0.000000	44822.000000
0.000000	44822.000000
0.000000	44822.000000
0.000000	44822.000000
0.000000	44822.000000
0.000000	44822.000000
0.000000	44822.000000
0.000000	44822.000000
0.000000	44822.000000
0.000000	44822.000000
0.000000	44822.000000
0.000000	44822.000000
0.000000	44822.000000
0.000000	44822.000000
0.000000	44822.000000
0.000000	44822.000000
0.000000	44823.000000
0.000000	44823.000000
0.000000	44823.000000
0.000000	44823.000000
0.000000	44823.000000
0.000000	44823.000000
0.000000	44823.000000
0.000000	44823.000000
0.000000	44823.000000
0.000000	44823.000000
0.000000	44823.000000
0.000000	44823.000000
0.000000	44823.000000
0.000000	44823.000000
0.000000	44823.000000
0.000000	44823.000000
0.000000	44823.000000
0.000000	44824.000000
0.000000	44824.000000
0.000000	44824.000000
0.000000	44824.000000
0.000000	44824.000000
0.000000	44824.000000
0.000000	44824.000000
0.000000	44824.000000
0.000000	44824.000000
0.000000	44824.000000
0.000000	44824.000000
0.000000	44824.000000
0.000000	44824.000000
0.000000	44824.000000
0.000000	44824.000000
0.000000	44824.000000
0.000000	44824.000000
0.000000	44825.000000
0.000000	44825.000000
0.000000	44825.000000
0.000000	44825.000000
0.000000	44825.000000
0.000000	44825.000000
0.000000	44825.000000
0.000000	44825.000000
0.000000	44825.000000
0.000000	44825.000000
0.000000	44825.000000
0.000000	44825.000000
0.000000	44825.000000
0.000000	44825.000000
0.000000	44825.000000
0.000000	44825.000000
0.000000	44825.000000
0.000000	44826.000000
0.000000	44826.000000
0.000000	44826.000000
0.000000	44826.000000
0.000000	44826.000000
0.000000	44826.000000
0.000000	44826.000000
0.000000	44826.000000
0.000000	44826.000000
0.000000	44826.000000
0.000000	44826.000000
0.000000	44826.000000
0.000000	44826.000000
0.000000	44826.000000
0.000000	44826.000000
0.000000	44826.000000
0.000000	44826.000000
0.000000	44827.000000
0.000000	44827.000000
0.000000	44827.000000
0.000000	44827.000000
0.000000	44827.000000
0.000000	44827.000000
0.000000	44827.000000
0.000000	44827.000000
0.000000	44827.000000
0.000000	44827.000000
0.000000	44827.000000
0.000000	44827.000000
0.000000	44827.000000
0.000000	44827.000000
0.000000	44827.000000
0.000000	44827.000000
0.000000	44827.000000
0.000000	44828.000000
0.000000	44828.000000
0.000000	44828.000000
0.000000	44828.000000
0.000000	44828.000000
0.000000	44828.000000
0.000000	44828.000000
0.000000	44828.000000
0.000000	44828.000000
0.000000	44828.000000
0.000000	44828.000000
0.000000	44828.000000
0.000000	44828.000000
0.000000	44828.000000
0.000000	44828.000000
0.000000	44828.000000
0.000000	44828.000000
0.000000	44828.000000
0.000000	44829.000000
0.000000	44829.000000
0.000000	44829.000000
0.000000	44829.000000
0.000000	44829.000000
0.000000	44829.000000
0.000000	44829.000000
0.000000	44829.000000
0.000000	44829.000000
0.000000	44829.000000
0.000000	44829.000000
0.000000	44829.000000
0.000000	44829.000000
0.000000	44829.000000
0.000000	44829.000000
0.000000	44829.000000
0.000000	44829.000000
0.000000	44830.000000
0.000000	44830.000000
0.000000	44830.000000
0.000000	44830.000000
0.000000	44830.000000
0.000000	44830.000000
0.000000	44830.000000
0.000000	44830.000000
0.000000	44830.000000
0.000000	44830.000000
0.000000	44830.000000
0.000000	44830.000000
0.000000	44830.000000
0.000000	44830.000000
0.000000	44830.000000
0.000000	44830.000000
0.000000	44830.000000
0.000000	44831.000000
0.000000	44831.000000
0.000000	44831.000000
0.000000	44831.000000
0.000000	44831.000000
0.000000	44831.000000
0.000000	44831.000000
0.000000	44831.000000
0.000000	44831.000000
0.000000	44831.000000
0.000000	44831.000000
0.000000	44831.000000
0.000000	44831.000000
0.000000	44831.000000
0.000000	44831.000000
0.000000	44831.000000
0.000000	44831.000000
0.000000	44832.000000
0.000000	44832.000000
0.000000	44832.000000
0.000000	44832.000000
0.000000	44832.000000
0.000000	44832.000000
0.000000	44832.000000
0.000000	44832.000000
0.000000	44832.000000
0.000000	44832.000000
0.000000	44832.000000
0.000000	44832.000000
0.000000	44832.000000
0.000000	44832.000000
0.000000	44832.000000
0.000000	44832.000000
0.000000	44832.000000
0.000000	44833.000000
0.000000	44833.000000
0.000000	44833.000000
0.000000	44833.000000
0.000000	44833.000000
0.000000	44833.000000
0.000000	44833.000000
0.000000	44833.000000
0.000000	44833.000000
0.000000	44833.000000
0.000000	44833.000000
0.000000	44833.000000
0.000000	44833.000000
0.000000	44833.000000
0.000000	44833.000000
0.000000	44833.000000
0.000000	44833.000000
0.000000	44834.000000
0.000000	44834.000000
0.000000	44834.000000
0.000000	44834.000000
0.000000	44834.000000
0.000000	44834.000000
0.000000	44834.000000
0.000000	44834.000000
0.000000	44834.000000
0.000000	44834.000000
0.000000	44834.000000
0.000000	44834.000000
0.000000	44834.000000
0.000000	44834.000000
0.000000	44834.000000
0.000000	44834.000000
0.000000	44834.000000
0.000000	44835.000000
0.000000	44835.000000
0.000000	44835.000000
0.000000	44835.000000
0.000000	44835.000000
0.000000	44835.000000
0.000000	44835.000000
0.000000	44835.000000
0.000000	44835.000000
0.000000	44835.000000
0.000000	44835.000000
0.000000	44835.000000
0.000000	44835.000000
0.000000	44835.000000
0.000000	44835.000000
0.000000	44835.000000
0.000000	44835.000000
0.000000	44836.000000
0.000000	44836.000000
0.000000	44836.000000
0.000000	44836.000000
0.000000	44836.000000
0.000000	44836.000000
0.000000	44836.000000
0.000000	44836.000000
0.000000	44836.000000
0.000000	44836.000000
0.000000	44836.000000
0.000000	44836.000000
0.000000	44836.000000
0.000000	44836.000000
0.000000	44836.000000
0.000000	44836.000000
0.000000	44836.000000
0.000000	44837.000000
0.000000	44837.000000
0.000000	44837.000000
0.000000	44837.000000
0.000000	44837.000000
0.000000	44837.000000
0.000000	44837.000000
0.000000	44837.000000
0.000000	44837.000000
0.000000	44837.000000
0.000000	44837.000000
0.000000	44837.000000
0.000000	44837.000000
0.000000	44837.000000
0.000000	44837.000000
0.000000	44837.000000
0.000000	44837.000000
0.000000	44838.000000
0.000000	44838.000000
0.000000	44838.000000
0.000000	44838.000000
0.000000	44838.000000
0.000000	44838.000000
0.000000	44838.000000
0.000000	44838.000000
0.000000	44838.000000
0.000000	44838.000000
0.000000	44838.000000
0.000000	44838.000000
0.000000	44838.000000
0.000000	44838.000000
0.000000	44838.000000
0.000000	44838.000000
0.000000	44838.000000
0.000000	44839.000000
0.000000	44839.000000
0.000000	44839.000000
0.000000	44839.000000
0.000000	44839.000000
0.000000	44839.000000
0.000000	44839.000000
0.000000	44839.000000
0.000000	44839.000000
0.000000	44839.000000
0.000000	44839.000000
0.000000	44839.000000
0.000000	44839.000000
0.000000	44839.000000
0.000000	44839.000000
0.000000	44839.000000
0.000000	44839.000000
0.000000	44840.000000
0.000000	44840.000000
0.000000	44840.000000
0.000000	44840.000000
0.000000	44840.000000
0.000000	44840.000000
0.000000	44840.000000
0.000000	44840.000000
0.000000	44840.000000
0.000000	44840.000000
0.000000	44840.000000
0.000000	44840.000000
0.000000	44840.000000
0.000000	44840.000000
0.000000	44840.000000
0.000000	44840.000000
0.000000	44840.000000
0.000000	44841.000000
0.000000	44841.000000
0.000000	44841.000000
0.000000	44841.000000
0.000000	44841.000000
0.000000	44841.000000
0.000000	44841.000000
0.000000	44841.000000
0.000000	44841.000000
0.000000	44841.000000
0.000000	44841.000000
0.000000	44841.000000
0.000000	44841.000000
0.000000	44841.000000
0.000000	44841.000000
0.000000	44841.000000
0.000000	44841.000000
0.000000	44842.000000
0.000000	44842.000000
0.000000	44842.000000
0.000000	44842.000000
0.000000	44842.000000
0.000000	44842.000000
0.000000	44842.000000
0.000000	44842.000000
0.000000	44842.000000
0.000000	44842.000000
0.000000	44842.000000
0.000000	44842.000000
0.000000	44842.000000
0.000000	44842.000000
0.000000	44842.000000
0.000000	44842.000000
0.000000	44842.000000
0.000000	44843.000000
0.000000	44843.000000
0.000000	44843.000000
0.000000	44843.000000
0.000000	44843.000000
0.000000	44843.000000
0.000000	44843.000000
0.000000	44843.000000
0.000000	44843.000000
0.000000	44843.000000
0.000000	44843.000000
0.000000	44843.000000
0.000000	44843.000000
0.000000	44843.000000
0.000000	44843.000000
0.000000	44843.000000
0.000000	44843.000000
0.000000	44843.000000
0.000000	44844.000000
0.000000	44844.000000
0.000000	44844.000000
0.000000	44844.000000
0.000000	44844.000000
0.000000	44844.000000
0.000000	44844.000000
0.000000	44844.000000
0.000000	44844.000000
0.000000	44844.000000
0.000000	44844.000000
0.000000	44844.000000
0.000000	44844.000000
0.000000	44844.000000
0.000000	44844.000000
0.000000	44844.000000
0.000000	44844.000000
0.000000	44845.000000
0.000000	44845.000000
0.000000	44845.000000
0.000000	44845.000000
0.000000	44845.000000
0.000000	44845.000000
0.000000	44845.000000
0.000000	44845.000000
0.000000	44845.000000
0.000000	44845.000000
0.000000	44845.000000
0.000000	44845.000000
0.000000	44845.000000
0.000000	44845.000000
0.000000	44845.000000
0.000000	44845.000000
0.000000	44845.000000
0.000000	44846.000000
0.000000	44846.000000
0.000000	44846.000000
0.000000	44846.000000
0.000000	44846.000000
0.000000	44846.000000
0.000000	44846.000000
0.000000	44846.000000
0.000000	44846.000000
0.000000	44846.000000
0.000000	44846.000000
0.000000	44846.000000
0.000000	44846.000000
0.000000	44846.000000
0.000000	44846.000000
0.000000	44846.000000
0.000000	44846.000000
0.000000	44847.000000
0.000000	44847.000000
0.000000	44847.000000
0.000000	44847.000000
0.000000	44847.000000
0.000000	44847.000000
0.000000	44847.000000
0.000000	44847.000000
0.000000	44847.000000
0.000000	44847.000000
0.000000	44847.000000
0.000000	44847.000000
0.000000	44847.000000
0.000000	44847.000000
0.000000	44847.000000
0.000000	44847.000000
0.000000	44847.000000
0.000000	44848.000000
0.000000	44848.000000
0.000000	44848.000000
0.000000	44848.000000
0.000000	44848.000000
0.000000	44848.000000
0.000000	44848.000000
0.000000	44848.000000
0.000000	44848.000000
0.000000	44848.000000
0.000000	44848.000000
0.000000	44848.000000
0.000000	44848.000000
0.000000	44848.000000
0.000000	44848.000000
0.000000	44848.000000
0.000000	44848.000000
0.000000	44849.000000
0.000000	44849.000000
0.000000	44849.000000
0.000000	44849.000000
0.000000	44849.000000
0.000000	44849.000000
0.000000	44849.000000
0.000000	44849.000000
0.000000	44849.000000
0.000000	44849.000000
0.000000	44849.000000
0.000000	44849.000000
0.000000	44849.000000
0.000000	44849.000000
0.000000	44849.000000
0.000000	44849.000000
0.000000	44849.000000
0.000000	44850.000000
0.000000	44850.000000
0.000000	44850.000000
0.000000	44850.000000
0.000000	44850.000000
0.000000	44850.000000
0.000000	44850.000000
0.000000	44850.000000
0.000000	44850.000000
0.000000	44850.000000
0.000000	44850.000000
0.000000	44850.000000
0.000000	44850.000000
0.000000	44850.000000
0.000000	44850.000000
0.000000	44850.000000
0.000000	44850.000000
0.000000	44851.000000
0.000000	44851.000000
0.000000	44851.000000
0.000000	44851.000000
0.000000	44851.000000
0.000000	44851.000000
0.000000	44851.000000
0.000000	44851.000000
0.000000	44851.000000
0.000000	44851.000000
0.000000	44851.000000
0.000000	44851.000000
0.000000	44851.000000
0.000000	44851.000000
0.000000	44851.000000
0.000000	44851.000000
0.000000	44851.000000
0.000000	44852.000000
0.000000	44852.000000
0.000000	44852.000000
0.000000	44852.000000
0.000000	44852.000000
0.000000	44852.000000
0.000000	44852.000000
0.000000	44852.000000
0.000000	44852.000000
0.000000	44852.000000
0.000000	44852.000000
0.000000	44852.000000
0.000000	44852.000000
0.000000	44852.000000
0.000000	44852.000000
0.000000	44852.000000
0.000000	44852.000000
0.000000	44853.000000
0.000000	44853.000000
0.000000	44853.000000
0.000000	44853.000000
0.000000	44853.000000
0.000000	44853.000000
0.000000	44853.000000
0.000000	44853.000000
