0.000000	124148.000000
0.000000	124148.000000
0.000000	124148.000000
0.000000	124148.000000
0.000000	124148.000000
0.000000	124148.000000
0.000000	124148.000000
0.000000	124148.000000
0.000000	124148.000000
0.000000	124148.000000
0.000000	124149.000000
0.000000	124149.000000
0.000000	124149.000000
0.000000	124149.000000
0.000000	124149.000000
0.000000	124149.000000
0.000000	124149.000000
0.000000	124149.000000
0.000000	124149.000000
0.000000	124149.000000
0.000000	124149.000000
0.000000	124149.000000
0.000000	124149.000000
0.000000	124149.000000
0.000000	124149.000000
0.000000	124149.000000
0.000000	124149.000000
0.000000	124150.000000
0.000000	124150.000000
0.000000	124150.000000
0.000000	124150.000000
0.000000	124150.000000
0.000000	124150.000000
0.000000	124150.000000
0.000000	124150.000000
0.000000	124150.000000
0.000000	124150.000000
0.000000	124150.000000
0.000000	124150.000000
0.000000	124150.000000
0.000000	124150.000000
0.000000	124150.000000
0.000000	124150.000000
0.000000	124150.000000
0.000000	124151.000000
0.000000	124151.000000
0.000000	124151.000000
0.000000	124151.000000
0.000000	124151.000000
0.000000	124151.000000
0.000000	124151.000000
0.000000	124151.000000
0.000000	124151.000000
0.000000	124151.000000
0.000000	124151.000000
0.000000	124151.000000
0.000000	124151.000000
0.000000	124151.000000
0.000000	124151.000000
0.000000	124151.000000
0.000000	124151.000000
0.000000	124152.000000
0.000000	124152.000000
0.000000	124152.000000
0.000000	124152.000000
0.000000	124152.000000
0.000000	124152.000000
0.000000	124152.000000
0.000000	124152.000000
0.000000	124152.000000
0.000000	124152.000000
0.000000	124152.000000
0.000000	124152.000000
0.000000	124152.000000
0.000000	124152.000000
0.000000	124152.000000
0.000000	124152.000000
0.000000	124152.000000
0.000000	124153.000000
0.000000	124153.000000
0.000000	124153.000000
0.000000	124153.000000
0.000000	124153.000000
0.000000	124153.000000
0.000000	124153.000000
0.000000	124153.000000
0.000000	124153.000000
0.000000	124153.000000
0.000000	124153.000000
0.000000	124153.000000
0.000000	124153.000000
0.000000	124153.000000
0.000000	124153.000000
0.000000	124153.000000
0.000000	124153.000000
0.000000	124154.000000
0.000000	124154.000000
0.000000	124154.000000
0.000000	124154.000000
0.000000	124154.000000
0.000000	124154.000000
0.000000	124154.000000
0.000000	124154.000000
0.000000	124154.000000
0.000000	124154.000000
0.000000	124154.000000
0.000000	124154.000000
0.000000	124154.000000
0.000000	124154.000000
0.000000	124154.000000
0.000000	124154.000000
0.000000	124154.000000
0.000000	124155.000000
0.000000	124155.000000
0.000000	124155.000000
0.000000	124155.000000
0.000000	124155.000000
0.000000	124155.000000
0.000000	124155.000000
0.000000	124155.000000
0.000000	124155.000000
0.000000	124155.000000
0.000000	124155.000000
0.000000	124155.000000
0.000000	124155.000000
0.000000	124155.000000
0.000000	124155.000000
0.000000	124155.000000
0.000000	124155.000000
0.000000	124156.000000
0.000000	124156.000000
0.000000	124156.000000
0.000000	124156.000000
0.000000	124156.000000
0.000000	124156.000000
0.000000	124156.000000
0.000000	124156.000000
0.000000	124156.000000
0.000000	124156.000000
0.000000	124156.000000
0.000000	124156.000000
0.000000	124156.000000
0.000000	124156.000000
0.000000	124156.000000
0.000000	124156.000000
0.000000	124156.000000
0.000000	124157.000000
0.000000	124157.000000
0.000000	124157.000000
0.000000	124157.000000
0.000000	124157.000000
0.000000	124157.000000
0.000000	124157.000000
0.000000	124157.000000
0.000000	124157.000000
0.000000	124157.000000
0.000000	124157.000000
0.000000	124157.000000
0.000000	124157.000000
0.000000	124157.000000
0.000000	124157.000000
0.000000	124157.000000
0.000000	124157.000000
0.000000	124157.000000
0.000000	124158.000000
0.000000	124158.000000
0.000000	124158.000000
0.000000	124158.000000
0.000000	124158.000000
0.000000	124158.000000
0.000000	124158.000000
0.000000	124158.000000
0.000000	124158.000000
0.000000	124158.000000
0.000000	124158.000000
0.000000	124158.000000
0.000000	124158.000000
0.000000	124158.000000
0.000000	124158.000000
0.000000	124158.000000
0.000000	124158.000000
0.000000	124159.000000
0.000000	124159.000000
0.000000	124159.000000
0.000000	124159.000000
0.000000	124159.000000
0.000000	124159.000000
0.000000	124159.000000
0.000000	124159.000000
0.000000	124159.000000
0.000000	124159.000000
0.000000	124159.000000
0.000000	124159.000000
0.000000	124159.000000
0.000000	124159.000000
0.000000	124159.000000
0.000000	124159.000000
0.000000	124159.000000
0.000000	124200.000000
0.000000	124200.000000
0.000000	124200.000000
0.000000	124200.000000
0.000000	124200.000000
0.000000	124200.000000
0.000000	124200.000000
0.000000	124200.000000
0.000000	124200.000000
0.000000	124200.000000
0.000000	124200.000000
0.000000	124200.000000
0.000000	124200.000000
0.000000	124200.000000
0.000000	124200.000000
0.000000	124200.000000
0.000000	124200.000000
0.000000	124201.000000
0.000000	124201.000000
0.000000	124201.000000
0.000000	124201.000000
0.000000	124201.000000
0.000000	124201.000000
0.000000	124201.000000
0.000000	124201.000000
0.000000	124201.000000
0.000000	124201.000000
0.000000	124201.000000
0.000000	124201.000000
0.000000	124201.000000
0.000000	124201.000000
0.000000	124201.000000
0.000000	124201.000000
0.000000	124201.000000
0.000000	124202.000000
0.000000	124202.000000
0.000000	124202.000000
0.000000	124202.000000
0.000000	124202.000000
0.000000	124202.000000
0.000000	124202.000000
0.000000	124202.000000
0.000000	124202.000000
0.000000	124202.000000
0.000000	124202.000000
0.000000	124202.000000
0.000000	124202.000000
0.000000	124202.000000
0.000000	124202.000000
0.000000	124202.000000
0.000000	124202.000000
0.000000	124203.000000
0.000000	124203.000000
0.000000	124203.000000
0.000000	124203.000000
0.000000	124203.000000
0.000000	124203.000000
0.000000	124203.000000
0.000000	124203.000000
0.000000	124203.000000
0.000000	124203.000000
0.000000	124203.000000
0.000000	124203.000000
0.000000	124203.000000
0.000000	124203.000000
0.000000	124203.000000
0.000000	124203.000000
0.000000	124203.000000
0.000000	124204.000000
0.000000	124204.000000
0.000000	124204.000000
0.000000	124204.000000
0.000000	124204.000000
0.000000	124204.000000
0.000000	124204.000000
0.000000	124204.000000
0.000000	124204.000000
0.000000	124204.000000
0.000000	124204.000000
0.000000	124204.000000
0.000000	124204.000000
0.000000	124204.000000
0.000000	124204.000000
0.000000	124204.000000
0.000000	124204.000000
0.000000	124205.000000
0.000000	124205.000000
0.000000	124205.000000
0.000000	124205.000000
0.000000	124205.000000
0.000000	124205.000000
0.000000	124205.000000
0.000000	124205.000000
0.000000	124205.000000
0.000000	124205.000000
0.000000	124205.000000
0.000000	124205.000000
0.000000	124205.000000
0.000000	124205.000000
0.000000	124205.000000
0.000000	124205.000000
0.000000	124205.000000
0.000000	124206.000000
0.000000	124206.000000
0.000000	124206.000000
0.000000	124206.000000
0.000000	124206.000000
0.000000	124206.000000
0.000000	124206.000000
0.000000	124206.000000
0.000000	124206.000000
0.000000	124206.000000
0.000000	124206.000000
0.000000	124206.000000
0.000000	124206.000000
0.000000	124206.000000
0.000000	124206.000000
0.000000	124206.000000
0.000000	124206.000000
0.000000	124207.000000
0.000000	124207.000000
0.000000	124207.000000
0.000000	124207.000000
0.000000	124207.000000
0.000000	124207.000000
0.000000	124207.000000
0.000000	124207.000000
0.000000	124207.000000
0.000000	124207.000000
0.000000	124207.000000
0.000000	124207.000000
0.000000	124207.000000
0.000000	124207.000000
0.000000	124207.000000
0.000000	124207.000000
0.000000	124207.000000
0.000000	124208.000000
0.000000	124208.000000
0.000000	124208.000000
0.000000	124208.000000
0.000000	124208.000000
0.000000	124208.000000
0.000000	124208.000000
0.000000	124208.000000
0.000000	124208.000000
0.000000	124208.000000
0.000000	124208.000000
0.000000	124208.000000
0.000000	124208.000000
0.000000	124208.000000
0.000000	124208.000000
0.000000	124208.000000
0.000000	124208.000000
0.000000	124209.000000
0.000000	124209.000000
0.000000	124209.000000
0.000000	124209.000000
0.000000	124209.000000
0.000000	124209.000000
0.000000	124209.000000
0.000000	124209.000000
0.000000	124209.000000
0.000000	124209.000000
0.000000	124209.000000
0.000000	124209.000000
0.000000	124209.000000
0.000000	124209.000000
0.000000	124209.000000
0.000000	124209.000000
0.000000	124209.000000
0.000000	124210.000000
0.000000	124210.000000
0.000000	124210.000000
0.000000	124210.000000
0.000000	124210.000000
0.000000	124210.000000
0.000000	124210.000000
0.000000	124210.000000
0.000000	124210.000000
0.000000	124210.000000
0.000000	124210.000000
0.000000	124210.000000
0.000000	124210.000000
0.000000	124210.000000
0.000000	124210.000000
0.000000	124210.000000
0.000000	124210.000000
0.000000	124211.000000
0.000000	124211.000000
0.000000	124211.000000
0.000000	124211.000000
0.000000	124211.000000
0.000000	124211.000000
0.000000	124211.000000
0.000000	124211.000000
0.000000	124211.000000
0.000000	124211.000000
0.000000	124211.000000
0.000000	124211.000000
0.000000	124211.000000
0.000000	124211.000000
0.000000	124211.000000
0.000000	124211.000000
0.000000	124211.000000
0.000000	124212.000000
0.000000	124212.000000
0.000000	124212.000000
0.000000	124212.000000
0.000000	124212.000000
0.000000	124212.000000
0.000000	124212.000000
0.000000	124212.000000
0.000000	124212.000000
0.000000	124212.000000
0.000000	124212.000000
0.000000	124212.000000
0.000000	124212.000000
0.000000	124212.000000
0.000000	124212.000000
0.000000	124212.000000
0.000000	124212.000000
0.000000	124212.000000
0.000000	124213.000000
0.000000	124213.000000
0.000000	124213.000000
0.000000	124213.000000
0.000000	124213.000000
0.000000	124213.000000
0.000000	124213.000000
0.000000	124213.000000
0.000000	124213.000000
0.000000	124213.000000
0.000000	124213.000000
0.000000	124213.000000
0.000000	124213.000000
0.000000	124213.000000
0.000000	124213.000000
0.000000	124213.000000
0.000000	124213.000000
0.000000	124214.000000
0.000000	124214.000000
0.000000	124214.000000
0.000000	124214.000000
0.000000	124214.000000
0.000000	124214.000000
0.000000	124214.000000
0.000000	124214.000000
0.000000	124214.000000
0.000000	124214.000000
0.000000	124214.000000
0.000000	124214.000000
0.000000	124214.000000
0.000000	124214.000000
0.000000	124214.000000
0.000000	124214.000000
0.000000	124214.000000
0.000000	124215.000000
0.000000	124215.000000
0.000000	124215.000000
0.000000	124215.000000
0.000000	124215.000000
0.000000	124215.000000
0.000000	124215.000000
0.000000	124215.000000
0.000000	124215.000000
0.000000	124215.000000
0.000000	124215.000000
0.000000	124215.000000
0.000000	124215.000000
0.000000	124215.000000
0.000000	124215.000000
0.000000	124215.000000
0.000000	124215.000000
0.000000	124216.000000
0.000000	124216.000000
0.000000	124216.000000
0.000000	124216.000000
0.000000	124216.000000
0.000000	124216.000000
0.000000	124216.000000
0.000000	124216.000000
0.000000	124216.000000
0.000000	124216.000000
0.000000	124216.000000
0.000000	124216.000000
0.000000	124216.000000
0.000000	124216.000000
0.000000	124216.000000
0.000000	124216.000000
0.000000	124216.000000
0.000000	124217.000000
0.000000	124217.000000
0.000000	124217.000000
0.000000	124217.000000
0.000000	124217.000000
0.000000	124217.000000
0.000000	124217.000000
0.000000	124217.000000
0.000000	124217.000000
0.000000	124217.000000
0.000000	124217.000000
0.000000	124217.000000
0.000000	124217.000000
0.000000	124217.000000
0.000000	124217.000000
0.000000	124217.000000
0.000000	124217.000000
0.000000	124218.000000
0.000000	124218.000000
0.000000	124218.000000
0.000000	124218.000000
0.000000	124218.000000
0.000000	124218.000000
0.000000	124218.000000
0.000000	124218.000000
0.000000	124218.000000
0.000000	124218.000000
0.000000	124218.000000
0.000000	124218.000000
0.000000	124218.000000
0.000000	124218.000000
0.000000	124218.000000
0.000000	124218.000000
0.000000	124218.000000
0.000000	124219.000000
0.000000	124219.000000
0.000000	124219.000000
0.000000	124219.000000
0.000000	124219.000000
0.000000	124219.000000
0.000000	124219.000000
0.000000	124219.000000
0.000000	124219.000000
0.000000	124219.000000
0.000000	124219.000000
0.000000	124219.000000
0.000000	124219.000000
0.000000	124219.000000
0.000000	124219.000000
0.000000	124219.000000
0.000000	124219.000000
0.000000	124220.000000
0.000000	124220.000000
0.000000	124220.000000
0.000000	124220.000000
0.000000	124220.000000
0.000000	124220.000000
0.000000	124220.000000
0.000000	124220.000000
0.000000	124220.000000
0.000000	124220.000000
0.000000	124220.000000
0.000000	124220.000000
0.000000	124220.000000
0.000000	124220.000000
0.000000	124220.000000
0.000000	124220.000000
0.000000	124220.000000
0.000000	124221.000000
0.000000	124221.000000
0.000000	124221.000000
0.000000	124221.000000
0.000000	124221.000000
0.000000	124221.000000
0.000000	124221.000000
0.000000	124221.000000
0.000000	124221.000000
0.000000	124221.000000
0.000000	124221.000000
0.000000	124221.000000
0.000000	124221.000000
0.000000	124221.000000
0.000000	124221.000000
0.000000	124221.000000
0.000000	124221.000000
0.000000	124222.000000
0.000000	124222.000000
0.000000	124222.000000
0.000000	124222.000000
0.000000	124222.000000
0.000000	124222.000000
0.000000	124222.000000
0.000000	124222.000000
0.000000	124222.000000
0.000000	124222.000000
0.000000	124222.000000
0.000000	124222.000000
0.000000	124222.000000
0.000000	124222.000000
0.000000	124222.000000
0.000000	124222.000000
0.000000	124222.000000
0.000000	124223.000000
0.000000	124223.000000
0.000000	124223.000000
0.000000	124223.000000
0.000000	124223.000000
0.000000	124223.000000
0.000000	124223.000000
0.000000	124223.000000
0.000000	124223.000000
0.000000	124223.000000
0.000000	124223.000000
0.000000	124223.000000
0.000000	124223.000000
0.000000	124223.000000
0.000000	124223.000000
0.000000	124223.000000
0.000000	124223.000000
0.000000	124224.000000
0.000000	124224.000000
0.000000	124224.000000
0.000000	124224.000000
0.000000	124224.000000
0.000000	124224.000000
0.000000	124224.000000
0.000000	124224.000000
0.000000	124224.000000
0.000000	124224.000000
0.000000	124224.000000
0.000000	124224.000000
0.000000	124224.000000
0.000000	124224.000000
0.000000	124224.000000
0.000000	124224.000000
0.000000	124224.000000
0.000000	124225.000000
0.000000	124225.000000
0.000000	124225.000000
0.000000	124225.000000
0.000000	124225.000000
0.000000	124225.000000
0.000000	124225.000000
0.000000	124225.000000
0.000000	124225.000000
0.000000	124225.000000
0.000000	124225.000000
0.000000	124225.000000
0.000000	124225.000000
0.000000	124225.000000
0.000000	124225.000000
0.000000	124225.000000
0.000000	124225.000000
0.000000	124226.000000
0.000000	124226.000000
0.000000	124226.000000
0.000000	124226.000000
0.000000	124226.000000
0.000000	124226.000000
0.000000	124226.000000
0.000000	124226.000000
0.000000	124226.000000
0.000000	124226.000000
0.000000	124226.000000
0.000000	124226.000000
0.000000	124226.000000
0.000000	124226.000000
0.000000	124226.000000
0.000000	124226.000000
0.000000	124226.000000
0.000000	124227.000000
0.000000	124227.000000
0.000000	124227.000000
0.000000	124227.000000
0.000000	124227.000000
0.000000	124227.000000
0.000000	124227.000000
0.000000	124227.000000
0.000000	124227.000000
0.000000	124227.000000
0.000000	124227.000000
0.000000	124227.000000
0.000000	124227.000000
0.000000	124227.000000
0.000000	124227.000000
0.000000	124227.000000
0.000000	124227.000000
0.000000	124227.000000
0.000000	124228.000000
0.000000	124228.000000
0.000000	124228.000000
0.000000	124228.000000
0.000000	124228.000000
0.000000	124228.000000
0.000000	124228.000000
0.000000	124228.000000
0.000000	124228.000000
0.000000	124228.000000
0.000000	124228.000000
0.000000	124228.000000
0.000000	124228.000000
0.000000	124228.000000
0.000000	124228.000000
0.000000	124228.000000
0.000000	124228.000000
0.000000	124229.000000
0.000000	124229.000000
0.000000	124229.000000
0.000000	124229.000000
0.000000	124229.000000
0.000000	124229.000000
0.000000	124229.000000
0.000000	124229.000000
0.000000	124229.000000
0.000000	124229.000000
0.000000	124229.000000
0.000000	124229.000000
0.000000	124229.000000
0.000000	124229.000000
0.000000	124229.000000
0.000000	124229.000000
0.000000	124229.000000
0.000000	124230.000000
0.000000	124230.000000
0.000000	124230.000000
0.000000	124230.000000
0.000000	124230.000000
0.000000	124230.000000
0.000000	124230.000000
0.000000	124230.000000
0.000000	124230.000000
0.000000	124230.000000
0.000000	124230.000000
0.000000	124230.000000
0.000000	124230.000000
0.000000	124230.000000
0.000000	124230.000000
0.000000	124230.000000
0.000000	124230.000000
0.000000	124231.000000
0.000000	124231.000000
0.000000	124231.000000
0.000000	124231.000000
0.000000	124231.000000
0.000000	124231.000000
0.000000	124231.000000
0.000000	124231.000000
0.000000	124231.000000
0.000000	124231.000000
0.000000	124231.000000
0.000000	124231.000000
0.000000	124231.000000
0.000000	124231.000000
0.000000	124231.000000
0.000000	124231.000000
0.000000	124231.000000
0.000000	124232.000000
0.000000	124232.000000
0.000000	124232.000000
0.000000	124232.000000
0.000000	124232.000000
0.000000	124232.000000
0.000000	124232.000000
0.000000	124232.000000
0.000000	124232.000000
0.000000	124232.000000
0.000000	124232.000000
0.000000	124232.000000
0.000000	124232.000000
0.000000	124232.000000
0.000000	124232.000000
0.000000	124232.000000
0.000000	124232.000000
0.000000	124233.000000
0.000000	124233.000000
0.000000	124233.000000
0.000000	124233.000000
0.000000	124233.000000
0.000000	124233.000000
0.000000	124233.000000
0.000000	124233.000000
0.000000	124233.000000
0.000000	124233.000000
0.000000	124233.000000
0.000000	124233.000000
0.000000	124233.000000
0.000000	124233.000000
0.000000	124233.000000
0.000000	124233.000000
0.000000	124233.000000
0.000000	124234.000000
0.000000	124234.000000
0.000000	124234.000000
0.000000	124234.000000
0.000000	124234.000000
0.000000	124234.000000
0.000000	124234.000000
0.000000	124234.000000
0.000000	124234.000000
0.000000	124234.000000
0.000000	124234.000000
0.000000	124234.000000
0.000000	124234.000000
0.000000	124234.000000
0.000000	124234.000000
0.000000	124234.000000
0.000000	124234.000000
0.000000	124235.000000
0.000000	124235.000000
0.000000	124235.000000
0.000000	124235.000000
0.000000	124235.000000
0.000000	124235.000000
0.000000	124235.000000
0.000000	124235.000000
0.000000	124235.000000
0.000000	124235.000000
0.000000	124235.000000
0.000000	124235.000000
0.000000	124235.000000
0.000000	124235.000000
0.000000	124235.000000
0.000000	124235.000000
0.000000	124235.000000
0.000000	124236.000000
0.000000	124236.000000
0.000000	124236.000000
0.000000	124236.000000
0.000000	124236.000000
0.000000	124236.000000
0.000000	124236.000000
0.000000	124236.000000
0.000000	124236.000000
0.000000	124236.000000
0.000000	124236.000000
0.000000	124236.000000
0.000000	124236.000000
0.000000	124236.000000
0.000000	124236.000000
0.000000	124236.000000
0.000000	124236.000000
0.000000	124237.000000
0.000000	124237.000000
0.000000	124237.000000
0.000000	124237.000000
0.000000	124237.000000
0.000000	124237.000000
0.000000	124237.000000
0.000000	124237.000000
0.000000	124237.000000
0.000000	124237.000000
0.000000	124237.000000
0.000000	124237.000000
0.000000	124237.000000
0.000000	124237.000000
0.000000	124237.000000
0.000000	124237.000000
0.000000	124237.000000
0.000000	124238.000000
0.000000	124238.000000
0.000000	124238.000000
0.000000	124238.000000
0.000000	124238.000000
0.000000	124238.000000
0.000000	124238.000000
0.000000	124238.000000
0.000000	124238.000000
0.000000	124238.000000
0.000000	124238.000000
0.000000	124238.000000
0.000000	124238.000000
0.000000	124238.000000
0.000000	124238.000000
0.000000	124238.000000
0.000000	124238.000000
0.000000	124239.000000
0.000000	124239.000000
0.000000	124239.000000
0.000000	124239.000000
0.000000	124239.000000
0.000000	124239.000000
0.000000	124239.000000
0.000000	124239.000000
0.000000	124239.000000
0.000000	124239.000000
0.000000	124239.000000
0.000000	124239.000000
0.000000	124239.000000
0.000000	124239.000000
0.000000	124239.000000
0.000000	124239.000000
0.000000	124239.000000
0.000000	124240.000000
0.000000	124240.000000
0.000000	124240.000000
0.000000	124240.000000
0.000000	124240.000000
0.000000	124240.000000
0.000000	124240.000000
0.000000	124240.000000
0.000000	124240.000000
0.000000	124240.000000
0.000000	124240.000000
0.000000	124240.000000
0.000000	124240.000000
0.000000	124240.000000
0.000000	124240.000000
0.000000	124240.000000
0.000000	124240.000000
0.000000	124241.000000
0.000000	124241.000000
0.000000	124241.000000
0.000000	124241.000000
0.000000	124241.000000
0.000000	124241.000000
0.000000	124241.000000
0.000000	124241.000000
0.000000	124241.000000
0.000000	124241.000000
0.000000	124241.000000
0.000000	124241.000000
0.000000	124241.000000
0.000000	124241.000000
0.000000	124241.000000
0.000000	124241.000000
0.000000	124241.000000
0.000000	124242.000000
0.000000	124242.000000
0.000000	124242.000000
0.000000	124242.000000
0.000000	124242.000000
0.000000	124242.000000
0.000000	124242.000000
0.000000	124242.000000
0.000000	124242.000000
0.000000	124242.000000
0.000000	124242.000000
0.000000	124242.000000
0.000000	124242.000000
0.000000	124242.000000
0.000000	124242.000000
0.000000	124242.000000
0.000000	124242.000000
0.000000	124242.000000
0.000000	124243.000000
0.000000	124243.000000
0.000000	124243.000000
0.000000	124243.000000
0.000000	124243.000000
0.000000	124243.000000
0.000000	124243.000000
0.000000	124243.000000
0.000000	124243.000000
0.000000	124243.000000
0.000000	124243.000000
0.000000	124243.000000
0.000000	124243.000000
0.000000	124243.000000
0.000000	124243.000000
0.000000	124243.000000
0.000000	124243.000000
0.000000	124244.000000
0.000000	124244.000000
0.000000	124244.000000
0.000000	124244.000000
0.000000	124244.000000
0.000000	124244.000000
0.000000	124244.000000
0.000000	124244.000000
0.000000	124244.000000
0.000000	124244.000000
0.000000	124244.000000
0.000000	124244.000000
0.000000	124244.000000
0.000000	124244.000000
0.000000	124244.000000
0.000000	124244.000000
0.000000	124244.000000
0.000000	124245.000000
0.000000	124245.000000
0.000000	124245.000000
0.000000	124245.000000
0.000000	124245.000000
0.000000	124245.000000
0.000000	124245.000000
0.000000	124245.000000
0.000000	124245.000000
0.000000	124245.000000
0.000000	124245.000000
0.000000	124245.000000
0.000000	124245.000000
0.000000	124245.000000
0.000000	124245.000000
0.000000	124245.000000
0.000000	124245.000000
0.000000	124246.000000
0.000000	124246.000000
0.000000	124246.000000
0.000000	124246.000000
0.000000	124246.000000
0.000000	124246.000000
0.000000	124246.000000
0.000000	124246.000000
0.000000	124246.000000
0.000000	124246.000000
0.000000	124246.000000
0.000000	124246.000000
0.000000	124246.000000
0.000000	124246.000000
0.000000	124246.000000
0.000000	124246.000000
0.000000	124246.000000
0.000000	124247.000000
0.000000	124247.000000
0.000000	124247.000000
0.000000	124247.000000
0.000000	124247.000000
0.000000	124247.000000
0.000000	124247.000000
0.000000	124247.000000
0.000000	124247.000000
0.000000	124247.000000
0.000000	124247.000000
0.000000	124247.000000
0.000000	124247.000000
0.000000	124247.000000
0.000000	124247.000000
0.000000	124247.000000
0.000000	124247.000000
0.000000	124248.000000
0.000000	124248.000000
0.000000	124248.000000
0.000000	124248.000000
0.000000	124248.000000
0.000000	124248.000000
0.000000	124248.000000
0.000000	124248.000000
0.000000	124248.000000
0.000000	124248.000000
0.000000	124248.000000
0.000000	124248.000000
0.000000	124248.000000
0.000000	124248.000000
0.000000	124248.000000
0.000000	124248.000000
0.000000	124248.000000
0.000000	124249.000000
0.000000	124249.000000
0.000000	124249.000000
0.000000	124249.000000
0.000000	124249.000000
0.000000	124249.000000
0.000000	124249.000000
0.000000	124249.000000
0.000000	124249.000000
0.000000	124249.000000
0.000000	124249.000000
0.000000	124249.000000
0.000000	124249.000000
0.000000	124249.000000
0.000000	124249.000000
0.000000	124249.000000
0.000000	124249.000000
0.000000	124250.000000
0.000000	124250.000000
0.000000	124250.000000
0.000000	124250.000000
0.000000	124250.000000
0.000000	124250.000000
0.000000	124250.000000
0.000000	124250.000000
0.000000	124250.000000
0.000000	124250.000000
0.000000	124250.000000
0.000000	124250.000000
0.000000	124250.000000
0.000000	124250.000000
0.000000	124250.000000
0.000000	124250.000000
0.000000	124250.000000
0.000000	124251.000000
0.000000	124251.000000
0.000000	124251.000000
0.000000	124251.000000
0.000000	124251.000000
0.000000	124251.000000
0.000000	124251.000000
0.000000	124251.000000
0.000000	124251.000000
0.000000	124251.000000
0.000000	124251.000000
0.000000	124251.000000
0.000000	124251.000000
0.000000	124251.000000
0.000000	124251.000000
0.000000	124251.000000
0.000000	124251.000000
0.000000	124252.000000
0.000000	124252.000000
0.000000	124252.000000
0.000000	124252.000000
0.000000	124252.000000
0.000000	124252.000000
0.000000	124252.000000
0.000000	124252.000000
0.000000	124252.000000
0.000000	124252.000000
0.000000	124252.000000
0.000000	124252.000000
0.000000	124252.000000
0.000000	124252.000000
0.000000	124252.000000
0.000000	124252.000000
0.000000	124252.000000
0.000000	124253.000000
0.000000	124253.000000
0.000000	124253.000000
0.000000	124253.000000
0.000000	124253.000000
0.000000	124253.000000
0.000000	124253.000000
0.000000	124253.000000
0.000000	124253.000000
0.000000	124253.000000
0.000000	124253.000000
0.000000	124253.000000
0.000000	124253.000000
0.000000	124253.000000
0.000000	124253.000000
0.000000	124253.000000
0.000000	124253.000000
0.000000	124254.000000
0.000000	124254.000000
0.000000	124254.000000
0.000000	124254.000000
0.000000	124254.000000
0.000000	124254.000000
0.000000	124254.000000
0.000000	124254.000000
0.000000	124254.000000
0.000000	124254.000000
0.000000	124254.000000
0.000000	124254.000000
0.000000	124254.000000
0.000000	124254.000000
0.000000	124254.000000
0.000000	124254.000000
0.000000	124254.000000
0.000000	124255.000000
0.000000	124255.000000
0.000000	124255.000000
0.000000	124255.000000
0.000000	124255.000000
0.000000	124255.000000
0.000000	124255.000000
0.000000	124255.000000
0.000000	124255.000000
0.000000	124255.000000
0.000000	124255.000000
0.000000	124255.000000
0.000000	124255.000000
0.000000	124255.000000
0.000000	124255.000000
0.000000	124255.000000
0.000000	124255.000000
0.000000	124256.000000
0.000000	124256.000000
0.000000	124256.000000
0.000000	124256.000000
0.000000	124256.000000
0.000000	124256.000000
0.000000	124256.000000
0.000000	124256.000000
0.000000	124256.000000
0.000000	124256.000000
0.000000	124256.000000
0.000000	124256.000000
0.000000	124256.000000
0.000000	124256.000000
0.000000	124256.000000
0.000000	124256.000000
0.000000	124256.000000
0.000000	124257.000000
0.000000	124257.000000
0.000000	124257.000000
0.000000	124257.000000
0.000000	124257.000000
0.000000	124257.000000
0.000000	124257.000000
0.000000	124257.000000
0.000000	124257.000000
0.000000	124257.000000
0.000000	124257.000000
0.000000	124257.000000
0.000000	124257.000000
0.000000	124257.000000
0.000000	124257.000000
0.000000	124257.000000
0.000000	124257.000000
0.000000	124258.000000
0.000000	124258.000000
0.000000	124258.000000
0.000000	124258.000000
0.000000	124258.000000
0.000000	124258.000000
0.000000	124258.000000
0.000000	124258.000000
0.000000	124258.000000
0.000000	124258.000000
0.000000	124258.000000
0.000000	124258.000000
0.000000	124258.000000
0.000000	124258.000000
0.000000	124258.000000
0.000000	124258.000000
0.000000	124258.000000
0.000000	124258.000000
0.000000	124259.000000
0.000000	124259.000000
0.000000	124259.000000
0.000000	124259.000000
0.000000	124259.000000
0.000000	124259.000000
0.000000	124259.000000
0.000000	124259.000000
0.000000	124259.000000
0.000000	124259.000000
0.000000	124259.000000
0.000000	124259.000000
0.000000	124259.000000
0.000000	124259.000000
0.000000	124259.000000
0.000000	124259.000000
0.000000	124259.000000
0.000000	124300.000000
0.000000	124300.000000
0.000000	124300.000000
0.000000	124300.000000
0.000000	124300.000000
0.000000	124300.000000
0.000000	124300.000000
0.000000	124300.000000
0.000000	124300.000000
0.000000	124300.000000
0.000000	124300.000000
0.000000	124300.000000
0.000000	124300.000000
0.000000	124300.000000
0.000000	124300.000000
0.000000	124300.000000
0.000000	124300.000000
0.000000	124301.000000
0.000000	124301.000000
0.000000	124301.000000
0.000000	124301.000000
0.000000	124301.000000
0.000000	124301.000000
0.000000	124301.000000
0.000000	124301.000000
0.000000	124301.000000
0.000000	124301.000000
0.000000	124301.000000
0.000000	124301.000000
0.000000	124301.000000
0.000000	124301.000000
0.000000	124301.000000
0.000000	124301.000000
0.000000	124301.000000
0.000000	124302.000000
0.000000	124302.000000
0.000000	124302.000000
0.000000	124302.000000
0.000000	124302.000000
0.000000	124302.000000
0.000000	124302.000000
0.000000	124302.000000
0.000000	124302.000000
0.000000	124302.000000
0.000000	124302.000000
0.000000	124302.000000
0.000000	124302.000000
0.000000	124302.000000
0.000000	124302.000000
0.000000	124302.000000
0.000000	124302.000000
0.000000	124303.000000
0.000000	124303.000000
0.000000	124303.000000
0.000000	124303.000000
0.000000	124303.000000
0.000000	124303.000000
0.000000	124303.000000
0.000000	124303.000000
0.000000	124303.000000
0.000000	124303.000000
0.000000	124303.000000
0.000000	124303.000000
0.000000	124303.000000
0.000000	124303.000000
0.000000	124303.000000
0.000000	124303.000000
0.000000	124303.000000
0.000000	124304.000000
0.000000	124304.000000
0.000000	124304.000000
0.000000	124304.000000
0.000000	124304.000000
0.000000	124304.000000
0.000000	124304.000000
0.000000	124304.000000
0.000000	124304.000000
0.000000	124304.000000
0.000000	124304.000000
0.000000	124304.000000
0.000000	124304.000000
0.000000	124304.000000
0.000000	124304.000000
0.000000	124304.000000
0.000000	124304.000000
0.000000	124305.000000
0.000000	124305.000000
0.000000	124305.000000
0.000000	124305.000000
0.000000	124305.000000
0.000000	124305.000000
0.000000	124305.000000
0.000000	124305.000000
0.000000	124305.000000
0.000000	124305.000000
0.000000	124305.000000
0.000000	124305.000000
0.000000	124305.000000
0.000000	124305.000000
0.000000	124305.000000
0.000000	124305.000000
0.000000	124305.000000
0.000000	124306.000000
0.000000	124306.000000
0.000000	124306.000000
0.000000	124306.000000
0.000000	124306.000000
0.000000	124306.000000
0.000000	124306.000000
0.000000	124306.000000
0.000000	124306.000000
0.000000	124306.000000
0.000000	124306.000000
0.000000	124306.000000
0.000000	124306.000000
0.000000	124306.000000
0.000000	124306.000000
0.000000	124306.000000
0.000000	124306.000000
0.000000	124307.000000
0.000000	124307.000000
0.000000	124307.000000
0.000000	124307.000000
0.000000	124307.000000
0.000000	124307.000000
0.000000	124307.000000
0.000000	124307.000000
0.000000	124307.000000
0.000000	124307.000000
0.000000	124307.000000
0.000000	124307.000000
0.000000	124307.000000
0.000000	124307.000000
0.000000	124307.000000
0.000000	124307.000000
0.000000	124307.000000
0.000000	124308.000000
0.000000	124308.000000
0.000000	124308.000000
0.000000	124308.000000
0.000000	124308.000000
0.000000	124308.000000
0.000000	124308.000000
0.000000	124308.000000
0.000000	124308.000000
0.000000	124308.000000
0.000000	124308.000000
0.000000	124308.000000
0.000000	124308.000000
0.000000	124308.000000
0.000000	124308.000000
0.000000	124308.000000
0.000000	124308.000000
0.000000	124309.000000
0.000000	124309.000000
0.000000	124309.000000
0.000000	124309.000000
0.000000	124309.000000
0.000000	124309.000000
0.000000	124309.000000
0.000000	124309.000000
0.000000	124309.000000
0.000000	124309.000000
0.000000	124309.000000
0.000000	124309.000000
0.000000	124309.000000
0.000000	124309.000000
0.000000	124309.000000
0.000000	124309.000000
0.000000	124309.000000
0.000000	124310.000000
0.000000	124310.000000
0.000000	124310.000000
0.000000	124310.000000
0.000000	124310.000000
0.000000	124310.000000
0.000000	124310.000000
0.000000	124310.000000
0.000000	124310.000000
0.000000	124310.000000
0.000000	124310.000000
0.000000	124310.000000
0.000000	124310.000000
0.000000	124310.000000
0.000000	124310.000000
0.000000	124310.000000
0.000000	124310.000000
0.000000	124311.000000
0.000000	124311.000000
0.000000	124311.000000
0.000000	124311.000000
0.000000	124311.000000
0.000000	124311.000000
0.000000	124311.000000
0.000000	124311.000000
0.000000	124311.000000
0.000000	124311.000000
0.000000	124311.000000
0.000000	124311.000000
0.000000	124311.000000
0.000000	124311.000000
0.000000	124311.000000
0.000000	124311.000000
0.000000	124311.000000
0.000000	124312.000000
0.000000	124312.000000
0.000000	124312.000000
0.000000	124312.000000
0.000000	124312.000000
0.000000	124312.000000
0.000000	124312.000000
0.000000	124312.000000
0.000000	124312.000000
0.000000	124312.000000
0.000000	124312.000000
0.000000	124312.000000
0.000000	124312.000000
0.000000	124312.000000
0.000000	124312.000000
0.000000	124312.000000
0.000000	124312.000000
0.000000	124312.000000
0.000000	124313.000000
0.000000	124313.000000
0.000000	124313.000000
0.000000	124313.000000
0.000000	124313.000000
0.000000	124313.000000
0.000000	124313.000000
0.000000	124313.000000
0.000000	124313.000000
0.000000	124313.000000
0.000000	124313.000000
0.000000	124313.000000
0.000000	124313.000000
0.000000	124313.000000
0.000000	124313.000000
0.000000	124313.000000
0.000000	124313.000000
0.000000	124314.000000
0.000000	124314.000000
0.000000	124314.000000
0.000000	124314.000000
0.000000	124314.000000
0.000000	124314.000000
0.000000	124314.000000
0.000000	124314.000000
0.000000	124314.000000
0.000000	124314.000000
0.000000	124314.000000
0.000000	124314.000000
0.000000	124314.000000
0.000000	124314.000000
0.000000	124314.000000
0.000000	124314.000000
0.000000	124314.000000
0.000000	124315.000000
0.000000	124315.000000
0.000000	124315.000000
0.000000	124315.000000
0.000000	124315.000000
0.000000	124315.000000
0.000000	124315.000000
0.000000	124315.000000
0.000000	124315.000000
0.000000	124315.000000
0.000000	124315.000000
0.000000	124315.000000
0.000000	124315.000000
0.000000	124315.000000
0.000000	124315.000000
0.000000	124315.000000
0.000000	124315.000000
0.000000	124316.000000
0.000000	124316.000000
0.000000	124316.000000
0.000000	124316.000000
0.000000	124316.000000
0.000000	124316.000000
0.000000	124316.000000
0.000000	124316.000000
0.000000	124316.000000
0.000000	124316.000000
0.000000	124316.000000
0.000000	124316.000000
0.000000	124316.000000
0.000000	124316.000000
0.000000	124316.000000
0.000000	124316.000000
0.000000	124316.000000
0.000000	124317.000000
0.000000	124317.000000
0.000000	124317.000000
0.000000	124317.000000
0.000000	124317.000000
0.000000	124317.000000
0.000000	124317.000000
0.000000	124317.000000
0.000000	124317.000000
0.000000	124317.000000
0.000000	124317.000000
0.000000	124317.000000
0.000000	124317.000000
0.000000	124317.000000
0.000000	124317.000000
0.000000	124317.000000
0.000000	124317.000000
0.000000	124318.000000
0.000000	124318.000000
0.000000	124318.000000
0.000000	124318.000000
0.000000	124318.000000
0.000000	124318.000000
0.000000	124318.000000
0.000000	124318.000000
0.000000	124318.000000
0.000000	124318.000000
0.000000	124318.000000
0.000000	124318.000000
0.000000	124318.000000
0.000000	124318.000000
0.000000	124318.000000
0.000000	124318.000000
0.000000	124318.000000
0.000000	124319.000000
0.000000	124319.000000
0.000000	124319.000000
0.000000	124319.000000
0.000000	124319.000000
0.000000	124319.000000
0.000000	124319.000000
0.000000	124319.000000
0.000000	124319.000000
0.000000	124319.000000
0.000000	124319.000000
0.000000	124319.000000
0.000000	124319.000000
0.000000	124319.000000
0.000000	124319.000000
0.000000	124319.000000
0.000000	124319.000000
0.000000	124320.000000
0.000000	124320.000000
0.000000	124320.000000
0.000000	124320.000000
0.000000	124320.000000
0.000000	124320.000000
0.000000	124320.000000
0.000000	124320.000000
0.000000	124320.000000
0.000000	124320.000000
0.000000	124320.000000
0.000000	124320.000000
0.000000	124320.000000
0.000000	124320.000000
0.000000	124320.000000
0.000000	124320.000000
0.000000	124320.000000
0.000000	124321.000000
0.000000	124321.000000
0.000000	124321.000000
0.000000	124321.000000
0.000000	124321.000000
0.000000	124321.000000
0.000000	124321.000000
0.000000	124321.000000
0.000000	124321.000000
0.000000	124321.000000
0.000000	124321.000000
0.000000	124321.000000
0.000000	124321.000000
0.000000	124321.000000
0.000000	124321.000000
0.000000	124321.000000
0.000000	124321.000000
0.000000	124322.000000
0.000000	124322.000000
0.000000	124322.000000
0.000000	124322.000000
0.000000	124322.000000
0.000000	124322.000000
0.000000	124322.000000
0.000000	124322.000000
0.000000	124322.000000
0.000000	124322.000000
0.000000	124322.000000
0.000000	124322.000000
0.000000	124322.000000
0.000000	124322.000000
0.000000	124322.000000
0.000000	124322.000000
0.000000	124322.000000
0.000000	124323.000000
0.000000	124323.000000
0.000000	124323.000000
0.000000	124323.000000
0.000000	124323.000000
0.000000	124323.000000
0.000000	124323.000000
0.000000	124323.000000
0.000000	124323.000000
0.000000	124323.000000
0.000000	124323.000000
0.000000	124323.000000
0.000000	124323.000000
0.000000	124323.000000
0.000000	124323.000000
0.000000	124323.000000
0.000000	124323.000000
0.000000	124324.000000
0.000000	124324.000000
0.000000	124324.000000
0.000000	124324.000000
0.000000	124324.000000
0.000000	124324.000000
0.000000	124324.000000
0.000000	124324.000000
0.000000	124324.000000
0.000000	124324.000000
0.000000	124324.000000
0.000000	124324.000000
0.000000	124324.000000
0.000000	124324.000000
0.000000	124324.000000
0.000000	124324.000000
0.000000	124324.000000
0.000000	124325.000000
0.000000	124325.000000
0.000000	124325.000000
0.000000	124325.000000
0.000000	124325.000000
0.000000	124325.000000
0.000000	124325.000000
0.000000	124325.000000
0.000000	124325.000000
0.000000	124325.000000
0.000000	124325.000000
0.000000	124325.000000
0.000000	124325.000000
0.000000	124325.000000
0.000000	124325.000000
0.000000	124325.000000
0.000000	124325.000000
0.000000	124326.000000
0.000000	124326.000000
0.000000	124326.000000
0.000000	124326.000000
0.000000	124326.000000
0.000000	124326.000000
0.000000	124326.000000
0.000000	124326.000000
0.000000	124326.000000
0.000000	124326.000000
0.000000	124326.000000
0.000000	124326.000000
0.000000	124326.000000
0.000000	124326.000000
0.000000	124326.000000
0.000000	124326.000000
0.000000	124326.000000
0.000000	124327.000000
0.000000	124327.000000
0.000000	124327.000000
0.000000	124327.000000
0.000000	124327.000000
0.000000	124327.000000
0.000000	124327.000000
0.000000	124327.000000
0.000000	124327.000000
0.000000	124327.000000
0.000000	124327.000000
0.000000	124327.000000
0.000000	124327.000000
0.000000	124327.000000
0.000000	124327.000000
0.000000	124327.000000
0.000000	124327.000000
0.000000	124328.000000
0.000000	124328.000000
0.000000	124328.000000
0.000000	124328.000000
0.000000	124328.000000
0.000000	124328.000000
0.000000	124328.000000
0.000000	124328.000000
0.000000	124328.000000
0.000000	124328.000000
0.000000	124328.000000
0.000000	124328.000000
0.000000	124328.000000
0.000000	124328.000000
0.000000	124328.000000
0.000000	124328.000000
0.000000	124328.000000
0.000000	124328.000000
0.000000	124329.000000
0.000000	124329.000000
0.000000	124329.000000
0.000000	124329.000000
0.000000	124329.000000
0.000000	124329.000000
0.000000	124329.000000
0.000000	124329.000000
0.000000	124329.000000
0.000000	124329.000000
0.000000	124329.000000
0.000000	124329.000000
0.000000	124329.000000
0.000000	124329.000000
0.000000	124329.000000
0.000000	124329.000000
0.000000	124329.000000
0.000000	124330.000000
0.000000	124330.000000
0.000000	124330.000000
0.000000	124330.000000
0.000000	124330.000000
0.000000	124330.000000
0.000000	124330.000000
0.000000	124330.000000
0.000000	124330.000000
0.000000	124330.000000
0.000000	124330.000000
0.000000	124330.000000
0.000000	124330.000000
0.000000	124330.000000
0.000000	124330.000000
0.000000	124330.000000
0.000000	124330.000000
0.000000	124331.000000
0.000000	124331.000000
0.000000	124331.000000
0.000000	124331.000000
0.000000	124331.000000
0.000000	124331.000000
0.000000	124331.000000
0.000000	124331.000000
0.000000	124331.000000
0.000000	124331.000000
0.000000	124331.000000
0.000000	124331.000000
0.000000	124331.000000
0.000000	124331.000000
0.000000	124331.000000
0.000000	124331.000000
0.000000	124331.000000
0.000000	124332.000000
0.000000	124332.000000
0.000000	124332.000000
0.000000	124332.000000
0.000000	124332.000000
0.000000	124332.000000
0.000000	124332.000000
0.000000	124332.000000
0.000000	124332.000000
0.000000	124332.000000
0.000000	124332.000000
0.000000	124332.000000
0.000000	124332.000000
0.000000	124332.000000
0.000000	124332.000000
0.000000	124332.000000
0.000000	124332.000000
0.000000	124333.000000
0.000000	124333.000000
0.000000	124333.000000
0.000000	124333.000000
0.000000	124333.000000
0.000000	124333.000000
0.000000	124333.000000
0.000000	124333.000000
0.000000	124333.000000
0.000000	124333.000000
0.000000	124333.000000
0.000000	124333.000000
0.000000	124333.000000
0.000000	124333.000000
0.000000	124333.000000
0.000000	124333.000000
0.000000	124333.000000
0.000000	124334.000000
0.000000	124334.000000
0.000000	124334.000000
0.000000	124334.000000
0.000000	124334.000000
0.000000	124334.000000
0.000000	124334.000000
0.000000	124334.000000
0.000000	124334.000000
0.000000	124334.000000
0.000000	124334.000000
0.000000	124334.000000
0.000000	124334.000000
0.000000	124334.000000
0.000000	124334.000000
0.000000	124334.000000
0.000000	124334.000000
0.000000	124335.000000
0.000000	124335.000000
0.000000	124335.000000
0.000000	124335.000000
0.000000	124335.000000
0.000000	124335.000000
0.000000	124335.000000
0.000000	124335.000000
0.000000	124335.000000
0.000000	124335.000000
0.000000	124335.000000
0.000000	124335.000000
0.000000	124335.000000
0.000000	124335.000000
0.000000	124335.000000
0.000000	124335.000000
0.000000	124335.000000
0.000000	124336.000000
0.000000	124336.000000
0.000000	124336.000000
0.000000	124336.000000
0.000000	124336.000000
0.000000	124336.000000
0.000000	124336.000000
0.000000	124336.000000
0.000000	124336.000000
0.000000	124336.000000
0.000000	124336.000000
0.000000	124336.000000
0.000000	124336.000000
0.000000	124336.000000
0.000000	124336.000000
0.000000	124336.000000
0.000000	124336.000000
0.000000	124337.000000
0.000000	124337.000000
0.000000	124337.000000
0.000000	124337.000000
0.000000	124337.000000
0.000000	124337.000000
0.000000	124337.000000
0.000000	124337.000000
0.000000	124337.000000
0.000000	124337.000000
0.000000	124337.000000
0.000000	124337.000000
0.000000	124337.000000
0.000000	124337.000000
0.000000	124337.000000
0.000000	124337.000000
0.000000	124337.000000
0.000000	124338.000000
0.000000	124338.000000
0.000000	124338.000000
0.000000	124338.000000
0.000000	124338.000000
0.000000	124338.000000
0.000000	124338.000000
0.000000	124338.000000
0.000000	124338.000000
0.000000	124338.000000
0.000000	124338.000000
0.000000	124338.000000
0.000000	124338.000000
0.000000	124338.000000
0.000000	124338.000000
0.000000	124338.000000
0.000000	124338.000000
0.000000	124339.000000
0.000000	124339.000000
0.000000	124339.000000
0.000000	124339.000000
0.000000	124339.000000
0.000000	124339.000000
0.000000	124339.000000
0.000000	124339.000000
0.000000	124339.000000
0.000000	124339.000000
0.000000	124339.000000
0.000000	124339.000000
0.000000	124339.000000
0.000000	124339.000000
0.000000	124339.000000
0.000000	124339.000000
0.000000	124339.000000
0.000000	124340.000000
0.000000	124340.000000
0.000000	124340.000000
0.000000	124340.000000
0.000000	124340.000000
0.000000	124340.000000
0.000000	124340.000000
0.000000	124340.000000
0.000000	124340.000000
0.000000	124340.000000
0.000000	124340.000000
0.000000	124340.000000
0.000000	124340.000000
0.000000	124340.000000
0.000000	124340.000000
0.000000	124340.000000
0.000000	124340.000000
0.000000	124341.000000
0.000000	124341.000000
0.000000	124341.000000
0.000000	124341.000000
0.000000	124341.000000
0.000000	124341.000000
0.000000	124341.000000
0.000000	124341.000000
0.000000	124341.000000
0.000000	124341.000000
0.000000	124341.000000
0.000000	124341.000000
0.000000	124341.000000
0.000000	124341.000000
0.000000	124341.000000
0.000000	124341.000000
0.000000	124341.000000
0.000000	124342.000000
0.000000	124342.000000
0.000000	124342.000000
0.000000	124342.000000
0.000000	124342.000000
0.000000	124342.000000
0.000000	124342.000000
0.000000	124342.000000
0.000000	124342.000000
0.000000	124342.000000
0.000000	124342.000000
0.000000	124342.000000
0.000000	124342.000000
0.000000	124342.000000
0.000000	124342.000000
0.000000	124342.000000
0.000000	124342.000000
0.000000	124343.000000
0.000000	124343.000000
0.000000	124343.000000
0.000000	124343.000000
0.000000	124343.000000
0.000000	124343.000000
0.000000	124343.000000
0.000000	124343.000000
0.000000	124343.000000
0.000000	124343.000000
0.000000	124343.000000
0.000000	124343.000000
0.000000	124343.000000
0.000000	124343.000000
0.000000	124343.000000
0.000000	124343.000000
0.000000	124343.000000
0.000000	124343.000000
0.000000	124344.000000
0.000000	124344.000000
0.000000	124344.000000
0.000000	124344.000000
0.000000	124344.000000
0.000000	124344.000000
0.000000	124344.000000
0.000000	124344.000000
0.000000	124344.000000
0.000000	124344.000000
0.000000	124344.000000
0.000000	124344.000000
0.000000	124344.000000
0.000000	124344.000000
0.000000	124344.000000
0.000000	124344.000000
0.000000	124344.000000
0.000000	124345.000000
0.000000	124345.000000
0.000000	124345.000000
0.000000	124345.000000
0.000000	124345.000000
0.000000	124345.000000
0.000000	124345.000000
0.000000	124345.000000
0.000000	124345.000000
0.000000	124345.000000
0.000000	124345.000000
0.000000	124345.000000
0.000000	124345.000000
0.000000	124345.000000
0.000000	124345.000000
0.000000	124345.000000
0.000000	124345.000000
0.000000	124346.000000
0.000000	124346.000000
0.000000	124346.000000
0.000000	124346.000000
0.000000	124346.000000
0.000000	124346.000000
0.000000	124346.000000
0.000000	124346.000000
0.000000	124346.000000
0.000000	124346.000000
0.000000	124346.000000
0.000000	124346.000000
0.000000	124346.000000
0.000000	124346.000000
0.000000	124346.000000
0.000000	124346.000000
0.000000	124346.000000
0.000000	124347.000000
0.000000	124347.000000
0.000000	124347.000000
0.000000	124347.000000
0.000000	124347.000000
0.000000	124347.000000
0.000000	124347.000000
0.000000	124347.000000
0.000000	124347.000000
0.000000	124347.000000
0.000000	124347.000000
0.000000	124347.000000
0.000000	124347.000000
0.000000	124347.000000
0.000000	124347.000000
0.000000	124347.000000
0.000000	124347.000000
0.000000	124348.000000
0.000000	124348.000000
0.000000	124348.000000
0.000000	124348.000000
0.000000	124348.000000
0.000000	124348.000000
0.000000	124348.000000
0.000000	124348.000000
0.000000	124348.000000
0.000000	124348.000000
0.000000	124348.000000
0.000000	124348.000000
0.000000	124348.000000
0.000000	124348.000000
0.000000	124348.000000
0.000000	124348.000000
0.000000	124348.000000
0.000000	124349.000000
0.000000	124349.000000
0.000000	124349.000000
0.000000	124349.000000
0.000000	124349.000000
0.000000	124349.000000
0.000000	124349.000000
0.000000	124349.000000
0.000000	124349.000000
0.000000	124349.000000
0.000000	124349.000000
0.000000	124349.000000
0.000000	124349.000000
0.000000	124349.000000
0.000000	124349.000000
0.000000	124349.000000
0.000000	124349.000000
0.000000	124350.000000
0.000000	124350.000000
0.000000	124350.000000
0.000000	124350.000000
0.000000	124350.000000
0.000000	124350.000000
0.000000	124350.000000
0.000000	124350.000000
0.000000	124350.000000
0.000000	124350.000000
0.000000	124350.000000
0.000000	124350.000000
0.000000	124350.000000
0.000000	124350.000000
0.000000	124350.000000
0.000000	124350.000000
0.000000	124350.000000
0.000000	124351.000000
0.000000	124351.000000
0.000000	124351.000000
0.000000	124351.000000
0.000000	124351.000000
0.000000	124351.000000
0.000000	124351.000000
0.000000	124351.000000
0.000000	124351.000000
0.000000	124351.000000
0.000000	124351.000000
0.000000	124351.000000
0.000000	124351.000000
0.000000	124351.000000
0.000000	124351.000000
0.000000	124351.000000
0.000000	124351.000000
0.000000	124352.000000
0.000000	124352.000000
0.000000	124352.000000
0.000000	124352.000000
0.000000	124352.000000
0.000000	124352.000000
0.000000	124352.000000
0.000000	124352.000000
0.000000	124352.000000
0.000000	124352.000000
0.000000	124352.000000
0.000000	124352.000000
0.000000	124352.000000
0.000000	124352.000000
0.000000	124352.000000
0.000000	124352.000000
0.000000	124352.000000
0.000000	124353.000000
0.000000	124353.000000
0.000000	124353.000000
0.000000	124353.000000
0.000000	124353.000000
0.000000	124353.000000
0.000000	124353.000000
0.000000	124353.000000
0.000000	124353.000000
0.000000	124353.000000
0.000000	124353.000000
0.000000	124353.000000
0.000000	124353.000000
0.000000	124353.000000
0.000000	124353.000000
0.000000	124353.000000
0.000000	124353.000000
0.000000	124354.000000
0.000000	124354.000000
0.000000	124354.000000
0.000000	124354.000000
0.000000	124354.000000
0.000000	124354.000000
0.000000	124354.000000
0.000000	124354.000000
0.000000	124354.000000
0.000000	124354.000000
0.000000	124354.000000
0.000000	124354.000000
0.000000	124354.000000
0.000000	124354.000000
0.000000	124354.000000
0.000000	124354.000000
0.000000	124354.000000
0.000000	124355.000000
0.000000	124355.000000
0.000000	124355.000000
0.000000	124355.000000
0.000000	124355.000000
0.000000	124355.000000
0.000000	124355.000000
0.000000	124355.000000
0.000000	124355.000000
0.000000	124355.000000
0.000000	124355.000000
0.000000	124355.000000
0.000000	124355.000000
0.000000	124355.000000
0.000000	124355.000000
0.000000	124355.000000
0.000000	124355.000000
0.000000	124356.000000
0.000000	124356.000000
0.000000	124356.000000
0.000000	124356.000000
0.000000	124356.000000
0.000000	124356.000000
0.000000	124356.000000
0.000000	124356.000000
0.000000	124356.000000
0.000000	124356.000000
0.000000	124356.000000
0.000000	124356.000000
0.000000	124356.000000
0.000000	124356.000000
0.000000	124356.000000
0.000000	124356.000000
0.000000	124356.000000
0.000000	124357.000000
0.000000	124357.000000
0.000000	124357.000000
0.000000	124357.000000
0.000000	124357.000000
0.000000	124357.000000
0.000000	124357.000000
0.000000	124357.000000
0.000000	124357.000000
0.000000	124357.000000
0.000000	124357.000000
0.000000	124357.000000
0.000000	124357.000000
0.000000	124357.000000
0.000000	124357.000000
0.000000	124357.000000
0.000000	124357.000000
0.000000	124358.000000
0.000000	124358.000000
0.000000	124358.000000
0.000000	124358.000000
0.000000	124358.000000
0.000000	124358.000000
0.000000	124358.000000
0.000000	124358.000000
0.000000	124358.000000
0.000000	124358.000000
0.000000	124358.000000
0.000000	124358.000000
0.000000	124358.000000
0.000000	124358.000000
0.000000	124358.000000
0.000000	124358.000000
0.000000	124358.000000
0.000000	124358.000000
0.000000	124359.000000
0.000000	124359.000000
0.000000	124359.000000
0.000000	124359.000000
0.000000	124359.000000
0.000000	124359.000000
0.000000	124359.000000
0.000000	124359.000000
0.000000	124359.000000
0.000000	124359.000000
0.000000	124359.000000
0.000000	124359.000000
0.000000	124359.000000
0.000000	124359.000000
0.000000	124359.000000
0.000000	124359.000000
0.000000	124359.000000
0.000000	124400.000000
0.000000	124400.000000
0.000000	124400.000000
0.000000	124400.000000
0.000000	124400.000000
0.000000	124400.000000
0.000000	124400.000000
0.000000	124400.000000
0.000000	124400.000000
0.000000	124400.000000
0.000000	124400.000000
0.000000	124400.000000
0.000000	124400.000000
0.000000	124400.000000
0.000000	124400.000000
0.000000	124400.000000
0.000000	124400.000000
0.000000	124401.000000
0.000000	124401.000000
0.000000	124401.000000
0.000000	124401.000000
0.000000	124401.000000
0.000000	124401.000000
0.000000	124401.000000
0.000000	124401.000000
0.000000	124401.000000
0.000000	124401.000000
0.000000	124401.000000
0.000000	124401.000000
0.000000	124401.000000
0.000000	124401.000000
0.000000	124401.000000
0.000000	124401.000000
0.000000	124401.000000
0.000000	124402.000000
0.000000	124402.000000
0.000000	124402.000000
0.000000	124402.000000
0.000000	124402.000000
0.000000	124402.000000
0.000000	124402.000000
0.000000	124402.000000
0.000000	124402.000000
0.000000	124402.000000
0.000000	124402.000000
0.000000	124402.000000
0.000000	124402.000000
0.000000	124402.000000
0.000000	124402.000000
0.000000	124402.000000
0.000000	124402.000000
0.000000	124403.000000
0.000000	124403.000000
0.000000	124403.000000
0.000000	124403.000000
0.000000	124403.000000
0.000000	124403.000000
0.000000	124403.000000
0.000000	124403.000000
0.000000	124403.000000
0.000000	124403.000000
0.000000	124403.000000
0.000000	124403.000000
0.000000	124403.000000
0.000000	124403.000000
0.000000	124403.000000
0.000000	124403.000000
0.000000	124403.000000
0.000000	124404.000000
0.000000	124404.000000
0.000000	124404.000000
0.000000	124404.000000
0.000000	124404.000000
0.000000	124404.000000
0.000000	124404.000000
0.000000	124404.000000
0.000000	124404.000000
0.000000	124404.000000
0.000000	124404.000000
0.000000	124404.000000
0.000000	124404.000000
0.000000	124404.000000
0.000000	124404.000000
0.000000	124404.000000
0.000000	124404.000000
0.000000	124405.000000
0.000000	124405.000000
0.000000	124405.000000
0.000000	124405.000000
0.000000	124405.000000
0.000000	124405.000000
0.000000	124405.000000
0.000000	124405.000000
0.000000	124405.000000
0.000000	124405.000000
0.000000	124405.000000
0.000000	124405.000000
0.000000	124405.000000
0.000000	124405.000000
0.000000	124405.000000
0.000000	124405.000000
0.000000	124405.000000
0.000000	124406.000000
0.000000	124406.000000
0.000000	124406.000000
0.000000	124406.000000
0.000000	124406.000000
0.000000	124406.000000
0.000000	124406.000000
0.000000	124406.000000
0.000000	124406.000000
0.000000	124406.000000
0.000000	124406.000000
0.000000	124406.000000
0.000000	124406.000000
0.000000	124406.000000
0.000000	124406.000000
0.000000	124406.000000
0.000000	124406.000000
0.000000	124407.000000
0.000000	124407.000000
0.000000	124407.000000
0.000000	124407.000000
0.000000	124407.000000
0.000000	124407.000000
0.000000	124407.000000
0.000000	124407.000000
0.000000	124407.000000
0.000000	124407.000000
0.000000	124407.000000
0.000000	124407.000000
0.000000	124407.000000
0.000000	124407.000000
0.000000	124407.000000
0.000000	124407.000000
0.000000	124407.000000
0.000000	124408.000000
0.000000	124408.000000
0.000000	124408.000000
0.000000	124408.000000
0.000000	124408.000000
0.000000	124408.000000
0.000000	124408.000000
0.000000	124408.000000
0.000000	124408.000000
0.000000	124408.000000
0.000000	124408.000000
0.000000	124408.000000
0.000000	124408.000000
0.000000	124408.000000
0.000000	124408.000000
0.000000	124408.000000
0.000000	124408.000000
0.000000	124409.000000
0.000000	124409.000000
0.000000	124409.000000
0.000000	124409.000000
0.000000	124409.000000
0.000000	124409.000000
0.000000	124409.000000
0.000000	124409.000000
0.000000	124409.000000
0.000000	124409.000000
0.000000	124409.000000
0.000000	124409.000000
0.000000	124409.000000
0.000000	124409.000000
0.000000	124409.000000
0.000000	124409.000000
0.000000	124409.000000
0.000000	124410.000000
0.000000	124410.000000
0.000000	124410.000000
0.000000	124410.000000
0.000000	124410.000000
0.000000	124410.000000
0.000000	124410.000000
0.000000	124410.000000
0.000000	124410.000000
0.000000	124410.000000
0.000000	124410.000000
0.000000	124410.000000
0.000000	124410.000000
0.000000	124410.000000
0.000000	124410.000000
0.000000	124410.000000
0.000000	124410.000000
0.000000	124411.000000
0.000000	124411.000000
0.000000	124411.000000
0.000000	124411.000000
0.000000	124411.000000
0.000000	124411.000000
0.000000	124411.000000
0.000000	124411.000000
0.000000	124411.000000
0.000000	124411.000000
0.000000	124411.000000
0.000000	124411.000000
0.000000	124411.000000
0.000000	124411.000000
0.000000	124411.000000
0.000000	124411.000000
0.000000	124411.000000
0.000000	124412.000000
0.000000	124412.000000
0.000000	124412.000000
0.000000	124412.000000
0.000000	124412.000000
0.000000	124412.000000
0.000000	124412.000000
0.000000	124412.000000
0.000000	124412.000000
0.000000	124412.000000
0.000000	124412.000000
0.000000	124412.000000
0.000000	124412.000000
0.000000	124412.000000
0.000000	124412.000000
0.000000	124412.000000
0.000000	124412.000000
0.000000	124413.000000
0.000000	124413.000000
0.000000	124413.000000
0.000000	124413.000000
0.000000	124413.000000
0.000000	124413.000000
0.000000	124413.000000
0.000000	124413.000000
0.000000	124413.000000
0.000000	124413.000000
0.000000	124413.000000
0.000000	124413.000000
0.000000	124413.000000
0.000000	124413.000000
0.000000	124413.000000
0.000000	124413.000000
0.000000	124413.000000
0.000000	124413.000000
0.000000	124414.000000
0.000000	124414.000000
0.000000	124414.000000
0.000000	124414.000000
0.000000	124414.000000
0.000000	124414.000000
0.000000	124414.000000
0.000000	124414.000000
0.000000	124414.000000
0.000000	124414.000000
0.000000	124414.000000
0.000000	124414.000000
0.000000	124414.000000
0.000000	124414.000000
0.000000	124414.000000
0.000000	124414.000000
0.000000	124414.000000
0.000000	124415.000000
0.000000	124415.000000
0.000000	124415.000000
0.000000	124415.000000
0.000000	124415.000000
0.000000	124415.000000
0.000000	124415.000000
0.000000	124415.000000
0.000000	124415.000000
0.000000	124415.000000
0.000000	124415.000000
0.000000	124415.000000
0.000000	124415.000000
0.000000	124415.000000
0.000000	124415.000000
0.000000	124415.000000
0.000000	124415.000000
0.000000	124416.000000
0.000000	124416.000000
0.000000	124416.000000
0.000000	124416.000000
0.000000	124416.000000
0.000000	124416.000000
0.000000	124416.000000
0.000000	124416.000000
0.000000	124416.000000
0.000000	124416.000000
0.000000	124416.000000
0.000000	124416.000000
0.000000	124416.000000
0.000000	124416.000000
0.000000	124416.000000
0.000000	124416.000000
0.000000	124416.000000
0.000000	124417.000000
0.000000	124417.000000
0.000000	124417.000000
0.000000	124417.000000
0.000000	124417.000000
0.000000	124417.000000
0.000000	124417.000000
0.000000	124417.000000
0.000000	124417.000000
0.000000	124417.000000
0.000000	124417.000000
0.000000	124417.000000
0.000000	124417.000000
0.000000	124417.000000
0.000000	124417.000000
0.000000	124417.000000
0.000000	124417.000000
0.000000	124418.000000
0.000000	124418.000000
0.000000	124418.000000
0.000000	124418.000000
0.000000	124418.000000
0.000000	124418.000000
0.000000	124418.000000
0.000000	124418.000000
0.000000	124418.000000
0.000000	124418.000000
0.000000	124418.000000
0.000000	124418.000000
0.000000	124418.000000
0.000000	124418.000000
0.000000	124418.000000
0.000000	124418.000000
0.000000	124418.000000
0.000000	124419.000000
0.000000	124419.000000
0.000000	124419.000000
0.000000	124419.000000
0.000000	124419.000000
0.000000	124419.000000
0.000000	124419.000000
0.000000	124419.000000
0.000000	124419.000000
0.000000	124419.000000
0.000000	124419.000000
0.000000	124419.000000
0.000000	124419.000000
0.000000	124419.000000
0.000000	124419.000000
0.000000	124419.000000
0.000000	124419.000000
0.000000	124420.000000
0.000000	124420.000000
0.000000	124420.000000
0.000000	124420.000000
0.000000	124420.000000
0.000000	124420.000000
0.000000	124420.000000
0.000000	124420.000000
0.000000	124420.000000
0.000000	124420.000000
0.000000	124420.000000
0.000000	124420.000000
0.000000	124420.000000
0.000000	124420.000000
0.000000	124420.000000
0.000000	124420.000000
0.000000	124420.000000
0.000000	124421.000000
0.000000	124421.000000
0.000000	124421.000000
0.000000	124421.000000
0.000000	124421.000000
0.000000	124421.000000
0.000000	124421.000000
0.000000	124421.000000
0.000000	124421.000000
0.000000	124421.000000
0.000000	124421.000000
0.000000	124421.000000
0.000000	124421.000000
0.000000	124421.000000
0.000000	124421.000000
0.000000	124421.000000
0.000000	124421.000000
0.000000	124422.000000
0.000000	124422.000000
0.000000	124422.000000
0.000000	124422.000000
0.000000	124422.000000
0.000000	124422.000000
0.000000	124422.000000
0.000000	124422.000000
0.000000	124422.000000
0.000000	124422.000000
0.000000	124422.000000
0.000000	124422.000000
0.000000	124422.000000
0.000000	124422.000000
0.000000	124422.000000
0.000000	124422.000000
0.000000	124422.000000
0.000000	124423.000000
0.000000	124423.000000
0.000000	124423.000000
0.000000	124423.000000
0.000000	124423.000000
0.000000	124423.000000
0.000000	124423.000000
0.000000	124423.000000
0.000000	124423.000000
0.000000	124423.000000
0.000000	124423.000000
0.000000	124423.000000
0.000000	124423.000000
0.000000	124423.000000
0.000000	124423.000000
0.000000	124423.000000
0.000000	124423.000000
0.000000	124424.000000
0.000000	124424.000000
0.000000	124424.000000
0.000000	124424.000000
0.000000	124424.000000
0.000000	124424.000000
0.000000	124424.000000
0.000000	124424.000000
0.000000	124424.000000
0.000000	124424.000000
0.000000	124424.000000
0.000000	124424.000000
0.000000	124424.000000
0.000000	124424.000000
0.000000	124424.000000
0.000000	124424.000000
0.000000	124424.000000
0.000000	124425.000000
0.000000	124425.000000
0.000000	124425.000000
0.000000	124425.000000
0.000000	124425.000000
0.000000	124425.000000
0.000000	124425.000000
0.000000	124425.000000
0.000000	124425.000000
0.000000	124425.000000
0.000000	124425.000000
0.000000	124425.000000
0.000000	124425.000000
0.000000	124425.000000
0.000000	124425.000000
0.000000	124425.000000
0.000000	124425.000000
0.000000	124426.000000
0.000000	124426.000000
0.000000	124426.000000
0.000000	124426.000000
0.000000	124426.000000
0.000000	124426.000000
0.000000	124426.000000
0.000000	124426.000000
0.000000	124426.000000
0.000000	124426.000000
0.000000	124426.000000
0.000000	124426.000000
0.000000	124426.000000
0.000000	124426.000000
0.000000	124426.000000
0.000000	124426.000000
0.000000	124426.000000
0.000000	124427.000000
0.000000	124427.000000
0.000000	124427.000000
0.000000	124427.000000
0.000000	124427.000000
0.000000	124427.000000
0.000000	124427.000000
0.000000	124427.000000
0.000000	124427.000000
0.000000	124427.000000
0.000000	124427.000000
0.000000	124427.000000
0.000000	124427.000000
0.000000	124427.000000
0.000000	124427.000000
0.000000	124427.000000
0.000000	124427.000000
0.000000	124428.000000
0.000000	124428.000000
0.000000	124428.000000
0.000000	124428.000000
0.000000	124428.000000
0.000000	124428.000000
0.000000	124428.000000
0.000000	124428.000000
0.000000	124428.000000
0.000000	124428.000000
0.000000	124428.000000
0.000000	124428.000000
0.000000	124428.000000
0.000000	124428.000000
0.000000	124428.000000
0.000000	124428.000000
0.000000	124428.000000
0.000000	124428.000000
0.000000	124429.000000
0.000000	124429.000000
0.000000	124429.000000
0.000000	124429.000000
0.000000	124429.000000
0.000000	124429.000000
0.000000	124429.000000
0.000000	124429.000000
0.000000	124429.000000
0.000000	124429.000000
0.000000	124429.000000
0.000000	124429.000000
0.000000	124429.000000
0.000000	124429.000000
0.000000	124429.000000
0.000000	124429.000000
0.000000	124429.000000
0.000000	124430.000000
0.000000	124430.000000
0.000000	124430.000000
0.000000	124430.000000
0.000000	124430.000000
0.000000	124430.000000
0.000000	124430.000000
0.000000	124430.000000
0.000000	124430.000000
0.000000	124430.000000
0.000000	124430.000000
0.000000	124430.000000
0.000000	124430.000000
0.000000	124430.000000
0.000000	124430.000000
0.000000	124430.000000
0.000000	124430.000000
0.000000	124431.000000
0.000000	124431.000000
0.000000	124431.000000
0.000000	124431.000000
0.000000	124431.000000
0.000000	124431.000000
0.000000	124431.000000
0.000000	124431.000000
0.000000	124431.000000
0.000000	124431.000000
0.000000	124431.000000
0.000000	124431.000000
0.000000	124431.000000
0.000000	124431.000000
0.000000	124431.000000
0.000000	124431.000000
0.000000	124431.000000
0.000000	124432.000000
0.000000	124432.000000
0.000000	124432.000000
0.000000	124432.000000
0.000000	124432.000000
0.000000	124432.000000
0.000000	124432.000000
0.000000	124432.000000
0.000000	124432.000000
0.000000	124432.000000
0.000000	124432.000000
0.000000	124432.000000
0.000000	124432.000000
0.000000	124432.000000
0.000000	124432.000000
0.000000	124432.000000
0.000000	124432.000000
0.000000	124433.000000
0.000000	124433.000000
0.000000	124433.000000
0.000000	124433.000000
0.000000	124433.000000
0.000000	124433.000000
0.000000	124433.000000
0.000000	124433.000000
0.000000	124433.000000
0.000000	124433.000000
0.000000	124433.000000
0.000000	124433.000000
0.000000	124433.000000
0.000000	124433.000000
0.000000	124433.000000
0.000000	124433.000000
0.000000	124433.000000
0.000000	124434.000000
0.000000	124434.000000
0.000000	124434.000000
0.000000	124434.000000
0.000000	124434.000000
0.000000	124434.000000
0.000000	124434.000000
0.000000	124434.000000
0.000000	124434.000000
0.000000	124434.000000
0.000000	124434.000000
0.000000	124434.000000
0.000000	124434.000000
0.000000	124434.000000
0.000000	124434.000000
0.000000	124434.000000
0.000000	124434.000000
0.000000	124435.000000
0.000000	124435.000000
0.000000	124435.000000
0.000000	124435.000000
0.000000	124435.000000
0.000000	124435.000000
0.000000	124435.000000
0.000000	124435.000000
0.000000	124435.000000
0.000000	124435.000000
0.000000	124435.000000
0.000000	124435.000000
0.000000	124435.000000
0.000000	124435.000000
0.000000	124435.000000
0.000000	124435.000000
0.000000	124435.000000
0.000000	124436.000000
0.000000	124436.000000
0.000000	124436.000000
0.000000	124436.000000
0.000000	124436.000000
0.000000	124436.000000
0.000000	124436.000000
0.000000	124436.000000
0.000000	124436.000000
0.000000	124436.000000
0.000000	124436.000000
0.000000	124436.000000
0.000000	124436.000000
0.000000	124436.000000
0.000000	124436.000000
0.000000	124436.000000
0.000000	124436.000000
0.000000	124437.000000
0.000000	124437.000000
0.000000	124437.000000
0.000000	124437.000000
0.000000	124437.000000
0.000000	124437.000000
0.000000	124437.000000
0.000000	124437.000000
0.000000	124437.000000
0.000000	124437.000000
0.000000	124437.000000
0.000000	124437.000000
0.000000	124437.000000
0.000000	124437.000000
0.000000	124437.000000
0.000000	124437.000000
0.000000	124437.000000
0.000000	124438.000000
0.000000	124438.000000
0.000000	124438.000000
0.000000	124438.000000
0.000000	124438.000000
0.000000	124438.000000
0.000000	124438.000000
0.000000	124438.000000
0.000000	124438.000000
0.000000	124438.000000
0.000000	124438.000000
0.000000	124438.000000
0.000000	124438.000000
0.000000	124438.000000
0.000000	124438.000000
0.000000	124438.000000
0.000000	124438.000000
0.000000	124439.000000
0.000000	124439.000000
0.000000	124439.000000
0.000000	124439.000000
0.000000	124439.000000
0.000000	124439.000000
0.000000	124439.000000
0.000000	124439.000000
0.000000	124439.000000
0.000000	124439.000000
0.000000	124439.000000
0.000000	124439.000000
0.000000	124439.000000
0.000000	124439.000000
0.000000	124439.000000
0.000000	124439.000000
0.000000	124439.000000
0.000000	124440.000000
0.000000	124440.000000
0.000000	124440.000000
0.000000	124440.000000
0.000000	124440.000000
0.000000	124440.000000
0.000000	124440.000000
0.000000	124440.000000
0.000000	124440.000000
0.000000	124440.000000
0.000000	124440.000000
0.000000	124440.000000
0.000000	124440.000000
0.000000	124440.000000
0.000000	124440.000000
0.000000	124440.000000
0.000000	124440.000000
0.000000	124441.000000
0.000000	124441.000000
0.000000	124441.000000
0.000000	124441.000000
0.000000	124441.000000
0.000000	124441.000000
0.000000	124441.000000
0.000000	124441.000000
0.000000	124441.000000
0.000000	124441.000000
0.000000	124441.000000
0.000000	124441.000000
0.000000	124441.000000
0.000000	124441.000000
0.000000	124441.000000
0.000000	124441.000000
0.000000	124441.000000
0.000000	124442.000000
0.000000	124442.000000
0.000000	124442.000000
0.000000	124442.000000
0.000000	124442.000000
0.000000	124442.000000
0.000000	124442.000000
0.000000	124442.000000
0.000000	124442.000000
0.000000	124442.000000
0.000000	124442.000000
0.000000	124442.000000
0.000000	124442.000000
0.000000	124442.000000
0.000000	124442.000000
0.000000	124442.000000
0.000000	124442.000000
0.000000	124443.000000
0.000000	124443.000000
0.000000	124443.000000
0.000000	124443.000000
0.000000	124443.000000
0.000000	124443.000000
0.000000	124443.000000
0.000000	124443.000000
0.000000	124443.000000
0.000000	124443.000000
0.000000	124443.000000
0.000000	124443.000000
0.000000	124443.000000
0.000000	124443.000000
0.000000	124443.000000
0.000000	124443.000000
0.000000	124443.000000
0.000000	124443.000000
0.000000	124444.000000
0.000000	124444.000000
0.000000	124444.000000
0.000000	124444.000000
0.000000	124444.000000
0.000000	124444.000000
0.000000	124444.000000
0.000000	124444.000000
0.000000	124444.000000
0.000000	124444.000000
0.000000	124444.000000
0.000000	124444.000000
0.000000	124444.000000
0.000000	124444.000000
0.000000	124444.000000
0.000000	124444.000000
0.000000	124444.000000
0.000000	124445.000000
0.000000	124445.000000
0.000000	124445.000000
0.000000	124445.000000
0.000000	124445.000000
0.000000	124445.000000
0.000000	124445.000000
0.000000	124445.000000
0.000000	124445.000000
0.000000	124445.000000
0.000000	124445.000000
0.000000	124445.000000
0.000000	124445.000000
0.000000	124445.000000
0.000000	124445.000000
0.000000	124445.000000
0.000000	124445.000000
0.000000	124446.000000
0.000000	124446.000000
0.000000	124446.000000
0.000000	124446.000000
0.000000	124446.000000
0.000000	124446.000000
0.000000	124446.000000
0.000000	124446.000000
0.000000	124446.000000
0.000000	124446.000000
0.000000	124446.000000
0.000000	124446.000000
0.000000	124446.000000
0.000000	124446.000000
0.000000	124446.000000
0.000000	124446.000000
0.000000	124446.000000
0.000000	124447.000000
0.000000	124447.000000
0.000000	124447.000000
0.000000	124447.000000
0.000000	124447.000000
0.000000	124447.000000
0.000000	124447.000000
0.000000	124447.000000
0.000000	124447.000000
0.000000	124447.000000
0.000000	124447.000000
0.000000	124447.000000
0.000000	124447.000000
0.000000	124447.000000
0.000000	124447.000000
0.000000	124447.000000
0.000000	124447.000000
0.000000	124448.000000
0.000000	124448.000000
0.000000	124448.000000
0.000000	124448.000000
0.000000	124448.000000
0.000000	124448.000000
0.000000	124448.000000
