0.000000	121236.000000
0.000000	121236.000000
0.000000	121236.000000
0.000000	121236.000000
0.000000	121236.000000
0.000000	121236.000000
0.000000	121236.000000
0.000000	121236.000000
0.000000	121236.000000
0.000000	121237.000000
0.000000	121237.000000
0.000000	121237.000000
0.000000	121237.000000
0.000000	121237.000000
0.000000	121237.000000
0.000000	121237.000000
0.000000	121237.000000
0.000000	121237.000000
0.000000	121237.000000
0.000000	121237.000000
0.000000	121237.000000
0.000000	121237.000000
0.000000	121237.000000
0.000000	121237.000000
0.000000	121237.000000
0.000000	121237.000000
0.000000	121238.000000
0.000000	121238.000000
0.000000	121238.000000
0.000000	121238.000000
0.000000	121238.000000
0.000000	121238.000000
0.000000	121238.000000
0.000000	121238.000000
0.000000	121238.000000
0.000000	121238.000000
0.000000	121238.000000
0.000000	121238.000000
0.000000	121238.000000
0.000000	121238.000000
0.000000	121238.000000
0.000000	121238.000000
0.000000	121238.000000
0.000000	121239.000000
0.000000	121239.000000
0.000000	121239.000000
0.000000	121239.000000
0.000000	121239.000000
0.000000	121239.000000
0.000000	121239.000000
0.000000	121239.000000
0.000000	121239.000000
0.000000	121239.000000
0.000000	121239.000000
0.000000	121239.000000
0.000000	121239.000000
0.000000	121239.000000
0.000000	121239.000000
0.000000	121239.000000
0.000000	121239.000000
0.000000	121240.000000
0.000000	121240.000000
0.000000	121240.000000
0.000000	121240.000000
0.000000	121240.000000
0.000000	121240.000000
0.000000	121240.000000
0.000000	121240.000000
0.000000	121240.000000
0.000000	121240.000000
0.000000	121240.000000
0.000000	121240.000000
0.000000	121240.000000
0.000000	121240.000000
0.000000	121240.000000
0.000000	121240.000000
0.000000	121240.000000
0.000000	121241.000000
0.000000	121241.000000
0.000000	121241.000000
0.000000	121241.000000
0.000000	121241.000000
0.000000	121241.000000
0.000000	121241.000000
0.000000	121241.000000
0.000000	121241.000000
0.000000	121241.000000
0.000000	121241.000000
0.000000	121241.000000
0.000000	121241.000000
0.000000	121241.000000
0.000000	121241.000000
0.000000	121241.000000
0.000000	121241.000000
0.000000	121242.000000
0.000000	121242.000000
0.000000	121242.000000
0.000000	121242.000000
0.000000	121242.000000
0.000000	121242.000000
0.000000	121242.000000
0.000000	121242.000000
0.000000	121242.000000
0.000000	121242.000000
0.000000	121242.000000
0.000000	121242.000000
0.000000	121242.000000
0.000000	121242.000000
0.000000	121242.000000
0.000000	121242.000000
0.000000	121242.000000
0.000000	121243.000000
0.000000	121243.000000
0.000000	121243.000000
0.000000	121243.000000
0.000000	121243.000000
0.000000	121243.000000
0.000000	121243.000000
0.000000	121243.000000
0.000000	121243.000000
0.000000	121243.000000
0.000000	121243.000000
0.000000	121243.000000
0.000000	121243.000000
0.000000	121243.000000
0.000000	121243.000000
0.000000	121243.000000
0.000000	121243.000000
0.000000	121243.000000
0.000000	121244.000000
0.000000	121244.000000
0.000000	121244.000000
0.000000	121244.000000
0.000000	121244.000000
0.000000	121244.000000
0.000000	121244.000000
0.000000	121244.000000
0.000000	121244.000000
0.000000	121244.000000
0.000000	121244.000000
0.000000	121244.000000
0.000000	121244.000000
0.000000	121244.000000
0.000000	121244.000000
0.000000	121244.000000
0.000000	121245.000000
0.000000	121245.000000
0.000000	121245.000000
0.000000	121245.000000
0.000000	121245.000000
0.000000	121245.000000
0.000000	121245.000000
0.000000	121245.000000
0.000000	121245.000000
0.000000	121245.000000
0.000000	121245.000000
0.000000	121245.000000
0.000000	121245.000000
0.000000	121245.000000
0.000000	121245.000000
0.000000	121245.000000
0.000000	121245.000000
0.000000	121245.000000
0.000000	121246.000000
0.000000	121246.000000
0.000000	121246.000000
0.000000	121246.000000
0.000000	121246.000000
0.000000	121246.000000
0.000000	121246.000000
0.000000	121246.000000
0.000000	121246.000000
0.000000	121246.000000
0.000000	121246.000000
0.000000	121246.000000
0.000000	121246.000000
0.000000	121246.000000
0.000000	121246.000000
0.000000	121246.000000
0.000000	121246.000000
0.000000	121247.000000
0.000000	121247.000000
0.000000	121247.000000
0.000000	121247.000000
0.000000	121247.000000
0.000000	121247.000000
0.000000	121247.000000
0.000000	121247.000000
0.000000	121247.000000
0.000000	121247.000000
0.000000	121247.000000
0.000000	121247.000000
0.000000	121247.000000
0.000000	121247.000000
0.000000	121247.000000
0.000000	121247.000000
0.000000	121247.000000
0.000000	121248.000000
0.000000	121248.000000
0.000000	121248.000000
0.000000	121248.000000
0.000000	121248.000000
0.000000	121248.000000
0.000000	121248.000000
0.000000	121248.000000
0.000000	121248.000000
0.000000	121248.000000
0.000000	121248.000000
0.000000	121248.000000
0.000000	121248.000000
0.000000	121248.000000
0.000000	121248.000000
0.000000	121248.000000
0.000000	121248.000000
0.000000	121249.000000
0.000000	121249.000000
0.000000	121249.000000
0.000000	121249.000000
0.000000	121249.000000
0.000000	121249.000000
0.000000	121249.000000
0.000000	121249.000000
0.000000	121249.000000
0.000000	121249.000000
0.000000	121249.000000
0.000000	121249.000000
0.000000	121249.000000
0.000000	121249.000000
0.000000	121249.000000
0.000000	121249.000000
0.000000	121249.000000
0.000000	121250.000000
0.000000	121250.000000
0.000000	121250.000000
0.000000	121250.000000
0.000000	121250.000000
0.000000	121250.000000
0.000000	121250.000000
0.000000	121250.000000
0.000000	121250.000000
0.000000	121250.000000
0.000000	121250.000000
0.000000	121250.000000
0.000000	121250.000000
0.000000	121250.000000
0.000000	121250.000000
0.000000	121250.000000
0.000000	121250.000000
0.000000	121251.000000
0.000000	121251.000000
0.000000	121251.000000
0.000000	121251.000000
0.000000	121251.000000
0.000000	121251.000000
0.000000	121251.000000
0.000000	121251.000000
0.000000	121251.000000
0.000000	121251.000000
0.000000	121251.000000
0.000000	121251.000000
0.000000	121251.000000
0.000000	121251.000000
0.000000	121251.000000
0.000000	121251.000000
0.000000	121251.000000
0.000000	121252.000000
0.000000	121252.000000
0.000000	121252.000000
0.000000	121252.000000
0.000000	121252.000000
0.000000	121252.000000
0.000000	121252.000000
0.000000	121252.000000
0.000000	121252.000000
0.000000	121252.000000
0.000000	121252.000000
0.000000	121252.000000
0.000000	121252.000000
0.000000	121252.000000
0.000000	121252.000000
0.000000	121252.000000
0.000000	121252.000000
0.000000	121253.000000
0.000000	121253.000000
0.000000	121253.000000
0.000000	121253.000000
0.000000	121253.000000
0.000000	121253.000000
0.000000	121253.000000
0.000000	121253.000000
0.000000	121253.000000
0.000000	121253.000000
0.000000	121253.000000
0.000000	121253.000000
0.000000	121253.000000
0.000000	121253.000000
0.000000	121253.000000
0.000000	121253.000000
0.000000	121253.000000
0.000000	121254.000000
0.000000	121254.000000
0.000000	121254.000000
0.000000	121254.000000
0.000000	121254.000000
0.000000	121254.000000
0.000000	121254.000000
0.000000	121254.000000
0.000000	121254.000000
0.000000	121254.000000
0.000000	121254.000000
0.000000	121254.000000
0.000000	121254.000000
0.000000	121254.000000
0.000000	121254.000000
0.000000	121254.000000
0.000000	121254.000000
0.000000	121255.000000
0.000000	121255.000000
0.000000	121255.000000
0.000000	121255.000000
0.000000	121255.000000
0.000000	121255.000000
0.000000	121255.000000
0.000000	121255.000000
0.000000	121255.000000
0.000000	121255.000000
0.000000	121255.000000
0.000000	121255.000000
0.000000	121255.000000
0.000000	121255.000000
0.000000	121255.000000
0.000000	121255.000000
0.000000	121255.000000
0.000000	121256.000000
0.000000	121256.000000
0.000000	121256.000000
0.000000	121256.000000
0.000000	121256.000000
0.000000	121256.000000
0.000000	121256.000000
0.000000	121256.000000
0.000000	121256.000000
0.000000	121256.000000
0.000000	121256.000000
0.000000	121256.000000
0.000000	121256.000000
0.000000	121256.000000
0.000000	121256.000000
0.000000	121256.000000
0.000000	121256.000000
0.000000	121257.000000
0.000000	121257.000000
0.000000	121257.000000
0.000000	121257.000000
0.000000	121257.000000
0.000000	121257.000000
0.000000	121257.000000
0.000000	121257.000000
0.000000	121257.000000
0.000000	121257.000000
0.000000	121257.000000
0.000000	121257.000000
0.000000	121257.000000
0.000000	121257.000000
0.000000	121257.000000
0.000000	121257.000000
0.000000	121257.000000
0.000000	121258.000000
0.000000	121258.000000
0.000000	121258.000000
0.000000	121258.000000
0.000000	121258.000000
0.000000	121258.000000
0.000000	121258.000000
0.000000	121258.000000
0.000000	121258.000000
0.000000	121258.000000
0.000000	121258.000000
0.000000	121258.000000
0.000000	121258.000000
0.000000	121258.000000
0.000000	121258.000000
0.000000	121258.000000
0.000000	121258.000000
0.000000	121258.000000
0.000000	121259.000000
0.000000	121259.000000
0.000000	121259.000000
0.000000	121259.000000
0.000000	121259.000000
0.000000	121259.000000
0.000000	121259.000000
0.000000	121259.000000
0.000000	121259.000000
0.000000	121259.000000
0.000000	121259.000000
0.000000	121259.000000
0.000000	121259.000000
0.000000	121259.000000
0.000000	121259.000000
0.000000	121259.000000
0.000000	121259.000000
0.000000	121300.000000
0.000000	121300.000000
0.000000	121300.000000
0.000000	121300.000000
0.000000	121300.000000
0.000000	121300.000000
0.000000	121300.000000
0.000000	121300.000000
0.000000	121300.000000
0.000000	121300.000000
0.000000	121300.000000
0.000000	121300.000000
0.000000	121300.000000
0.000000	121300.000000
0.000000	121300.000000
0.000000	121300.000000
0.000000	121300.000000
0.000000	121301.000000
0.000000	121301.000000
0.000000	121301.000000
0.000000	121301.000000
0.000000	121301.000000
0.000000	121301.000000
0.000000	121301.000000
0.000000	121301.000000
0.000000	121301.000000
0.000000	121301.000000
0.000000	121301.000000
0.000000	121301.000000
0.000000	121301.000000
0.000000	121301.000000
0.000000	121301.000000
0.000000	121301.000000
0.000000	121301.000000
0.000000	121302.000000
0.000000	121302.000000
0.000000	121302.000000
0.000000	121302.000000
0.000000	121302.000000
0.000000	121302.000000
0.000000	121302.000000
0.000000	121302.000000
0.000000	121302.000000
0.000000	121302.000000
0.000000	121302.000000
0.000000	121302.000000
0.000000	121302.000000
0.000000	121302.000000
0.000000	121302.000000
0.000000	121302.000000
0.000000	121302.000000
0.000000	121303.000000
0.000000	121303.000000
0.000000	121303.000000
0.000000	121303.000000
0.000000	121303.000000
0.000000	121303.000000
0.000000	121303.000000
0.000000	121303.000000
0.000000	121303.000000
0.000000	121303.000000
0.000000	121303.000000
0.000000	121303.000000
0.000000	121303.000000
0.000000	121303.000000
0.000000	121303.000000
0.000000	121303.000000
0.000000	121303.000000
0.000000	121304.000000
0.000000	121304.000000
0.000000	121304.000000
0.000000	121304.000000
0.000000	121304.000000
0.000000	121304.000000
0.000000	121304.000000
0.000000	121304.000000
0.000000	121304.000000
0.000000	121304.000000
0.000000	121304.000000
0.000000	121304.000000
0.000000	121304.000000
0.000000	121304.000000
0.000000	121304.000000
0.000000	121304.000000
0.000000	121304.000000
0.000000	121305.000000
0.000000	121305.000000
0.000000	121305.000000
0.000000	121305.000000
0.000000	121305.000000
0.000000	121305.000000
0.000000	121305.000000
0.000000	121305.000000
0.000000	121305.000000
0.000000	121305.000000
0.000000	121305.000000
0.000000	121305.000000
0.000000	121305.000000
0.000000	121305.000000
0.000000	121305.000000
0.000000	121305.000000
0.000000	121305.000000
0.000000	121306.000000
0.000000	121306.000000
0.000000	121306.000000
0.000000	121306.000000
0.000000	121306.000000
0.000000	121306.000000
0.000000	121306.000000
0.000000	121306.000000
0.000000	121306.000000
0.000000	121306.000000
0.000000	121306.000000
0.000000	121306.000000
0.000000	121306.000000
0.000000	121306.000000
0.000000	121306.000000
0.000000	121306.000000
0.000000	121306.000000
0.000000	121307.000000
0.000000	121307.000000
0.000000	121307.000000
0.000000	121307.000000
0.000000	121307.000000
0.000000	121307.000000
0.000000	121307.000000
0.000000	121307.000000
0.000000	121307.000000
0.000000	121307.000000
0.000000	121307.000000
0.000000	121307.000000
0.000000	121307.000000
0.000000	121307.000000
0.000000	121307.000000
0.000000	121307.000000
0.000000	121307.000000
0.000000	121308.000000
0.000000	121308.000000
0.000000	121308.000000
0.000000	121308.000000
0.000000	121308.000000
0.000000	121308.000000
0.000000	121308.000000
0.000000	121308.000000
0.000000	121308.000000
0.000000	121308.000000
0.000000	121308.000000
0.000000	121308.000000
0.000000	121308.000000
0.000000	121308.000000
0.000000	121308.000000
0.000000	121308.000000
0.000000	121308.000000
0.000000	121309.000000
0.000000	121309.000000
0.000000	121309.000000
0.000000	121309.000000
0.000000	121309.000000
0.000000	121309.000000
0.000000	121309.000000
0.000000	121309.000000
0.000000	121309.000000
0.000000	121309.000000
0.000000	121309.000000
0.000000	121309.000000
0.000000	121309.000000
0.000000	121309.000000
0.000000	121309.000000
0.000000	121309.000000
0.000000	121309.000000
0.000000	121310.000000
0.000000	121310.000000
0.000000	121310.000000
0.000000	121310.000000
0.000000	121310.000000
0.000000	121310.000000
0.000000	121310.000000
0.000000	121310.000000
0.000000	121310.000000
0.000000	121310.000000
0.000000	121310.000000
0.000000	121310.000000
0.000000	121310.000000
0.000000	121310.000000
0.000000	121310.000000
0.000000	121310.000000
0.000000	121310.000000
0.000000	121311.000000
0.000000	121311.000000
0.000000	121311.000000
0.000000	121311.000000
0.000000	121311.000000
0.000000	121311.000000
0.000000	121311.000000
0.000000	121311.000000
0.000000	121311.000000
0.000000	121311.000000
0.000000	121311.000000
0.000000	121311.000000
0.000000	121311.000000
0.000000	121311.000000
0.000000	121311.000000
0.000000	121311.000000
0.000000	121311.000000
0.000000	121312.000000
0.000000	121312.000000
0.000000	121312.000000
0.000000	121312.000000
0.000000	121312.000000
0.000000	121312.000000
0.000000	121312.000000
0.000000	121312.000000
0.000000	121312.000000
0.000000	121312.000000
0.000000	121312.000000
0.000000	121312.000000
0.000000	121312.000000
0.000000	121312.000000
0.000000	121312.000000
0.000000	121312.000000
0.000000	121312.000000
0.000000	121313.000000
0.000000	121313.000000
0.000000	121313.000000
0.000000	121313.000000
0.000000	121313.000000
0.000000	121313.000000
0.000000	121313.000000
0.000000	121313.000000
0.000000	121313.000000
0.000000	121313.000000
0.000000	121313.000000
0.000000	121313.000000
0.000000	121313.000000
0.000000	121313.000000
0.000000	121313.000000
0.000000	121313.000000
0.000000	121313.000000
0.000000	121313.000000
0.000000	121314.000000
0.000000	121314.000000
0.000000	121314.000000
0.000000	121314.000000
0.000000	121314.000000
0.000000	121314.000000
0.000000	121314.000000
0.000000	121314.000000
0.000000	121314.000000
0.000000	121314.000000
0.000000	121314.000000
0.000000	121314.000000
0.000000	121314.000000
0.000000	121314.000000
0.000000	121314.000000
0.000000	121314.000000
0.000000	121314.000000
0.000000	121315.000000
0.000000	121315.000000
0.000000	121315.000000
0.000000	121315.000000
0.000000	121315.000000
0.000000	121315.000000
0.000000	121315.000000
0.000000	121315.000000
0.000000	121315.000000
0.000000	121315.000000
0.000000	121315.000000
0.000000	121315.000000
0.000000	121315.000000
0.000000	121315.000000
0.000000	121315.000000
0.000000	121316.000000
0.000000	121316.000000
0.000000	121316.000000
0.000000	121316.000000
0.000000	121316.000000
0.000000	121316.000000
0.000000	121316.000000
0.000000	121316.000000
0.000000	121316.000000
0.000000	121316.000000
0.000000	121316.000000
0.000000	121316.000000
0.000000	121316.000000
0.000000	121316.000000
0.000000	121316.000000
0.000000	121316.000000
0.000000	121316.000000
0.000000	121316.000000
0.000000	121316.000000
0.000000	121317.000000
0.000000	121317.000000
0.000000	121317.000000
0.000000	121317.000000
0.000000	121317.000000
0.000000	121317.000000
0.000000	121317.000000
0.000000	121317.000000
0.000000	121317.000000
0.000000	121317.000000
0.000000	121317.000000
0.000000	121317.000000
0.000000	121317.000000
0.000000	121317.000000
0.000000	121317.000000
0.000000	121317.000000
0.000000	121317.000000
0.000000	121318.000000
0.000000	121318.000000
0.000000	121318.000000
0.000000	121318.000000
0.000000	121318.000000
0.000000	121318.000000
0.000000	121318.000000
0.000000	121318.000000
0.000000	121318.000000
0.000000	121318.000000
0.000000	121318.000000
0.000000	121318.000000
0.000000	121318.000000
0.000000	121318.000000
0.000000	121318.000000
0.000000	121318.000000
0.000000	121318.000000
0.000000	121319.000000
0.000000	121319.000000
0.000000	121319.000000
0.000000	121319.000000
0.000000	121319.000000
0.000000	121319.000000
0.000000	121319.000000
0.000000	121319.000000
0.000000	121319.000000
0.000000	121319.000000
0.000000	121319.000000
0.000000	121319.000000
0.000000	121319.000000
0.000000	121319.000000
0.000000	121319.000000
0.000000	121319.000000
0.000000	121319.000000
0.000000	121320.000000
0.000000	121320.000000
0.000000	121320.000000
0.000000	121320.000000
0.000000	121320.000000
0.000000	121320.000000
0.000000	121320.000000
0.000000	121320.000000
0.000000	121320.000000
0.000000	121320.000000
0.000000	121320.000000
0.000000	121320.000000
0.000000	121320.000000
0.000000	121320.000000
0.000000	121320.000000
0.000000	121320.000000
0.000000	121320.000000
0.000000	121321.000000
0.000000	121321.000000
0.000000	121321.000000
0.000000	121321.000000
0.000000	121321.000000
0.000000	121321.000000
0.000000	121321.000000
0.000000	121321.000000
0.000000	121321.000000
0.000000	121321.000000
0.000000	121321.000000
0.000000	121321.000000
0.000000	121321.000000
0.000000	121321.000000
0.000000	121321.000000
0.000000	121321.000000
0.000000	121321.000000
0.000000	121322.000000
0.000000	121322.000000
0.000000	121322.000000
0.000000	121322.000000
0.000000	121322.000000
0.000000	121322.000000
0.000000	121322.000000
0.000000	121322.000000
0.000000	121322.000000
0.000000	121322.000000
0.000000	121322.000000
0.000000	121322.000000
0.000000	121322.000000
0.000000	121322.000000
0.000000	121322.000000
0.000000	121322.000000
0.000000	121322.000000
0.000000	121323.000000
0.000000	121323.000000
0.000000	121323.000000
0.000000	121323.000000
0.000000	121323.000000
0.000000	121323.000000
0.000000	121323.000000
0.000000	121323.000000
0.000000	121323.000000
0.000000	121323.000000
0.000000	121323.000000
0.000000	121323.000000
0.000000	121323.000000
0.000000	121323.000000
0.000000	121323.000000
0.000000	121323.000000
0.000000	121323.000000
0.000000	121324.000000
0.000000	121324.000000
0.000000	121324.000000
0.000000	121324.000000
0.000000	121324.000000
0.000000	121324.000000
0.000000	121324.000000
0.000000	121324.000000
0.000000	121324.000000
0.000000	121324.000000
0.000000	121324.000000
0.000000	121324.000000
0.000000	121324.000000
0.000000	121324.000000
0.000000	121324.000000
0.000000	121324.000000
0.000000	121324.000000
0.000000	121325.000000
0.000000	121325.000000
0.000000	121325.000000
0.000000	121325.000000
0.000000	121325.000000
0.000000	121325.000000
0.000000	121325.000000
0.000000	121325.000000
0.000000	121325.000000
0.000000	121325.000000
0.000000	121325.000000
0.000000	121325.000000
0.000000	121325.000000
0.000000	121325.000000
0.000000	121325.000000
0.000000	121325.000000
0.000000	121325.000000
0.000000	121326.000000
0.000000	121326.000000
0.000000	121326.000000
0.000000	121326.000000
0.000000	121326.000000
0.000000	121326.000000
0.000000	121326.000000
0.000000	121326.000000
0.000000	121326.000000
0.000000	121326.000000
0.000000	121326.000000
0.000000	121326.000000
0.000000	121326.000000
0.000000	121326.000000
0.000000	121326.000000
0.000000	121326.000000
0.000000	121326.000000
0.000000	121327.000000
0.000000	121327.000000
0.000000	121327.000000
0.000000	121327.000000
0.000000	121327.000000
0.000000	121327.000000
0.000000	121327.000000
0.000000	121327.000000
0.000000	121327.000000
0.000000	121327.000000
0.000000	121327.000000
0.000000	121327.000000
0.000000	121327.000000
0.000000	121327.000000
0.000000	121327.000000
0.000000	121327.000000
0.000000	121327.000000
0.000000	121328.000000
0.000000	121328.000000
0.000000	121328.000000
0.000000	121328.000000
0.000000	121328.000000
0.000000	121328.000000
0.000000	121328.000000
0.000000	121328.000000
0.000000	121328.000000
0.000000	121328.000000
0.000000	121328.000000
0.000000	121328.000000
0.000000	121328.000000
0.000000	121328.000000
0.000000	121328.000000
0.000000	121328.000000
0.000000	121328.000000
0.000000	121328.000000
0.000000	121329.000000
0.000000	121329.000000
0.000000	121329.000000
0.000000	121329.000000
0.000000	121329.000000
0.000000	121329.000000
0.000000	121329.000000
0.000000	121329.000000
0.000000	121329.000000
0.000000	121329.000000
0.000000	121329.000000
0.000000	121329.000000
0.000000	121329.000000
0.000000	121329.000000
0.000000	121329.000000
0.000000	121329.000000
0.000000	121329.000000
0.000000	121330.000000
0.000000	121330.000000
0.000000	121330.000000
0.000000	121330.000000
0.000000	121330.000000
0.000000	121330.000000
0.000000	121330.000000
0.000000	121330.000000
0.000000	121330.000000
0.000000	121330.000000
0.000000	121330.000000
0.000000	121330.000000
0.000000	121330.000000
0.000000	121330.000000
0.000000	121330.000000
0.000000	121330.000000
0.000000	121330.000000
0.000000	121331.000000
0.000000	121331.000000
0.000000	121331.000000
0.000000	121331.000000
0.000000	121331.000000
0.000000	121331.000000
0.000000	121331.000000
0.000000	121331.000000
0.000000	121331.000000
0.000000	121331.000000
0.000000	121331.000000
0.000000	121331.000000
0.000000	121331.000000
0.000000	121331.000000
0.000000	121331.000000
0.000000	121331.000000
0.000000	121331.000000
0.000000	121332.000000
0.000000	121332.000000
0.000000	121332.000000
0.000000	121332.000000
0.000000	121332.000000
0.000000	121332.000000
0.000000	121332.000000
0.000000	121332.000000
0.000000	121332.000000
0.000000	121332.000000
0.000000	121332.000000
0.000000	121332.000000
0.000000	121332.000000
0.000000	121332.000000
0.000000	121332.000000
0.000000	121332.000000
0.000000	121332.000000
0.000000	121333.000000
0.000000	121333.000000
0.000000	121333.000000
0.000000	121333.000000
0.000000	121333.000000
0.000000	121333.000000
0.000000	121333.000000
0.000000	121333.000000
0.000000	121333.000000
0.000000	121333.000000
0.000000	121333.000000
0.000000	121333.000000
0.000000	121333.000000
0.000000	121333.000000
0.000000	121333.000000
0.000000	121333.000000
0.000000	121333.000000
0.000000	121334.000000
0.000000	121334.000000
0.000000	121334.000000
0.000000	121334.000000
0.000000	121334.000000
0.000000	121334.000000
0.000000	121334.000000
0.000000	121334.000000
0.000000	121334.000000
0.000000	121334.000000
0.000000	121334.000000
0.000000	121334.000000
0.000000	121334.000000
0.000000	121334.000000
0.000000	121334.000000
0.000000	121334.000000
0.000000	121334.000000
0.000000	121335.000000
0.000000	121335.000000
0.000000	121335.000000
0.000000	121335.000000
0.000000	121335.000000
0.000000	121335.000000
0.000000	121335.000000
0.000000	121335.000000
0.000000	121335.000000
0.000000	121335.000000
0.000000	121335.000000
0.000000	121335.000000
0.000000	121335.000000
0.000000	121335.000000
0.000000	121335.000000
0.000000	121335.000000
0.000000	121335.000000
0.000000	121336.000000
0.000000	121336.000000
0.000000	121336.000000
0.000000	121336.000000
0.000000	121336.000000
0.000000	121336.000000
0.000000	121336.000000
0.000000	121336.000000
0.000000	121336.000000
0.000000	121336.000000
0.000000	121336.000000
0.000000	121336.000000
0.000000	121336.000000
0.000000	121336.000000
0.000000	121336.000000
0.000000	121336.000000
0.000000	121336.000000
0.000000	121337.000000
0.000000	121337.000000
0.000000	121337.000000
0.000000	121337.000000
0.000000	121337.000000
0.000000	121337.000000
0.000000	121337.000000
0.000000	121337.000000
0.000000	121337.000000
0.000000	121337.000000
0.000000	121337.000000
0.000000	121337.000000
0.000000	121337.000000
0.000000	121337.000000
0.000000	121337.000000
0.000000	121337.000000
0.000000	121337.000000
0.000000	121338.000000
0.000000	121338.000000
0.000000	121338.000000
0.000000	121338.000000
0.000000	121338.000000
0.000000	121338.000000
0.000000	121338.000000
0.000000	121338.000000
0.000000	121338.000000
0.000000	121338.000000
0.000000	121338.000000
0.000000	121338.000000
0.000000	121338.000000
0.000000	121338.000000
0.000000	121338.000000
0.000000	121338.000000
0.000000	121338.000000
0.000000	121339.000000
0.000000	121339.000000
0.000000	121339.000000
0.000000	121339.000000
0.000000	121339.000000
0.000000	121339.000000
0.000000	121339.000000
0.000000	121339.000000
0.000000	121339.000000
0.000000	121339.000000
0.000000	121339.000000
0.000000	121339.000000
0.000000	121339.000000
0.000000	121339.000000
0.000000	121339.000000
0.000000	121339.000000
0.000000	121339.000000
0.000000	121340.000000
0.000000	121340.000000
0.000000	121340.000000
0.000000	121340.000000
0.000000	121340.000000
0.000000	121340.000000
0.000000	121340.000000
0.000000	121340.000000
0.000000	121340.000000
0.000000	121340.000000
0.000000	121340.000000
0.000000	121340.000000
0.000000	121340.000000
0.000000	121340.000000
0.000000	121340.000000
0.000000	121340.000000
0.000000	121340.000000
0.000000	121341.000000
0.000000	121341.000000
0.000000	121341.000000
0.000000	121341.000000
0.000000	121341.000000
0.000000	121341.000000
0.000000	121341.000000
0.000000	121341.000000
0.000000	121341.000000
0.000000	121341.000000
0.000000	121341.000000
0.000000	121341.000000
0.000000	121341.000000
0.000000	121341.000000
0.000000	121341.000000
0.000000	121341.000000
0.000000	121341.000000
0.000000	121342.000000
0.000000	121342.000000
0.000000	121342.000000
0.000000	121342.000000
0.000000	121342.000000
0.000000	121342.000000
0.000000	121342.000000
0.000000	121342.000000
0.000000	121342.000000
0.000000	121342.000000
0.000000	121342.000000
0.000000	121342.000000
0.000000	121342.000000
0.000000	121342.000000
0.000000	121342.000000
0.000000	121342.000000
0.000000	121342.000000
0.000000	121343.000000
0.000000	121343.000000
0.000000	121343.000000
0.000000	121343.000000
0.000000	121343.000000
0.000000	121343.000000
0.000000	121343.000000
0.000000	121343.000000
0.000000	121343.000000
0.000000	121343.000000
0.000000	121343.000000
0.000000	121343.000000
0.000000	121343.000000
0.000000	121343.000000
0.000000	121343.000000
0.000000	121343.000000
0.000000	121343.000000
0.000000	121344.000000
0.000000	121344.000000
0.000000	121344.000000
0.000000	121344.000000
0.000000	121344.000000
0.000000	121344.000000
0.000000	121344.000000
0.000000	121344.000000
0.000000	121344.000000
0.000000	121344.000000
0.000000	121344.000000
0.000000	121344.000000
0.000000	121344.000000
0.000000	121344.000000
0.000000	121344.000000
0.000000	121344.000000
0.000000	121344.000000
0.000000	121344.000000
0.000000	121345.000000
0.000000	121345.000000
0.000000	121345.000000
0.000000	121345.000000
0.000000	121345.000000
0.000000	121345.000000
0.000000	121345.000000
0.000000	121345.000000
0.000000	121345.000000
0.000000	121345.000000
0.000000	121345.000000
0.000000	121345.000000
0.000000	121345.000000
0.000000	121345.000000
0.000000	121345.000000
0.000000	121345.000000
0.000000	121345.000000
0.000000	121346.000000
0.000000	121346.000000
0.000000	121346.000000
0.000000	121346.000000
0.000000	121346.000000
0.000000	121346.000000
0.000000	121346.000000
0.000000	121346.000000
0.000000	121346.000000
0.000000	121346.000000
0.000000	121346.000000
0.000000	121346.000000
0.000000	121346.000000
0.000000	121346.000000
0.000000	121346.000000
0.000000	121346.000000
0.000000	121346.000000
0.000000	121347.000000
0.000000	121347.000000
0.000000	121347.000000
0.000000	121347.000000
0.000000	121347.000000
0.000000	121347.000000
0.000000	121347.000000
0.000000	121347.000000
0.000000	121347.000000
0.000000	121347.000000
0.000000	121347.000000
0.000000	121347.000000
0.000000	121347.000000
0.000000	121347.000000
0.000000	121347.000000
0.000000	121347.000000
0.000000	121348.000000
0.000000	121348.000000
0.000000	121348.000000
0.000000	121348.000000
0.000000	121348.000000
0.000000	121348.000000
0.000000	121348.000000
0.000000	121348.000000
0.000000	121348.000000
0.000000	121348.000000
0.000000	121348.000000
0.000000	121348.000000
0.000000	121348.000000
0.000000	121348.000000
0.000000	121348.000000
0.000000	121348.000000
0.000000	121348.000000
0.000000	121348.000000
0.000000	121349.000000
0.000000	121349.000000
0.000000	121349.000000
0.000000	121349.000000
0.000000	121349.000000
0.000000	121349.000000
0.000000	121349.000000
0.000000	121349.000000
0.000000	121349.000000
0.000000	121349.000000
0.000000	121349.000000
0.000000	121349.000000
0.000000	121349.000000
0.000000	121349.000000
0.000000	121349.000000
0.000000	121349.000000
0.000000	121349.000000
0.000000	121350.000000
0.000000	121350.000000
0.000000	121350.000000
0.000000	121350.000000
0.000000	121350.000000
0.000000	121350.000000
0.000000	121350.000000
0.000000	121350.000000
0.000000	121350.000000
0.000000	121350.000000
0.000000	121350.000000
0.000000	121350.000000
0.000000	121350.000000
0.000000	121350.000000
0.000000	121350.000000
0.000000	121350.000000
0.000000	121350.000000
0.000000	121351.000000
0.000000	121351.000000
0.000000	121351.000000
0.000000	121351.000000
0.000000	121351.000000
0.000000	121351.000000
0.000000	121351.000000
0.000000	121351.000000
0.000000	121351.000000
0.000000	121351.000000
0.000000	121351.000000
0.000000	121351.000000
0.000000	121351.000000
0.000000	121351.000000
0.000000	121351.000000
0.000000	121351.000000
0.000000	121351.000000
0.000000	121352.000000
0.000000	121352.000000
0.000000	121352.000000
0.000000	121352.000000
0.000000	121352.000000
0.000000	121352.000000
0.000000	121352.000000
0.000000	121352.000000
0.000000	121352.000000
0.000000	121352.000000
0.000000	121352.000000
0.000000	121352.000000
0.000000	121352.000000
0.000000	121352.000000
0.000000	121352.000000
0.000000	121352.000000
0.000000	121352.000000
0.000000	121353.000000
0.000000	121353.000000
0.000000	121353.000000
0.000000	121353.000000
0.000000	121353.000000
0.000000	121353.000000
0.000000	121353.000000
0.000000	121353.000000
0.000000	121353.000000
0.000000	121353.000000
0.000000	121353.000000
0.000000	121353.000000
0.000000	121353.000000
0.000000	121353.000000
0.000000	121353.000000
0.000000	121353.000000
0.000000	121353.000000
0.000000	121354.000000
0.000000	121354.000000
0.000000	121354.000000
0.000000	121354.000000
0.000000	121354.000000
0.000000	121354.000000
0.000000	121354.000000
0.000000	121354.000000
0.000000	121354.000000
0.000000	121354.000000
0.000000	121354.000000
0.000000	121354.000000
0.000000	121354.000000
0.000000	121354.000000
0.000000	121354.000000
0.000000	121354.000000
0.000000	121354.000000
0.000000	121355.000000
0.000000	121355.000000
0.000000	121355.000000
0.000000	121355.000000
0.000000	121355.000000
0.000000	121355.000000
0.000000	121355.000000
0.000000	121355.000000
0.000000	121355.000000
0.000000	121355.000000
0.000000	121355.000000
0.000000	121355.000000
0.000000	121355.000000
0.000000	121355.000000
0.000000	121355.000000
0.000000	121355.000000
0.000000	121355.000000
0.000000	121356.000000
0.000000	121356.000000
0.000000	121356.000000
0.000000	121356.000000
0.000000	121356.000000
0.000000	121356.000000
0.000000	121356.000000
0.000000	121356.000000
0.000000	121356.000000
0.000000	121356.000000
0.000000	121356.000000
0.000000	121356.000000
0.000000	121356.000000
0.000000	121356.000000
0.000000	121356.000000
0.000000	121356.000000
0.000000	121356.000000
0.000000	121357.000000
0.000000	121357.000000
0.000000	121357.000000
0.000000	121357.000000
0.000000	121357.000000
0.000000	121357.000000
0.000000	121357.000000
0.000000	121357.000000
0.000000	121357.000000
0.000000	121357.000000
0.000000	121357.000000
0.000000	121357.000000
0.000000	121357.000000
0.000000	121357.000000
0.000000	121357.000000
0.000000	121357.000000
0.000000	121357.000000
0.000000	121358.000000
0.000000	121358.000000
0.000000	121358.000000
0.000000	121358.000000
0.000000	121358.000000
0.000000	121358.000000
0.000000	121358.000000
0.000000	121358.000000
0.000000	121358.000000
0.000000	121358.000000
0.000000	121358.000000
0.000000	121358.000000
0.000000	121358.000000
0.000000	121358.000000
0.000000	121358.000000
0.000000	121358.000000
0.000000	121358.000000
0.000000	121358.000000
0.000000	121359.000000
0.000000	121359.000000
0.000000	121359.000000
0.000000	121359.000000
0.000000	121359.000000
0.000000	121359.000000
0.000000	121359.000000
0.000000	121359.000000
0.000000	121359.000000
0.000000	121359.000000
0.000000	121359.000000
0.000000	121359.000000
0.000000	121359.000000
0.000000	121359.000000
0.000000	121359.000000
0.000000	121359.000000
0.000000	121359.000000
0.000000	121400.000000
0.000000	121400.000000
0.000000	121400.000000
0.000000	121400.000000
0.000000	121400.000000
0.000000	121400.000000
0.000000	121400.000000
0.000000	121400.000000
0.000000	121400.000000
0.000000	121400.000000
0.000000	121400.000000
0.000000	121400.000000
0.000000	121400.000000
0.000000	121400.000000
0.000000	121400.000000
0.000000	121400.000000
0.000000	121400.000000
0.000000	121401.000000
0.000000	121401.000000
0.000000	121401.000000
0.000000	121401.000000
0.000000	121401.000000
0.000000	121401.000000
0.000000	121401.000000
0.000000	121401.000000
0.000000	121401.000000
0.000000	121401.000000
0.000000	121401.000000
0.000000	121401.000000
0.000000	121401.000000
0.000000	121401.000000
0.000000	121401.000000
0.000000	121401.000000
0.000000	121401.000000
0.000000	121402.000000
0.000000	121402.000000
0.000000	121402.000000
0.000000	121402.000000
0.000000	121402.000000
0.000000	121402.000000
0.000000	121402.000000
0.000000	121402.000000
0.000000	121402.000000
0.000000	121402.000000
0.000000	121402.000000
0.000000	121402.000000
0.000000	121402.000000
0.000000	121402.000000
0.000000	121402.000000
0.000000	121402.000000
0.000000	121402.000000
0.000000	121403.000000
0.000000	121403.000000
0.000000	121403.000000
0.000000	121403.000000
0.000000	121403.000000
0.000000	121403.000000
0.000000	121403.000000
0.000000	121403.000000
0.000000	121403.000000
0.000000	121403.000000
0.000000	121403.000000
0.000000	121403.000000
0.000000	121403.000000
0.000000	121403.000000
0.000000	121403.000000
0.000000	121403.000000
0.000000	121403.000000
0.000000	121404.000000
0.000000	121404.000000
0.000000	121404.000000
0.000000	121404.000000
0.000000	121404.000000
0.000000	121404.000000
0.000000	121404.000000
0.000000	121404.000000
0.000000	121404.000000
0.000000	121404.000000
0.000000	121404.000000
0.000000	121404.000000
0.000000	121404.000000
0.000000	121404.000000
0.000000	121404.000000
0.000000	121404.000000
0.000000	121404.000000
0.000000	121405.000000
0.000000	121405.000000
0.000000	121405.000000
0.000000	121405.000000
0.000000	121405.000000
0.000000	121405.000000
0.000000	121405.000000
0.000000	121405.000000
0.000000	121405.000000
0.000000	121405.000000
0.000000	121405.000000
0.000000	121405.000000
0.000000	121405.000000
0.000000	121405.000000
0.000000	121405.000000
0.000000	121405.000000
0.000000	121406.000000
0.000000	121406.000000
0.000000	121406.000000
0.000000	121406.000000
0.000000	121406.000000
0.000000	121406.000000
0.000000	121406.000000
0.000000	121406.000000
0.000000	121406.000000
0.000000	121406.000000
0.000000	121406.000000
0.000000	121406.000000
0.000000	121406.000000
0.000000	121406.000000
0.000000	121406.000000
0.000000	121406.000000
0.000000	121406.000000
0.000000	121406.000000
0.000000	121407.000000
0.000000	121407.000000
0.000000	121407.000000
0.000000	121407.000000
0.000000	121407.000000
0.000000	121407.000000
0.000000	121407.000000
0.000000	121407.000000
0.000000	121407.000000
0.000000	121407.000000
0.000000	121407.000000
0.000000	121407.000000
0.000000	121407.000000
0.000000	121407.000000
0.000000	121407.000000
0.000000	121407.000000
0.000000	121407.000000
0.000000	121408.000000
0.000000	121408.000000
0.000000	121408.000000
0.000000	121408.000000
0.000000	121408.000000
0.000000	121408.000000
0.000000	121408.000000
0.000000	121408.000000
0.000000	121408.000000
0.000000	121408.000000
0.000000	121408.000000
0.000000	121408.000000
0.000000	121408.000000
0.000000	121408.000000
0.000000	121408.000000
0.000000	121408.000000
0.000000	121408.000000
0.000000	121409.000000
0.000000	121409.000000
0.000000	121409.000000
0.000000	121409.000000
0.000000	121409.000000
0.000000	121409.000000
0.000000	121409.000000
0.000000	121409.000000
0.000000	121409.000000
0.000000	121409.000000
0.000000	121409.000000
0.000000	121409.000000
0.000000	121409.000000
0.000000	121409.000000
0.000000	121409.000000
0.000000	121409.000000
0.000000	121409.000000
0.000000	121410.000000
0.000000	121410.000000
0.000000	121410.000000
0.000000	121410.000000
0.000000	121410.000000
0.000000	121410.000000
0.000000	121410.000000
0.000000	121410.000000
0.000000	121410.000000
0.000000	121410.000000
0.000000	121410.000000
0.000000	121410.000000
0.000000	121410.000000
0.000000	121410.000000
0.000000	121410.000000
0.000000	121410.000000
0.000000	121411.000000
0.000000	121411.000000
0.000000	121411.000000
0.000000	121411.000000
0.000000	121411.000000
0.000000	121411.000000
0.000000	121411.000000
0.000000	121411.000000
0.000000	121411.000000
0.000000	121411.000000
0.000000	121411.000000
0.000000	121411.000000
0.000000	121411.000000
0.000000	121411.000000
0.000000	121411.000000
0.000000	121411.000000
0.000000	121411.000000
0.000000	121411.000000
0.000000	121412.000000
0.000000	121412.000000
0.000000	121412.000000
0.000000	121412.000000
0.000000	121412.000000
0.000000	121412.000000
0.000000	121412.000000
0.000000	121412.000000
0.000000	121412.000000
0.000000	121412.000000
0.000000	121412.000000
0.000000	121412.000000
0.000000	121412.000000
0.000000	121412.000000
0.000000	121412.000000
0.000000	121412.000000
0.000000	121412.000000
0.000000	121413.000000
0.000000	121413.000000
0.000000	121413.000000
0.000000	121413.000000
0.000000	121413.000000
0.000000	121413.000000
0.000000	121413.000000
0.000000	121413.000000
0.000000	121413.000000
0.000000	121413.000000
0.000000	121413.000000
0.000000	121413.000000
0.000000	121413.000000
0.000000	121413.000000
0.000000	121413.000000
0.000000	121413.000000
0.000000	121413.000000
0.000000	121413.000000
0.000000	121414.000000
0.000000	121414.000000
0.000000	121414.000000
0.000000	121414.000000
0.000000	121414.000000
0.000000	121414.000000
0.000000	121414.000000
0.000000	121414.000000
0.000000	121414.000000
0.000000	121414.000000
0.000000	121414.000000
0.000000	121414.000000
0.000000	121414.000000
0.000000	121414.000000
0.000000	121414.000000
0.000000	121414.000000
0.000000	121414.000000
0.000000	121415.000000
0.000000	121415.000000
0.000000	121415.000000
0.000000	121415.000000
0.000000	121415.000000
0.000000	121415.000000
0.000000	121415.000000
0.000000	121415.000000
0.000000	121415.000000
0.000000	121415.000000
0.000000	121415.000000
0.000000	121415.000000
0.000000	121415.000000
0.000000	121415.000000
0.000000	121415.000000
0.000000	121415.000000
0.000000	121415.000000
0.000000	121416.000000
0.000000	121416.000000
0.000000	121416.000000
0.000000	121416.000000
0.000000	121416.000000
0.000000	121416.000000
0.000000	121416.000000
0.000000	121416.000000
0.000000	121416.000000
0.000000	121416.000000
0.000000	121416.000000
0.000000	121416.000000
0.000000	121416.000000
0.000000	121416.000000
0.000000	121416.000000
0.000000	121416.000000
0.000000	121416.000000
0.000000	121417.000000
0.000000	121417.000000
0.000000	121417.000000
0.000000	121417.000000
0.000000	121417.000000
0.000000	121417.000000
0.000000	121417.000000
0.000000	121417.000000
0.000000	121417.000000
0.000000	121417.000000
0.000000	121417.000000
0.000000	121417.000000
0.000000	121417.000000
0.000000	121417.000000
0.000000	121417.000000
0.000000	121417.000000
0.000000	121417.000000
0.000000	121418.000000
0.000000	121418.000000
0.000000	121418.000000
0.000000	121418.000000
0.000000	121418.000000
0.000000	121418.000000
0.000000	121418.000000
0.000000	121418.000000
0.000000	121418.000000
0.000000	121418.000000
0.000000	121418.000000
0.000000	121418.000000
0.000000	121418.000000
0.000000	121418.000000
0.000000	121418.000000
0.000000	121418.000000
0.000000	121418.000000
0.000000	121419.000000
0.000000	121419.000000
0.000000	121419.000000
0.000000	121419.000000
0.000000	121419.000000
0.000000	121419.000000
0.000000	121419.000000
0.000000	121419.000000
0.000000	121419.000000
0.000000	121419.000000
0.000000	121419.000000
0.000000	121419.000000
0.000000	121419.000000
0.000000	121419.000000
0.000000	121419.000000
0.000000	121419.000000
0.000000	121419.000000
0.000000	121420.000000
0.000000	121420.000000
0.000000	121420.000000
0.000000	121420.000000
0.000000	121420.000000
0.000000	121420.000000
0.000000	121420.000000
0.000000	121420.000000
0.000000	121420.000000
0.000000	121420.000000
0.000000	121420.000000
0.000000	121420.000000
0.000000	121420.000000
0.000000	121420.000000
0.000000	121420.000000
0.000000	121420.000000
0.000000	121420.000000
0.000000	121421.000000
0.000000	121421.000000
0.000000	121421.000000
0.000000	121421.000000
0.000000	121421.000000
0.000000	121421.000000
0.000000	121421.000000
0.000000	121421.000000
0.000000	121421.000000
0.000000	121421.000000
0.000000	121421.000000
0.000000	121421.000000
0.000000	121421.000000
0.000000	121421.000000
0.000000	121421.000000
0.000000	121421.000000
0.000000	121421.000000
0.000000	121422.000000
0.000000	121422.000000
0.000000	121422.000000
0.000000	121422.000000
0.000000	121422.000000
0.000000	121422.000000
0.000000	121422.000000
0.000000	121422.000000
0.000000	121422.000000
0.000000	121422.000000
0.000000	121422.000000
0.000000	121422.000000
0.000000	121422.000000
0.000000	121422.000000
0.000000	121422.000000
0.000000	121422.000000
0.000000	121422.000000
0.000000	121423.000000
0.000000	121423.000000
0.000000	121423.000000
0.000000	121423.000000
0.000000	121423.000000
0.000000	121423.000000
0.000000	121423.000000
0.000000	121423.000000
0.000000	121423.000000
0.000000	121423.000000
0.000000	121423.000000
0.000000	121423.000000
0.000000	121423.000000
0.000000	121423.000000
0.000000	121423.000000
0.000000	121423.000000
0.000000	121423.000000
0.000000	121424.000000
0.000000	121424.000000
0.000000	121424.000000
0.000000	121424.000000
0.000000	121424.000000
0.000000	121424.000000
0.000000	121424.000000
0.000000	121424.000000
0.000000	121424.000000
0.000000	121424.000000
0.000000	121424.000000
0.000000	121424.000000
0.000000	121424.000000
0.000000	121424.000000
0.000000	121424.000000
0.000000	121424.000000
0.000000	121424.000000
0.000000	121425.000000
0.000000	121425.000000
0.000000	121425.000000
0.000000	121425.000000
0.000000	121425.000000
0.000000	121425.000000
0.000000	121425.000000
0.000000	121425.000000
0.000000	121425.000000
0.000000	121425.000000
0.000000	121425.000000
0.000000	121425.000000
0.000000	121425.000000
0.000000	121425.000000
0.000000	121425.000000
0.000000	121425.000000
0.000000	121425.000000
0.000000	121426.000000
0.000000	121426.000000
0.000000	121426.000000
0.000000	121426.000000
0.000000	121426.000000
0.000000	121426.000000
0.000000	121426.000000
0.000000	121426.000000
0.000000	121426.000000
0.000000	121426.000000
0.000000	121426.000000
0.000000	121426.000000
0.000000	121426.000000
0.000000	121426.000000
0.000000	121426.000000
0.000000	121426.000000
0.000000	121426.000000
0.000000	121427.000000
0.000000	121427.000000
0.000000	121427.000000
0.000000	121427.000000
0.000000	121427.000000
0.000000	121427.000000
0.000000	121427.000000
0.000000	121427.000000
0.000000	121427.000000
0.000000	121427.000000
0.000000	121427.000000
0.000000	121427.000000
0.000000	121427.000000
0.000000	121427.000000
0.000000	121427.000000
0.000000	121427.000000
0.000000	121427.000000
0.000000	121428.000000
0.000000	121428.000000
0.000000	121428.000000
0.000000	121428.000000
0.000000	121428.000000
0.000000	121428.000000
0.000000	121428.000000
0.000000	121428.000000
0.000000	121428.000000
0.000000	121428.000000
0.000000	121428.000000
0.000000	121428.000000
0.000000	121428.000000
0.000000	121428.000000
0.000000	121428.000000
0.000000	121428.000000
0.000000	121428.000000
0.000000	121429.000000
0.000000	121429.000000
0.000000	121429.000000
0.000000	121429.000000
0.000000	121429.000000
0.000000	121429.000000
0.000000	121429.000000
0.000000	121429.000000
0.000000	121429.000000
0.000000	121429.000000
0.000000	121429.000000
0.000000	121429.000000
0.000000	121429.000000
0.000000	121429.000000
0.000000	121429.000000
0.000000	121429.000000
0.000000	121429.000000
0.000000	121429.000000
0.000000	121430.000000
0.000000	121430.000000
0.000000	121430.000000
0.000000	121430.000000
0.000000	121430.000000
0.000000	121430.000000
0.000000	121430.000000
0.000000	121430.000000
0.000000	121430.000000
0.000000	121430.000000
0.000000	121430.000000
0.000000	121430.000000
0.000000	121430.000000
0.000000	121430.000000
0.000000	121430.000000
0.000000	121430.000000
0.000000	121430.000000
0.000000	121431.000000
0.000000	121431.000000
0.000000	121431.000000
0.000000	121431.000000
0.000000	121431.000000
0.000000	121431.000000
0.000000	121431.000000
0.000000	121431.000000
0.000000	121431.000000
0.000000	121431.000000
0.000000	121431.000000
0.000000	121431.000000
0.000000	121431.000000
0.000000	121431.000000
0.000000	121431.000000
0.000000	121431.000000
0.000000	121431.000000
0.000000	121432.000000
0.000000	121432.000000
0.000000	121432.000000
0.000000	121432.000000
0.000000	121432.000000
0.000000	121432.000000
0.000000	121432.000000
0.000000	121432.000000
0.000000	121432.000000
0.000000	121432.000000
0.000000	121432.000000
0.000000	121432.000000
0.000000	121432.000000
0.000000	121432.000000
0.000000	121432.000000
0.000000	121432.000000
0.000000	121432.000000
0.000000	121433.000000
0.000000	121433.000000
0.000000	121433.000000
0.000000	121433.000000
0.000000	121433.000000
0.000000	121433.000000
0.000000	121433.000000
0.000000	121433.000000
0.000000	121433.000000
0.000000	121433.000000
0.000000	121433.000000
0.000000	121433.000000
0.000000	121433.000000
0.000000	121433.000000
0.000000	121433.000000
0.000000	121433.000000
0.000000	121433.000000
0.000000	121434.000000
0.000000	121434.000000
0.000000	121434.000000
0.000000	121434.000000
0.000000	121434.000000
0.000000	121434.000000
0.000000	121434.000000
0.000000	121434.000000
0.000000	121434.000000
0.000000	121434.000000
0.000000	121434.000000
0.000000	121434.000000
0.000000	121434.000000
0.000000	121434.000000
0.000000	121434.000000
0.000000	121434.000000
0.000000	121434.000000
0.000000	121435.000000
0.000000	121435.000000
0.000000	121435.000000
0.000000	121435.000000
0.000000	121435.000000
0.000000	121435.000000
0.000000	121435.000000
0.000000	121435.000000
0.000000	121435.000000
0.000000	121435.000000
0.000000	121435.000000
0.000000	121435.000000
0.000000	121435.000000
0.000000	121435.000000
0.000000	121435.000000
0.000000	121435.000000
0.000000	121435.000000
0.000000	121436.000000
0.000000	121436.000000
0.000000	121436.000000
0.000000	121436.000000
0.000000	121436.000000
0.000000	121436.000000
0.000000	121436.000000
0.000000	121436.000000
0.000000	121436.000000
0.000000	121436.000000
0.000000	121436.000000
0.000000	121436.000000
0.000000	121436.000000
0.000000	121436.000000
0.000000	121436.000000
0.000000	121436.000000
0.000000	121436.000000
0.000000	121437.000000
0.000000	121437.000000
0.000000	121437.000000
0.000000	121437.000000
0.000000	121437.000000
0.000000	121437.000000
0.000000	121437.000000
0.000000	121437.000000
0.000000	121437.000000
0.000000	121437.000000
0.000000	121437.000000
0.000000	121437.000000
0.000000	121437.000000
0.000000	121437.000000
0.000000	121437.000000
0.000000	121437.000000
0.000000	121437.000000
0.000000	121438.000000
0.000000	121438.000000
0.000000	121438.000000
0.000000	121438.000000
0.000000	121438.000000
0.000000	121438.000000
0.000000	121438.000000
0.000000	121438.000000
0.000000	121438.000000
0.000000	121438.000000
0.000000	121438.000000
0.000000	121438.000000
0.000000	121438.000000
0.000000	121438.000000
0.000000	121438.000000
0.000000	121438.000000
0.000000	121439.000000
0.000000	121439.000000
0.000000	121439.000000
0.000000	121439.000000
0.000000	121439.000000
0.000000	121439.000000
0.000000	121439.000000
0.000000	121439.000000
0.000000	121439.000000
0.000000	121439.000000
0.000000	121439.000000
0.000000	121439.000000
0.000000	121439.000000
0.000000	121439.000000
0.000000	121439.000000
0.000000	121439.000000
0.000000	121439.000000
0.000000	121439.000000
0.000000	121440.000000
0.000000	121440.000000
0.000000	121440.000000
0.000000	121440.000000
0.000000	121440.000000
0.000000	121440.000000
0.000000	121440.000000
0.000000	121440.000000
0.000000	121440.000000
0.000000	121440.000000
0.000000	121440.000000
0.000000	121440.000000
0.000000	121440.000000
0.000000	121440.000000
0.000000	121440.000000
0.000000	121440.000000
0.000000	121440.000000
0.000000	121441.000000
0.000000	121441.000000
0.000000	121441.000000
0.000000	121441.000000
0.000000	121441.000000
0.000000	121441.000000
0.000000	121441.000000
0.000000	121441.000000
0.000000	121441.000000
0.000000	121441.000000
0.000000	121441.000000
0.000000	121441.000000
0.000000	121441.000000
0.000000	121441.000000
0.000000	121441.000000
0.000000	121441.000000
0.000000	121441.000000
0.000000	121442.000000
0.000000	121442.000000
0.000000	121442.000000
0.000000	121442.000000
0.000000	121442.000000
0.000000	121442.000000
0.000000	121442.000000
0.000000	121442.000000
0.000000	121442.000000
0.000000	121442.000000
0.000000	121442.000000
0.000000	121442.000000
0.000000	121442.000000
0.000000	121442.000000
0.000000	121442.000000
0.000000	121442.000000
0.000000	121442.000000
0.000000	121443.000000
0.000000	121443.000000
0.000000	121443.000000
0.000000	121443.000000
0.000000	121443.000000
0.000000	121443.000000
0.000000	121443.000000
0.000000	121443.000000
0.000000	121443.000000
0.000000	121443.000000
0.000000	121443.000000
0.000000	121443.000000
0.000000	121443.000000
0.000000	121443.000000
0.000000	121443.000000
0.000000	121443.000000
0.000000	121444.000000
0.000000	121444.000000
0.000000	121444.000000
0.000000	121444.000000
0.000000	121444.000000
0.000000	121444.000000
0.000000	121444.000000
0.000000	121444.000000
0.000000	121444.000000
0.000000	121444.000000
0.000000	121444.000000
0.000000	121444.000000
0.000000	121444.000000
0.000000	121444.000000
0.000000	121444.000000
0.000000	121444.000000
0.000000	121444.000000
0.000000	121444.000000
0.000000	121444.000000
0.000000	121445.000000
0.000000	121445.000000
0.000000	121445.000000
0.000000	121445.000000
0.000000	121445.000000
0.000000	121445.000000
0.000000	121445.000000
0.000000	121445.000000
0.000000	121445.000000
0.000000	121445.000000
0.000000	121445.000000
0.000000	121445.000000
0.000000	121445.000000
0.000000	121445.000000
0.000000	121445.000000
0.000000	121445.000000
0.000000	121445.000000
0.000000	121446.000000
0.000000	121446.000000
0.000000	121446.000000
0.000000	121446.000000
0.000000	121446.000000
0.000000	121446.000000
0.000000	121446.000000
0.000000	121446.000000
0.000000	121446.000000
0.000000	121446.000000
0.000000	121446.000000
0.000000	121446.000000
0.000000	121446.000000
0.000000	121446.000000
0.000000	121446.000000
0.000000	121446.000000
0.000000	121446.000000
0.000000	121447.000000
0.000000	121447.000000
0.000000	121447.000000
0.000000	121447.000000
0.000000	121447.000000
0.000000	121447.000000
0.000000	121447.000000
0.000000	121447.000000
0.000000	121447.000000
0.000000	121447.000000
0.000000	121447.000000
0.000000	121447.000000
0.000000	121447.000000
0.000000	121447.000000
0.000000	121447.000000
0.000000	121447.000000
0.000000	121447.000000
0.000000	121448.000000
0.000000	121448.000000
0.000000	121448.000000
0.000000	121448.000000
0.000000	121448.000000
0.000000	121448.000000
0.000000	121448.000000
0.000000	121448.000000
0.000000	121448.000000
0.000000	121448.000000
0.000000	121448.000000
0.000000	121448.000000
0.000000	121448.000000
0.000000	121448.000000
0.000000	121448.000000
0.000000	121448.000000
0.000000	121448.000000
0.000000	121449.000000
0.000000	121449.000000
0.000000	121449.000000
0.000000	121449.000000
0.000000	121449.000000
0.000000	121449.000000
0.000000	121449.000000
0.000000	121449.000000
0.000000	121449.000000
0.000000	121449.000000
0.000000	121449.000000
0.000000	121449.000000
0.000000	121449.000000
0.000000	121449.000000
0.000000	121449.000000
0.000000	121449.000000
0.000000	121449.000000
0.000000	121450.000000
0.000000	121450.000000
0.000000	121450.000000
0.000000	121450.000000
0.000000	121450.000000
0.000000	121450.000000
0.000000	121450.000000
0.000000	121450.000000
0.000000	121450.000000
0.000000	121450.000000
0.000000	121450.000000
0.000000	121450.000000
0.000000	121450.000000
0.000000	121450.000000
0.000000	121450.000000
0.000000	121450.000000
0.000000	121450.000000
0.000000	121451.000000
0.000000	121451.000000
0.000000	121451.000000
0.000000	121451.000000
0.000000	121451.000000
0.000000	121451.000000
0.000000	121451.000000
0.000000	121451.000000
0.000000	121451.000000
0.000000	121451.000000
0.000000	121451.000000
0.000000	121451.000000
0.000000	121451.000000
0.000000	121451.000000
0.000000	121451.000000
0.000000	121451.000000
0.000000	121451.000000
0.000000	121452.000000
0.000000	121452.000000
0.000000	121452.000000
0.000000	121452.000000
0.000000	121452.000000
0.000000	121452.000000
0.000000	121452.000000
0.000000	121452.000000
0.000000	121452.000000
0.000000	121452.000000
0.000000	121452.000000
0.000000	121452.000000
0.000000	121452.000000
0.000000	121452.000000
0.000000	121452.000000
0.000000	121452.000000
0.000000	121452.000000
0.000000	121453.000000
0.000000	121453.000000
0.000000	121453.000000
0.000000	121453.000000
0.000000	121453.000000
0.000000	121453.000000
0.000000	121453.000000
0.000000	121453.000000
0.000000	121453.000000
0.000000	121453.000000
0.000000	121453.000000
0.000000	121453.000000
0.000000	121453.000000
0.000000	121453.000000
0.000000	121453.000000
0.000000	121453.000000
0.000000	121453.000000
0.000000	121454.000000
0.000000	121454.000000
0.000000	121454.000000
0.000000	121454.000000
0.000000	121454.000000
0.000000	121454.000000
0.000000	121454.000000
0.000000	121454.000000
0.000000	121454.000000
0.000000	121454.000000
0.000000	121454.000000
0.000000	121454.000000
0.000000	121454.000000
0.000000	121454.000000
0.000000	121454.000000
0.000000	121454.000000
0.000000	121454.000000
0.000000	121455.000000
0.000000	121455.000000
0.000000	121455.000000
0.000000	121455.000000
0.000000	121455.000000
0.000000	121455.000000
0.000000	121455.000000
0.000000	121455.000000
0.000000	121455.000000
0.000000	121455.000000
0.000000	121455.000000
0.000000	121455.000000
0.000000	121455.000000
0.000000	121455.000000
0.000000	121455.000000
0.000000	121455.000000
0.000000	121455.000000
0.000000	121456.000000
0.000000	121456.000000
0.000000	121456.000000
0.000000	121456.000000
0.000000	121456.000000
0.000000	121456.000000
0.000000	121456.000000
0.000000	121456.000000
0.000000	121456.000000
0.000000	121456.000000
0.000000	121456.000000
0.000000	121456.000000
0.000000	121456.000000
0.000000	121456.000000
0.000000	121456.000000
0.000000	121456.000000
0.000000	121456.000000
0.000000	121457.000000
0.000000	121457.000000
0.000000	121457.000000
0.000000	121457.000000
0.000000	121457.000000
0.000000	121457.000000
0.000000	121457.000000
0.000000	121457.000000
0.000000	121457.000000
0.000000	121457.000000
0.000000	121457.000000
0.000000	121457.000000
0.000000	121457.000000
0.000000	121457.000000
0.000000	121457.000000
0.000000	121457.000000
0.000000	121457.000000
0.000000	121458.000000
0.000000	121458.000000
0.000000	121458.000000
0.000000	121458.000000
0.000000	121458.000000
0.000000	121458.000000
0.000000	121458.000000
0.000000	121458.000000
0.000000	121458.000000
0.000000	121458.000000
0.000000	121458.000000
0.000000	121458.000000
0.000000	121458.000000
0.000000	121458.000000
0.000000	121458.000000
0.000000	121458.000000
0.000000	121458.000000
0.000000	121458.000000
0.000000	121459.000000
0.000000	121459.000000
0.000000	121459.000000
0.000000	121459.000000
0.000000	121459.000000
0.000000	121459.000000
0.000000	121459.000000
0.000000	121459.000000
0.000000	121459.000000
0.000000	121459.000000
0.000000	121459.000000
0.000000	121459.000000
0.000000	121459.000000
0.000000	121459.000000
0.000000	121459.000000
0.000000	121459.000000
0.000000	121459.000000
0.000000	121500.000000
0.000000	121500.000000
0.000000	121500.000000
0.000000	121500.000000
0.000000	121500.000000
0.000000	121500.000000
0.000000	121500.000000
0.000000	121500.000000
0.000000	121500.000000
0.000000	121500.000000
0.000000	121500.000000
0.000000	121500.000000
0.000000	121500.000000
0.000000	121500.000000
0.000000	121500.000000
0.000000	121500.000000
0.000000	121500.000000
0.000000	121501.000000
0.000000	121501.000000
0.000000	121501.000000
0.000000	121501.000000
0.000000	121501.000000
0.000000	121501.000000
0.000000	121501.000000
0.000000	121501.000000
0.000000	121501.000000
0.000000	121501.000000
0.000000	121501.000000
0.000000	121501.000000
0.000000	121501.000000
0.000000	121501.000000
0.000000	121501.000000
0.000000	121501.000000
0.000000	121502.000000
0.000000	121502.000000
0.000000	121502.000000
0.000000	121502.000000
0.000000	121502.000000
0.000000	121502.000000
0.000000	121502.000000
0.000000	121502.000000
0.000000	121502.000000
0.000000	121502.000000
0.000000	121502.000000
0.000000	121502.000000
0.000000	121502.000000
0.000000	121502.000000
0.000000	121502.000000
0.000000	121502.000000
0.000000	121502.000000
0.000000	121502.000000
0.000000	121503.000000
0.000000	121503.000000
0.000000	121503.000000
0.000000	121503.000000
0.000000	121503.000000
0.000000	121503.000000
0.000000	121503.000000
0.000000	121503.000000
0.000000	121503.000000
0.000000	121503.000000
0.000000	121503.000000
0.000000	121503.000000
0.000000	121503.000000
0.000000	121503.000000
0.000000	121503.000000
0.000000	121503.000000
0.000000	121503.000000
0.000000	121504.000000
0.000000	121504.000000
0.000000	121504.000000
0.000000	121504.000000
0.000000	121504.000000
0.000000	121504.000000
0.000000	121504.000000
0.000000	121504.000000
0.000000	121504.000000
0.000000	121504.000000
0.000000	121504.000000
0.000000	121504.000000
0.000000	121504.000000
0.000000	121504.000000
0.000000	121504.000000
0.000000	121504.000000
0.000000	121504.000000
0.000000	121505.000000
0.000000	121505.000000
0.000000	121505.000000
0.000000	121505.000000
0.000000	121505.000000
0.000000	121505.000000
0.000000	121505.000000
0.000000	121505.000000
0.000000	121505.000000
0.000000	121505.000000
0.000000	121505.000000
0.000000	121505.000000
0.000000	121505.000000
0.000000	121505.000000
0.000000	121505.000000
0.000000	121505.000000
0.000000	121505.000000
0.000000	121506.000000
0.000000	121506.000000
0.000000	121506.000000
0.000000	121506.000000
0.000000	121506.000000
0.000000	121506.000000
0.000000	121506.000000
0.000000	121506.000000
0.000000	121506.000000
0.000000	121506.000000
0.000000	121506.000000
0.000000	121506.000000
0.000000	121506.000000
0.000000	121506.000000
0.000000	121506.000000
0.000000	121506.000000
0.000000	121506.000000
0.000000	121507.000000
0.000000	121507.000000
0.000000	121507.000000
0.000000	121507.000000
0.000000	121507.000000
0.000000	121507.000000
0.000000	121507.000000
0.000000	121507.000000
0.000000	121507.000000
0.000000	121507.000000
0.000000	121507.000000
0.000000	121507.000000
0.000000	121507.000000
0.000000	121507.000000
0.000000	121507.000000
0.000000	121507.000000
0.000000	121507.000000
0.000000	121508.000000
0.000000	121508.000000
0.000000	121508.000000
0.000000	121508.000000
0.000000	121508.000000
0.000000	121508.000000
0.000000	121508.000000
0.000000	121508.000000
0.000000	121508.000000
0.000000	121508.000000
0.000000	121508.000000
0.000000	121508.000000
0.000000	121508.000000
0.000000	121508.000000
0.000000	121508.000000
0.000000	121508.000000
0.000000	121508.000000
0.000000	121509.000000
0.000000	121509.000000
0.000000	121509.000000
0.000000	121509.000000
0.000000	121509.000000
0.000000	121509.000000
0.000000	121509.000000
0.000000	121509.000000
0.000000	121509.000000
0.000000	121509.000000
0.000000	121509.000000
0.000000	121509.000000
0.000000	121509.000000
0.000000	121509.000000
0.000000	121509.000000
0.000000	121509.000000
0.000000	121509.000000
0.000000	121510.000000
0.000000	121510.000000
0.000000	121510.000000
0.000000	121510.000000
0.000000	121510.000000
0.000000	121510.000000
0.000000	121510.000000
0.000000	121510.000000
0.000000	121510.000000
0.000000	121510.000000
0.000000	121510.000000
0.000000	121510.000000
0.000000	121510.000000
0.000000	121510.000000
0.000000	121510.000000
0.000000	121510.000000
0.000000	121510.000000
0.000000	121511.000000
0.000000	121511.000000
0.000000	121511.000000
0.000000	121511.000000
0.000000	121511.000000
0.000000	121511.000000
0.000000	121511.000000
0.000000	121511.000000
0.000000	121511.000000
0.000000	121511.000000
0.000000	121511.000000
0.000000	121511.000000
0.000000	121511.000000
0.000000	121511.000000
0.000000	121511.000000
0.000000	121511.000000
0.000000	121511.000000
0.000000	121512.000000
0.000000	121512.000000
0.000000	121512.000000
0.000000	121512.000000
0.000000	121512.000000
0.000000	121512.000000
0.000000	121512.000000
0.000000	121512.000000
0.000000	121512.000000
0.000000	121512.000000
0.000000	121512.000000
0.000000	121512.000000
0.000000	121512.000000
0.000000	121512.000000
0.000000	121512.000000
0.000000	121512.000000
0.000000	121512.000000
0.000000	121513.000000
0.000000	121513.000000
0.000000	121513.000000
0.000000	121513.000000
0.000000	121513.000000
0.000000	121513.000000
0.000000	121513.000000
0.000000	121513.000000
0.000000	121513.000000
0.000000	121513.000000
0.000000	121513.000000
0.000000	121513.000000
0.000000	121513.000000
0.000000	121513.000000
0.000000	121513.000000
0.000000	121513.000000
0.000000	121513.000000
0.000000	121513.000000
0.000000	121514.000000
0.000000	121514.000000
0.000000	121514.000000
0.000000	121514.000000
0.000000	121514.000000
0.000000	121514.000000
0.000000	121514.000000
0.000000	121514.000000
0.000000	121514.000000
0.000000	121514.000000
0.000000	121514.000000
0.000000	121514.000000
0.000000	121514.000000
0.000000	121514.000000
0.000000	121514.000000
0.000000	121514.000000
0.000000	121514.000000
0.000000	121515.000000
0.000000	121515.000000
0.000000	121515.000000
0.000000	121515.000000
0.000000	121515.000000
0.000000	121515.000000
0.000000	121515.000000
0.000000	121515.000000
0.000000	121515.000000
0.000000	121515.000000
0.000000	121515.000000
0.000000	121515.000000
0.000000	121515.000000
0.000000	121515.000000
0.000000	121515.000000
0.000000	121515.000000
0.000000	121515.000000
0.000000	121516.000000
0.000000	121516.000000
0.000000	121516.000000
0.000000	121516.000000
0.000000	121516.000000
0.000000	121516.000000
0.000000	121516.000000
0.000000	121516.000000
0.000000	121516.000000
0.000000	121516.000000
0.000000	121516.000000
0.000000	121516.000000
0.000000	121516.000000
0.000000	121516.000000
0.000000	121516.000000
0.000000	121516.000000
0.000000	121516.000000
0.000000	121517.000000
0.000000	121517.000000
0.000000	121517.000000
0.000000	121517.000000
0.000000	121517.000000
0.000000	121517.000000
0.000000	121517.000000
0.000000	121517.000000
0.000000	121517.000000
0.000000	121517.000000
0.000000	121517.000000
0.000000	121517.000000
0.000000	121517.000000
0.000000	121517.000000
0.000000	121517.000000
0.000000	121517.000000
0.000000	121517.000000
0.000000	121518.000000
0.000000	121518.000000
0.000000	121518.000000
0.000000	121518.000000
0.000000	121518.000000
0.000000	121518.000000
0.000000	121518.000000
0.000000	121518.000000
0.000000	121518.000000
0.000000	121518.000000
0.000000	121518.000000
0.000000	121518.000000
0.000000	121518.000000
0.000000	121518.000000
0.000000	121518.000000
0.000000	121518.000000
0.000000	121518.000000
0.000000	121519.000000
0.000000	121519.000000
0.000000	121519.000000
0.000000	121519.000000
0.000000	121519.000000
0.000000	121519.000000
0.000000	121519.000000
0.000000	121519.000000
0.000000	121519.000000
0.000000	121519.000000
0.000000	121519.000000
0.000000	121519.000000
0.000000	121519.000000
0.000000	121519.000000
0.000000	121519.000000
0.000000	121519.000000
0.000000	121519.000000
0.000000	121520.000000
0.000000	121520.000000
0.000000	121520.000000
0.000000	121520.000000
0.000000	121520.000000
0.000000	121520.000000
0.000000	121520.000000
0.000000	121520.000000
0.000000	121520.000000
0.000000	121520.000000
0.000000	121520.000000
0.000000	121520.000000
0.000000	121520.000000
0.000000	121520.000000
0.000000	121520.000000
0.000000	121520.000000
0.000000	121520.000000
0.000000	121521.000000
0.000000	121521.000000
0.000000	121521.000000
0.000000	121521.000000
0.000000	121521.000000
0.000000	121521.000000
0.000000	121521.000000
0.000000	121521.000000
0.000000	121521.000000
0.000000	121521.000000
0.000000	121521.000000
0.000000	121521.000000
0.000000	121521.000000
0.000000	121521.000000
0.000000	121521.000000
0.000000	121521.000000
0.000000	121521.000000
0.000000	121522.000000
0.000000	121522.000000
0.000000	121522.000000
0.000000	121522.000000
0.000000	121522.000000
0.000000	121522.000000
0.000000	121522.000000
0.000000	121522.000000
0.000000	121522.000000
0.000000	121522.000000
0.000000	121522.000000
0.000000	121522.000000
0.000000	121522.000000
0.000000	121522.000000
0.000000	121522.000000
0.000000	121522.000000
0.000000	121522.000000
0.000000	121523.000000
0.000000	121523.000000
0.000000	121523.000000
0.000000	121523.000000
0.000000	121523.000000
0.000000	121523.000000
0.000000	121523.000000
0.000000	121523.000000
0.000000	121523.000000
0.000000	121523.000000
0.000000	121523.000000
0.000000	121523.000000
0.000000	121523.000000
0.000000	121523.000000
0.000000	121523.000000
0.000000	121523.000000
0.000000	121523.000000
0.000000	121524.000000
0.000000	121524.000000
0.000000	121524.000000
0.000000	121524.000000
0.000000	121524.000000
0.000000	121524.000000
0.000000	121524.000000
0.000000	121524.000000
0.000000	121524.000000
0.000000	121524.000000
0.000000	121524.000000
0.000000	121524.000000
0.000000	121524.000000
0.000000	121524.000000
0.000000	121524.000000
0.000000	121524.000000
0.000000	121524.000000
0.000000	121525.000000
0.000000	121525.000000
0.000000	121525.000000
0.000000	121525.000000
0.000000	121525.000000
0.000000	121525.000000
0.000000	121525.000000
0.000000	121525.000000
0.000000	121525.000000
0.000000	121525.000000
0.000000	121525.000000
0.000000	121525.000000
0.000000	121525.000000
0.000000	121525.000000
0.000000	121525.000000
0.000000	121525.000000
0.000000	121525.000000
0.000000	121526.000000
0.000000	121526.000000
0.000000	121526.000000
0.000000	121526.000000
0.000000	121526.000000
0.000000	121526.000000
0.000000	121526.000000
0.000000	121526.000000
0.000000	121526.000000
0.000000	121526.000000
0.000000	121526.000000
0.000000	121526.000000
0.000000	121526.000000
0.000000	121526.000000
0.000000	121526.000000
0.000000	121526.000000
0.000000	121526.000000
0.000000	121527.000000
0.000000	121527.000000
0.000000	121527.000000
0.000000	121527.000000
0.000000	121527.000000
0.000000	121527.000000
0.000000	121527.000000
0.000000	121527.000000
0.000000	121527.000000
0.000000	121527.000000
0.000000	121527.000000
0.000000	121527.000000
0.000000	121527.000000
0.000000	121527.000000
0.000000	121527.000000
0.000000	121527.000000
0.000000	121527.000000
0.000000	121528.000000
0.000000	121528.000000
0.000000	121528.000000
0.000000	121528.000000
0.000000	121528.000000
0.000000	121528.000000
0.000000	121528.000000
0.000000	121528.000000
0.000000	121528.000000
0.000000	121528.000000
0.000000	121528.000000
0.000000	121528.000000
0.000000	121528.000000
0.000000	121528.000000
0.000000	121528.000000
0.000000	121528.000000
0.000000	121528.000000
0.000000	121529.000000
0.000000	121529.000000
0.000000	121529.000000
0.000000	121529.000000
0.000000	121529.000000
0.000000	121529.000000
0.000000	121529.000000
0.000000	121529.000000
0.000000	121529.000000
0.000000	121529.000000
0.000000	121529.000000
0.000000	121529.000000
0.000000	121529.000000
0.000000	121529.000000
0.000000	121529.000000
0.000000	121529.000000
0.000000	121529.000000
0.000000	121529.000000
0.000000	121530.000000
0.000000	121530.000000
0.000000	121530.000000
0.000000	121530.000000
0.000000	121530.000000
0.000000	121530.000000
0.000000	121530.000000
0.000000	121530.000000
0.000000	121530.000000
0.000000	121530.000000
0.000000	121530.000000
0.000000	121530.000000
0.000000	121530.000000
0.000000	121530.000000
0.000000	121530.000000
0.000000	121530.000000
0.000000	121530.000000
0.000000	121531.000000
0.000000	121531.000000
0.000000	121531.000000
0.000000	121531.000000
0.000000	121531.000000
0.000000	121531.000000
0.000000	121531.000000
0.000000	121531.000000
0.000000	121531.000000
0.000000	121531.000000
0.000000	121531.000000
0.000000	121531.000000
0.000000	121531.000000
0.000000	121531.000000
0.000000	121531.000000
0.000000	121531.000000
0.000000	121531.000000
0.000000	121532.000000
0.000000	121532.000000
0.000000	121532.000000
0.000000	121532.000000
0.000000	121532.000000
0.000000	121532.000000
0.000000	121532.000000
0.000000	121532.000000
0.000000	121532.000000
0.000000	121532.000000
0.000000	121532.000000
0.000000	121532.000000
0.000000	121532.000000
0.000000	121532.000000
0.000000	121532.000000
0.000000	121532.000000
0.000000	121532.000000
0.000000	121533.000000
0.000000	121533.000000
0.000000	121533.000000
0.000000	121533.000000
0.000000	121533.000000
0.000000	121533.000000
0.000000	121533.000000
0.000000	121533.000000
0.000000	121533.000000
0.000000	121533.000000
0.000000	121533.000000
0.000000	121533.000000
0.000000	121533.000000
0.000000	121533.000000
0.000000	121533.000000
0.000000	121533.000000
0.000000	121533.000000
0.000000	121534.000000
0.000000	121534.000000
0.000000	121534.000000
0.000000	121534.000000
0.000000	121534.000000
0.000000	121534.000000
0.000000	121534.000000
0.000000	121534.000000
0.000000	121534.000000
0.000000	121534.000000
0.000000	121534.000000
0.000000	121534.000000
0.000000	121534.000000
0.000000	121534.000000
0.000000	121534.000000
0.000000	121534.000000
0.000000	121534.000000
0.000000	121535.000000
0.000000	121535.000000
0.000000	121535.000000
0.000000	121535.000000
0.000000	121535.000000
0.000000	121535.000000
0.000000	121535.000000
0.000000	121535.000000
0.000000	121535.000000
0.000000	121535.000000
0.000000	121535.000000
0.000000	121535.000000
0.000000	121535.000000
0.000000	121535.000000
0.000000	121535.000000
0.000000	121535.000000
0.000000	121535.000000
0.000000	121536.000000
0.000000	121536.000000
0.000000	121536.000000
0.000000	121536.000000
0.000000	121536.000000
0.000000	121536.000000
0.000000	121536.000000
0.000000	121536.000000
