0.000000	123248.000000
0.000000	123248.000000
0.000000	123248.000000
0.000000	123248.000000
0.000000	123248.000000
0.000000	123248.000000
0.000000	123248.000000
0.000000	123248.000000
0.000000	123248.000000
0.000000	123249.000000
0.000000	123249.000000
0.000000	123249.000000
0.000000	123249.000000
0.000000	123249.000000
0.000000	123249.000000
0.000000	123249.000000
0.000000	123249.000000
0.000000	123249.000000
0.000000	123249.000000
0.000000	123249.000000
0.000000	123249.000000
0.000000	123249.000000
0.000000	123249.000000
0.000000	123249.000000
0.000000	123249.000000
0.000000	123249.000000
0.000000	123250.000000
0.000000	123250.000000
0.000000	123250.000000
0.000000	123250.000000
0.000000	123250.000000
0.000000	123250.000000
0.000000	123250.000000
0.000000	123250.000000
0.000000	123250.000000
0.000000	123250.000000
0.000000	123250.000000
0.000000	123250.000000
0.000000	123250.000000
0.000000	123250.000000
0.000000	123250.000000
0.000000	123250.000000
0.000000	123250.000000
0.000000	123251.000000
0.000000	123251.000000
0.000000	123251.000000
0.000000	123251.000000
0.000000	123251.000000
0.000000	123251.000000
0.000000	123251.000000
0.000000	123251.000000
0.000000	123251.000000
0.000000	123251.000000
0.000000	123251.000000
0.000000	123251.000000
0.000000	123251.000000
0.000000	123251.000000
0.000000	123251.000000
0.000000	123251.000000
0.000000	123251.000000
0.000000	123252.000000
0.000000	123252.000000
0.000000	123252.000000
0.000000	123252.000000
0.000000	123252.000000
0.000000	123252.000000
0.000000	123252.000000
0.000000	123252.000000
0.000000	123252.000000
0.000000	123252.000000
0.000000	123252.000000
0.000000	123252.000000
0.000000	123252.000000
0.000000	123252.000000
0.000000	123252.000000
0.000000	123252.000000
0.000000	123252.000000
0.000000	123253.000000
0.000000	123253.000000
0.000000	123253.000000
0.000000	123253.000000
0.000000	123253.000000
0.000000	123253.000000
0.000000	123253.000000
0.000000	123253.000000
0.000000	123253.000000
0.000000	123253.000000
0.000000	123253.000000
0.000000	123253.000000
0.000000	123253.000000
0.000000	123253.000000
0.000000	123253.000000
0.000000	123253.000000
0.000000	123253.000000
0.000000	123254.000000
0.000000	123254.000000
0.000000	123254.000000
0.000000	123254.000000
0.000000	123254.000000
0.000000	123254.000000
0.000000	123254.000000
0.000000	123254.000000
0.000000	123254.000000
0.000000	123254.000000
0.000000	123254.000000
0.000000	123254.000000
0.000000	123254.000000
0.000000	123254.000000
0.000000	123254.000000
0.000000	123254.000000
0.000000	123254.000000
0.000000	123255.000000
0.000000	123255.000000
0.000000	123255.000000
0.000000	123255.000000
0.000000	123255.000000
0.000000	123255.000000
0.000000	123255.000000
0.000000	123255.000000
0.000000	123255.000000
0.000000	123255.000000
0.000000	123255.000000
0.000000	123255.000000
0.000000	123255.000000
0.000000	123255.000000
0.000000	123255.000000
0.000000	123255.000000
0.000000	123255.000000
0.000000	123255.000000
0.000000	123256.000000
0.000000	123256.000000
0.000000	123256.000000
0.000000	123256.000000
0.000000	123256.000000
0.000000	123256.000000
0.000000	123256.000000
0.000000	123256.000000
0.000000	123256.000000
0.000000	123256.000000
0.000000	123256.000000
0.000000	123256.000000
0.000000	123256.000000
0.000000	123256.000000
0.000000	123256.000000
0.000000	123256.000000
0.000000	123256.000000
0.000000	123257.000000
0.000000	123257.000000
0.000000	123257.000000
0.000000	123257.000000
0.000000	123257.000000
0.000000	123257.000000
0.000000	123257.000000
0.000000	123257.000000
0.000000	123257.000000
0.000000	123257.000000
0.000000	123257.000000
0.000000	123257.000000
0.000000	123257.000000
0.000000	123257.000000
0.000000	123257.000000
0.000000	123257.000000
0.000000	123257.000000
0.000000	123258.000000
0.000000	123258.000000
0.000000	123258.000000
0.000000	123258.000000
0.000000	123258.000000
0.000000	123258.000000
0.000000	123258.000000
0.000000	123258.000000
0.000000	123258.000000
0.000000	123258.000000
0.000000	123258.000000
0.000000	123258.000000
0.000000	123258.000000
0.000000	123258.000000
0.000000	123258.000000
0.000000	123258.000000
0.000000	123258.000000
0.000000	123259.000000
0.000000	123259.000000
0.000000	123259.000000
0.000000	123259.000000
0.000000	123259.000000
0.000000	123259.000000
0.000000	123259.000000
0.000000	123259.000000
0.000000	123259.000000
0.000000	123259.000000
0.000000	123259.000000
0.000000	123259.000000
0.000000	123259.000000
0.000000	123259.000000
0.000000	123259.000000
0.000000	123259.000000
0.000000	123259.000000
0.000000	123300.000000
0.000000	123300.000000
0.000000	123300.000000
0.000000	123300.000000
0.000000	123300.000000
0.000000	123300.000000
0.000000	123300.000000
0.000000	123300.000000
0.000000	123300.000000
0.000000	123300.000000
0.000000	123300.000000
0.000000	123300.000000
0.000000	123300.000000
0.000000	123300.000000
0.000000	123300.000000
0.000000	123300.000000
0.000000	123300.000000
0.000000	123301.000000
0.000000	123301.000000
0.000000	123301.000000
0.000000	123301.000000
0.000000	123301.000000
0.000000	123301.000000
0.000000	123301.000000
0.000000	123301.000000
0.000000	123301.000000
0.000000	123301.000000
0.000000	123301.000000
0.000000	123301.000000
0.000000	123301.000000
0.000000	123301.000000
0.000000	123301.000000
0.000000	123301.000000
0.000000	123301.000000
0.000000	123302.000000
0.000000	123302.000000
0.000000	123302.000000
0.000000	123302.000000
0.000000	123302.000000
0.000000	123302.000000
0.000000	123302.000000
0.000000	123302.000000
0.000000	123302.000000
0.000000	123302.000000
0.000000	123302.000000
0.000000	123302.000000
0.000000	123302.000000
0.000000	123302.000000
0.000000	123302.000000
0.000000	123302.000000
0.000000	123302.000000
0.000000	123303.000000
0.000000	123303.000000
0.000000	123303.000000
0.000000	123303.000000
0.000000	123303.000000
0.000000	123303.000000
0.000000	123303.000000
0.000000	123303.000000
0.000000	123303.000000
0.000000	123303.000000
0.000000	123303.000000
0.000000	123303.000000
0.000000	123303.000000
0.000000	123303.000000
0.000000	123303.000000
0.000000	123303.000000
0.000000	123303.000000
0.000000	123304.000000
0.000000	123304.000000
0.000000	123304.000000
0.000000	123304.000000
0.000000	123304.000000
0.000000	123304.000000
0.000000	123304.000000
0.000000	123304.000000
0.000000	123304.000000
0.000000	123304.000000
0.000000	123304.000000
0.000000	123304.000000
0.000000	123304.000000
0.000000	123304.000000
0.000000	123304.000000
0.000000	123304.000000
0.000000	123304.000000
0.000000	123305.000000
0.000000	123305.000000
0.000000	123305.000000
0.000000	123305.000000
0.000000	123305.000000
0.000000	123305.000000
0.000000	123305.000000
0.000000	123305.000000
0.000000	123305.000000
0.000000	123305.000000
0.000000	123305.000000
0.000000	123305.000000
0.000000	123305.000000
0.000000	123305.000000
0.000000	123305.000000
0.000000	123305.000000
0.000000	123305.000000
0.000000	123306.000000
0.000000	123306.000000
0.000000	123306.000000
0.000000	123306.000000
0.000000	123306.000000
0.000000	123306.000000
0.000000	123306.000000
0.000000	123306.000000
0.000000	123306.000000
0.000000	123306.000000
0.000000	123306.000000
0.000000	123306.000000
0.000000	123306.000000
0.000000	123306.000000
0.000000	123306.000000
0.000000	123306.000000
0.000000	123306.000000
0.000000	123307.000000
0.000000	123307.000000
0.000000	123307.000000
0.000000	123307.000000
0.000000	123307.000000
0.000000	123307.000000
0.000000	123307.000000
0.000000	123307.000000
0.000000	123307.000000
0.000000	123307.000000
0.000000	123307.000000
0.000000	123307.000000
0.000000	123307.000000
0.000000	123307.000000
0.000000	123307.000000
0.000000	123307.000000
0.000000	123307.000000
0.000000	123308.000000
0.000000	123308.000000
0.000000	123308.000000
0.000000	123308.000000
0.000000	123308.000000
0.000000	123308.000000
0.000000	123308.000000
0.000000	123308.000000
0.000000	123308.000000
0.000000	123308.000000
0.000000	123308.000000
0.000000	123308.000000
0.000000	123308.000000
0.000000	123308.000000
0.000000	123308.000000
0.000000	123308.000000
0.000000	123308.000000
0.000000	123309.000000
0.000000	123309.000000
0.000000	123309.000000
0.000000	123309.000000
0.000000	123309.000000
0.000000	123309.000000
0.000000	123309.000000
0.000000	123309.000000
0.000000	123309.000000
0.000000	123309.000000
0.000000	123309.000000
0.000000	123309.000000
0.000000	123309.000000
0.000000	123309.000000
0.000000	123309.000000
0.000000	123309.000000
0.000000	123309.000000
0.000000	123310.000000
0.000000	123310.000000
0.000000	123310.000000
0.000000	123310.000000
0.000000	123310.000000
0.000000	123310.000000
0.000000	123310.000000
0.000000	123310.000000
0.000000	123310.000000
0.000000	123310.000000
0.000000	123310.000000
0.000000	123310.000000
0.000000	123310.000000
0.000000	123310.000000
0.000000	123310.000000
0.000000	123310.000000
0.000000	123310.000000
0.000000	123310.000000
0.000000	123311.000000
0.000000	123311.000000
0.000000	123311.000000
0.000000	123311.000000
0.000000	123311.000000
0.000000	123311.000000
0.000000	123311.000000
0.000000	123311.000000
0.000000	123311.000000
0.000000	123311.000000
0.000000	123311.000000
0.000000	123311.000000
0.000000	123311.000000
0.000000	123311.000000
0.000000	123311.000000
0.000000	123311.000000
0.000000	123311.000000
0.000000	123312.000000
0.000000	123312.000000
0.000000	123312.000000
0.000000	123312.000000
0.000000	123312.000000
0.000000	123312.000000
0.000000	123312.000000
0.000000	123312.000000
0.000000	123312.000000
0.000000	123312.000000
0.000000	123312.000000
0.000000	123312.000000
0.000000	123312.000000
0.000000	123312.000000
0.000000	123312.000000
0.000000	123312.000000
0.000000	123312.000000
0.000000	123313.000000
0.000000	123313.000000
0.000000	123313.000000
0.000000	123313.000000
0.000000	123313.000000
0.000000	123313.000000
0.000000	123313.000000
0.000000	123313.000000
0.000000	123313.000000
0.000000	123313.000000
0.000000	123313.000000
0.000000	123313.000000
0.000000	123313.000000
0.000000	123313.000000
0.000000	123313.000000
0.000000	123313.000000
0.000000	123313.000000
0.000000	123314.000000
0.000000	123314.000000
0.000000	123314.000000
0.000000	123314.000000
0.000000	123314.000000
0.000000	123314.000000
0.000000	123314.000000
0.000000	123314.000000
0.000000	123314.000000
0.000000	123314.000000
0.000000	123314.000000
0.000000	123314.000000
0.000000	123314.000000
0.000000	123314.000000
0.000000	123314.000000
0.000000	123314.000000
0.000000	123314.000000
0.000000	123315.000000
0.000000	123315.000000
0.000000	123315.000000
0.000000	123315.000000
0.000000	123315.000000
0.000000	123315.000000
0.000000	123315.000000
0.000000	123315.000000
0.000000	123315.000000
0.000000	123315.000000
0.000000	123315.000000
0.000000	123315.000000
0.000000	123315.000000
0.000000	123315.000000
0.000000	123315.000000
0.000000	123315.000000
0.000000	123315.000000
0.000000	123316.000000
0.000000	123316.000000
0.000000	123316.000000
0.000000	123316.000000
0.000000	123316.000000
0.000000	123316.000000
0.000000	123316.000000
0.000000	123316.000000
0.000000	123316.000000
0.000000	123316.000000
0.000000	123316.000000
0.000000	123316.000000
0.000000	123316.000000
0.000000	123316.000000
0.000000	123316.000000
0.000000	123316.000000
0.000000	123316.000000
0.000000	123317.000000
0.000000	123317.000000
0.000000	123317.000000
0.000000	123317.000000
0.000000	123317.000000
0.000000	123317.000000
0.000000	123317.000000
0.000000	123317.000000
0.000000	123317.000000
0.000000	123317.000000
0.000000	123317.000000
0.000000	123317.000000
0.000000	123317.000000
0.000000	123317.000000
0.000000	123317.000000
0.000000	123317.000000
0.000000	123317.000000
0.000000	123318.000000
0.000000	123318.000000
0.000000	123318.000000
0.000000	123318.000000
0.000000	123318.000000
0.000000	123318.000000
0.000000	123318.000000
0.000000	123318.000000
0.000000	123318.000000
0.000000	123318.000000
0.000000	123318.000000
0.000000	123318.000000
0.000000	123318.000000
0.000000	123318.000000
0.000000	123318.000000
0.000000	123318.000000
0.000000	123318.000000
0.000000	123319.000000
0.000000	123319.000000
0.000000	123319.000000
0.000000	123319.000000
0.000000	123319.000000
0.000000	123319.000000
0.000000	123319.000000
0.000000	123319.000000
0.000000	123319.000000
0.000000	123319.000000
0.000000	123319.000000
0.000000	123319.000000
0.000000	123319.000000
0.000000	123319.000000
0.000000	123319.000000
0.000000	123319.000000
0.000000	123319.000000
0.000000	123320.000000
0.000000	123320.000000
0.000000	123320.000000
0.000000	123320.000000
0.000000	123320.000000
0.000000	123320.000000
0.000000	123320.000000
0.000000	123320.000000
0.000000	123320.000000
0.000000	123320.000000
0.000000	123320.000000
0.000000	123320.000000
0.000000	123320.000000
0.000000	123320.000000
0.000000	123320.000000
0.000000	123320.000000
0.000000	123320.000000
0.000000	123321.000000
0.000000	123321.000000
0.000000	123321.000000
0.000000	123321.000000
0.000000	123321.000000
0.000000	123321.000000
0.000000	123321.000000
0.000000	123321.000000
0.000000	123321.000000
0.000000	123321.000000
0.000000	123321.000000
0.000000	123321.000000
0.000000	123321.000000
0.000000	123321.000000
0.000000	123321.000000
0.000000	123321.000000
0.000000	123321.000000
0.000000	123322.000000
0.000000	123322.000000
0.000000	123322.000000
0.000000	123322.000000
0.000000	123322.000000
0.000000	123322.000000
0.000000	123322.000000
0.000000	123322.000000
0.000000	123322.000000
0.000000	123322.000000
0.000000	123322.000000
0.000000	123322.000000
0.000000	123322.000000
0.000000	123322.000000
0.000000	123322.000000
0.000000	123322.000000
0.000000	123322.000000
0.000000	123323.000000
0.000000	123323.000000
0.000000	123323.000000
0.000000	123323.000000
0.000000	123323.000000
0.000000	123323.000000
0.000000	123323.000000
0.000000	123323.000000
0.000000	123323.000000
0.000000	123323.000000
0.000000	123323.000000
0.000000	123323.000000
0.000000	123323.000000
0.000000	123323.000000
0.000000	123323.000000
0.000000	123323.000000
0.000000	123323.000000
0.000000	123324.000000
0.000000	123324.000000
0.000000	123324.000000
0.000000	123324.000000
0.000000	123324.000000
0.000000	123324.000000
0.000000	123324.000000
0.000000	123324.000000
0.000000	123324.000000
0.000000	123324.000000
0.000000	123324.000000
0.000000	123324.000000
0.000000	123324.000000
0.000000	123324.000000
0.000000	123324.000000
0.000000	123324.000000
0.000000	123324.000000
0.000000	123325.000000
0.000000	123325.000000
0.000000	123325.000000
0.000000	123325.000000
0.000000	123325.000000
0.000000	123325.000000
0.000000	123325.000000
0.000000	123325.000000
0.000000	123325.000000
0.000000	123325.000000
0.000000	123325.000000
0.000000	123325.000000
0.000000	123325.000000
0.000000	123325.000000
0.000000	123325.000000
0.000000	123325.000000
0.000000	123325.000000
0.000000	123326.000000
0.000000	123326.000000
0.000000	123326.000000
0.000000	123326.000000
0.000000	123326.000000
0.000000	123326.000000
0.000000	123326.000000
0.000000	123326.000000
0.000000	123326.000000
0.000000	123326.000000
0.000000	123326.000000
0.000000	123326.000000
0.000000	123326.000000
0.000000	123326.000000
0.000000	123326.000000
0.000000	123326.000000
0.000000	123326.000000
0.000000	123326.000000
0.000000	123327.000000
0.000000	123327.000000
0.000000	123327.000000
0.000000	123327.000000
0.000000	123327.000000
0.000000	123327.000000
0.000000	123327.000000
0.000000	123327.000000
0.000000	123327.000000
0.000000	123327.000000
0.000000	123327.000000
0.000000	123327.000000
0.000000	123327.000000
0.000000	123327.000000
0.000000	123327.000000
0.000000	123327.000000
0.000000	123327.000000
0.000000	123328.000000
0.000000	123328.000000
0.000000	123328.000000
0.000000	123328.000000
0.000000	123328.000000
0.000000	123328.000000
0.000000	123328.000000
0.000000	123328.000000
0.000000	123328.000000
0.000000	123328.000000
0.000000	123328.000000
0.000000	123328.000000
0.000000	123328.000000
0.000000	123328.000000
0.000000	123328.000000
0.000000	123328.000000
0.000000	123328.000000
0.000000	123329.000000
0.000000	123329.000000
0.000000	123329.000000
0.000000	123329.000000
0.000000	123329.000000
0.000000	123329.000000
0.000000	123329.000000
0.000000	123329.000000
0.000000	123329.000000
0.000000	123329.000000
0.000000	123329.000000
0.000000	123329.000000
0.000000	123329.000000
0.000000	123329.000000
0.000000	123329.000000
0.000000	123329.000000
0.000000	123329.000000
0.000000	123330.000000
0.000000	123330.000000
0.000000	123330.000000
0.000000	123330.000000
0.000000	123330.000000
0.000000	123330.000000
0.000000	123330.000000
0.000000	123330.000000
0.000000	123330.000000
0.000000	123330.000000
0.000000	123330.000000
0.000000	123330.000000
0.000000	123330.000000
0.000000	123330.000000
0.000000	123330.000000
0.000000	123330.000000
0.000000	123330.000000
0.000000	123331.000000
0.000000	123331.000000
0.000000	123331.000000
0.000000	123331.000000
0.000000	123331.000000
0.000000	123331.000000
0.000000	123331.000000
0.000000	123331.000000
0.000000	123331.000000
0.000000	123331.000000
0.000000	123331.000000
0.000000	123331.000000
0.000000	123331.000000
0.000000	123331.000000
0.000000	123331.000000
0.000000	123331.000000
0.000000	123331.000000
0.000000	123332.000000
0.000000	123332.000000
0.000000	123332.000000
0.000000	123332.000000
0.000000	123332.000000
0.000000	123332.000000
0.000000	123332.000000
0.000000	123332.000000
0.000000	123332.000000
0.000000	123332.000000
0.000000	123332.000000
0.000000	123332.000000
0.000000	123332.000000
0.000000	123332.000000
0.000000	123332.000000
0.000000	123332.000000
0.000000	123332.000000
0.000000	123333.000000
0.000000	123333.000000
0.000000	123333.000000
0.000000	123333.000000
0.000000	123333.000000
0.000000	123333.000000
0.000000	123333.000000
0.000000	123333.000000
0.000000	123333.000000
0.000000	123333.000000
0.000000	123333.000000
0.000000	123333.000000
0.000000	123333.000000
0.000000	123333.000000
0.000000	123333.000000
0.000000	123333.000000
0.000000	123333.000000
0.000000	123334.000000
0.000000	123334.000000
0.000000	123334.000000
0.000000	123334.000000
0.000000	123334.000000
0.000000	123334.000000
0.000000	123334.000000
0.000000	123334.000000
0.000000	123334.000000
0.000000	123334.000000
0.000000	123334.000000
0.000000	123334.000000
0.000000	123334.000000
0.000000	123334.000000
0.000000	123334.000000
0.000000	123334.000000
0.000000	123334.000000
0.000000	123335.000000
0.000000	123335.000000
0.000000	123335.000000
0.000000	123335.000000
0.000000	123335.000000
0.000000	123335.000000
0.000000	123335.000000
0.000000	123335.000000
0.000000	123335.000000
0.000000	123335.000000
0.000000	123335.000000
0.000000	123335.000000
0.000000	123335.000000
0.000000	123335.000000
0.000000	123335.000000
0.000000	123335.000000
0.000000	123335.000000
0.000000	123336.000000
0.000000	123336.000000
0.000000	123336.000000
0.000000	123336.000000
0.000000	123336.000000
0.000000	123336.000000
0.000000	123336.000000
0.000000	123336.000000
0.000000	123336.000000
0.000000	123336.000000
0.000000	123336.000000
0.000000	123336.000000
0.000000	123336.000000
0.000000	123336.000000
0.000000	123336.000000
0.000000	123336.000000
0.000000	123336.000000
0.000000	123337.000000
0.000000	123337.000000
0.000000	123337.000000
0.000000	123337.000000
0.000000	123337.000000
0.000000	123337.000000
0.000000	123337.000000
0.000000	123337.000000
0.000000	123337.000000
0.000000	123337.000000
0.000000	123337.000000
0.000000	123337.000000
0.000000	123337.000000
0.000000	123337.000000
0.000000	123337.000000
0.000000	123337.000000
0.000000	123337.000000
0.000000	123338.000000
0.000000	123338.000000
0.000000	123338.000000
0.000000	123338.000000
0.000000	123338.000000
0.000000	123338.000000
0.000000	123338.000000
0.000000	123338.000000
0.000000	123338.000000
0.000000	123338.000000
0.000000	123338.000000
0.000000	123338.000000
0.000000	123338.000000
0.000000	123338.000000
0.000000	123338.000000
0.000000	123338.000000
0.000000	123338.000000
0.000000	123339.000000
0.000000	123339.000000
0.000000	123339.000000
0.000000	123339.000000
0.000000	123339.000000
0.000000	123339.000000
0.000000	123339.000000
0.000000	123339.000000
0.000000	123339.000000
0.000000	123339.000000
0.000000	123339.000000
0.000000	123339.000000
0.000000	123339.000000
0.000000	123339.000000
0.000000	123339.000000
0.000000	123339.000000
0.000000	123339.000000
0.000000	123340.000000
0.000000	123340.000000
0.000000	123340.000000
0.000000	123340.000000
0.000000	123340.000000
0.000000	123340.000000
0.000000	123340.000000
0.000000	123340.000000
0.000000	123340.000000
0.000000	123340.000000
0.000000	123340.000000
0.000000	123340.000000
0.000000	123340.000000
0.000000	123340.000000
0.000000	123340.000000
0.000000	123340.000000
0.000000	123340.000000
0.000000	123340.000000
0.000000	123341.000000
0.000000	123341.000000
0.000000	123341.000000
0.000000	123341.000000
0.000000	123341.000000
0.000000	123341.000000
0.000000	123341.000000
0.000000	123341.000000
0.000000	123341.000000
0.000000	123341.000000
0.000000	123341.000000
0.000000	123341.000000
0.000000	123341.000000
0.000000	123341.000000
0.000000	123341.000000
0.000000	123341.000000
0.000000	123341.000000
0.000000	123342.000000
0.000000	123342.000000
0.000000	123342.000000
0.000000	123342.000000
0.000000	123342.000000
0.000000	123342.000000
0.000000	123342.000000
0.000000	123342.000000
0.000000	123342.000000
0.000000	123342.000000
0.000000	123342.000000
0.000000	123342.000000
0.000000	123342.000000
0.000000	123342.000000
0.000000	123342.000000
0.000000	123342.000000
0.000000	123342.000000
0.000000	123343.000000
0.000000	123343.000000
0.000000	123343.000000
0.000000	123343.000000
0.000000	123343.000000
0.000000	123343.000000
0.000000	123343.000000
0.000000	123343.000000
0.000000	123343.000000
0.000000	123343.000000
0.000000	123343.000000
0.000000	123343.000000
0.000000	123343.000000
0.000000	123343.000000
0.000000	123343.000000
0.000000	123343.000000
0.000000	123343.000000
0.000000	123344.000000
0.000000	123344.000000
0.000000	123344.000000
0.000000	123344.000000
0.000000	123344.000000
0.000000	123344.000000
0.000000	123344.000000
0.000000	123344.000000
0.000000	123344.000000
0.000000	123344.000000
0.000000	123344.000000
0.000000	123344.000000
0.000000	123344.000000
0.000000	123344.000000
0.000000	123344.000000
0.000000	123344.000000
0.000000	123344.000000
0.000000	123345.000000
0.000000	123345.000000
0.000000	123345.000000
0.000000	123345.000000
0.000000	123345.000000
0.000000	123345.000000
0.000000	123345.000000
0.000000	123345.000000
0.000000	123345.000000
0.000000	123345.000000
0.000000	123345.000000
0.000000	123345.000000
0.000000	123345.000000
0.000000	123345.000000
0.000000	123345.000000
0.000000	123345.000000
0.000000	123345.000000
0.000000	123346.000000
0.000000	123346.000000
0.000000	123346.000000
0.000000	123346.000000
0.000000	123346.000000
0.000000	123346.000000
0.000000	123346.000000
0.000000	123346.000000
0.000000	123346.000000
0.000000	123346.000000
0.000000	123346.000000
0.000000	123346.000000
0.000000	123346.000000
0.000000	123346.000000
0.000000	123346.000000
0.000000	123346.000000
0.000000	123346.000000
0.000000	123347.000000
0.000000	123347.000000
0.000000	123347.000000
0.000000	123347.000000
0.000000	123347.000000
0.000000	123347.000000
0.000000	123347.000000
0.000000	123347.000000
0.000000	123347.000000
0.000000	123347.000000
0.000000	123347.000000
0.000000	123347.000000
0.000000	123347.000000
0.000000	123347.000000
0.000000	123347.000000
0.000000	123347.000000
0.000000	123347.000000
0.000000	123348.000000
0.000000	123348.000000
0.000000	123348.000000
0.000000	123348.000000
0.000000	123348.000000
0.000000	123348.000000
0.000000	123348.000000
0.000000	123348.000000
0.000000	123348.000000
0.000000	123348.000000
0.000000	123348.000000
0.000000	123348.000000
0.000000	123348.000000
0.000000	123348.000000
0.000000	123348.000000
0.000000	123348.000000
0.000000	123348.000000
0.000000	123349.000000
0.000000	123349.000000
0.000000	123349.000000
0.000000	123349.000000
0.000000	123349.000000
0.000000	123349.000000
0.000000	123349.000000
0.000000	123349.000000
0.000000	123349.000000
0.000000	123349.000000
0.000000	123349.000000
0.000000	123349.000000
0.000000	123349.000000
0.000000	123349.000000
0.000000	123349.000000
0.000000	123349.000000
0.000000	123349.000000
0.000000	123350.000000
0.000000	123350.000000
0.000000	123350.000000
0.000000	123350.000000
0.000000	123350.000000
0.000000	123350.000000
0.000000	123350.000000
0.000000	123350.000000
0.000000	123350.000000
0.000000	123350.000000
0.000000	123350.000000
0.000000	123350.000000
0.000000	123350.000000
0.000000	123350.000000
0.000000	123350.000000
0.000000	123350.000000
0.000000	123350.000000
0.000000	123351.000000
0.000000	123351.000000
0.000000	123351.000000
0.000000	123351.000000
0.000000	123351.000000
0.000000	123351.000000
0.000000	123351.000000
0.000000	123351.000000
0.000000	123351.000000
0.000000	123351.000000
0.000000	123351.000000
0.000000	123351.000000
0.000000	123351.000000
0.000000	123351.000000
0.000000	123351.000000
0.000000	123351.000000
0.000000	123351.000000
0.000000	123352.000000
0.000000	123352.000000
0.000000	123352.000000
0.000000	123352.000000
0.000000	123352.000000
0.000000	123352.000000
0.000000	123352.000000
0.000000	123352.000000
0.000000	123352.000000
0.000000	123352.000000
0.000000	123352.000000
0.000000	123352.000000
0.000000	123352.000000
0.000000	123352.000000
0.000000	123352.000000
0.000000	123352.000000
0.000000	123352.000000
0.000000	123353.000000
0.000000	123353.000000
0.000000	123353.000000
0.000000	123353.000000
0.000000	123353.000000
0.000000	123353.000000
0.000000	123353.000000
0.000000	123353.000000
0.000000	123353.000000
0.000000	123353.000000
0.000000	123353.000000
0.000000	123353.000000
0.000000	123353.000000
0.000000	123353.000000
0.000000	123353.000000
0.000000	123353.000000
0.000000	123353.000000
0.000000	123354.000000
0.000000	123354.000000
0.000000	123354.000000
0.000000	123354.000000
0.000000	123354.000000
0.000000	123354.000000
0.000000	123354.000000
0.000000	123354.000000
0.000000	123354.000000
0.000000	123354.000000
0.000000	123354.000000
0.000000	123354.000000
0.000000	123354.000000
0.000000	123354.000000
0.000000	123354.000000
0.000000	123354.000000
0.000000	123354.000000
0.000000	123355.000000
0.000000	123355.000000
0.000000	123355.000000
0.000000	123355.000000
0.000000	123355.000000
0.000000	123355.000000
0.000000	123355.000000
0.000000	123355.000000
0.000000	123355.000000
0.000000	123355.000000
0.000000	123355.000000
0.000000	123355.000000
0.000000	123355.000000
0.000000	123355.000000
0.000000	123355.000000
0.000000	123355.000000
0.000000	123355.000000
0.000000	123355.000000
0.000000	123356.000000
0.000000	123356.000000
0.000000	123356.000000
0.000000	123356.000000
0.000000	123356.000000
0.000000	123356.000000
0.000000	123356.000000
0.000000	123356.000000
0.000000	123356.000000
0.000000	123356.000000
0.000000	123356.000000
0.000000	123356.000000
0.000000	123356.000000
0.000000	123356.000000
0.000000	123356.000000
0.000000	123356.000000
0.000000	123356.000000
0.000000	123357.000000
0.000000	123357.000000
0.000000	123357.000000
0.000000	123357.000000
0.000000	123357.000000
0.000000	123357.000000
0.000000	123357.000000
0.000000	123357.000000
0.000000	123357.000000
0.000000	123357.000000
0.000000	123357.000000
0.000000	123357.000000
0.000000	123357.000000
0.000000	123357.000000
0.000000	123357.000000
0.000000	123357.000000
0.000000	123357.000000
0.000000	123358.000000
0.000000	123358.000000
0.000000	123358.000000
0.000000	123358.000000
0.000000	123358.000000
0.000000	123358.000000
0.000000	123358.000000
0.000000	123358.000000
0.000000	123358.000000
0.000000	123358.000000
0.000000	123358.000000
0.000000	123358.000000
0.000000	123358.000000
0.000000	123358.000000
0.000000	123358.000000
0.000000	123358.000000
0.000000	123358.000000
0.000000	123359.000000
0.000000	123359.000000
0.000000	123359.000000
0.000000	123359.000000
0.000000	123359.000000
0.000000	123359.000000
0.000000	123359.000000
0.000000	123359.000000
0.000000	123359.000000
0.000000	123359.000000
0.000000	123359.000000
0.000000	123359.000000
0.000000	123359.000000
0.000000	123359.000000
0.000000	123359.000000
0.000000	123359.000000
0.000000	123359.000000
0.000000	123400.000000
0.000000	123400.000000
0.000000	123400.000000
0.000000	123400.000000
0.000000	123400.000000
0.000000	123400.000000
0.000000	123400.000000
0.000000	123400.000000
0.000000	123400.000000
0.000000	123400.000000
0.000000	123400.000000
0.000000	123400.000000
0.000000	123400.000000
0.000000	123400.000000
0.000000	123400.000000
0.000000	123400.000000
0.000000	123400.000000
0.000000	123401.000000
0.000000	123401.000000
0.000000	123401.000000
0.000000	123401.000000
0.000000	123401.000000
0.000000	123401.000000
0.000000	123401.000000
0.000000	123401.000000
0.000000	123401.000000
0.000000	123401.000000
0.000000	123401.000000
0.000000	123401.000000
0.000000	123401.000000
0.000000	123401.000000
0.000000	123401.000000
0.000000	123401.000000
0.000000	123401.000000
0.000000	123402.000000
0.000000	123402.000000
0.000000	123402.000000
0.000000	123402.000000
0.000000	123402.000000
0.000000	123402.000000
0.000000	123402.000000
0.000000	123402.000000
0.000000	123402.000000
0.000000	123402.000000
0.000000	123402.000000
0.000000	123402.000000
0.000000	123402.000000
0.000000	123402.000000
0.000000	123402.000000
0.000000	123402.000000
0.000000	123402.000000
0.000000	123403.000000
0.000000	123403.000000
0.000000	123403.000000
0.000000	123403.000000
0.000000	123403.000000
0.000000	123403.000000
0.000000	123403.000000
0.000000	123403.000000
0.000000	123403.000000
0.000000	123403.000000
0.000000	123403.000000
0.000000	123403.000000
0.000000	123403.000000
0.000000	123403.000000
0.000000	123403.000000
0.000000	123403.000000
0.000000	123403.000000
0.000000	123404.000000
0.000000	123404.000000
0.000000	123404.000000
0.000000	123404.000000
0.000000	123404.000000
0.000000	123404.000000
0.000000	123404.000000
0.000000	123404.000000
0.000000	123404.000000
0.000000	123404.000000
0.000000	123404.000000
0.000000	123404.000000
0.000000	123404.000000
0.000000	123404.000000
0.000000	123404.000000
0.000000	123404.000000
0.000000	123404.000000
0.000000	123405.000000
0.000000	123405.000000
0.000000	123405.000000
0.000000	123405.000000
0.000000	123405.000000
0.000000	123405.000000
0.000000	123405.000000
0.000000	123405.000000
0.000000	123405.000000
0.000000	123405.000000
0.000000	123405.000000
0.000000	123405.000000
0.000000	123405.000000
0.000000	123405.000000
0.000000	123405.000000
0.000000	123405.000000
0.000000	123405.000000
0.000000	123406.000000
0.000000	123406.000000
0.000000	123406.000000
0.000000	123406.000000
0.000000	123406.000000
0.000000	123406.000000
0.000000	123406.000000
0.000000	123406.000000
0.000000	123406.000000
0.000000	123406.000000
0.000000	123406.000000
0.000000	123406.000000
0.000000	123406.000000
0.000000	123406.000000
0.000000	123406.000000
0.000000	123406.000000
0.000000	123406.000000
0.000000	123407.000000
0.000000	123407.000000
0.000000	123407.000000
0.000000	123407.000000
0.000000	123407.000000
0.000000	123407.000000
0.000000	123407.000000
0.000000	123407.000000
0.000000	123407.000000
0.000000	123407.000000
0.000000	123407.000000
0.000000	123407.000000
0.000000	123407.000000
0.000000	123407.000000
0.000000	123407.000000
0.000000	123407.000000
0.000000	123407.000000
0.000000	123408.000000
0.000000	123408.000000
0.000000	123408.000000
0.000000	123408.000000
0.000000	123408.000000
0.000000	123408.000000
0.000000	123408.000000
0.000000	123408.000000
0.000000	123408.000000
0.000000	123408.000000
0.000000	123408.000000
0.000000	123408.000000
0.000000	123408.000000
0.000000	123408.000000
0.000000	123408.000000
0.000000	123408.000000
0.000000	123408.000000
0.000000	123409.000000
0.000000	123409.000000
0.000000	123409.000000
0.000000	123409.000000
0.000000	123409.000000
0.000000	123409.000000
0.000000	123409.000000
0.000000	123409.000000
0.000000	123409.000000
0.000000	123409.000000
0.000000	123409.000000
0.000000	123409.000000
0.000000	123409.000000
0.000000	123409.000000
0.000000	123409.000000
0.000000	123409.000000
0.000000	123409.000000
0.000000	123410.000000
0.000000	123410.000000
0.000000	123410.000000
0.000000	123410.000000
0.000000	123410.000000
0.000000	123410.000000
0.000000	123410.000000
0.000000	123410.000000
0.000000	123410.000000
0.000000	123410.000000
0.000000	123410.000000
0.000000	123410.000000
0.000000	123410.000000
0.000000	123410.000000
0.000000	123410.000000
0.000000	123410.000000
0.000000	123410.000000
0.000000	123411.000000
0.000000	123411.000000
0.000000	123411.000000
0.000000	123411.000000
0.000000	123411.000000
0.000000	123411.000000
0.000000	123411.000000
0.000000	123411.000000
0.000000	123411.000000
0.000000	123411.000000
0.000000	123411.000000
0.000000	123411.000000
0.000000	123411.000000
0.000000	123411.000000
0.000000	123411.000000
0.000000	123411.000000
0.000000	123411.000000
0.000000	123411.000000
0.000000	123412.000000
0.000000	123412.000000
0.000000	123412.000000
0.000000	123412.000000
0.000000	123412.000000
0.000000	123412.000000
0.000000	123412.000000
0.000000	123412.000000
0.000000	123412.000000
0.000000	123412.000000
0.000000	123412.000000
0.000000	123412.000000
0.000000	123412.000000
0.000000	123412.000000
0.000000	123412.000000
0.000000	123412.000000
0.000000	123412.000000
0.000000	123413.000000
0.000000	123413.000000
0.000000	123413.000000
0.000000	123413.000000
0.000000	123413.000000
0.000000	123413.000000
0.000000	123413.000000
0.000000	123413.000000
0.000000	123413.000000
0.000000	123413.000000
0.000000	123413.000000
0.000000	123413.000000
0.000000	123413.000000
0.000000	123413.000000
0.000000	123413.000000
0.000000	123413.000000
0.000000	123413.000000
0.000000	123414.000000
0.000000	123414.000000
0.000000	123414.000000
0.000000	123414.000000
0.000000	123414.000000
0.000000	123414.000000
0.000000	123414.000000
0.000000	123414.000000
0.000000	123414.000000
0.000000	123414.000000
0.000000	123414.000000
0.000000	123414.000000
0.000000	123414.000000
0.000000	123414.000000
0.000000	123414.000000
0.000000	123414.000000
0.000000	123414.000000
0.000000	123415.000000
0.000000	123415.000000
0.000000	123415.000000
0.000000	123415.000000
0.000000	123415.000000
0.000000	123415.000000
0.000000	123415.000000
0.000000	123415.000000
0.000000	123415.000000
0.000000	123415.000000
0.000000	123415.000000
0.000000	123415.000000
0.000000	123415.000000
0.000000	123415.000000
0.000000	123415.000000
0.000000	123415.000000
0.000000	123415.000000
0.000000	123416.000000
0.000000	123416.000000
0.000000	123416.000000
0.000000	123416.000000
0.000000	123416.000000
0.000000	123416.000000
0.000000	123416.000000
0.000000	123416.000000
0.000000	123416.000000
0.000000	123416.000000
0.000000	123416.000000
0.000000	123416.000000
0.000000	123416.000000
0.000000	123416.000000
0.000000	123416.000000
0.000000	123416.000000
0.000000	123416.000000
0.000000	123417.000000
0.000000	123417.000000
0.000000	123417.000000
0.000000	123417.000000
0.000000	123417.000000
0.000000	123417.000000
0.000000	123417.000000
0.000000	123417.000000
0.000000	123417.000000
0.000000	123417.000000
0.000000	123417.000000
0.000000	123417.000000
0.000000	123417.000000
0.000000	123417.000000
0.000000	123417.000000
0.000000	123417.000000
0.000000	123417.000000
0.000000	123418.000000
0.000000	123418.000000
0.000000	123418.000000
0.000000	123418.000000
0.000000	123418.000000
0.000000	123418.000000
0.000000	123418.000000
0.000000	123418.000000
0.000000	123418.000000
0.000000	123418.000000
0.000000	123418.000000
0.000000	123418.000000
0.000000	123418.000000
0.000000	123418.000000
0.000000	123418.000000
0.000000	123418.000000
0.000000	123418.000000
0.000000	123419.000000
0.000000	123419.000000
0.000000	123419.000000
0.000000	123419.000000
0.000000	123419.000000
0.000000	123419.000000
0.000000	123419.000000
0.000000	123419.000000
0.000000	123419.000000
0.000000	123419.000000
0.000000	123419.000000
0.000000	123419.000000
0.000000	123419.000000
0.000000	123419.000000
0.000000	123419.000000
0.000000	123419.000000
0.000000	123419.000000
0.000000	123420.000000
0.000000	123420.000000
0.000000	123420.000000
0.000000	123420.000000
0.000000	123420.000000
0.000000	123420.000000
0.000000	123420.000000
0.000000	123420.000000
0.000000	123420.000000
0.000000	123420.000000
0.000000	123420.000000
0.000000	123420.000000
0.000000	123420.000000
0.000000	123420.000000
0.000000	123420.000000
0.000000	123420.000000
0.000000	123420.000000
0.000000	123421.000000
0.000000	123421.000000
0.000000	123421.000000
0.000000	123421.000000
0.000000	123421.000000
0.000000	123421.000000
0.000000	123421.000000
0.000000	123421.000000
0.000000	123421.000000
0.000000	123421.000000
0.000000	123421.000000
0.000000	123421.000000
0.000000	123421.000000
0.000000	123421.000000
0.000000	123421.000000
0.000000	123421.000000
0.000000	123421.000000
0.000000	123422.000000
0.000000	123422.000000
0.000000	123422.000000
0.000000	123422.000000
0.000000	123422.000000
0.000000	123422.000000
0.000000	123422.000000
0.000000	123422.000000
0.000000	123422.000000
0.000000	123422.000000
0.000000	123422.000000
0.000000	123422.000000
0.000000	123422.000000
0.000000	123422.000000
0.000000	123422.000000
0.000000	123422.000000
0.000000	123422.000000
0.000000	123423.000000
0.000000	123423.000000
0.000000	123423.000000
0.000000	123423.000000
0.000000	123423.000000
0.000000	123423.000000
0.000000	123423.000000
0.000000	123423.000000
0.000000	123423.000000
0.000000	123423.000000
0.000000	123423.000000
0.000000	123423.000000
0.000000	123423.000000
0.000000	123423.000000
0.000000	123423.000000
0.000000	123423.000000
0.000000	123423.000000
0.000000	123424.000000
0.000000	123424.000000
0.000000	123424.000000
0.000000	123424.000000
0.000000	123424.000000
0.000000	123424.000000
0.000000	123424.000000
0.000000	123424.000000
0.000000	123424.000000
0.000000	123424.000000
0.000000	123424.000000
0.000000	123424.000000
0.000000	123424.000000
0.000000	123424.000000
0.000000	123424.000000
0.000000	123424.000000
0.000000	123424.000000
0.000000	123425.000000
0.000000	123425.000000
0.000000	123425.000000
0.000000	123425.000000
0.000000	123425.000000
0.000000	123425.000000
0.000000	123425.000000
0.000000	123425.000000
0.000000	123425.000000
0.000000	123425.000000
0.000000	123425.000000
0.000000	123425.000000
0.000000	123425.000000
0.000000	123425.000000
0.000000	123425.000000
0.000000	123425.000000
0.000000	123425.000000
0.000000	123425.000000
0.000000	123426.000000
0.000000	123426.000000
0.000000	123426.000000
0.000000	123426.000000
0.000000	123426.000000
0.000000	123426.000000
0.000000	123426.000000
0.000000	123426.000000
0.000000	123426.000000
0.000000	123426.000000
0.000000	123426.000000
0.000000	123426.000000
0.000000	123426.000000
0.000000	123426.000000
0.000000	123426.000000
0.000000	123426.000000
0.000000	123426.000000
0.000000	123427.000000
0.000000	123427.000000
0.000000	123427.000000
0.000000	123427.000000
0.000000	123427.000000
0.000000	123427.000000
0.000000	123427.000000
0.000000	123427.000000
0.000000	123427.000000
0.000000	123427.000000
0.000000	123427.000000
0.000000	123427.000000
0.000000	123427.000000
0.000000	123427.000000
0.000000	123427.000000
0.000000	123427.000000
0.000000	123427.000000
0.000000	123428.000000
0.000000	123428.000000
0.000000	123428.000000
0.000000	123428.000000
0.000000	123428.000000
0.000000	123428.000000
0.000000	123428.000000
0.000000	123428.000000
0.000000	123428.000000
0.000000	123428.000000
0.000000	123428.000000
0.000000	123428.000000
0.000000	123428.000000
0.000000	123428.000000
0.000000	123428.000000
0.000000	123428.000000
0.000000	123428.000000
0.000000	123429.000000
0.000000	123429.000000
0.000000	123429.000000
0.000000	123429.000000
0.000000	123429.000000
0.000000	123429.000000
0.000000	123429.000000
0.000000	123429.000000
0.000000	123429.000000
0.000000	123429.000000
0.000000	123429.000000
0.000000	123429.000000
0.000000	123429.000000
0.000000	123429.000000
0.000000	123429.000000
0.000000	123429.000000
0.000000	123429.000000
0.000000	123430.000000
0.000000	123430.000000
0.000000	123430.000000
0.000000	123430.000000
0.000000	123430.000000
0.000000	123430.000000
0.000000	123430.000000
0.000000	123430.000000
0.000000	123430.000000
0.000000	123430.000000
0.000000	123430.000000
0.000000	123430.000000
0.000000	123430.000000
0.000000	123430.000000
0.000000	123430.000000
0.000000	123430.000000
0.000000	123430.000000
0.000000	123431.000000
0.000000	123431.000000
0.000000	123431.000000
0.000000	123431.000000
0.000000	123431.000000
0.000000	123431.000000
0.000000	123431.000000
0.000000	123431.000000
0.000000	123431.000000
0.000000	123431.000000
0.000000	123431.000000
0.000000	123431.000000
0.000000	123431.000000
0.000000	123431.000000
0.000000	123431.000000
0.000000	123431.000000
0.000000	123431.000000
0.000000	123432.000000
0.000000	123432.000000
0.000000	123432.000000
0.000000	123432.000000
0.000000	123432.000000
0.000000	123432.000000
0.000000	123432.000000
0.000000	123432.000000
0.000000	123432.000000
0.000000	123432.000000
0.000000	123432.000000
0.000000	123432.000000
0.000000	123432.000000
0.000000	123432.000000
0.000000	123432.000000
0.000000	123432.000000
0.000000	123432.000000
0.000000	123433.000000
0.000000	123433.000000
0.000000	123433.000000
0.000000	123433.000000
0.000000	123433.000000
0.000000	123433.000000
0.000000	123433.000000
0.000000	123433.000000
0.000000	123433.000000
0.000000	123433.000000
0.000000	123433.000000
0.000000	123433.000000
0.000000	123433.000000
0.000000	123433.000000
0.000000	123433.000000
0.000000	123433.000000
0.000000	123433.000000
0.000000	123434.000000
0.000000	123434.000000
0.000000	123434.000000
0.000000	123434.000000
0.000000	123434.000000
0.000000	123434.000000
0.000000	123434.000000
0.000000	123434.000000
0.000000	123434.000000
0.000000	123434.000000
0.000000	123434.000000
0.000000	123434.000000
0.000000	123434.000000
0.000000	123434.000000
0.000000	123434.000000
0.000000	123434.000000
0.000000	123434.000000
0.000000	123435.000000
0.000000	123435.000000
0.000000	123435.000000
0.000000	123435.000000
0.000000	123435.000000
0.000000	123435.000000
0.000000	123435.000000
0.000000	123435.000000
0.000000	123435.000000
0.000000	123435.000000
0.000000	123435.000000
0.000000	123435.000000
0.000000	123435.000000
0.000000	123435.000000
0.000000	123435.000000
0.000000	123435.000000
0.000000	123435.000000
0.000000	123436.000000
0.000000	123436.000000
0.000000	123436.000000
0.000000	123436.000000
0.000000	123436.000000
0.000000	123436.000000
0.000000	123436.000000
0.000000	123436.000000
0.000000	123436.000000
0.000000	123436.000000
0.000000	123436.000000
0.000000	123436.000000
0.000000	123436.000000
0.000000	123436.000000
0.000000	123436.000000
0.000000	123436.000000
0.000000	123436.000000
0.000000	123437.000000
0.000000	123437.000000
0.000000	123437.000000
0.000000	123437.000000
0.000000	123437.000000
0.000000	123437.000000
0.000000	123437.000000
0.000000	123437.000000
0.000000	123437.000000
0.000000	123437.000000
0.000000	123437.000000
0.000000	123437.000000
0.000000	123437.000000
0.000000	123437.000000
0.000000	123437.000000
0.000000	123437.000000
0.000000	123437.000000
0.000000	123438.000000
0.000000	123438.000000
0.000000	123438.000000
0.000000	123438.000000
0.000000	123438.000000
0.000000	123438.000000
0.000000	123438.000000
0.000000	123438.000000
0.000000	123438.000000
0.000000	123438.000000
0.000000	123438.000000
0.000000	123438.000000
0.000000	123438.000000
0.000000	123438.000000
0.000000	123438.000000
0.000000	123438.000000
0.000000	123438.000000
0.000000	123439.000000
0.000000	123439.000000
0.000000	123439.000000
0.000000	123439.000000
0.000000	123439.000000
0.000000	123439.000000
0.000000	123439.000000
0.000000	123439.000000
0.000000	123439.000000
0.000000	123439.000000
0.000000	123439.000000
0.000000	123439.000000
0.000000	123439.000000
0.000000	123439.000000
0.000000	123439.000000
0.000000	123439.000000
0.000000	123439.000000
0.000000	123440.000000
0.000000	123440.000000
0.000000	123440.000000
0.000000	123440.000000
0.000000	123440.000000
0.000000	123440.000000
0.000000	123440.000000
0.000000	123440.000000
0.000000	123440.000000
0.000000	123440.000000
0.000000	123440.000000
0.000000	123440.000000
0.000000	123440.000000
0.000000	123440.000000
0.000000	123440.000000
0.000000	123440.000000
0.000000	123440.000000
0.000000	123441.000000
0.000000	123441.000000
0.000000	123441.000000
0.000000	123441.000000
0.000000	123441.000000
0.000000	123441.000000
0.000000	123441.000000
0.000000	123441.000000
0.000000	123441.000000
0.000000	123441.000000
0.000000	123441.000000
0.000000	123441.000000
0.000000	123441.000000
0.000000	123441.000000
0.000000	123441.000000
0.000000	123441.000000
0.000000	123441.000000
0.000000	123441.000000
0.000000	123442.000000
0.000000	123442.000000
0.000000	123442.000000
0.000000	123442.000000
0.000000	123442.000000
0.000000	123442.000000
0.000000	123442.000000
0.000000	123442.000000
0.000000	123442.000000
0.000000	123442.000000
0.000000	123442.000000
0.000000	123442.000000
0.000000	123442.000000
0.000000	123442.000000
0.000000	123442.000000
0.000000	123442.000000
0.000000	123442.000000
0.000000	123443.000000
0.000000	123443.000000
0.000000	123443.000000
0.000000	123443.000000
0.000000	123443.000000
0.000000	123443.000000
0.000000	123443.000000
0.000000	123443.000000
0.000000	123443.000000
0.000000	123443.000000
0.000000	123443.000000
0.000000	123443.000000
0.000000	123443.000000
0.000000	123443.000000
0.000000	123443.000000
0.000000	123443.000000
0.000000	123443.000000
0.000000	123444.000000
0.000000	123444.000000
0.000000	123444.000000
0.000000	123444.000000
0.000000	123444.000000
0.000000	123444.000000
0.000000	123444.000000
0.000000	123444.000000
0.000000	123444.000000
0.000000	123444.000000
0.000000	123444.000000
0.000000	123444.000000
0.000000	123444.000000
0.000000	123444.000000
0.000000	123444.000000
0.000000	123444.000000
0.000000	123444.000000
0.000000	123445.000000
0.000000	123445.000000
0.000000	123445.000000
0.000000	123445.000000
0.000000	123445.000000
0.000000	123445.000000
0.000000	123445.000000
0.000000	123445.000000
0.000000	123445.000000
0.000000	123445.000000
0.000000	123445.000000
0.000000	123445.000000
0.000000	123445.000000
0.000000	123445.000000
0.000000	123445.000000
0.000000	123445.000000
0.000000	123445.000000
0.000000	123446.000000
0.000000	123446.000000
0.000000	123446.000000
0.000000	123446.000000
0.000000	123446.000000
0.000000	123446.000000
0.000000	123446.000000
0.000000	123446.000000
0.000000	123446.000000
0.000000	123446.000000
0.000000	123446.000000
0.000000	123446.000000
0.000000	123446.000000
0.000000	123446.000000
0.000000	123446.000000
0.000000	123446.000000
0.000000	123446.000000
0.000000	123447.000000
0.000000	123447.000000
0.000000	123447.000000
0.000000	123447.000000
0.000000	123447.000000
0.000000	123447.000000
0.000000	123447.000000
0.000000	123447.000000
0.000000	123447.000000
0.000000	123447.000000
0.000000	123447.000000
0.000000	123447.000000
0.000000	123447.000000
0.000000	123447.000000
0.000000	123447.000000
0.000000	123447.000000
0.000000	123447.000000
0.000000	123448.000000
0.000000	123448.000000
0.000000	123448.000000
0.000000	123448.000000
0.000000	123448.000000
0.000000	123448.000000
0.000000	123448.000000
0.000000	123448.000000
0.000000	123448.000000
0.000000	123448.000000
0.000000	123448.000000
0.000000	123448.000000
0.000000	123448.000000
0.000000	123448.000000
0.000000	123448.000000
0.000000	123448.000000
0.000000	123448.000000
0.000000	123449.000000
0.000000	123449.000000
0.000000	123449.000000
0.000000	123449.000000
0.000000	123449.000000
0.000000	123449.000000
0.000000	123449.000000
0.000000	123449.000000
0.000000	123449.000000
0.000000	123449.000000
0.000000	123449.000000
0.000000	123449.000000
0.000000	123449.000000
0.000000	123449.000000
0.000000	123449.000000
0.000000	123449.000000
0.000000	123449.000000
0.000000	123450.000000
0.000000	123450.000000
0.000000	123450.000000
0.000000	123450.000000
0.000000	123450.000000
0.000000	123450.000000
0.000000	123450.000000
0.000000	123450.000000
0.000000	123450.000000
0.000000	123450.000000
0.000000	123450.000000
0.000000	123450.000000
0.000000	123450.000000
0.000000	123450.000000
0.000000	123450.000000
0.000000	123450.000000
0.000000	123450.000000
0.000000	123451.000000
0.000000	123451.000000
0.000000	123451.000000
0.000000	123451.000000
0.000000	123451.000000
0.000000	123451.000000
0.000000	123451.000000
0.000000	123451.000000
0.000000	123451.000000
0.000000	123451.000000
0.000000	123451.000000
0.000000	123451.000000
0.000000	123451.000000
0.000000	123451.000000
0.000000	123451.000000
0.000000	123451.000000
0.000000	123451.000000
0.000000	123452.000000
0.000000	123452.000000
0.000000	123452.000000
0.000000	123452.000000
0.000000	123452.000000
0.000000	123452.000000
0.000000	123452.000000
0.000000	123452.000000
0.000000	123452.000000
0.000000	123452.000000
0.000000	123452.000000
0.000000	123452.000000
0.000000	123452.000000
0.000000	123452.000000
0.000000	123452.000000
0.000000	123452.000000
0.000000	123452.000000
0.000000	123453.000000
0.000000	123453.000000
0.000000	123453.000000
0.000000	123453.000000
0.000000	123453.000000
0.000000	123453.000000
0.000000	123453.000000
0.000000	123453.000000
0.000000	123453.000000
0.000000	123453.000000
0.000000	123453.000000
0.000000	123453.000000
0.000000	123453.000000
0.000000	123453.000000
0.000000	123453.000000
0.000000	123453.000000
0.000000	123453.000000
0.000000	123454.000000
0.000000	123454.000000
0.000000	123454.000000
0.000000	123454.000000
0.000000	123454.000000
0.000000	123454.000000
0.000000	123454.000000
0.000000	123454.000000
0.000000	123454.000000
0.000000	123454.000000
0.000000	123454.000000
0.000000	123454.000000
0.000000	123454.000000
0.000000	123454.000000
0.000000	123454.000000
0.000000	123454.000000
0.000000	123454.000000
0.000000	123455.000000
0.000000	123455.000000
0.000000	123455.000000
0.000000	123455.000000
0.000000	123455.000000
0.000000	123455.000000
0.000000	123455.000000
0.000000	123455.000000
0.000000	123455.000000
0.000000	123455.000000
0.000000	123455.000000
0.000000	123455.000000
0.000000	123455.000000
0.000000	123455.000000
0.000000	123455.000000
0.000000	123455.000000
0.000000	123455.000000
0.000000	123455.000000
0.000000	123456.000000
0.000000	123456.000000
0.000000	123456.000000
0.000000	123456.000000
0.000000	123456.000000
0.000000	123456.000000
0.000000	123456.000000
0.000000	123456.000000
0.000000	123456.000000
0.000000	123456.000000
0.000000	123456.000000
0.000000	123456.000000
0.000000	123456.000000
0.000000	123456.000000
0.000000	123456.000000
0.000000	123456.000000
0.000000	123456.000000
0.000000	123457.000000
0.000000	123457.000000
0.000000	123457.000000
0.000000	123457.000000
0.000000	123457.000000
0.000000	123457.000000
0.000000	123457.000000
0.000000	123457.000000
0.000000	123457.000000
0.000000	123457.000000
0.000000	123457.000000
0.000000	123457.000000
0.000000	123457.000000
0.000000	123457.000000
0.000000	123457.000000
0.000000	123457.000000
0.000000	123457.000000
0.000000	123458.000000
0.000000	123458.000000
0.000000	123458.000000
0.000000	123458.000000
0.000000	123458.000000
0.000000	123458.000000
0.000000	123458.000000
0.000000	123458.000000
0.000000	123458.000000
0.000000	123458.000000
0.000000	123458.000000
0.000000	123458.000000
0.000000	123458.000000
0.000000	123458.000000
0.000000	123458.000000
0.000000	123458.000000
0.000000	123458.000000
0.000000	123459.000000
0.000000	123459.000000
0.000000	123459.000000
0.000000	123459.000000
0.000000	123459.000000
0.000000	123459.000000
0.000000	123459.000000
0.000000	123459.000000
0.000000	123459.000000
0.000000	123459.000000
0.000000	123459.000000
0.000000	123459.000000
0.000000	123459.000000
0.000000	123459.000000
0.000000	123459.000000
0.000000	123459.000000
0.000000	123459.000000
0.000000	123500.000000
0.000000	123500.000000
0.000000	123500.000000
0.000000	123500.000000
0.000000	123500.000000
0.000000	123500.000000
0.000000	123500.000000
0.000000	123500.000000
0.000000	123500.000000
0.000000	123500.000000
0.000000	123500.000000
0.000000	123500.000000
0.000000	123500.000000
0.000000	123500.000000
0.000000	123500.000000
0.000000	123500.000000
0.000000	123500.000000
0.000000	123501.000000
0.000000	123501.000000
0.000000	123501.000000
0.000000	123501.000000
0.000000	123501.000000
0.000000	123501.000000
0.000000	123501.000000
0.000000	123501.000000
0.000000	123501.000000
0.000000	123501.000000
0.000000	123501.000000
0.000000	123501.000000
0.000000	123501.000000
0.000000	123501.000000
0.000000	123501.000000
0.000000	123501.000000
0.000000	123501.000000
0.000000	123502.000000
0.000000	123502.000000
0.000000	123502.000000
0.000000	123502.000000
0.000000	123502.000000
0.000000	123502.000000
0.000000	123502.000000
0.000000	123502.000000
0.000000	123502.000000
0.000000	123502.000000
0.000000	123502.000000
0.000000	123502.000000
0.000000	123502.000000
0.000000	123502.000000
0.000000	123502.000000
0.000000	123502.000000
0.000000	123502.000000
0.000000	123503.000000
0.000000	123503.000000
0.000000	123503.000000
0.000000	123503.000000
0.000000	123503.000000
0.000000	123503.000000
0.000000	123503.000000
0.000000	123503.000000
0.000000	123503.000000
0.000000	123503.000000
0.000000	123503.000000
0.000000	123503.000000
0.000000	123503.000000
0.000000	123503.000000
0.000000	123503.000000
0.000000	123503.000000
0.000000	123503.000000
0.000000	123504.000000
0.000000	123504.000000
0.000000	123504.000000
0.000000	123504.000000
0.000000	123504.000000
0.000000	123504.000000
0.000000	123504.000000
0.000000	123504.000000
0.000000	123504.000000
0.000000	123504.000000
0.000000	123504.000000
0.000000	123504.000000
0.000000	123504.000000
0.000000	123504.000000
0.000000	123504.000000
0.000000	123504.000000
0.000000	123504.000000
0.000000	123505.000000
0.000000	123505.000000
0.000000	123505.000000
0.000000	123505.000000
0.000000	123505.000000
0.000000	123505.000000
0.000000	123505.000000
0.000000	123505.000000
0.000000	123505.000000
0.000000	123505.000000
0.000000	123505.000000
0.000000	123505.000000
0.000000	123505.000000
0.000000	123505.000000
0.000000	123505.000000
0.000000	123505.000000
0.000000	123505.000000
0.000000	123506.000000
0.000000	123506.000000
0.000000	123506.000000
0.000000	123506.000000
0.000000	123506.000000
0.000000	123506.000000
0.000000	123506.000000
0.000000	123506.000000
0.000000	123506.000000
0.000000	123506.000000
0.000000	123506.000000
0.000000	123506.000000
0.000000	123506.000000
0.000000	123506.000000
0.000000	123506.000000
0.000000	123506.000000
0.000000	123506.000000
0.000000	123507.000000
0.000000	123507.000000
0.000000	123507.000000
0.000000	123507.000000
0.000000	123507.000000
0.000000	123507.000000
0.000000	123507.000000
0.000000	123507.000000
0.000000	123507.000000
0.000000	123507.000000
0.000000	123507.000000
0.000000	123507.000000
0.000000	123507.000000
0.000000	123507.000000
0.000000	123507.000000
0.000000	123507.000000
0.000000	123507.000000
0.000000	123508.000000
0.000000	123508.000000
0.000000	123508.000000
0.000000	123508.000000
0.000000	123508.000000
0.000000	123508.000000
0.000000	123508.000000
0.000000	123508.000000
0.000000	123508.000000
0.000000	123508.000000
0.000000	123508.000000
0.000000	123508.000000
0.000000	123508.000000
0.000000	123508.000000
0.000000	123508.000000
0.000000	123508.000000
0.000000	123508.000000
0.000000	123509.000000
0.000000	123509.000000
0.000000	123509.000000
0.000000	123509.000000
0.000000	123509.000000
0.000000	123509.000000
0.000000	123509.000000
0.000000	123509.000000
0.000000	123509.000000
0.000000	123509.000000
0.000000	123509.000000
0.000000	123509.000000
0.000000	123509.000000
0.000000	123509.000000
0.000000	123509.000000
0.000000	123509.000000
0.000000	123509.000000
0.000000	123510.000000
0.000000	123510.000000
0.000000	123510.000000
0.000000	123510.000000
0.000000	123510.000000
0.000000	123510.000000
0.000000	123510.000000
0.000000	123510.000000
0.000000	123510.000000
0.000000	123510.000000
0.000000	123510.000000
0.000000	123510.000000
0.000000	123510.000000
0.000000	123510.000000
0.000000	123510.000000
0.000000	123510.000000
0.000000	123510.000000
0.000000	123510.000000
0.000000	123511.000000
0.000000	123511.000000
0.000000	123511.000000
0.000000	123511.000000
0.000000	123511.000000
0.000000	123511.000000
0.000000	123511.000000
0.000000	123511.000000
0.000000	123511.000000
0.000000	123511.000000
0.000000	123511.000000
0.000000	123511.000000
0.000000	123511.000000
0.000000	123511.000000
0.000000	123511.000000
0.000000	123511.000000
0.000000	123511.000000
0.000000	123512.000000
0.000000	123512.000000
0.000000	123512.000000
0.000000	123512.000000
0.000000	123512.000000
0.000000	123512.000000
0.000000	123512.000000
0.000000	123512.000000
0.000000	123512.000000
0.000000	123512.000000
0.000000	123512.000000
0.000000	123512.000000
0.000000	123512.000000
0.000000	123512.000000
0.000000	123512.000000
0.000000	123512.000000
0.000000	123512.000000
0.000000	123513.000000
0.000000	123513.000000
0.000000	123513.000000
0.000000	123513.000000
0.000000	123513.000000
0.000000	123513.000000
0.000000	123513.000000
0.000000	123513.000000
0.000000	123513.000000
0.000000	123513.000000
0.000000	123513.000000
0.000000	123513.000000
0.000000	123513.000000
0.000000	123513.000000
0.000000	123513.000000
0.000000	123513.000000
0.000000	123513.000000
0.000000	123514.000000
0.000000	123514.000000
0.000000	123514.000000
0.000000	123514.000000
0.000000	123514.000000
0.000000	123514.000000
0.000000	123514.000000
0.000000	123514.000000
0.000000	123514.000000
0.000000	123514.000000
0.000000	123514.000000
0.000000	123514.000000
0.000000	123514.000000
0.000000	123514.000000
0.000000	123514.000000
0.000000	123514.000000
0.000000	123514.000000
0.000000	123515.000000
0.000000	123515.000000
0.000000	123515.000000
0.000000	123515.000000
0.000000	123515.000000
0.000000	123515.000000
0.000000	123515.000000
0.000000	123515.000000
0.000000	123515.000000
0.000000	123515.000000
0.000000	123515.000000
0.000000	123515.000000
0.000000	123515.000000
0.000000	123515.000000
0.000000	123515.000000
0.000000	123515.000000
0.000000	123515.000000
0.000000	123516.000000
0.000000	123516.000000
0.000000	123516.000000
0.000000	123516.000000
0.000000	123516.000000
0.000000	123516.000000
0.000000	123516.000000
0.000000	123516.000000
0.000000	123516.000000
0.000000	123516.000000
0.000000	123516.000000
0.000000	123516.000000
0.000000	123516.000000
0.000000	123516.000000
0.000000	123516.000000
0.000000	123516.000000
0.000000	123516.000000
0.000000	123517.000000
0.000000	123517.000000
0.000000	123517.000000
0.000000	123517.000000
0.000000	123517.000000
0.000000	123517.000000
0.000000	123517.000000
0.000000	123517.000000
0.000000	123517.000000
0.000000	123517.000000
0.000000	123517.000000
0.000000	123517.000000
0.000000	123517.000000
0.000000	123517.000000
0.000000	123517.000000
0.000000	123517.000000
0.000000	123517.000000
0.000000	123518.000000
0.000000	123518.000000
0.000000	123518.000000
0.000000	123518.000000
0.000000	123518.000000
0.000000	123518.000000
0.000000	123518.000000
0.000000	123518.000000
0.000000	123518.000000
0.000000	123518.000000
0.000000	123518.000000
0.000000	123518.000000
0.000000	123518.000000
0.000000	123518.000000
0.000000	123518.000000
0.000000	123518.000000
0.000000	123518.000000
0.000000	123519.000000
0.000000	123519.000000
0.000000	123519.000000
0.000000	123519.000000
0.000000	123519.000000
0.000000	123519.000000
0.000000	123519.000000
0.000000	123519.000000
0.000000	123519.000000
0.000000	123519.000000
0.000000	123519.000000
0.000000	123519.000000
0.000000	123519.000000
0.000000	123519.000000
0.000000	123519.000000
0.000000	123519.000000
0.000000	123519.000000
0.000000	123520.000000
0.000000	123520.000000
0.000000	123520.000000
0.000000	123520.000000
0.000000	123520.000000
0.000000	123520.000000
0.000000	123520.000000
0.000000	123520.000000
0.000000	123520.000000
0.000000	123520.000000
0.000000	123520.000000
0.000000	123520.000000
0.000000	123520.000000
0.000000	123520.000000
0.000000	123520.000000
0.000000	123520.000000
0.000000	123520.000000
0.000000	123521.000000
0.000000	123521.000000
0.000000	123521.000000
0.000000	123521.000000
0.000000	123521.000000
0.000000	123521.000000
0.000000	123521.000000
0.000000	123521.000000
0.000000	123521.000000
0.000000	123521.000000
0.000000	123521.000000
0.000000	123521.000000
0.000000	123521.000000
0.000000	123521.000000
0.000000	123521.000000
0.000000	123521.000000
0.000000	123521.000000
0.000000	123522.000000
0.000000	123522.000000
0.000000	123522.000000
0.000000	123522.000000
0.000000	123522.000000
0.000000	123522.000000
0.000000	123522.000000
0.000000	123522.000000
0.000000	123522.000000
0.000000	123522.000000
0.000000	123522.000000
0.000000	123522.000000
0.000000	123522.000000
0.000000	123522.000000
0.000000	123522.000000
0.000000	123522.000000
0.000000	123522.000000
0.000000	123523.000000
0.000000	123523.000000
0.000000	123523.000000
0.000000	123523.000000
0.000000	123523.000000
0.000000	123523.000000
0.000000	123523.000000
0.000000	123523.000000
0.000000	123523.000000
0.000000	123523.000000
0.000000	123523.000000
0.000000	123523.000000
0.000000	123523.000000
0.000000	123523.000000
0.000000	123523.000000
0.000000	123523.000000
0.000000	123523.000000
0.000000	123524.000000
0.000000	123524.000000
0.000000	123524.000000
0.000000	123524.000000
0.000000	123524.000000
0.000000	123524.000000
0.000000	123524.000000
0.000000	123524.000000
0.000000	123524.000000
0.000000	123524.000000
0.000000	123524.000000
0.000000	123524.000000
0.000000	123524.000000
0.000000	123524.000000
0.000000	123524.000000
0.000000	123524.000000
0.000000	123524.000000
0.000000	123525.000000
0.000000	123525.000000
0.000000	123525.000000
0.000000	123525.000000
0.000000	123525.000000
0.000000	123525.000000
0.000000	123525.000000
0.000000	123525.000000
0.000000	123525.000000
0.000000	123525.000000
0.000000	123525.000000
0.000000	123525.000000
0.000000	123525.000000
0.000000	123525.000000
0.000000	123525.000000
0.000000	123525.000000
0.000000	123525.000000
0.000000	123526.000000
0.000000	123526.000000
0.000000	123526.000000
0.000000	123526.000000
0.000000	123526.000000
0.000000	123526.000000
0.000000	123526.000000
0.000000	123526.000000
0.000000	123526.000000
0.000000	123526.000000
0.000000	123526.000000
0.000000	123526.000000
0.000000	123526.000000
0.000000	123526.000000
0.000000	123526.000000
0.000000	123526.000000
0.000000	123526.000000
0.000000	123526.000000
0.000000	123527.000000
0.000000	123527.000000
0.000000	123527.000000
0.000000	123527.000000
0.000000	123527.000000
0.000000	123527.000000
0.000000	123527.000000
0.000000	123527.000000
0.000000	123527.000000
0.000000	123527.000000
0.000000	123527.000000
0.000000	123527.000000
0.000000	123527.000000
0.000000	123527.000000
0.000000	123527.000000
0.000000	123527.000000
0.000000	123527.000000
0.000000	123528.000000
0.000000	123528.000000
0.000000	123528.000000
0.000000	123528.000000
0.000000	123528.000000
0.000000	123528.000000
0.000000	123528.000000
0.000000	123528.000000
0.000000	123528.000000
0.000000	123528.000000
0.000000	123528.000000
0.000000	123528.000000
0.000000	123528.000000
0.000000	123528.000000
0.000000	123528.000000
0.000000	123528.000000
0.000000	123528.000000
0.000000	123529.000000
0.000000	123529.000000
0.000000	123529.000000
0.000000	123529.000000
0.000000	123529.000000
0.000000	123529.000000
0.000000	123529.000000
0.000000	123529.000000
0.000000	123529.000000
0.000000	123529.000000
0.000000	123529.000000
0.000000	123529.000000
0.000000	123529.000000
0.000000	123529.000000
0.000000	123529.000000
0.000000	123529.000000
0.000000	123529.000000
0.000000	123530.000000
0.000000	123530.000000
0.000000	123530.000000
0.000000	123530.000000
0.000000	123530.000000
0.000000	123530.000000
0.000000	123530.000000
0.000000	123530.000000
0.000000	123530.000000
0.000000	123530.000000
0.000000	123530.000000
0.000000	123530.000000
0.000000	123530.000000
0.000000	123530.000000
0.000000	123530.000000
0.000000	123530.000000
0.000000	123530.000000
0.000000	123531.000000
0.000000	123531.000000
0.000000	123531.000000
0.000000	123531.000000
0.000000	123531.000000
0.000000	123531.000000
0.000000	123531.000000
0.000000	123531.000000
0.000000	123531.000000
0.000000	123531.000000
0.000000	123531.000000
0.000000	123531.000000
0.000000	123531.000000
0.000000	123531.000000
0.000000	123531.000000
0.000000	123531.000000
0.000000	123531.000000
0.000000	123532.000000
0.000000	123532.000000
0.000000	123532.000000
0.000000	123532.000000
0.000000	123532.000000
0.000000	123532.000000
0.000000	123532.000000
0.000000	123532.000000
0.000000	123532.000000
0.000000	123532.000000
0.000000	123532.000000
0.000000	123532.000000
0.000000	123532.000000
0.000000	123532.000000
0.000000	123532.000000
0.000000	123532.000000
0.000000	123532.000000
0.000000	123533.000000
0.000000	123533.000000
0.000000	123533.000000
0.000000	123533.000000
0.000000	123533.000000
0.000000	123533.000000
0.000000	123533.000000
0.000000	123533.000000
0.000000	123533.000000
0.000000	123533.000000
0.000000	123533.000000
0.000000	123533.000000
0.000000	123533.000000
0.000000	123533.000000
0.000000	123533.000000
0.000000	123533.000000
0.000000	123533.000000
0.000000	123534.000000
0.000000	123534.000000
0.000000	123534.000000
0.000000	123534.000000
0.000000	123534.000000
0.000000	123534.000000
0.000000	123534.000000
0.000000	123534.000000
0.000000	123534.000000
0.000000	123534.000000
0.000000	123534.000000
0.000000	123534.000000
0.000000	123534.000000
0.000000	123534.000000
0.000000	123534.000000
0.000000	123534.000000
0.000000	123534.000000
0.000000	123535.000000
0.000000	123535.000000
0.000000	123535.000000
0.000000	123535.000000
0.000000	123535.000000
0.000000	123535.000000
0.000000	123535.000000
0.000000	123535.000000
0.000000	123535.000000
0.000000	123535.000000
0.000000	123535.000000
0.000000	123535.000000
0.000000	123535.000000
0.000000	123535.000000
0.000000	123535.000000
0.000000	123535.000000
0.000000	123535.000000
0.000000	123536.000000
0.000000	123536.000000
0.000000	123536.000000
0.000000	123536.000000
0.000000	123536.000000
0.000000	123536.000000
0.000000	123536.000000
0.000000	123536.000000
0.000000	123536.000000
0.000000	123536.000000
0.000000	123536.000000
0.000000	123536.000000
0.000000	123536.000000
0.000000	123536.000000
0.000000	123536.000000
0.000000	123536.000000
0.000000	123536.000000
0.000000	123537.000000
0.000000	123537.000000
0.000000	123537.000000
0.000000	123537.000000
0.000000	123537.000000
0.000000	123537.000000
0.000000	123537.000000
0.000000	123537.000000
0.000000	123537.000000
0.000000	123537.000000
0.000000	123537.000000
0.000000	123537.000000
0.000000	123537.000000
0.000000	123537.000000
0.000000	123537.000000
0.000000	123537.000000
0.000000	123537.000000
0.000000	123538.000000
0.000000	123538.000000
0.000000	123538.000000
0.000000	123538.000000
0.000000	123538.000000
0.000000	123538.000000
0.000000	123538.000000
0.000000	123538.000000
0.000000	123538.000000
0.000000	123538.000000
0.000000	123538.000000
0.000000	123538.000000
0.000000	123538.000000
0.000000	123538.000000
0.000000	123538.000000
0.000000	123538.000000
0.000000	123538.000000
0.000000	123539.000000
0.000000	123539.000000
0.000000	123539.000000
0.000000	123539.000000
0.000000	123539.000000
0.000000	123539.000000
0.000000	123539.000000
0.000000	123539.000000
0.000000	123539.000000
0.000000	123539.000000
0.000000	123539.000000
0.000000	123539.000000
0.000000	123539.000000
0.000000	123539.000000
0.000000	123539.000000
0.000000	123539.000000
0.000000	123539.000000
0.000000	123540.000000
0.000000	123540.000000
0.000000	123540.000000
0.000000	123540.000000
0.000000	123540.000000
0.000000	123540.000000
0.000000	123540.000000
0.000000	123540.000000
0.000000	123540.000000
0.000000	123540.000000
0.000000	123540.000000
0.000000	123540.000000
0.000000	123540.000000
0.000000	123540.000000
0.000000	123540.000000
0.000000	123540.000000
0.000000	123540.000000
0.000000	123540.000000
0.000000	123541.000000
0.000000	123541.000000
0.000000	123541.000000
0.000000	123541.000000
0.000000	123541.000000
0.000000	123541.000000
0.000000	123541.000000
0.000000	123541.000000
0.000000	123541.000000
0.000000	123541.000000
0.000000	123541.000000
0.000000	123541.000000
0.000000	123541.000000
0.000000	123541.000000
0.000000	123541.000000
0.000000	123541.000000
0.000000	123541.000000
0.000000	123542.000000
0.000000	123542.000000
0.000000	123542.000000
0.000000	123542.000000
0.000000	123542.000000
0.000000	123542.000000
0.000000	123542.000000
0.000000	123542.000000
0.000000	123542.000000
0.000000	123542.000000
0.000000	123542.000000
0.000000	123542.000000
0.000000	123542.000000
0.000000	123542.000000
0.000000	123542.000000
0.000000	123542.000000
0.000000	123542.000000
0.000000	123543.000000
0.000000	123543.000000
0.000000	123543.000000
0.000000	123543.000000
0.000000	123543.000000
0.000000	123543.000000
0.000000	123543.000000
0.000000	123543.000000
0.000000	123543.000000
0.000000	123543.000000
0.000000	123543.000000
0.000000	123543.000000
0.000000	123543.000000
0.000000	123543.000000
0.000000	123543.000000
0.000000	123543.000000
0.000000	123543.000000
0.000000	123544.000000
0.000000	123544.000000
0.000000	123544.000000
0.000000	123544.000000
0.000000	123544.000000
0.000000	123544.000000
0.000000	123544.000000
0.000000	123544.000000
0.000000	123544.000000
0.000000	123544.000000
0.000000	123544.000000
0.000000	123544.000000
0.000000	123544.000000
0.000000	123544.000000
0.000000	123544.000000
0.000000	123544.000000
0.000000	123544.000000
0.000000	123545.000000
0.000000	123545.000000
0.000000	123545.000000
0.000000	123545.000000
0.000000	123545.000000
0.000000	123545.000000
0.000000	123545.000000
0.000000	123545.000000
0.000000	123545.000000
0.000000	123545.000000
0.000000	123545.000000
0.000000	123545.000000
0.000000	123545.000000
0.000000	123545.000000
0.000000	123545.000000
0.000000	123545.000000
0.000000	123545.000000
0.000000	123546.000000
0.000000	123546.000000
0.000000	123546.000000
0.000000	123546.000000
0.000000	123546.000000
0.000000	123546.000000
0.000000	123546.000000
0.000000	123546.000000
0.000000	123546.000000
0.000000	123546.000000
0.000000	123546.000000
0.000000	123546.000000
0.000000	123546.000000
0.000000	123546.000000
0.000000	123546.000000
0.000000	123546.000000
0.000000	123546.000000
0.000000	123547.000000
0.000000	123547.000000
0.000000	123547.000000
0.000000	123547.000000
0.000000	123547.000000
0.000000	123547.000000
0.000000	123547.000000
0.000000	123547.000000
0.000000	123547.000000
0.000000	123547.000000
0.000000	123547.000000
0.000000	123547.000000
0.000000	123547.000000
0.000000	123547.000000
0.000000	123547.000000
0.000000	123547.000000
0.000000	123547.000000
0.000000	123548.000000
0.000000	123548.000000
0.000000	123548.000000
0.000000	123548.000000
0.000000	123548.000000
0.000000	123548.000000
0.000000	123548.000000
0.000000	123548.000000
