0.000000	71306.000000
0.000000	71306.000000
0.000000	71306.000000
0.000000	71306.000000
0.000000	71306.000000
0.000000	71306.000000
0.000000	71306.000000
0.000000	71306.000000
0.000000	71306.000000
0.000000	71306.000000
0.000000	71307.000000
0.000000	71307.000000
0.000000	71307.000000
0.000000	71307.000000
0.000000	71307.000000
0.000000	71307.000000
0.000000	71307.000000
0.000000	71307.000000
0.000000	71307.000000
0.000000	71307.000000
0.000000	71307.000000
0.000000	71307.000000
0.000000	71307.000000
0.000000	71307.000000
0.000000	71307.000000
0.000000	71307.000000
0.000000	71307.000000
0.000000	71308.000000
0.000000	71308.000000
0.000000	71308.000000
0.000000	71308.000000
0.000000	71308.000000
0.000000	71308.000000
0.000000	71308.000000
0.000000	71308.000000
0.000000	71308.000000
0.000000	71308.000000
0.000000	71308.000000
0.000000	71308.000000
0.000000	71308.000000
0.000000	71308.000000
0.000000	71308.000000
0.000000	71308.000000
0.000000	71308.000000
0.000000	71309.000000
0.000000	71309.000000
0.000000	71309.000000
0.000000	71309.000000
0.000000	71309.000000
0.000000	71309.000000
0.000000	71309.000000
0.000000	71309.000000
0.000000	71309.000000
0.000000	71309.000000
0.000000	71309.000000
0.000000	71309.000000
0.000000	71309.000000
0.000000	71309.000000
0.000000	71309.000000
0.000000	71309.000000
0.000000	71309.000000
0.000000	71310.000000
0.000000	71310.000000
0.000000	71310.000000
0.000000	71310.000000
0.000000	71310.000000
0.000000	71310.000000
0.000000	71310.000000
0.000000	71310.000000
0.000000	71310.000000
0.000000	71310.000000
0.000000	71310.000000
0.000000	71310.000000
0.000000	71310.000000
0.000000	71310.000000
0.000000	71310.000000
0.000000	71310.000000
0.000000	71310.000000
0.000000	71311.000000
0.000000	71311.000000
0.000000	71311.000000
0.000000	71311.000000
0.000000	71311.000000
0.000000	71311.000000
0.000000	71311.000000
0.000000	71311.000000
0.000000	71311.000000
0.000000	71311.000000
0.000000	71311.000000
0.000000	71311.000000
0.000000	71311.000000
0.000000	71311.000000
0.000000	71311.000000
0.000000	71311.000000
0.000000	71311.000000
0.000000	71312.000000
0.000000	71312.000000
0.000000	71312.000000
0.000000	71312.000000
0.000000	71312.000000
0.000000	71312.000000
0.000000	71312.000000
0.000000	71312.000000
0.000000	71312.000000
0.000000	71312.000000
0.000000	71312.000000
0.000000	71312.000000
0.000000	71312.000000
0.000000	71312.000000
0.000000	71312.000000
0.000000	71312.000000
0.000000	71312.000000
0.000000	71313.000000
0.000000	71313.000000
0.000000	71313.000000
0.000000	71313.000000
0.000000	71313.000000
0.000000	71313.000000
0.000000	71313.000000
0.000000	71313.000000
0.000000	71313.000000
0.000000	71313.000000
0.000000	71313.000000
0.000000	71313.000000
0.000000	71313.000000
0.000000	71313.000000
0.000000	71313.000000
0.000000	71313.000000
0.000000	71313.000000
0.000000	71314.000000
0.000000	71314.000000
0.000000	71314.000000
0.000000	71314.000000
0.000000	71314.000000
0.000000	71314.000000
0.000000	71314.000000
0.000000	71314.000000
0.000000	71314.000000
0.000000	71314.000000
0.000000	71314.000000
0.000000	71314.000000
0.000000	71314.000000
0.000000	71314.000000
0.000000	71314.000000
0.000000	71314.000000
0.000000	71314.000000
0.000000	71315.000000
0.000000	71315.000000
0.000000	71315.000000
0.000000	71315.000000
0.000000	71315.000000
0.000000	71315.000000
0.000000	71315.000000
0.000000	71315.000000
0.000000	71315.000000
0.000000	71315.000000
0.000000	71315.000000
0.000000	71315.000000
0.000000	71315.000000
0.000000	71315.000000
0.000000	71315.000000
0.000000	71315.000000
0.000000	71315.000000
0.000000	71316.000000
0.000000	71316.000000
0.000000	71316.000000
0.000000	71316.000000
0.000000	71316.000000
0.000000	71316.000000
0.000000	71316.000000
0.000000	71316.000000
0.000000	71316.000000
0.000000	71316.000000
0.000000	71316.000000
0.000000	71316.000000
0.000000	71316.000000
0.000000	71316.000000
0.000000	71316.000000
0.000000	71316.000000
0.000000	71316.000000
0.000000	71317.000000
0.000000	71317.000000
0.000000	71317.000000
0.000000	71317.000000
0.000000	71317.000000
0.000000	71317.000000
0.000000	71317.000000
0.000000	71317.000000
0.000000	71317.000000
0.000000	71317.000000
0.000000	71317.000000
0.000000	71317.000000
0.000000	71317.000000
0.000000	71317.000000
0.000000	71317.000000
0.000000	71317.000000
0.000000	71317.000000
0.000000	71318.000000
0.000000	71318.000000
0.000000	71318.000000
0.000000	71318.000000
0.000000	71318.000000
0.000000	71318.000000
0.000000	71318.000000
0.000000	71318.000000
0.000000	71318.000000
0.000000	71318.000000
0.000000	71318.000000
0.000000	71318.000000
0.000000	71318.000000
0.000000	71318.000000
0.000000	71318.000000
0.000000	71318.000000
0.000000	71318.000000
0.000000	71318.000000
0.000000	71319.000000
0.000000	71319.000000
0.000000	71319.000000
0.000000	71319.000000
0.000000	71319.000000
0.000000	71319.000000
0.000000	71319.000000
0.000000	71319.000000
0.000000	71319.000000
0.000000	71319.000000
0.000000	71319.000000
0.000000	71319.000000
0.000000	71319.000000
0.000000	71319.000000
0.000000	71319.000000
0.000000	71319.000000
0.000000	71319.000000
0.000000	71320.000000
0.000000	71320.000000
0.000000	71320.000000
0.000000	71320.000000
0.000000	71320.000000
0.000000	71320.000000
0.000000	71320.000000
0.000000	71320.000000
0.000000	71320.000000
0.000000	71320.000000
0.000000	71320.000000
0.000000	71320.000000
0.000000	71320.000000
0.000000	71320.000000
0.000000	71320.000000
0.000000	71320.000000
0.000000	71320.000000
0.000000	71321.000000
0.000000	71321.000000
0.000000	71321.000000
0.000000	71321.000000
0.000000	71321.000000
0.000000	71321.000000
0.000000	71321.000000
0.000000	71321.000000
0.000000	71321.000000
0.000000	71321.000000
0.000000	71321.000000
0.000000	71321.000000
0.000000	71321.000000
0.000000	71321.000000
0.000000	71321.000000
0.000000	71321.000000
0.000000	71321.000000
0.000000	71322.000000
0.000000	71322.000000
0.000000	71322.000000
0.000000	71322.000000
0.000000	71322.000000
0.000000	71322.000000
0.000000	71322.000000
0.000000	71322.000000
0.000000	71322.000000
0.000000	71322.000000
0.000000	71322.000000
0.000000	71322.000000
0.000000	71322.000000
0.000000	71322.000000
0.000000	71322.000000
0.000000	71322.000000
0.000000	71322.000000
0.000000	71323.000000
0.000000	71323.000000
0.000000	71323.000000
0.000000	71323.000000
0.000000	71323.000000
0.000000	71323.000000
0.000000	71323.000000
0.000000	71323.000000
0.000000	71323.000000
0.000000	71323.000000
0.000000	71323.000000
0.000000	71323.000000
0.000000	71323.000000
0.000000	71323.000000
0.000000	71323.000000
0.000000	71323.000000
0.000000	71323.000000
0.000000	71324.000000
0.000000	71324.000000
0.000000	71324.000000
0.000000	71324.000000
0.000000	71324.000000
0.000000	71324.000000
0.000000	71324.000000
0.000000	71324.000000
0.000000	71324.000000
0.000000	71324.000000
0.000000	71324.000000
0.000000	71324.000000
0.000000	71324.000000
0.000000	71324.000000
0.000000	71324.000000
0.000000	71324.000000
0.000000	71324.000000
0.000000	71325.000000
0.000000	71325.000000
0.000000	71325.000000
0.000000	71325.000000
0.000000	71325.000000
0.000000	71325.000000
0.000000	71325.000000
0.000000	71325.000000
0.000000	71325.000000
0.000000	71325.000000
0.000000	71325.000000
0.000000	71325.000000
0.000000	71325.000000
0.000000	71325.000000
0.000000	71325.000000
0.000000	71325.000000
0.000000	71325.000000
0.000000	71326.000000
0.000000	71326.000000
0.000000	71326.000000
0.000000	71326.000000
0.000000	71326.000000
0.000000	71326.000000
0.000000	71326.000000
0.000000	71326.000000
0.000000	71326.000000
0.000000	71326.000000
0.000000	71326.000000
0.000000	71326.000000
0.000000	71326.000000
0.000000	71326.000000
0.000000	71326.000000
0.000000	71326.000000
0.000000	71326.000000
0.000000	71327.000000
0.000000	71327.000000
0.000000	71327.000000
0.000000	71327.000000
0.000000	71327.000000
0.000000	71327.000000
0.000000	71327.000000
0.000000	71327.000000
0.000000	71327.000000
0.000000	71327.000000
0.000000	71327.000000
0.000000	71327.000000
0.000000	71327.000000
0.000000	71327.000000
0.000000	71327.000000
0.000000	71327.000000
0.000000	71327.000000
0.000000	71328.000000
0.000000	71328.000000
0.000000	71328.000000
0.000000	71328.000000
0.000000	71328.000000
0.000000	71328.000000
0.000000	71328.000000
0.000000	71328.000000
0.000000	71328.000000
0.000000	71328.000000
0.000000	71328.000000
0.000000	71328.000000
0.000000	71328.000000
0.000000	71328.000000
0.000000	71328.000000
0.000000	71328.000000
0.000000	71328.000000
0.000000	71329.000000
0.000000	71329.000000
0.000000	71329.000000
0.000000	71329.000000
0.000000	71329.000000
0.000000	71329.000000
0.000000	71329.000000
0.000000	71329.000000
0.000000	71329.000000
0.000000	71329.000000
0.000000	71329.000000
0.000000	71329.000000
0.000000	71329.000000
0.000000	71329.000000
0.000000	71329.000000
0.000000	71329.000000
0.000000	71329.000000
0.000000	71330.000000
0.000000	71330.000000
0.000000	71330.000000
0.000000	71330.000000
0.000000	71330.000000
0.000000	71330.000000
0.000000	71330.000000
0.000000	71330.000000
0.000000	71330.000000
0.000000	71330.000000
0.000000	71330.000000
0.000000	71330.000000
0.000000	71330.000000
0.000000	71330.000000
0.000000	71330.000000
0.000000	71330.000000
0.000000	71330.000000
0.000000	71331.000000
0.000000	71331.000000
0.000000	71331.000000
0.000000	71331.000000
0.000000	71331.000000
0.000000	71331.000000
0.000000	71331.000000
0.000000	71331.000000
0.000000	71331.000000
0.000000	71331.000000
0.000000	71331.000000
0.000000	71331.000000
0.000000	71331.000000
0.000000	71331.000000
0.000000	71331.000000
0.000000	71331.000000
0.000000	71331.000000
0.000000	71332.000000
0.000000	71332.000000
0.000000	71332.000000
0.000000	71332.000000
0.000000	71332.000000
0.000000	71332.000000
0.000000	71332.000000
0.000000	71332.000000
0.000000	71332.000000
0.000000	71332.000000
0.000000	71332.000000
0.000000	71332.000000
0.000000	71332.000000
0.000000	71332.000000
0.000000	71332.000000
0.000000	71332.000000
0.000000	71332.000000
0.000000	71333.000000
0.000000	71333.000000
0.000000	71333.000000
0.000000	71333.000000
0.000000	71333.000000
0.000000	71333.000000
0.000000	71333.000000
0.000000	71333.000000
0.000000	71333.000000
0.000000	71333.000000
0.000000	71333.000000
0.000000	71333.000000
0.000000	71333.000000
0.000000	71333.000000
0.000000	71333.000000
0.000000	71333.000000
0.000000	71333.000000
0.000000	71333.000000
0.000000	71334.000000
0.000000	71334.000000
0.000000	71334.000000
0.000000	71334.000000
0.000000	71334.000000
0.000000	71334.000000
0.000000	71334.000000
0.000000	71334.000000
0.000000	71334.000000
0.000000	71334.000000
0.000000	71334.000000
0.000000	71334.000000
0.000000	71334.000000
0.000000	71334.000000
0.000000	71334.000000
0.000000	71334.000000
0.000000	71334.000000
0.000000	71335.000000
0.000000	71335.000000
0.000000	71335.000000
0.000000	71335.000000
0.000000	71335.000000
0.000000	71335.000000
0.000000	71335.000000
0.000000	71335.000000
0.000000	71335.000000
0.000000	71335.000000
0.000000	71335.000000
0.000000	71335.000000
0.000000	71335.000000
0.000000	71335.000000
0.000000	71335.000000
0.000000	71335.000000
0.000000	71335.000000
0.000000	71336.000000
0.000000	71336.000000
0.000000	71336.000000
0.000000	71336.000000
0.000000	71336.000000
0.000000	71336.000000
0.000000	71336.000000
0.000000	71336.000000
0.000000	71336.000000
0.000000	71336.000000
0.000000	71336.000000
0.000000	71336.000000
0.000000	71336.000000
0.000000	71336.000000
0.000000	71336.000000
0.000000	71336.000000
0.000000	71336.000000
0.000000	71337.000000
0.000000	71337.000000
0.000000	71337.000000
0.000000	71337.000000
0.000000	71337.000000
0.000000	71337.000000
0.000000	71337.000000
0.000000	71337.000000
0.000000	71337.000000
0.000000	71337.000000
0.000000	71337.000000
0.000000	71337.000000
0.000000	71337.000000
0.000000	71337.000000
0.000000	71337.000000
0.000000	71337.000000
0.000000	71337.000000
0.000000	71338.000000
0.000000	71338.000000
0.000000	71338.000000
0.000000	71338.000000
0.000000	71338.000000
0.000000	71338.000000
0.000000	71338.000000
0.000000	71338.000000
0.000000	71338.000000
0.000000	71338.000000
0.000000	71338.000000
0.000000	71338.000000
0.000000	71338.000000
0.000000	71338.000000
0.000000	71338.000000
0.000000	71338.000000
0.000000	71338.000000
0.000000	71339.000000
0.000000	71339.000000
0.000000	71339.000000
0.000000	71339.000000
0.000000	71339.000000
0.000000	71339.000000
0.000000	71339.000000
0.000000	71339.000000
0.000000	71339.000000
0.000000	71339.000000
0.000000	71339.000000
0.000000	71339.000000
0.000000	71339.000000
0.000000	71339.000000
0.000000	71339.000000
0.000000	71339.000000
0.000000	71339.000000
0.000000	71340.000000
0.000000	71340.000000
0.000000	71340.000000
0.000000	71340.000000
0.000000	71340.000000
0.000000	71340.000000
0.000000	71340.000000
0.000000	71340.000000
0.000000	71340.000000
0.000000	71340.000000
0.000000	71340.000000
0.000000	71340.000000
0.000000	71340.000000
0.000000	71340.000000
0.000000	71340.000000
0.000000	71340.000000
0.000000	71340.000000
0.000000	71341.000000
0.000000	71341.000000
0.000000	71341.000000
0.000000	71341.000000
0.000000	71341.000000
0.000000	71341.000000
0.000000	71341.000000
0.000000	71341.000000
0.000000	71341.000000
0.000000	71341.000000
0.000000	71341.000000
0.000000	71341.000000
0.000000	71341.000000
0.000000	71341.000000
0.000000	71341.000000
0.000000	71341.000000
0.000000	71341.000000
0.000000	71342.000000
0.000000	71342.000000
0.000000	71342.000000
0.000000	71342.000000
0.000000	71342.000000
0.000000	71342.000000
0.000000	71342.000000
0.000000	71342.000000
0.000000	71342.000000
0.000000	71342.000000
0.000000	71342.000000
0.000000	71342.000000
0.000000	71342.000000
0.000000	71342.000000
0.000000	71342.000000
0.000000	71342.000000
0.000000	71342.000000
0.000000	71343.000000
0.000000	71343.000000
0.000000	71343.000000
0.000000	71343.000000
0.000000	71343.000000
0.000000	71343.000000
0.000000	71343.000000
0.000000	71343.000000
0.000000	71343.000000
0.000000	71343.000000
0.000000	71343.000000
0.000000	71343.000000
0.000000	71343.000000
0.000000	71343.000000
0.000000	71343.000000
0.000000	71343.000000
0.000000	71343.000000
0.000000	71344.000000
0.000000	71344.000000
0.000000	71344.000000
0.000000	71344.000000
0.000000	71344.000000
0.000000	71344.000000
0.000000	71344.000000
0.000000	71344.000000
0.000000	71344.000000
0.000000	71344.000000
0.000000	71344.000000
0.000000	71344.000000
0.000000	71344.000000
0.000000	71344.000000
0.000000	71344.000000
0.000000	71344.000000
0.000000	71344.000000
0.000000	71345.000000
0.000000	71345.000000
0.000000	71345.000000
0.000000	71345.000000
0.000000	71345.000000
0.000000	71345.000000
0.000000	71345.000000
0.000000	71345.000000
0.000000	71345.000000
0.000000	71345.000000
0.000000	71345.000000
0.000000	71345.000000
0.000000	71345.000000
0.000000	71345.000000
0.000000	71345.000000
0.000000	71345.000000
0.000000	71345.000000
0.000000	71346.000000
0.000000	71346.000000
0.000000	71346.000000
0.000000	71346.000000
0.000000	71346.000000
0.000000	71346.000000
0.000000	71346.000000
0.000000	71346.000000
0.000000	71346.000000
0.000000	71346.000000
0.000000	71346.000000
0.000000	71346.000000
0.000000	71346.000000
0.000000	71346.000000
0.000000	71346.000000
0.000000	71346.000000
0.000000	71346.000000
0.000000	71347.000000
0.000000	71347.000000
0.000000	71347.000000
0.000000	71347.000000
0.000000	71347.000000
0.000000	71347.000000
0.000000	71347.000000
0.000000	71347.000000
0.000000	71347.000000
0.000000	71347.000000
0.000000	71347.000000
0.000000	71347.000000
0.000000	71347.000000
0.000000	71347.000000
0.000000	71347.000000
0.000000	71347.000000
0.000000	71347.000000
0.000000	71348.000000
0.000000	71348.000000
0.000000	71348.000000
0.000000	71348.000000
0.000000	71348.000000
0.000000	71348.000000
0.000000	71348.000000
0.000000	71348.000000
0.000000	71348.000000
0.000000	71348.000000
0.000000	71348.000000
0.000000	71348.000000
0.000000	71348.000000
0.000000	71348.000000
0.000000	71348.000000
0.000000	71348.000000
0.000000	71348.000000
0.000000	71348.000000
0.000000	71349.000000
0.000000	71349.000000
0.000000	71349.000000
0.000000	71349.000000
0.000000	71349.000000
0.000000	71349.000000
0.000000	71349.000000
0.000000	71349.000000
0.000000	71349.000000
0.000000	71349.000000
0.000000	71349.000000
0.000000	71349.000000
0.000000	71349.000000
0.000000	71349.000000
0.000000	71349.000000
0.000000	71349.000000
0.000000	71349.000000
0.000000	71350.000000
0.000000	71350.000000
0.000000	71350.000000
0.000000	71350.000000
0.000000	71350.000000
0.000000	71350.000000
0.000000	71350.000000
0.000000	71350.000000
0.000000	71350.000000
0.000000	71350.000000
0.000000	71350.000000
0.000000	71350.000000
0.000000	71350.000000
0.000000	71350.000000
0.000000	71350.000000
0.000000	71350.000000
0.000000	71350.000000
0.000000	71351.000000
0.000000	71351.000000
0.000000	71351.000000
0.000000	71351.000000
0.000000	71351.000000
0.000000	71351.000000
0.000000	71351.000000
0.000000	71351.000000
0.000000	71351.000000
0.000000	71351.000000
0.000000	71351.000000
0.000000	71351.000000
0.000000	71351.000000
0.000000	71351.000000
0.000000	71351.000000
0.000000	71351.000000
0.000000	71351.000000
0.000000	71352.000000
0.000000	71352.000000
0.000000	71352.000000
0.000000	71352.000000
0.000000	71352.000000
0.000000	71352.000000
0.000000	71352.000000
0.000000	71352.000000
0.000000	71352.000000
0.000000	71352.000000
0.000000	71352.000000
0.000000	71352.000000
0.000000	71352.000000
0.000000	71352.000000
0.000000	71352.000000
0.000000	71352.000000
0.000000	71352.000000
0.000000	71353.000000
0.000000	71353.000000
0.000000	71353.000000
0.000000	71353.000000
0.000000	71353.000000
0.000000	71353.000000
0.000000	71353.000000
0.000000	71353.000000
0.000000	71353.000000
0.000000	71353.000000
0.000000	71353.000000
0.000000	71353.000000
0.000000	71353.000000
0.000000	71353.000000
0.000000	71353.000000
0.000000	71353.000000
0.000000	71353.000000
0.000000	71354.000000
0.000000	71354.000000
0.000000	71354.000000
0.000000	71354.000000
0.000000	71354.000000
0.000000	71354.000000
0.000000	71354.000000
0.000000	71354.000000
0.000000	71354.000000
0.000000	71354.000000
0.000000	71354.000000
0.000000	71354.000000
0.000000	71354.000000
0.000000	71354.000000
0.000000	71354.000000
0.000000	71354.000000
0.000000	71354.000000
0.000000	71355.000000
0.000000	71355.000000
0.000000	71355.000000
0.000000	71355.000000
0.000000	71355.000000
0.000000	71355.000000
0.000000	71355.000000
0.000000	71355.000000
0.000000	71355.000000
0.000000	71355.000000
0.000000	71355.000000
0.000000	71355.000000
0.000000	71355.000000
0.000000	71355.000000
0.000000	71355.000000
0.000000	71355.000000
0.000000	71355.000000
0.000000	71356.000000
0.000000	71356.000000
0.000000	71356.000000
0.000000	71356.000000
0.000000	71356.000000
0.000000	71356.000000
0.000000	71356.000000
0.000000	71356.000000
0.000000	71356.000000
0.000000	71356.000000
0.000000	71356.000000
0.000000	71356.000000
0.000000	71356.000000
0.000000	71356.000000
0.000000	71356.000000
0.000000	71356.000000
0.000000	71356.000000
0.000000	71357.000000
0.000000	71357.000000
0.000000	71357.000000
0.000000	71357.000000
0.000000	71357.000000
0.000000	71357.000000
0.000000	71357.000000
0.000000	71357.000000
0.000000	71357.000000
0.000000	71357.000000
0.000000	71357.000000
0.000000	71357.000000
0.000000	71357.000000
0.000000	71357.000000
0.000000	71357.000000
0.000000	71357.000000
0.000000	71357.000000
0.000000	71358.000000
0.000000	71358.000000
0.000000	71358.000000
0.000000	71358.000000
0.000000	71358.000000
0.000000	71358.000000
0.000000	71358.000000
0.000000	71358.000000
0.000000	71358.000000
0.000000	71358.000000
0.000000	71358.000000
0.000000	71358.000000
0.000000	71358.000000
0.000000	71358.000000
0.000000	71358.000000
0.000000	71358.000000
0.000000	71358.000000
0.000000	71359.000000
0.000000	71359.000000
0.000000	71359.000000
0.000000	71359.000000
0.000000	71359.000000
0.000000	71359.000000
0.000000	71359.000000
0.000000	71359.000000
0.000000	71359.000000
0.000000	71359.000000
0.000000	71359.000000
0.000000	71359.000000
0.000000	71359.000000
0.000000	71359.000000
0.000000	71359.000000
0.000000	71359.000000
0.000000	71359.000000
0.000000	71400.000000
0.000000	71400.000000
0.000000	71400.000000
0.000000	71400.000000
0.000000	71400.000000
0.000000	71400.000000
0.000000	71400.000000
0.000000	71400.000000
0.000000	71400.000000
0.000000	71400.000000
0.000000	71400.000000
0.000000	71400.000000
0.000000	71400.000000
0.000000	71400.000000
0.000000	71400.000000
0.000000	71400.000000
0.000000	71400.000000
0.000000	71401.000000
0.000000	71401.000000
0.000000	71401.000000
0.000000	71401.000000
0.000000	71401.000000
0.000000	71401.000000
0.000000	71401.000000
0.000000	71401.000000
0.000000	71401.000000
0.000000	71401.000000
0.000000	71401.000000
0.000000	71401.000000
0.000000	71401.000000
0.000000	71401.000000
0.000000	71401.000000
0.000000	71401.000000
0.000000	71401.000000
0.000000	71402.000000
0.000000	71402.000000
0.000000	71402.000000
0.000000	71402.000000
0.000000	71402.000000
0.000000	71402.000000
0.000000	71402.000000
0.000000	71402.000000
0.000000	71402.000000
0.000000	71402.000000
0.000000	71402.000000
0.000000	71402.000000
0.000000	71402.000000
0.000000	71402.000000
0.000000	71402.000000
0.000000	71402.000000
0.000000	71402.000000
0.000000	71403.000000
0.000000	71403.000000
0.000000	71403.000000
0.000000	71403.000000
0.000000	71403.000000
0.000000	71403.000000
0.000000	71403.000000
0.000000	71403.000000
0.000000	71403.000000
0.000000	71403.000000
0.000000	71403.000000
0.000000	71403.000000
0.000000	71403.000000
0.000000	71403.000000
0.000000	71403.000000
0.000000	71403.000000
0.000000	71403.000000
0.000000	71403.000000
0.000000	71404.000000
0.000000	71404.000000
0.000000	71404.000000
0.000000	71404.000000
0.000000	71404.000000
0.000000	71404.000000
0.000000	71404.000000
0.000000	71404.000000
0.000000	71404.000000
0.000000	71404.000000
0.000000	71404.000000
0.000000	71404.000000
0.000000	71404.000000
0.000000	71404.000000
0.000000	71404.000000
0.000000	71404.000000
0.000000	71404.000000
0.000000	71405.000000
0.000000	71405.000000
0.000000	71405.000000
0.000000	71405.000000
0.000000	71405.000000
0.000000	71405.000000
0.000000	71405.000000
0.000000	71405.000000
0.000000	71405.000000
0.000000	71405.000000
0.000000	71405.000000
0.000000	71405.000000
0.000000	71405.000000
0.000000	71405.000000
0.000000	71405.000000
0.000000	71405.000000
0.000000	71405.000000
0.000000	71406.000000
0.000000	71406.000000
0.000000	71406.000000
0.000000	71406.000000
0.000000	71406.000000
0.000000	71406.000000
0.000000	71406.000000
0.000000	71406.000000
0.000000	71406.000000
0.000000	71406.000000
0.000000	71406.000000
0.000000	71406.000000
0.000000	71406.000000
0.000000	71406.000000
0.000000	71406.000000
0.000000	71406.000000
0.000000	71406.000000
0.000000	71407.000000
0.000000	71407.000000
0.000000	71407.000000
0.000000	71407.000000
0.000000	71407.000000
0.000000	71407.000000
0.000000	71407.000000
0.000000	71407.000000
0.000000	71407.000000
0.000000	71407.000000
0.000000	71407.000000
0.000000	71407.000000
0.000000	71407.000000
0.000000	71407.000000
0.000000	71407.000000
0.000000	71407.000000
0.000000	71407.000000
0.000000	71408.000000
0.000000	71408.000000
0.000000	71408.000000
0.000000	71408.000000
0.000000	71408.000000
0.000000	71408.000000
0.000000	71408.000000
0.000000	71408.000000
0.000000	71408.000000
0.000000	71408.000000
0.000000	71408.000000
0.000000	71408.000000
0.000000	71408.000000
0.000000	71408.000000
0.000000	71408.000000
0.000000	71408.000000
0.000000	71408.000000
0.000000	71409.000000
0.000000	71409.000000
0.000000	71409.000000
0.000000	71409.000000
0.000000	71409.000000
0.000000	71409.000000
0.000000	71409.000000
0.000000	71409.000000
0.000000	71409.000000
0.000000	71409.000000
0.000000	71409.000000
0.000000	71409.000000
0.000000	71409.000000
0.000000	71409.000000
0.000000	71409.000000
0.000000	71409.000000
0.000000	71409.000000
0.000000	71410.000000
0.000000	71410.000000
0.000000	71410.000000
0.000000	71410.000000
0.000000	71410.000000
0.000000	71410.000000
0.000000	71410.000000
0.000000	71410.000000
0.000000	71410.000000
0.000000	71410.000000
0.000000	71410.000000
0.000000	71410.000000
0.000000	71410.000000
0.000000	71410.000000
0.000000	71410.000000
0.000000	71410.000000
0.000000	71410.000000
0.000000	71411.000000
0.000000	71411.000000
0.000000	71411.000000
0.000000	71411.000000
0.000000	71411.000000
0.000000	71411.000000
0.000000	71411.000000
0.000000	71411.000000
0.000000	71411.000000
0.000000	71411.000000
0.000000	71411.000000
0.000000	71411.000000
0.000000	71411.000000
0.000000	71411.000000
0.000000	71411.000000
0.000000	71411.000000
0.000000	71411.000000
0.000000	71412.000000
0.000000	71412.000000
0.000000	71412.000000
0.000000	71412.000000
0.000000	71412.000000
0.000000	71412.000000
0.000000	71412.000000
0.000000	71412.000000
0.000000	71412.000000
0.000000	71412.000000
0.000000	71412.000000
0.000000	71412.000000
0.000000	71412.000000
0.000000	71412.000000
0.000000	71412.000000
0.000000	71412.000000
0.000000	71412.000000
0.000000	71413.000000
0.000000	71413.000000
0.000000	71413.000000
0.000000	71413.000000
0.000000	71413.000000
0.000000	71413.000000
0.000000	71413.000000
0.000000	71413.000000
0.000000	71413.000000
0.000000	71413.000000
0.000000	71413.000000
0.000000	71413.000000
0.000000	71413.000000
0.000000	71413.000000
0.000000	71413.000000
0.000000	71413.000000
0.000000	71413.000000
0.000000	71414.000000
0.000000	71414.000000
0.000000	71414.000000
0.000000	71414.000000
0.000000	71414.000000
0.000000	71414.000000
0.000000	71414.000000
0.000000	71414.000000
0.000000	71414.000000
0.000000	71414.000000
0.000000	71414.000000
0.000000	71414.000000
0.000000	71414.000000
0.000000	71414.000000
0.000000	71414.000000
0.000000	71414.000000
0.000000	71414.000000
0.000000	71415.000000
0.000000	71415.000000
0.000000	71415.000000
0.000000	71415.000000
0.000000	71415.000000
0.000000	71415.000000
0.000000	71415.000000
0.000000	71415.000000
0.000000	71415.000000
0.000000	71415.000000
0.000000	71415.000000
0.000000	71415.000000
0.000000	71415.000000
0.000000	71415.000000
0.000000	71415.000000
0.000000	71415.000000
0.000000	71415.000000
0.000000	71416.000000
0.000000	71416.000000
0.000000	71416.000000
0.000000	71416.000000
0.000000	71416.000000
0.000000	71416.000000
0.000000	71416.000000
0.000000	71416.000000
0.000000	71416.000000
0.000000	71416.000000
0.000000	71416.000000
0.000000	71416.000000
0.000000	71416.000000
0.000000	71416.000000
0.000000	71416.000000
0.000000	71416.000000
0.000000	71416.000000
0.000000	71417.000000
0.000000	71417.000000
0.000000	71417.000000
0.000000	71417.000000
0.000000	71417.000000
0.000000	71417.000000
0.000000	71417.000000
0.000000	71417.000000
0.000000	71417.000000
0.000000	71417.000000
0.000000	71417.000000
0.000000	71417.000000
0.000000	71417.000000
0.000000	71417.000000
0.000000	71417.000000
0.000000	71417.000000
0.000000	71417.000000
0.000000	71418.000000
0.000000	71418.000000
0.000000	71418.000000
0.000000	71418.000000
0.000000	71418.000000
0.000000	71418.000000
0.000000	71418.000000
0.000000	71418.000000
0.000000	71418.000000
0.000000	71418.000000
0.000000	71418.000000
0.000000	71418.000000
0.000000	71418.000000
0.000000	71418.000000
0.000000	71418.000000
0.000000	71418.000000
0.000000	71418.000000
0.000000	71418.000000
0.000000	71419.000000
0.000000	71419.000000
0.000000	71419.000000
0.000000	71419.000000
0.000000	71419.000000
0.000000	71419.000000
0.000000	71419.000000
0.000000	71419.000000
0.000000	71419.000000
0.000000	71419.000000
0.000000	71419.000000
0.000000	71419.000000
0.000000	71419.000000
0.000000	71419.000000
0.000000	71419.000000
0.000000	71419.000000
0.000000	71419.000000
0.000000	71420.000000
0.000000	71420.000000
0.000000	71420.000000
0.000000	71420.000000
0.000000	71420.000000
0.000000	71420.000000
0.000000	71420.000000
0.000000	71420.000000
0.000000	71420.000000
0.000000	71420.000000
0.000000	71420.000000
0.000000	71420.000000
0.000000	71420.000000
0.000000	71420.000000
0.000000	71420.000000
0.000000	71420.000000
0.000000	71420.000000
0.000000	71421.000000
0.000000	71421.000000
0.000000	71421.000000
0.000000	71421.000000
0.000000	71421.000000
0.000000	71421.000000
0.000000	71421.000000
0.000000	71421.000000
0.000000	71421.000000
0.000000	71421.000000
0.000000	71421.000000
0.000000	71421.000000
0.000000	71421.000000
0.000000	71421.000000
0.000000	71421.000000
0.000000	71421.000000
0.000000	71421.000000
0.000000	71422.000000
0.000000	71422.000000
0.000000	71422.000000
0.000000	71422.000000
0.000000	71422.000000
0.000000	71422.000000
0.000000	71422.000000
0.000000	71422.000000
0.000000	71422.000000
0.000000	71422.000000
0.000000	71422.000000
0.000000	71422.000000
0.000000	71422.000000
0.000000	71422.000000
0.000000	71422.000000
0.000000	71422.000000
0.000000	71422.000000
0.000000	71423.000000
0.000000	71423.000000
0.000000	71423.000000
0.000000	71423.000000
0.000000	71423.000000
0.000000	71423.000000
0.000000	71423.000000
0.000000	71423.000000
0.000000	71423.000000
0.000000	71423.000000
0.000000	71423.000000
0.000000	71423.000000
0.000000	71423.000000
0.000000	71423.000000
0.000000	71423.000000
0.000000	71423.000000
0.000000	71423.000000
0.000000	71424.000000
0.000000	71424.000000
0.000000	71424.000000
0.000000	71424.000000
0.000000	71424.000000
0.000000	71424.000000
0.000000	71424.000000
0.000000	71424.000000
0.000000	71424.000000
0.000000	71424.000000
0.000000	71424.000000
0.000000	71424.000000
0.000000	71424.000000
0.000000	71424.000000
0.000000	71424.000000
0.000000	71424.000000
0.000000	71424.000000
0.000000	71425.000000
0.000000	71425.000000
0.000000	71425.000000
0.000000	71425.000000
0.000000	71425.000000
0.000000	71425.000000
0.000000	71425.000000
0.000000	71425.000000
0.000000	71425.000000
0.000000	71425.000000
0.000000	71425.000000
0.000000	71425.000000
0.000000	71425.000000
0.000000	71425.000000
0.000000	71425.000000
0.000000	71425.000000
0.000000	71425.000000
0.000000	71426.000000
0.000000	71426.000000
0.000000	71426.000000
0.000000	71426.000000
0.000000	71426.000000
0.000000	71426.000000
0.000000	71426.000000
0.000000	71426.000000
0.000000	71426.000000
0.000000	71426.000000
0.000000	71426.000000
0.000000	71426.000000
0.000000	71426.000000
0.000000	71426.000000
0.000000	71426.000000
0.000000	71426.000000
0.000000	71426.000000
0.000000	71427.000000
0.000000	71427.000000
0.000000	71427.000000
0.000000	71427.000000
0.000000	71427.000000
0.000000	71427.000000
0.000000	71427.000000
0.000000	71427.000000
0.000000	71427.000000
0.000000	71427.000000
0.000000	71427.000000
0.000000	71427.000000
0.000000	71427.000000
0.000000	71427.000000
0.000000	71427.000000
0.000000	71427.000000
0.000000	71427.000000
0.000000	71428.000000
0.000000	71428.000000
0.000000	71428.000000
0.000000	71428.000000
0.000000	71428.000000
0.000000	71428.000000
0.000000	71428.000000
0.000000	71428.000000
0.000000	71428.000000
0.000000	71428.000000
0.000000	71428.000000
0.000000	71428.000000
0.000000	71428.000000
0.000000	71428.000000
0.000000	71428.000000
0.000000	71428.000000
0.000000	71428.000000
0.000000	71429.000000
0.000000	71429.000000
0.000000	71429.000000
0.000000	71429.000000
0.000000	71429.000000
0.000000	71429.000000
0.000000	71429.000000
0.000000	71429.000000
0.000000	71429.000000
0.000000	71429.000000
0.000000	71429.000000
0.000000	71429.000000
0.000000	71429.000000
0.000000	71429.000000
0.000000	71429.000000
0.000000	71429.000000
0.000000	71429.000000
0.000000	71430.000000
0.000000	71430.000000
0.000000	71430.000000
0.000000	71430.000000
0.000000	71430.000000
0.000000	71430.000000
0.000000	71430.000000
0.000000	71430.000000
0.000000	71430.000000
0.000000	71430.000000
0.000000	71430.000000
0.000000	71430.000000
0.000000	71430.000000
0.000000	71430.000000
0.000000	71430.000000
0.000000	71430.000000
0.000000	71430.000000
0.000000	71431.000000
0.000000	71431.000000
0.000000	71431.000000
0.000000	71431.000000
0.000000	71431.000000
0.000000	71431.000000
0.000000	71431.000000
0.000000	71431.000000
0.000000	71431.000000
0.000000	71431.000000
0.000000	71431.000000
0.000000	71431.000000
0.000000	71431.000000
0.000000	71431.000000
0.000000	71431.000000
0.000000	71431.000000
0.000000	71431.000000
0.000000	71432.000000
0.000000	71432.000000
0.000000	71432.000000
0.000000	71432.000000
0.000000	71432.000000
0.000000	71432.000000
0.000000	71432.000000
0.000000	71432.000000
0.000000	71432.000000
0.000000	71432.000000
0.000000	71432.000000
0.000000	71432.000000
0.000000	71432.000000
0.000000	71432.000000
0.000000	71432.000000
0.000000	71432.000000
0.000000	71432.000000
0.000000	71433.000000
0.000000	71433.000000
0.000000	71433.000000
0.000000	71433.000000
0.000000	71433.000000
0.000000	71433.000000
0.000000	71433.000000
0.000000	71433.000000
0.000000	71433.000000
0.000000	71433.000000
0.000000	71433.000000
0.000000	71433.000000
0.000000	71433.000000
0.000000	71433.000000
0.000000	71433.000000
0.000000	71433.000000
0.000000	71433.000000
0.000000	71433.000000
0.000000	71434.000000
0.000000	71434.000000
0.000000	71434.000000
0.000000	71434.000000
0.000000	71434.000000
0.000000	71434.000000
0.000000	71434.000000
0.000000	71434.000000
0.000000	71434.000000
0.000000	71434.000000
0.000000	71434.000000
0.000000	71434.000000
0.000000	71434.000000
0.000000	71434.000000
0.000000	71434.000000
0.000000	71434.000000
0.000000	71434.000000
0.000000	71435.000000
0.000000	71435.000000
0.000000	71435.000000
0.000000	71435.000000
0.000000	71435.000000
0.000000	71435.000000
0.000000	71435.000000
0.000000	71435.000000
0.000000	71435.000000
0.000000	71435.000000
0.000000	71435.000000
0.000000	71435.000000
0.000000	71435.000000
0.000000	71435.000000
0.000000	71435.000000
0.000000	71435.000000
0.000000	71435.000000
0.000000	71436.000000
0.000000	71436.000000
0.000000	71436.000000
0.000000	71436.000000
0.000000	71436.000000
0.000000	71436.000000
0.000000	71436.000000
0.000000	71436.000000
0.000000	71436.000000
0.000000	71436.000000
0.000000	71436.000000
0.000000	71436.000000
0.000000	71436.000000
0.000000	71436.000000
0.000000	71436.000000
0.000000	71436.000000
0.000000	71436.000000
0.000000	71437.000000
0.000000	71437.000000
0.000000	71437.000000
0.000000	71437.000000
0.000000	71437.000000
0.000000	71437.000000
0.000000	71437.000000
0.000000	71437.000000
0.000000	71437.000000
0.000000	71437.000000
0.000000	71437.000000
0.000000	71437.000000
0.000000	71437.000000
0.000000	71437.000000
0.000000	71437.000000
0.000000	71437.000000
0.000000	71437.000000
0.000000	71438.000000
0.000000	71438.000000
0.000000	71438.000000
0.000000	71438.000000
0.000000	71438.000000
0.000000	71438.000000
0.000000	71438.000000
0.000000	71438.000000
0.000000	71438.000000
0.000000	71438.000000
0.000000	71438.000000
0.000000	71438.000000
0.000000	71438.000000
0.000000	71438.000000
0.000000	71438.000000
0.000000	71438.000000
0.000000	71438.000000
0.000000	71439.000000
0.000000	71439.000000
0.000000	71439.000000
0.000000	71439.000000
0.000000	71439.000000
0.000000	71439.000000
0.000000	71439.000000
0.000000	71439.000000
0.000000	71439.000000
0.000000	71439.000000
0.000000	71439.000000
0.000000	71439.000000
0.000000	71439.000000
0.000000	71439.000000
0.000000	71439.000000
0.000000	71439.000000
0.000000	71439.000000
0.000000	71440.000000
0.000000	71440.000000
0.000000	71440.000000
0.000000	71440.000000
0.000000	71440.000000
0.000000	71440.000000
0.000000	71440.000000
0.000000	71440.000000
0.000000	71440.000000
0.000000	71440.000000
0.000000	71440.000000
0.000000	71440.000000
0.000000	71440.000000
0.000000	71440.000000
0.000000	71440.000000
0.000000	71440.000000
0.000000	71440.000000
0.000000	71441.000000
0.000000	71441.000000
0.000000	71441.000000
0.000000	71441.000000
0.000000	71441.000000
0.000000	71441.000000
0.000000	71441.000000
0.000000	71441.000000
0.000000	71441.000000
0.000000	71441.000000
0.000000	71441.000000
0.000000	71441.000000
0.000000	71441.000000
0.000000	71441.000000
0.000000	71441.000000
0.000000	71441.000000
0.000000	71441.000000
0.000000	71442.000000
0.000000	71442.000000
0.000000	71442.000000
0.000000	71442.000000
0.000000	71442.000000
0.000000	71442.000000
0.000000	71442.000000
0.000000	71442.000000
0.000000	71442.000000
0.000000	71442.000000
0.000000	71442.000000
0.000000	71442.000000
0.000000	71442.000000
0.000000	71442.000000
0.000000	71442.000000
0.000000	71442.000000
0.000000	71442.000000
0.000000	71443.000000
0.000000	71443.000000
0.000000	71443.000000
0.000000	71443.000000
0.000000	71443.000000
0.000000	71443.000000
0.000000	71443.000000
0.000000	71443.000000
0.000000	71443.000000
0.000000	71443.000000
0.000000	71443.000000
0.000000	71443.000000
0.000000	71443.000000
0.000000	71443.000000
0.000000	71443.000000
0.000000	71443.000000
0.000000	71443.000000
0.000000	71444.000000
0.000000	71444.000000
0.000000	71444.000000
0.000000	71444.000000
0.000000	71444.000000
0.000000	71444.000000
0.000000	71444.000000
0.000000	71444.000000
0.000000	71444.000000
0.000000	71444.000000
0.000000	71444.000000
0.000000	71444.000000
0.000000	71444.000000
0.000000	71444.000000
0.000000	71444.000000
0.000000	71444.000000
0.000000	71444.000000
0.000000	71445.000000
0.000000	71445.000000
0.000000	71445.000000
0.000000	71445.000000
0.000000	71445.000000
0.000000	71445.000000
0.000000	71445.000000
0.000000	71445.000000
0.000000	71445.000000
0.000000	71445.000000
0.000000	71445.000000
0.000000	71445.000000
0.000000	71445.000000
0.000000	71445.000000
0.000000	71445.000000
0.000000	71445.000000
0.000000	71445.000000
0.000000	71446.000000
0.000000	71446.000000
0.000000	71446.000000
0.000000	71446.000000
0.000000	71446.000000
0.000000	71446.000000
0.000000	71446.000000
0.000000	71446.000000
0.000000	71446.000000
0.000000	71446.000000
0.000000	71446.000000
0.000000	71446.000000
0.000000	71446.000000
0.000000	71446.000000
0.000000	71446.000000
0.000000	71446.000000
0.000000	71446.000000
0.000000	71447.000000
0.000000	71447.000000
0.000000	71447.000000
0.000000	71447.000000
0.000000	71447.000000
0.000000	71447.000000
0.000000	71447.000000
0.000000	71447.000000
0.000000	71447.000000
0.000000	71447.000000
0.000000	71447.000000
0.000000	71447.000000
0.000000	71447.000000
0.000000	71447.000000
0.000000	71447.000000
0.000000	71447.000000
0.000000	71447.000000
0.000000	71448.000000
0.000000	71448.000000
0.000000	71448.000000
0.000000	71448.000000
0.000000	71448.000000
0.000000	71448.000000
0.000000	71448.000000
0.000000	71448.000000
0.000000	71448.000000
0.000000	71448.000000
0.000000	71448.000000
0.000000	71448.000000
0.000000	71448.000000
0.000000	71448.000000
0.000000	71448.000000
0.000000	71448.000000
0.000000	71448.000000
0.000000	71448.000000
0.000000	71449.000000
0.000000	71449.000000
0.000000	71449.000000
0.000000	71449.000000
0.000000	71449.000000
0.000000	71449.000000
0.000000	71449.000000
0.000000	71449.000000
0.000000	71449.000000
0.000000	71449.000000
0.000000	71449.000000
0.000000	71449.000000
0.000000	71449.000000
0.000000	71449.000000
0.000000	71449.000000
0.000000	71449.000000
0.000000	71449.000000
0.000000	71450.000000
0.000000	71450.000000
0.000000	71450.000000
0.000000	71450.000000
0.000000	71450.000000
0.000000	71450.000000
0.000000	71450.000000
0.000000	71450.000000
0.000000	71450.000000
0.000000	71450.000000
0.000000	71450.000000
0.000000	71450.000000
0.000000	71450.000000
0.000000	71450.000000
0.000000	71450.000000
0.000000	71450.000000
0.000000	71450.000000
0.000000	71451.000000
0.000000	71451.000000
0.000000	71451.000000
0.000000	71451.000000
0.000000	71451.000000
0.000000	71451.000000
0.000000	71451.000000
0.000000	71451.000000
0.000000	71451.000000
0.000000	71451.000000
0.000000	71451.000000
0.000000	71451.000000
0.000000	71451.000000
0.000000	71451.000000
0.000000	71451.000000
0.000000	71451.000000
0.000000	71451.000000
0.000000	71452.000000
0.000000	71452.000000
0.000000	71452.000000
0.000000	71452.000000
0.000000	71452.000000
0.000000	71452.000000
0.000000	71452.000000
0.000000	71452.000000
0.000000	71452.000000
0.000000	71452.000000
0.000000	71452.000000
0.000000	71452.000000
0.000000	71452.000000
0.000000	71452.000000
0.000000	71452.000000
0.000000	71452.000000
0.000000	71452.000000
0.000000	71453.000000
0.000000	71453.000000
0.000000	71453.000000
0.000000	71453.000000
0.000000	71453.000000
0.000000	71453.000000
0.000000	71453.000000
0.000000	71453.000000
0.000000	71453.000000
0.000000	71453.000000
0.000000	71453.000000
0.000000	71453.000000
0.000000	71453.000000
0.000000	71453.000000
0.000000	71453.000000
0.000000	71453.000000
0.000000	71453.000000
0.000000	71454.000000
0.000000	71454.000000
0.000000	71454.000000
0.000000	71454.000000
0.000000	71454.000000
0.000000	71454.000000
0.000000	71454.000000
0.000000	71454.000000
0.000000	71454.000000
0.000000	71454.000000
0.000000	71454.000000
0.000000	71454.000000
0.000000	71454.000000
0.000000	71454.000000
0.000000	71454.000000
0.000000	71454.000000
0.000000	71454.000000
0.000000	71455.000000
0.000000	71455.000000
0.000000	71455.000000
0.000000	71455.000000
0.000000	71455.000000
0.000000	71455.000000
0.000000	71455.000000
0.000000	71455.000000
0.000000	71455.000000
0.000000	71455.000000
0.000000	71455.000000
0.000000	71455.000000
0.000000	71455.000000
0.000000	71455.000000
0.000000	71455.000000
0.000000	71455.000000
0.000000	71455.000000
0.000000	71456.000000
0.000000	71456.000000
0.000000	71456.000000
0.000000	71456.000000
0.000000	71456.000000
0.000000	71456.000000
0.000000	71456.000000
0.000000	71456.000000
0.000000	71456.000000
0.000000	71456.000000
0.000000	71456.000000
0.000000	71456.000000
0.000000	71456.000000
0.000000	71456.000000
0.000000	71456.000000
0.000000	71456.000000
0.000000	71456.000000
0.000000	71457.000000
0.000000	71457.000000
0.000000	71457.000000
0.000000	71457.000000
0.000000	71457.000000
0.000000	71457.000000
0.000000	71457.000000
0.000000	71457.000000
0.000000	71457.000000
0.000000	71457.000000
0.000000	71457.000000
0.000000	71457.000000
0.000000	71457.000000
0.000000	71457.000000
0.000000	71457.000000
0.000000	71457.000000
0.000000	71457.000000
0.000000	71458.000000
0.000000	71458.000000
0.000000	71458.000000
0.000000	71458.000000
0.000000	71458.000000
0.000000	71458.000000
0.000000	71458.000000
0.000000	71458.000000
0.000000	71458.000000
0.000000	71458.000000
0.000000	71458.000000
0.000000	71458.000000
0.000000	71458.000000
0.000000	71458.000000
0.000000	71458.000000
0.000000	71458.000000
0.000000	71458.000000
0.000000	71459.000000
0.000000	71459.000000
0.000000	71459.000000
0.000000	71459.000000
0.000000	71459.000000
0.000000	71459.000000
0.000000	71459.000000
0.000000	71459.000000
0.000000	71459.000000
0.000000	71459.000000
0.000000	71459.000000
0.000000	71459.000000
0.000000	71459.000000
0.000000	71459.000000
0.000000	71459.000000
0.000000	71459.000000
0.000000	71459.000000
0.000000	71500.000000
0.000000	71500.000000
0.000000	71500.000000
0.000000	71500.000000
0.000000	71500.000000
0.000000	71500.000000
0.000000	71500.000000
0.000000	71500.000000
0.000000	71500.000000
0.000000	71500.000000
0.000000	71500.000000
0.000000	71500.000000
0.000000	71500.000000
0.000000	71500.000000
0.000000	71500.000000
0.000000	71500.000000
0.000000	71500.000000
0.000000	71501.000000
0.000000	71501.000000
0.000000	71501.000000
0.000000	71501.000000
0.000000	71501.000000
0.000000	71501.000000
0.000000	71501.000000
0.000000	71501.000000
0.000000	71501.000000
0.000000	71501.000000
0.000000	71501.000000
0.000000	71501.000000
0.000000	71501.000000
0.000000	71501.000000
0.000000	71501.000000
0.000000	71501.000000
0.000000	71501.000000
0.000000	71502.000000
0.000000	71502.000000
0.000000	71502.000000
0.000000	71502.000000
0.000000	71502.000000
0.000000	71502.000000
0.000000	71502.000000
0.000000	71502.000000
0.000000	71502.000000
0.000000	71502.000000
0.000000	71502.000000
0.000000	71502.000000
0.000000	71502.000000
0.000000	71502.000000
0.000000	71502.000000
0.000000	71502.000000
0.000000	71502.000000
0.000000	71503.000000
0.000000	71503.000000
0.000000	71503.000000
0.000000	71503.000000
0.000000	71503.000000
0.000000	71503.000000
0.000000	71503.000000
0.000000	71503.000000
0.000000	71503.000000
0.000000	71503.000000
0.000000	71503.000000
0.000000	71503.000000
0.000000	71503.000000
0.000000	71503.000000
0.000000	71503.000000
0.000000	71503.000000
0.000000	71503.000000
0.000000	71503.000000
0.000000	71504.000000
0.000000	71504.000000
0.000000	71504.000000
0.000000	71504.000000
0.000000	71504.000000
0.000000	71504.000000
0.000000	71504.000000
0.000000	71504.000000
0.000000	71504.000000
0.000000	71504.000000
0.000000	71504.000000
0.000000	71504.000000
0.000000	71504.000000
0.000000	71504.000000
0.000000	71504.000000
0.000000	71504.000000
0.000000	71504.000000
0.000000	71505.000000
0.000000	71505.000000
0.000000	71505.000000
0.000000	71505.000000
0.000000	71505.000000
0.000000	71505.000000
0.000000	71505.000000
0.000000	71505.000000
0.000000	71505.000000
0.000000	71505.000000
0.000000	71505.000000
0.000000	71505.000000
0.000000	71505.000000
0.000000	71505.000000
0.000000	71505.000000
0.000000	71505.000000
0.000000	71505.000000
0.000000	71506.000000
0.000000	71506.000000
0.000000	71506.000000
0.000000	71506.000000
0.000000	71506.000000
0.000000	71506.000000
0.000000	71506.000000
0.000000	71506.000000
0.000000	71506.000000
0.000000	71506.000000
0.000000	71506.000000
0.000000	71506.000000
0.000000	71506.000000
0.000000	71506.000000
0.000000	71506.000000
0.000000	71506.000000
0.000000	71506.000000
0.000000	71507.000000
0.000000	71507.000000
0.000000	71507.000000
0.000000	71507.000000
0.000000	71507.000000
0.000000	71507.000000
0.000000	71507.000000
0.000000	71507.000000
0.000000	71507.000000
0.000000	71507.000000
0.000000	71507.000000
0.000000	71507.000000
0.000000	71507.000000
0.000000	71507.000000
0.000000	71507.000000
0.000000	71507.000000
0.000000	71507.000000
0.000000	71508.000000
0.000000	71508.000000
0.000000	71508.000000
0.000000	71508.000000
0.000000	71508.000000
0.000000	71508.000000
0.000000	71508.000000
0.000000	71508.000000
0.000000	71508.000000
0.000000	71508.000000
0.000000	71508.000000
0.000000	71508.000000
0.000000	71508.000000
0.000000	71508.000000
0.000000	71508.000000
0.000000	71508.000000
0.000000	71508.000000
0.000000	71509.000000
0.000000	71509.000000
0.000000	71509.000000
0.000000	71509.000000
0.000000	71509.000000
0.000000	71509.000000
0.000000	71509.000000
0.000000	71509.000000
0.000000	71509.000000
0.000000	71509.000000
0.000000	71509.000000
0.000000	71509.000000
0.000000	71509.000000
0.000000	71509.000000
0.000000	71509.000000
0.000000	71509.000000
0.000000	71509.000000
0.000000	71510.000000
0.000000	71510.000000
0.000000	71510.000000
0.000000	71510.000000
0.000000	71510.000000
0.000000	71510.000000
0.000000	71510.000000
0.000000	71510.000000
0.000000	71510.000000
0.000000	71510.000000
0.000000	71510.000000
0.000000	71510.000000
0.000000	71510.000000
0.000000	71510.000000
0.000000	71510.000000
0.000000	71510.000000
0.000000	71510.000000
0.000000	71511.000000
0.000000	71511.000000
0.000000	71511.000000
0.000000	71511.000000
0.000000	71511.000000
0.000000	71511.000000
0.000000	71511.000000
0.000000	71511.000000
0.000000	71511.000000
0.000000	71511.000000
0.000000	71511.000000
0.000000	71511.000000
0.000000	71511.000000
0.000000	71511.000000
0.000000	71511.000000
0.000000	71511.000000
0.000000	71511.000000
0.000000	71512.000000
0.000000	71512.000000
0.000000	71512.000000
0.000000	71512.000000
0.000000	71512.000000
0.000000	71512.000000
0.000000	71512.000000
0.000000	71512.000000
0.000000	71512.000000
0.000000	71512.000000
0.000000	71512.000000
0.000000	71512.000000
0.000000	71512.000000
0.000000	71512.000000
0.000000	71512.000000
0.000000	71512.000000
0.000000	71512.000000
0.000000	71513.000000
0.000000	71513.000000
0.000000	71513.000000
0.000000	71513.000000
0.000000	71513.000000
0.000000	71513.000000
0.000000	71513.000000
0.000000	71513.000000
0.000000	71513.000000
0.000000	71513.000000
0.000000	71513.000000
0.000000	71513.000000
0.000000	71513.000000
0.000000	71513.000000
0.000000	71513.000000
0.000000	71513.000000
0.000000	71513.000000
0.000000	71514.000000
0.000000	71514.000000
0.000000	71514.000000
0.000000	71514.000000
0.000000	71514.000000
0.000000	71514.000000
0.000000	71514.000000
0.000000	71514.000000
0.000000	71514.000000
0.000000	71514.000000
0.000000	71514.000000
0.000000	71514.000000
0.000000	71514.000000
0.000000	71514.000000
0.000000	71514.000000
0.000000	71514.000000
0.000000	71514.000000
0.000000	71515.000000
0.000000	71515.000000
0.000000	71515.000000
0.000000	71515.000000
0.000000	71515.000000
0.000000	71515.000000
0.000000	71515.000000
0.000000	71515.000000
0.000000	71515.000000
0.000000	71515.000000
0.000000	71515.000000
0.000000	71515.000000
0.000000	71515.000000
0.000000	71515.000000
0.000000	71515.000000
0.000000	71515.000000
0.000000	71515.000000
0.000000	71516.000000
0.000000	71516.000000
0.000000	71516.000000
0.000000	71516.000000
0.000000	71516.000000
0.000000	71516.000000
0.000000	71516.000000
0.000000	71516.000000
0.000000	71516.000000
0.000000	71516.000000
0.000000	71516.000000
0.000000	71516.000000
0.000000	71516.000000
0.000000	71516.000000
0.000000	71516.000000
0.000000	71516.000000
0.000000	71516.000000
0.000000	71517.000000
0.000000	71517.000000
0.000000	71517.000000
0.000000	71517.000000
0.000000	71517.000000
0.000000	71517.000000
0.000000	71517.000000
0.000000	71517.000000
0.000000	71517.000000
0.000000	71517.000000
0.000000	71517.000000
0.000000	71517.000000
0.000000	71517.000000
0.000000	71517.000000
0.000000	71517.000000
0.000000	71517.000000
0.000000	71517.000000
0.000000	71518.000000
0.000000	71518.000000
0.000000	71518.000000
0.000000	71518.000000
0.000000	71518.000000
0.000000	71518.000000
0.000000	71518.000000
0.000000	71518.000000
0.000000	71518.000000
0.000000	71518.000000
0.000000	71518.000000
0.000000	71518.000000
0.000000	71518.000000
0.000000	71518.000000
0.000000	71518.000000
0.000000	71518.000000
0.000000	71518.000000
0.000000	71518.000000
0.000000	71519.000000
0.000000	71519.000000
0.000000	71519.000000
0.000000	71519.000000
0.000000	71519.000000
0.000000	71519.000000
0.000000	71519.000000
0.000000	71519.000000
0.000000	71519.000000
0.000000	71519.000000
0.000000	71519.000000
0.000000	71519.000000
0.000000	71519.000000
0.000000	71519.000000
0.000000	71519.000000
0.000000	71519.000000
0.000000	71519.000000
0.000000	71520.000000
0.000000	71520.000000
0.000000	71520.000000
0.000000	71520.000000
0.000000	71520.000000
0.000000	71520.000000
0.000000	71520.000000
0.000000	71520.000000
0.000000	71520.000000
0.000000	71520.000000
0.000000	71520.000000
0.000000	71520.000000
0.000000	71520.000000
0.000000	71520.000000
0.000000	71520.000000
0.000000	71520.000000
0.000000	71520.000000
0.000000	71521.000000
0.000000	71521.000000
0.000000	71521.000000
0.000000	71521.000000
0.000000	71521.000000
0.000000	71521.000000
0.000000	71521.000000
0.000000	71521.000000
0.000000	71521.000000
0.000000	71521.000000
0.000000	71521.000000
0.000000	71521.000000
0.000000	71521.000000
0.000000	71521.000000
0.000000	71521.000000
0.000000	71521.000000
0.000000	71521.000000
0.000000	71522.000000
0.000000	71522.000000
0.000000	71522.000000
0.000000	71522.000000
0.000000	71522.000000
0.000000	71522.000000
0.000000	71522.000000
0.000000	71522.000000
0.000000	71522.000000
0.000000	71522.000000
0.000000	71522.000000
0.000000	71522.000000
0.000000	71522.000000
0.000000	71522.000000
0.000000	71522.000000
0.000000	71522.000000
0.000000	71522.000000
0.000000	71523.000000
0.000000	71523.000000
0.000000	71523.000000
0.000000	71523.000000
0.000000	71523.000000
0.000000	71523.000000
0.000000	71523.000000
0.000000	71523.000000
0.000000	71523.000000
0.000000	71523.000000
0.000000	71523.000000
0.000000	71523.000000
0.000000	71523.000000
0.000000	71523.000000
0.000000	71523.000000
0.000000	71523.000000
0.000000	71523.000000
0.000000	71524.000000
0.000000	71524.000000
0.000000	71524.000000
0.000000	71524.000000
0.000000	71524.000000
0.000000	71524.000000
0.000000	71524.000000
0.000000	71524.000000
0.000000	71524.000000
0.000000	71524.000000
0.000000	71524.000000
0.000000	71524.000000
0.000000	71524.000000
0.000000	71524.000000
0.000000	71524.000000
0.000000	71524.000000
0.000000	71524.000000
0.000000	71525.000000
0.000000	71525.000000
0.000000	71525.000000
0.000000	71525.000000
0.000000	71525.000000
0.000000	71525.000000
0.000000	71525.000000
0.000000	71525.000000
0.000000	71525.000000
0.000000	71525.000000
0.000000	71525.000000
0.000000	71525.000000
0.000000	71525.000000
0.000000	71525.000000
0.000000	71525.000000
0.000000	71525.000000
0.000000	71525.000000
0.000000	71526.000000
0.000000	71526.000000
0.000000	71526.000000
0.000000	71526.000000
0.000000	71526.000000
0.000000	71526.000000
0.000000	71526.000000
0.000000	71526.000000
0.000000	71526.000000
0.000000	71526.000000
0.000000	71526.000000
0.000000	71526.000000
0.000000	71526.000000
0.000000	71526.000000
0.000000	71526.000000
0.000000	71526.000000
0.000000	71526.000000
0.000000	71527.000000
0.000000	71527.000000
0.000000	71527.000000
0.000000	71527.000000
0.000000	71527.000000
0.000000	71527.000000
0.000000	71527.000000
0.000000	71527.000000
0.000000	71527.000000
0.000000	71527.000000
0.000000	71527.000000
0.000000	71527.000000
0.000000	71527.000000
0.000000	71527.000000
0.000000	71527.000000
0.000000	71527.000000
0.000000	71527.000000
0.000000	71528.000000
0.000000	71528.000000
0.000000	71528.000000
0.000000	71528.000000
0.000000	71528.000000
0.000000	71528.000000
0.000000	71528.000000
0.000000	71528.000000
0.000000	71528.000000
0.000000	71528.000000
0.000000	71528.000000
0.000000	71528.000000
0.000000	71528.000000
0.000000	71528.000000
0.000000	71528.000000
0.000000	71528.000000
0.000000	71528.000000
0.000000	71529.000000
0.000000	71529.000000
0.000000	71529.000000
0.000000	71529.000000
0.000000	71529.000000
0.000000	71529.000000
0.000000	71529.000000
0.000000	71529.000000
0.000000	71529.000000
0.000000	71529.000000
0.000000	71529.000000
0.000000	71529.000000
0.000000	71529.000000
0.000000	71529.000000
0.000000	71529.000000
0.000000	71529.000000
0.000000	71529.000000
0.000000	71530.000000
0.000000	71530.000000
0.000000	71530.000000
0.000000	71530.000000
0.000000	71530.000000
0.000000	71530.000000
0.000000	71530.000000
0.000000	71530.000000
0.000000	71530.000000
0.000000	71530.000000
0.000000	71530.000000
0.000000	71530.000000
0.000000	71530.000000
0.000000	71530.000000
0.000000	71530.000000
0.000000	71530.000000
0.000000	71530.000000
0.000000	71531.000000
0.000000	71531.000000
0.000000	71531.000000
0.000000	71531.000000
0.000000	71531.000000
0.000000	71531.000000
0.000000	71531.000000
0.000000	71531.000000
0.000000	71531.000000
0.000000	71531.000000
0.000000	71531.000000
0.000000	71531.000000
0.000000	71531.000000
0.000000	71531.000000
0.000000	71531.000000
0.000000	71531.000000
0.000000	71531.000000
0.000000	71532.000000
0.000000	71532.000000
0.000000	71532.000000
0.000000	71532.000000
0.000000	71532.000000
0.000000	71532.000000
0.000000	71532.000000
0.000000	71532.000000
0.000000	71532.000000
0.000000	71532.000000
0.000000	71532.000000
0.000000	71532.000000
0.000000	71532.000000
0.000000	71532.000000
0.000000	71532.000000
0.000000	71532.000000
0.000000	71532.000000
0.000000	71533.000000
0.000000	71533.000000
0.000000	71533.000000
0.000000	71533.000000
0.000000	71533.000000
0.000000	71533.000000
0.000000	71533.000000
0.000000	71533.000000
0.000000	71533.000000
0.000000	71533.000000
0.000000	71533.000000
0.000000	71533.000000
0.000000	71533.000000
0.000000	71533.000000
0.000000	71533.000000
0.000000	71533.000000
0.000000	71533.000000
0.000000	71533.000000
0.000000	71534.000000
0.000000	71534.000000
0.000000	71534.000000
0.000000	71534.000000
0.000000	71534.000000
0.000000	71534.000000
0.000000	71534.000000
0.000000	71534.000000
0.000000	71534.000000
0.000000	71534.000000
0.000000	71534.000000
0.000000	71534.000000
0.000000	71534.000000
0.000000	71534.000000
0.000000	71534.000000
0.000000	71534.000000
0.000000	71534.000000
0.000000	71535.000000
0.000000	71535.000000
0.000000	71535.000000
0.000000	71535.000000
0.000000	71535.000000
0.000000	71535.000000
0.000000	71535.000000
0.000000	71535.000000
0.000000	71535.000000
0.000000	71535.000000
0.000000	71535.000000
0.000000	71535.000000
0.000000	71535.000000
0.000000	71535.000000
0.000000	71535.000000
0.000000	71535.000000
0.000000	71535.000000
0.000000	71536.000000
0.000000	71536.000000
0.000000	71536.000000
0.000000	71536.000000
0.000000	71536.000000
0.000000	71536.000000
0.000000	71536.000000
0.000000	71536.000000
0.000000	71536.000000
0.000000	71536.000000
0.000000	71536.000000
0.000000	71536.000000
0.000000	71536.000000
0.000000	71536.000000
0.000000	71536.000000
0.000000	71536.000000
0.000000	71536.000000
0.000000	71537.000000
0.000000	71537.000000
0.000000	71537.000000
0.000000	71537.000000
0.000000	71537.000000
0.000000	71537.000000
0.000000	71537.000000
0.000000	71537.000000
0.000000	71537.000000
0.000000	71537.000000
0.000000	71537.000000
0.000000	71537.000000
0.000000	71537.000000
0.000000	71537.000000
0.000000	71537.000000
0.000000	71537.000000
0.000000	71537.000000
0.000000	71538.000000
0.000000	71538.000000
0.000000	71538.000000
0.000000	71538.000000
0.000000	71538.000000
0.000000	71538.000000
0.000000	71538.000000
0.000000	71538.000000
0.000000	71538.000000
0.000000	71538.000000
0.000000	71538.000000
0.000000	71538.000000
0.000000	71538.000000
0.000000	71538.000000
0.000000	71538.000000
0.000000	71538.000000
0.000000	71538.000000
0.000000	71539.000000
0.000000	71539.000000
0.000000	71539.000000
0.000000	71539.000000
0.000000	71539.000000
0.000000	71539.000000
0.000000	71539.000000
0.000000	71539.000000
0.000000	71539.000000
0.000000	71539.000000
0.000000	71539.000000
0.000000	71539.000000
0.000000	71539.000000
0.000000	71539.000000
0.000000	71539.000000
0.000000	71539.000000
0.000000	71539.000000
0.000000	71540.000000
0.000000	71540.000000
0.000000	71540.000000
0.000000	71540.000000
0.000000	71540.000000
0.000000	71540.000000
0.000000	71540.000000
0.000000	71540.000000
0.000000	71540.000000
0.000000	71540.000000
0.000000	71540.000000
0.000000	71540.000000
0.000000	71540.000000
0.000000	71540.000000
0.000000	71540.000000
0.000000	71540.000000
0.000000	71540.000000
0.000000	71541.000000
0.000000	71541.000000
0.000000	71541.000000
0.000000	71541.000000
0.000000	71541.000000
0.000000	71541.000000
0.000000	71541.000000
0.000000	71541.000000
0.000000	71541.000000
0.000000	71541.000000
0.000000	71541.000000
0.000000	71541.000000
0.000000	71541.000000
0.000000	71541.000000
0.000000	71541.000000
0.000000	71541.000000
0.000000	71541.000000
0.000000	71542.000000
0.000000	71542.000000
0.000000	71542.000000
0.000000	71542.000000
0.000000	71542.000000
0.000000	71542.000000
0.000000	71542.000000
0.000000	71542.000000
0.000000	71542.000000
0.000000	71542.000000
0.000000	71542.000000
0.000000	71542.000000
0.000000	71542.000000
0.000000	71542.000000
0.000000	71542.000000
0.000000	71542.000000
0.000000	71542.000000
0.000000	71543.000000
0.000000	71543.000000
0.000000	71543.000000
0.000000	71543.000000
0.000000	71543.000000
0.000000	71543.000000
0.000000	71543.000000
0.000000	71543.000000
0.000000	71543.000000
0.000000	71543.000000
0.000000	71543.000000
0.000000	71543.000000
0.000000	71543.000000
0.000000	71543.000000
0.000000	71543.000000
0.000000	71543.000000
0.000000	71543.000000
0.000000	71544.000000
0.000000	71544.000000
0.000000	71544.000000
0.000000	71544.000000
0.000000	71544.000000
0.000000	71544.000000
0.000000	71544.000000
0.000000	71544.000000
0.000000	71544.000000
0.000000	71544.000000
0.000000	71544.000000
0.000000	71544.000000
0.000000	71544.000000
0.000000	71544.000000
0.000000	71544.000000
0.000000	71544.000000
0.000000	71544.000000
0.000000	71545.000000
0.000000	71545.000000
0.000000	71545.000000
0.000000	71545.000000
0.000000	71545.000000
0.000000	71545.000000
0.000000	71545.000000
0.000000	71545.000000
0.000000	71545.000000
0.000000	71545.000000
0.000000	71545.000000
0.000000	71545.000000
0.000000	71545.000000
0.000000	71545.000000
0.000000	71545.000000
0.000000	71545.000000
0.000000	71545.000000
0.000000	71546.000000
0.000000	71546.000000
0.000000	71546.000000
0.000000	71546.000000
0.000000	71546.000000
0.000000	71546.000000
0.000000	71546.000000
0.000000	71546.000000
0.000000	71546.000000
0.000000	71546.000000
0.000000	71546.000000
0.000000	71546.000000
0.000000	71546.000000
0.000000	71546.000000
0.000000	71546.000000
0.000000	71546.000000
0.000000	71546.000000
0.000000	71547.000000
0.000000	71547.000000
0.000000	71547.000000
0.000000	71547.000000
0.000000	71547.000000
0.000000	71547.000000
0.000000	71547.000000
0.000000	71547.000000
0.000000	71547.000000
0.000000	71547.000000
0.000000	71547.000000
0.000000	71547.000000
0.000000	71547.000000
0.000000	71547.000000
0.000000	71547.000000
0.000000	71547.000000
0.000000	71547.000000
0.000000	71548.000000
0.000000	71548.000000
0.000000	71548.000000
0.000000	71548.000000
0.000000	71548.000000
0.000000	71548.000000
0.000000	71548.000000
0.000000	71548.000000
0.000000	71548.000000
0.000000	71548.000000
0.000000	71548.000000
0.000000	71548.000000
0.000000	71548.000000
0.000000	71548.000000
0.000000	71548.000000
0.000000	71548.000000
0.000000	71548.000000
0.000000	71548.000000
0.000000	71549.000000
0.000000	71549.000000
0.000000	71549.000000
0.000000	71549.000000
0.000000	71549.000000
0.000000	71549.000000
0.000000	71549.000000
0.000000	71549.000000
0.000000	71549.000000
0.000000	71549.000000
0.000000	71549.000000
0.000000	71549.000000
0.000000	71549.000000
0.000000	71549.000000
0.000000	71549.000000
0.000000	71549.000000
0.000000	71549.000000
0.000000	71550.000000
0.000000	71550.000000
0.000000	71550.000000
0.000000	71550.000000
0.000000	71550.000000
0.000000	71550.000000
0.000000	71550.000000
0.000000	71550.000000
0.000000	71550.000000
0.000000	71550.000000
0.000000	71550.000000
0.000000	71550.000000
0.000000	71550.000000
0.000000	71550.000000
0.000000	71550.000000
0.000000	71550.000000
0.000000	71550.000000
0.000000	71551.000000
0.000000	71551.000000
0.000000	71551.000000
0.000000	71551.000000
0.000000	71551.000000
0.000000	71551.000000
0.000000	71551.000000
0.000000	71551.000000
0.000000	71551.000000
0.000000	71551.000000
0.000000	71551.000000
0.000000	71551.000000
0.000000	71551.000000
0.000000	71551.000000
0.000000	71551.000000
0.000000	71551.000000
0.000000	71551.000000
0.000000	71552.000000
0.000000	71552.000000
0.000000	71552.000000
0.000000	71552.000000
0.000000	71552.000000
0.000000	71552.000000
0.000000	71552.000000
0.000000	71552.000000
0.000000	71552.000000
0.000000	71552.000000
0.000000	71552.000000
0.000000	71552.000000
0.000000	71552.000000
0.000000	71552.000000
0.000000	71552.000000
0.000000	71552.000000
0.000000	71552.000000
0.000000	71553.000000
0.000000	71553.000000
0.000000	71553.000000
0.000000	71553.000000
0.000000	71553.000000
0.000000	71553.000000
0.000000	71553.000000
0.000000	71553.000000
0.000000	71553.000000
0.000000	71553.000000
0.000000	71553.000000
0.000000	71553.000000
0.000000	71553.000000
0.000000	71553.000000
0.000000	71553.000000
0.000000	71553.000000
0.000000	71553.000000
0.000000	71554.000000
0.000000	71554.000000
0.000000	71554.000000
0.000000	71554.000000
0.000000	71554.000000
0.000000	71554.000000
0.000000	71554.000000
0.000000	71554.000000
0.000000	71554.000000
0.000000	71554.000000
0.000000	71554.000000
0.000000	71554.000000
0.000000	71554.000000
0.000000	71554.000000
0.000000	71554.000000
0.000000	71554.000000
0.000000	71554.000000
0.000000	71555.000000
0.000000	71555.000000
0.000000	71555.000000
0.000000	71555.000000
0.000000	71555.000000
0.000000	71555.000000
0.000000	71555.000000
0.000000	71555.000000
0.000000	71555.000000
0.000000	71555.000000
0.000000	71555.000000
0.000000	71555.000000
0.000000	71555.000000
0.000000	71555.000000
0.000000	71555.000000
0.000000	71555.000000
0.000000	71555.000000
0.000000	71556.000000
0.000000	71556.000000
0.000000	71556.000000
0.000000	71556.000000
0.000000	71556.000000
0.000000	71556.000000
0.000000	71556.000000
0.000000	71556.000000
0.000000	71556.000000
0.000000	71556.000000
0.000000	71556.000000
0.000000	71556.000000
0.000000	71556.000000
0.000000	71556.000000
0.000000	71556.000000
0.000000	71556.000000
0.000000	71556.000000
0.000000	71557.000000
0.000000	71557.000000
0.000000	71557.000000
0.000000	71557.000000
0.000000	71557.000000
0.000000	71557.000000
0.000000	71557.000000
0.000000	71557.000000
0.000000	71557.000000
0.000000	71557.000000
0.000000	71557.000000
0.000000	71557.000000
0.000000	71557.000000
0.000000	71557.000000
0.000000	71557.000000
0.000000	71557.000000
0.000000	71557.000000
0.000000	71558.000000
0.000000	71558.000000
0.000000	71558.000000
0.000000	71558.000000
0.000000	71558.000000
0.000000	71558.000000
0.000000	71558.000000
0.000000	71558.000000
0.000000	71558.000000
0.000000	71558.000000
0.000000	71558.000000
0.000000	71558.000000
0.000000	71558.000000
0.000000	71558.000000
0.000000	71558.000000
0.000000	71558.000000
0.000000	71558.000000
0.000000	71559.000000
0.000000	71559.000000
0.000000	71559.000000
0.000000	71559.000000
0.000000	71559.000000
0.000000	71559.000000
0.000000	71559.000000
0.000000	71559.000000
0.000000	71559.000000
0.000000	71559.000000
0.000000	71559.000000
0.000000	71559.000000
0.000000	71559.000000
0.000000	71559.000000
0.000000	71559.000000
0.000000	71559.000000
0.000000	71559.000000
0.000000	71600.000000
0.000000	71600.000000
0.000000	71600.000000
0.000000	71600.000000
0.000000	71600.000000
0.000000	71600.000000
0.000000	71600.000000
0.000000	71600.000000
0.000000	71600.000000
0.000000	71600.000000
0.000000	71600.000000
0.000000	71600.000000
0.000000	71600.000000
0.000000	71600.000000
0.000000	71600.000000
0.000000	71600.000000
0.000000	71600.000000
0.000000	71601.000000
0.000000	71601.000000
0.000000	71601.000000
0.000000	71601.000000
0.000000	71601.000000
0.000000	71601.000000
0.000000	71601.000000
0.000000	71601.000000
0.000000	71601.000000
0.000000	71601.000000
0.000000	71601.000000
0.000000	71601.000000
0.000000	71601.000000
0.000000	71601.000000
0.000000	71601.000000
0.000000	71601.000000
0.000000	71601.000000
0.000000	71602.000000
0.000000	71602.000000
0.000000	71602.000000
0.000000	71602.000000
0.000000	71602.000000
0.000000	71602.000000
0.000000	71602.000000
0.000000	71602.000000
0.000000	71602.000000
0.000000	71602.000000
0.000000	71602.000000
0.000000	71602.000000
0.000000	71602.000000
0.000000	71602.000000
0.000000	71602.000000
0.000000	71602.000000
0.000000	71602.000000
0.000000	71603.000000
0.000000	71603.000000
0.000000	71603.000000
0.000000	71603.000000
0.000000	71603.000000
0.000000	71603.000000
0.000000	71603.000000
0.000000	71603.000000
0.000000	71603.000000
0.000000	71603.000000
0.000000	71603.000000
0.000000	71603.000000
0.000000	71603.000000
0.000000	71603.000000
0.000000	71603.000000
0.000000	71603.000000
0.000000	71603.000000
0.000000	71603.000000
0.000000	71604.000000
0.000000	71604.000000
0.000000	71604.000000
0.000000	71604.000000
0.000000	71604.000000
0.000000	71604.000000
0.000000	71604.000000
0.000000	71604.000000
0.000000	71604.000000
0.000000	71604.000000
0.000000	71604.000000
0.000000	71604.000000
0.000000	71604.000000
0.000000	71604.000000
0.000000	71604.000000
0.000000	71604.000000
0.000000	71604.000000
0.000000	71605.000000
0.000000	71605.000000
0.000000	71605.000000
0.000000	71605.000000
0.000000	71605.000000
0.000000	71605.000000
0.000000	71605.000000
0.000000	71605.000000
0.000000	71605.000000
0.000000	71605.000000
0.000000	71605.000000
0.000000	71605.000000
0.000000	71605.000000
0.000000	71605.000000
0.000000	71605.000000
0.000000	71605.000000
0.000000	71605.000000
0.000000	71606.000000
0.000000	71606.000000
0.000000	71606.000000
0.000000	71606.000000
0.000000	71606.000000
0.000000	71606.000000
0.000000	71606.000000
