0.000000	103943.000000
0.000000	103943.000000
0.000000	103943.000000
0.000000	103943.000000
0.000000	103943.000000
0.000000	103943.000000
0.000000	103943.000000
0.000000	103943.000000
0.000000	103943.000000
0.000000	103944.000000
0.000000	103944.000000
0.000000	103944.000000
0.000000	103944.000000
0.000000	103944.000000
0.000000	103944.000000
0.000000	103944.000000
0.000000	103944.000000
0.000000	103944.000000
0.000000	103944.000000
0.000000	103944.000000
0.000000	103944.000000
0.000000	103944.000000
0.000000	103944.000000
0.000000	103944.000000
0.000000	103944.000000
0.000000	103944.000000
0.000000	103945.000000
0.000000	103945.000000
0.000000	103945.000000
0.000000	103945.000000
0.000000	103945.000000
0.000000	103945.000000
0.000000	103945.000000
0.000000	103945.000000
0.000000	103945.000000
0.000000	103945.000000
0.000000	103945.000000
0.000000	103945.000000
0.000000	103945.000000
0.000000	103945.000000
0.000000	103945.000000
0.000000	103945.000000
0.000000	103945.000000
0.000000	103946.000000
0.000000	103946.000000
0.000000	103946.000000
0.000000	103946.000000
0.000000	103946.000000
0.000000	103946.000000
0.000000	103946.000000
0.000000	103946.000000
0.000000	103946.000000
0.000000	103946.000000
0.000000	103946.000000
0.000000	103946.000000
0.000000	103946.000000
0.000000	103946.000000
0.000000	103946.000000
0.000000	103946.000000
0.000000	103946.000000
0.000000	103947.000000
0.000000	103947.000000
0.000000	103947.000000
0.000000	103947.000000
0.000000	103947.000000
0.000000	103947.000000
0.000000	103947.000000
0.000000	103947.000000
0.000000	103947.000000
0.000000	103947.000000
0.000000	103947.000000
0.000000	103947.000000
0.000000	103947.000000
0.000000	103947.000000
0.000000	103947.000000
0.000000	103947.000000
0.000000	103947.000000
0.000000	103948.000000
0.000000	103948.000000
0.000000	103948.000000
0.000000	103948.000000
0.000000	103948.000000
0.000000	103948.000000
0.000000	103948.000000
0.000000	103948.000000
0.000000	103948.000000
0.000000	103948.000000
0.000000	103948.000000
0.000000	103948.000000
0.000000	103948.000000
0.000000	103948.000000
0.000000	103948.000000
0.000000	103948.000000
0.000000	103948.000000
0.000000	103949.000000
0.000000	103949.000000
0.000000	103949.000000
0.000000	103949.000000
0.000000	103949.000000
0.000000	103949.000000
0.000000	103949.000000
0.000000	103949.000000
0.000000	103949.000000
0.000000	103949.000000
0.000000	103949.000000
0.000000	103949.000000
0.000000	103949.000000
0.000000	103949.000000
0.000000	103949.000000
0.000000	103949.000000
0.000000	103949.000000
0.000000	103950.000000
0.000000	103950.000000
0.000000	103950.000000
0.000000	103950.000000
0.000000	103950.000000
0.000000	103950.000000
0.000000	103950.000000
0.000000	103950.000000
0.000000	103950.000000
0.000000	103950.000000
0.000000	103950.000000
0.000000	103950.000000
0.000000	103950.000000
0.000000	103950.000000
0.000000	103950.000000
0.000000	103950.000000
0.000000	103950.000000
0.000000	103951.000000
0.000000	103951.000000
0.000000	103951.000000
0.000000	103951.000000
0.000000	103951.000000
0.000000	103951.000000
0.000000	103951.000000
0.000000	103951.000000
0.000000	103951.000000
0.000000	103951.000000
0.000000	103951.000000
0.000000	103951.000000
0.000000	103951.000000
0.000000	103951.000000
0.000000	103951.000000
0.000000	103951.000000
0.000000	103951.000000
0.000000	103951.000000
0.000000	103952.000000
0.000000	103952.000000
0.000000	103952.000000
0.000000	103952.000000
0.000000	103952.000000
0.000000	103952.000000
0.000000	103952.000000
0.000000	103952.000000
0.000000	103952.000000
0.000000	103952.000000
0.000000	103952.000000
0.000000	103952.000000
0.000000	103952.000000
0.000000	103952.000000
0.000000	103952.000000
0.000000	103952.000000
0.000000	103952.000000
0.000000	103953.000000
0.000000	103953.000000
0.000000	103953.000000
0.000000	103953.000000
0.000000	103953.000000
0.000000	103953.000000
0.000000	103953.000000
0.000000	103953.000000
0.000000	103953.000000
0.000000	103953.000000
0.000000	103953.000000
0.000000	103953.000000
0.000000	103953.000000
0.000000	103953.000000
0.000000	103953.000000
0.000000	103953.000000
0.000000	103953.000000
0.000000	103954.000000
0.000000	103954.000000
0.000000	103954.000000
0.000000	103954.000000
0.000000	103954.000000
0.000000	103954.000000
0.000000	103954.000000
0.000000	103954.000000
0.000000	103954.000000
0.000000	103954.000000
0.000000	103954.000000
0.000000	103954.000000
0.000000	103954.000000
0.000000	103954.000000
0.000000	103954.000000
0.000000	103954.000000
0.000000	103954.000000
0.000000	103955.000000
0.000000	103955.000000
0.000000	103955.000000
0.000000	103955.000000
0.000000	103955.000000
0.000000	103955.000000
0.000000	103955.000000
0.000000	103955.000000
0.000000	103955.000000
0.000000	103955.000000
0.000000	103955.000000
0.000000	103955.000000
0.000000	103955.000000
0.000000	103955.000000
0.000000	103955.000000
0.000000	103955.000000
0.000000	103955.000000
0.000000	103956.000000
0.000000	103956.000000
0.000000	103956.000000
0.000000	103956.000000
0.000000	103956.000000
0.000000	103956.000000
0.000000	103956.000000
0.000000	103956.000000
0.000000	103956.000000
0.000000	103956.000000
0.000000	103956.000000
0.000000	103956.000000
0.000000	103956.000000
0.000000	103956.000000
0.000000	103956.000000
0.000000	103956.000000
0.000000	103956.000000
0.000000	103957.000000
0.000000	103957.000000
0.000000	103957.000000
0.000000	103957.000000
0.000000	103957.000000
0.000000	103957.000000
0.000000	103957.000000
0.000000	103957.000000
0.000000	103957.000000
0.000000	103957.000000
0.000000	103957.000000
0.000000	103957.000000
0.000000	103957.000000
0.000000	103957.000000
0.000000	103957.000000
0.000000	103957.000000
0.000000	103957.000000
0.000000	103958.000000
0.000000	103958.000000
0.000000	103958.000000
0.000000	103958.000000
0.000000	103958.000000
0.000000	103958.000000
0.000000	103958.000000
0.000000	103958.000000
0.000000	103958.000000
0.000000	103958.000000
0.000000	103958.000000
0.000000	103958.000000
0.000000	103958.000000
0.000000	103958.000000
0.000000	103958.000000
0.000000	103958.000000
0.000000	103958.000000
0.000000	103959.000000
0.000000	103959.000000
0.000000	103959.000000
0.000000	103959.000000
0.000000	103959.000000
0.000000	103959.000000
0.000000	103959.000000
0.000000	103959.000000
0.000000	103959.000000
0.000000	103959.000000
0.000000	103959.000000
0.000000	103959.000000
0.000000	103959.000000
0.000000	103959.000000
0.000000	103959.000000
0.000000	103959.000000
0.000000	103959.000000
0.000000	104000.000000
0.000000	104000.000000
0.000000	104000.000000
0.000000	104000.000000
0.000000	104000.000000
0.000000	104000.000000
0.000000	104000.000000
0.000000	104000.000000
0.000000	104000.000000
0.000000	104000.000000
0.000000	104000.000000
0.000000	104000.000000
0.000000	104000.000000
0.000000	104000.000000
0.000000	104000.000000
0.000000	104000.000000
0.000000	104000.000000
0.000000	104001.000000
0.000000	104001.000000
0.000000	104001.000000
0.000000	104001.000000
0.000000	104001.000000
0.000000	104001.000000
0.000000	104001.000000
0.000000	104001.000000
0.000000	104001.000000
0.000000	104001.000000
0.000000	104001.000000
0.000000	104001.000000
0.000000	104001.000000
0.000000	104001.000000
0.000000	104001.000000
0.000000	104001.000000
0.000000	104001.000000
0.000000	104002.000000
0.000000	104002.000000
0.000000	104002.000000
0.000000	104002.000000
0.000000	104002.000000
0.000000	104002.000000
0.000000	104002.000000
0.000000	104002.000000
0.000000	104002.000000
0.000000	104002.000000
0.000000	104002.000000
0.000000	104002.000000
0.000000	104002.000000
0.000000	104002.000000
0.000000	104002.000000
0.000000	104002.000000
0.000000	104002.000000
0.000000	104003.000000
0.000000	104003.000000
0.000000	104003.000000
0.000000	104003.000000
0.000000	104003.000000
0.000000	104003.000000
0.000000	104003.000000
0.000000	104003.000000
0.000000	104003.000000
0.000000	104003.000000
0.000000	104003.000000
0.000000	104003.000000
0.000000	104003.000000
0.000000	104003.000000
0.000000	104003.000000
0.000000	104003.000000
0.000000	104003.000000
0.000000	104004.000000
0.000000	104004.000000
0.000000	104004.000000
0.000000	104004.000000
0.000000	104004.000000
0.000000	104004.000000
0.000000	104004.000000
0.000000	104004.000000
0.000000	104004.000000
0.000000	104004.000000
0.000000	104004.000000
0.000000	104004.000000
0.000000	104004.000000
0.000000	104004.000000
0.000000	104004.000000
0.000000	104004.000000
0.000000	104004.000000
0.000000	104005.000000
0.000000	104005.000000
0.000000	104005.000000
0.000000	104005.000000
0.000000	104005.000000
0.000000	104005.000000
0.000000	104005.000000
0.000000	104005.000000
0.000000	104005.000000
0.000000	104005.000000
0.000000	104005.000000
0.000000	104005.000000
0.000000	104005.000000
0.000000	104005.000000
0.000000	104005.000000
0.000000	104005.000000
0.000000	104005.000000
0.000000	104006.000000
0.000000	104006.000000
0.000000	104006.000000
0.000000	104006.000000
0.000000	104006.000000
0.000000	104006.000000
0.000000	104006.000000
0.000000	104006.000000
0.000000	104006.000000
0.000000	104006.000000
0.000000	104006.000000
0.000000	104006.000000
0.000000	104006.000000
0.000000	104006.000000
0.000000	104006.000000
0.000000	104006.000000
0.000000	104006.000000
0.000000	104007.000000
0.000000	104007.000000
0.000000	104007.000000
0.000000	104007.000000
0.000000	104007.000000
0.000000	104007.000000
0.000000	104007.000000
0.000000	104007.000000
0.000000	104007.000000
0.000000	104007.000000
0.000000	104007.000000
0.000000	104007.000000
0.000000	104007.000000
0.000000	104007.000000
0.000000	104007.000000
0.000000	104007.000000
0.000000	104007.000000
0.000000	104007.000000
0.000000	104008.000000
0.000000	104008.000000
0.000000	104008.000000
0.000000	104008.000000
0.000000	104008.000000
0.000000	104008.000000
0.000000	104008.000000
0.000000	104008.000000
0.000000	104008.000000
0.000000	104008.000000
0.000000	104008.000000
0.000000	104008.000000
0.000000	104008.000000
0.000000	104008.000000
0.000000	104008.000000
0.000000	104008.000000
0.000000	104008.000000
0.000000	104009.000000
0.000000	104009.000000
0.000000	104009.000000
0.000000	104009.000000
0.000000	104009.000000
0.000000	104009.000000
0.000000	104009.000000
0.000000	104009.000000
0.000000	104009.000000
0.000000	104009.000000
0.000000	104009.000000
0.000000	104009.000000
0.000000	104009.000000
0.000000	104009.000000
0.000000	104009.000000
0.000000	104009.000000
0.000000	104009.000000
0.000000	104010.000000
0.000000	104010.000000
0.000000	104010.000000
0.000000	104010.000000
0.000000	104010.000000
0.000000	104010.000000
0.000000	104010.000000
0.000000	104010.000000
0.000000	104010.000000
0.000000	104010.000000
0.000000	104010.000000
0.000000	104010.000000
0.000000	104010.000000
0.000000	104010.000000
0.000000	104010.000000
0.000000	104010.000000
0.000000	104010.000000
0.000000	104011.000000
0.000000	104011.000000
0.000000	104011.000000
0.000000	104011.000000
0.000000	104011.000000
0.000000	104011.000000
0.000000	104011.000000
0.000000	104011.000000
0.000000	104011.000000
0.000000	104011.000000
0.000000	104011.000000
0.000000	104011.000000
0.000000	104011.000000
0.000000	104011.000000
0.000000	104011.000000
0.000000	104011.000000
0.000000	104011.000000
0.000000	104012.000000
0.000000	104012.000000
0.000000	104012.000000
0.000000	104012.000000
0.000000	104012.000000
0.000000	104012.000000
0.000000	104012.000000
0.000000	104012.000000
0.000000	104012.000000
0.000000	104012.000000
0.000000	104012.000000
0.000000	104012.000000
0.000000	104012.000000
0.000000	104012.000000
0.000000	104012.000000
0.000000	104012.000000
0.000000	104012.000000
0.000000	104013.000000
0.000000	104013.000000
0.000000	104013.000000
0.000000	104013.000000
0.000000	104013.000000
0.000000	104013.000000
0.000000	104013.000000
0.000000	104013.000000
0.000000	104013.000000
0.000000	104013.000000
0.000000	104013.000000
0.000000	104013.000000
0.000000	104013.000000
0.000000	104013.000000
0.000000	104013.000000
0.000000	104013.000000
0.000000	104013.000000
0.000000	104014.000000
0.000000	104014.000000
0.000000	104014.000000
0.000000	104014.000000
0.000000	104014.000000
0.000000	104014.000000
0.000000	104014.000000
0.000000	104014.000000
0.000000	104014.000000
0.000000	104014.000000
0.000000	104014.000000
0.000000	104014.000000
0.000000	104014.000000
0.000000	104014.000000
0.000000	104014.000000
0.000000	104014.000000
0.000000	104014.000000
0.000000	104015.000000
0.000000	104015.000000
0.000000	104015.000000
0.000000	104015.000000
0.000000	104015.000000
0.000000	104015.000000
0.000000	104015.000000
0.000000	104015.000000
0.000000	104015.000000
0.000000	104015.000000
0.000000	104015.000000
0.000000	104015.000000
0.000000	104015.000000
0.000000	104015.000000
0.000000	104015.000000
0.000000	104015.000000
0.000000	104015.000000
0.000000	104016.000000
0.000000	104016.000000
0.000000	104016.000000
0.000000	104016.000000
0.000000	104016.000000
0.000000	104016.000000
0.000000	104016.000000
0.000000	104016.000000
0.000000	104016.000000
0.000000	104016.000000
0.000000	104016.000000
0.000000	104016.000000
0.000000	104016.000000
0.000000	104016.000000
0.000000	104016.000000
0.000000	104016.000000
0.000000	104016.000000
0.000000	104017.000000
0.000000	104017.000000
0.000000	104017.000000
0.000000	104017.000000
0.000000	104017.000000
0.000000	104017.000000
0.000000	104017.000000
0.000000	104017.000000
0.000000	104017.000000
0.000000	104017.000000
0.000000	104017.000000
0.000000	104017.000000
0.000000	104017.000000
0.000000	104017.000000
0.000000	104017.000000
0.000000	104017.000000
0.000000	104017.000000
0.000000	104018.000000
0.000000	104018.000000
0.000000	104018.000000
0.000000	104018.000000
0.000000	104018.000000
0.000000	104018.000000
0.000000	104018.000000
0.000000	104018.000000
0.000000	104018.000000
0.000000	104018.000000
0.000000	104018.000000
0.000000	104018.000000
0.000000	104018.000000
0.000000	104018.000000
0.000000	104018.000000
0.000000	104018.000000
0.000000	104018.000000
0.000000	104019.000000
0.000000	104019.000000
0.000000	104019.000000
0.000000	104019.000000
0.000000	104019.000000
0.000000	104019.000000
0.000000	104019.000000
0.000000	104019.000000
0.000000	104019.000000
0.000000	104019.000000
0.000000	104019.000000
0.000000	104019.000000
0.000000	104019.000000
0.000000	104019.000000
0.000000	104019.000000
0.000000	104019.000000
0.000000	104019.000000
0.000000	104020.000000
0.000000	104020.000000
0.000000	104020.000000
0.000000	104020.000000
0.000000	104020.000000
0.000000	104020.000000
0.000000	104020.000000
0.000000	104020.000000
0.000000	104020.000000
0.000000	104020.000000
0.000000	104020.000000
0.000000	104020.000000
0.000000	104020.000000
0.000000	104020.000000
0.000000	104020.000000
0.000000	104020.000000
0.000000	104020.000000
0.000000	104021.000000
0.000000	104021.000000
0.000000	104021.000000
0.000000	104021.000000
0.000000	104021.000000
0.000000	104021.000000
0.000000	104021.000000
0.000000	104021.000000
0.000000	104021.000000
0.000000	104021.000000
0.000000	104021.000000
0.000000	104021.000000
0.000000	104021.000000
0.000000	104021.000000
0.000000	104021.000000
0.000000	104021.000000
0.000000	104021.000000
0.000000	104022.000000
0.000000	104022.000000
0.000000	104022.000000
0.000000	104022.000000
0.000000	104022.000000
0.000000	104022.000000
0.000000	104022.000000
0.000000	104022.000000
0.000000	104022.000000
0.000000	104022.000000
0.000000	104022.000000
0.000000	104022.000000
0.000000	104022.000000
0.000000	104022.000000
0.000000	104022.000000
0.000000	104022.000000
0.000000	104022.000000
0.000000	104022.000000
0.000000	104023.000000
0.000000	104023.000000
0.000000	104023.000000
0.000000	104023.000000
0.000000	104023.000000
0.000000	104023.000000
0.000000	104023.000000
0.000000	104023.000000
0.000000	104023.000000
0.000000	104023.000000
0.000000	104023.000000
0.000000	104023.000000
0.000000	104023.000000
0.000000	104023.000000
0.000000	104023.000000
0.000000	104023.000000
0.000000	104023.000000
0.000000	104024.000000
0.000000	104024.000000
0.000000	104024.000000
0.000000	104024.000000
0.000000	104024.000000
0.000000	104024.000000
0.000000	104024.000000
0.000000	104024.000000
0.000000	104024.000000
0.000000	104024.000000
0.000000	104024.000000
0.000000	104024.000000
0.000000	104024.000000
0.000000	104024.000000
0.000000	104024.000000
0.000000	104024.000000
0.000000	104024.000000
0.000000	104025.000000
0.000000	104025.000000
0.000000	104025.000000
0.000000	104025.000000
0.000000	104025.000000
0.000000	104025.000000
0.000000	104025.000000
0.000000	104025.000000
0.000000	104025.000000
0.000000	104025.000000
0.000000	104025.000000
0.000000	104025.000000
0.000000	104025.000000
0.000000	104025.000000
0.000000	104025.000000
0.000000	104025.000000
0.000000	104025.000000
0.000000	104026.000000
0.000000	104026.000000
0.000000	104026.000000
0.000000	104026.000000
0.000000	104026.000000
0.000000	104026.000000
0.000000	104026.000000
0.000000	104026.000000
0.000000	104026.000000
0.000000	104026.000000
0.000000	104026.000000
0.000000	104026.000000
0.000000	104026.000000
0.000000	104026.000000
0.000000	104026.000000
0.000000	104026.000000
0.000000	104026.000000
0.000000	104027.000000
0.000000	104027.000000
0.000000	104027.000000
0.000000	104027.000000
0.000000	104027.000000
0.000000	104027.000000
0.000000	104027.000000
0.000000	104027.000000
0.000000	104027.000000
0.000000	104027.000000
0.000000	104027.000000
0.000000	104027.000000
0.000000	104027.000000
0.000000	104027.000000
0.000000	104027.000000
0.000000	104027.000000
0.000000	104027.000000
0.000000	104028.000000
0.000000	104028.000000
0.000000	104028.000000
0.000000	104028.000000
0.000000	104028.000000
0.000000	104028.000000
0.000000	104028.000000
0.000000	104028.000000
0.000000	104028.000000
0.000000	104028.000000
0.000000	104028.000000
0.000000	104028.000000
0.000000	104028.000000
0.000000	104028.000000
0.000000	104028.000000
0.000000	104028.000000
0.000000	104028.000000
0.000000	104029.000000
0.000000	104029.000000
0.000000	104029.000000
0.000000	104029.000000
0.000000	104029.000000
0.000000	104029.000000
0.000000	104029.000000
0.000000	104029.000000
0.000000	104029.000000
0.000000	104029.000000
0.000000	104029.000000
0.000000	104029.000000
0.000000	104029.000000
0.000000	104029.000000
0.000000	104029.000000
0.000000	104029.000000
0.000000	104029.000000
0.000000	104030.000000
0.000000	104030.000000
0.000000	104030.000000
0.000000	104030.000000
0.000000	104030.000000
0.000000	104030.000000
0.000000	104030.000000
0.000000	104030.000000
0.000000	104030.000000
0.000000	104030.000000
0.000000	104030.000000
0.000000	104030.000000
0.000000	104030.000000
0.000000	104030.000000
0.000000	104030.000000
0.000000	104030.000000
0.000000	104030.000000
0.000000	104031.000000
0.000000	104031.000000
0.000000	104031.000000
0.000000	104031.000000
0.000000	104031.000000
0.000000	104031.000000
0.000000	104031.000000
0.000000	104031.000000
0.000000	104031.000000
0.000000	104031.000000
0.000000	104031.000000
0.000000	104031.000000
0.000000	104031.000000
0.000000	104031.000000
0.000000	104031.000000
0.000000	104031.000000
0.000000	104031.000000
0.000000	104032.000000
0.000000	104032.000000
0.000000	104032.000000
0.000000	104032.000000
0.000000	104032.000000
0.000000	104032.000000
0.000000	104032.000000
0.000000	104032.000000
0.000000	104032.000000
0.000000	104032.000000
0.000000	104032.000000
0.000000	104032.000000
0.000000	104032.000000
0.000000	104032.000000
0.000000	104032.000000
0.000000	104032.000000
0.000000	104032.000000
0.000000	104033.000000
0.000000	104033.000000
0.000000	104033.000000
0.000000	104033.000000
0.000000	104033.000000
0.000000	104033.000000
0.000000	104033.000000
0.000000	104033.000000
0.000000	104033.000000
0.000000	104033.000000
0.000000	104033.000000
0.000000	104033.000000
0.000000	104033.000000
0.000000	104033.000000
0.000000	104033.000000
0.000000	104033.000000
0.000000	104033.000000
0.000000	104034.000000
0.000000	104034.000000
0.000000	104034.000000
0.000000	104034.000000
0.000000	104034.000000
0.000000	104034.000000
0.000000	104034.000000
0.000000	104034.000000
0.000000	104034.000000
0.000000	104034.000000
0.000000	104034.000000
0.000000	104034.000000
0.000000	104034.000000
0.000000	104034.000000
0.000000	104034.000000
0.000000	104034.000000
0.000000	104034.000000
0.000000	104035.000000
0.000000	104035.000000
0.000000	104035.000000
0.000000	104035.000000
0.000000	104035.000000
0.000000	104035.000000
0.000000	104035.000000
0.000000	104035.000000
0.000000	104035.000000
0.000000	104035.000000
0.000000	104035.000000
0.000000	104035.000000
0.000000	104035.000000
0.000000	104035.000000
0.000000	104035.000000
0.000000	104035.000000
0.000000	104035.000000
0.000000	104036.000000
0.000000	104036.000000
0.000000	104036.000000
0.000000	104036.000000
0.000000	104036.000000
0.000000	104036.000000
0.000000	104036.000000
0.000000	104036.000000
0.000000	104036.000000
0.000000	104036.000000
0.000000	104036.000000
0.000000	104036.000000
0.000000	104036.000000
0.000000	104036.000000
0.000000	104036.000000
0.000000	104036.000000
0.000000	104036.000000
0.000000	104037.000000
0.000000	104037.000000
0.000000	104037.000000
0.000000	104037.000000
0.000000	104037.000000
0.000000	104037.000000
0.000000	104037.000000
0.000000	104037.000000
0.000000	104037.000000
0.000000	104037.000000
0.000000	104037.000000
0.000000	104037.000000
0.000000	104037.000000
0.000000	104037.000000
0.000000	104037.000000
0.000000	104037.000000
0.000000	104037.000000
0.000000	104037.000000
0.000000	104038.000000
0.000000	104038.000000
0.000000	104038.000000
0.000000	104038.000000
0.000000	104038.000000
0.000000	104038.000000
0.000000	104038.000000
0.000000	104038.000000
0.000000	104038.000000
0.000000	104038.000000
0.000000	104038.000000
0.000000	104038.000000
0.000000	104038.000000
0.000000	104038.000000
0.000000	104038.000000
0.000000	104038.000000
0.000000	104038.000000
0.000000	104039.000000
0.000000	104039.000000
0.000000	104039.000000
0.000000	104039.000000
0.000000	104039.000000
0.000000	104039.000000
0.000000	104039.000000
0.000000	104039.000000
0.000000	104039.000000
0.000000	104039.000000
0.000000	104039.000000
0.000000	104039.000000
0.000000	104039.000000
0.000000	104039.000000
0.000000	104039.000000
0.000000	104039.000000
0.000000	104039.000000
0.000000	104040.000000
0.000000	104040.000000
0.000000	104040.000000
0.000000	104040.000000
0.000000	104040.000000
0.000000	104040.000000
0.000000	104040.000000
0.000000	104040.000000
0.000000	104040.000000
0.000000	104040.000000
0.000000	104040.000000
0.000000	104040.000000
0.000000	104040.000000
0.000000	104040.000000
0.000000	104040.000000
0.000000	104040.000000
0.000000	104040.000000
0.000000	104041.000000
0.000000	104041.000000
0.000000	104041.000000
0.000000	104041.000000
0.000000	104041.000000
0.000000	104041.000000
0.000000	104041.000000
0.000000	104041.000000
0.000000	104041.000000
0.000000	104041.000000
0.000000	104041.000000
0.000000	104041.000000
0.000000	104041.000000
0.000000	104041.000000
0.000000	104041.000000
0.000000	104041.000000
0.000000	104041.000000
0.000000	104042.000000
0.000000	104042.000000
0.000000	104042.000000
0.000000	104042.000000
0.000000	104042.000000
0.000000	104042.000000
0.000000	104042.000000
0.000000	104042.000000
0.000000	104042.000000
0.000000	104042.000000
0.000000	104042.000000
0.000000	104042.000000
0.000000	104042.000000
0.000000	104042.000000
0.000000	104042.000000
0.000000	104042.000000
0.000000	104042.000000
0.000000	104043.000000
0.000000	104043.000000
0.000000	104043.000000
0.000000	104043.000000
0.000000	104043.000000
0.000000	104043.000000
0.000000	104043.000000
0.000000	104043.000000
0.000000	104043.000000
0.000000	104043.000000
0.000000	104043.000000
0.000000	104043.000000
0.000000	104043.000000
0.000000	104043.000000
0.000000	104043.000000
0.000000	104043.000000
0.000000	104043.000000
0.000000	104044.000000
0.000000	104044.000000
0.000000	104044.000000
0.000000	104044.000000
0.000000	104044.000000
0.000000	104044.000000
0.000000	104044.000000
0.000000	104044.000000
0.000000	104044.000000
0.000000	104044.000000
0.000000	104044.000000
0.000000	104044.000000
0.000000	104044.000000
0.000000	104044.000000
0.000000	104044.000000
0.000000	104044.000000
0.000000	104045.000000
0.000000	104045.000000
0.000000	104045.000000
0.000000	104045.000000
0.000000	104045.000000
0.000000	104045.000000
0.000000	104045.000000
0.000000	104045.000000
0.000000	104045.000000
0.000000	104045.000000
0.000000	104045.000000
0.000000	104045.000000
0.000000	104045.000000
0.000000	104045.000000
0.000000	104045.000000
0.000000	104045.000000
0.000000	104045.000000
0.000000	104045.000000
0.000000	104046.000000
0.000000	104046.000000
0.000000	104046.000000
0.000000	104046.000000
0.000000	104046.000000
0.000000	104046.000000
0.000000	104046.000000
0.000000	104046.000000
0.000000	104046.000000
0.000000	104046.000000
0.000000	104046.000000
0.000000	104046.000000
0.000000	104046.000000
0.000000	104046.000000
0.000000	104046.000000
0.000000	104046.000000
0.000000	104046.000000
0.000000	104047.000000
0.000000	104047.000000
0.000000	104047.000000
0.000000	104047.000000
0.000000	104047.000000
0.000000	104047.000000
0.000000	104047.000000
0.000000	104047.000000
0.000000	104047.000000
0.000000	104047.000000
0.000000	104047.000000
0.000000	104047.000000
0.000000	104047.000000
0.000000	104047.000000
0.000000	104047.000000
0.000000	104047.000000
0.000000	104047.000000
0.000000	104048.000000
0.000000	104048.000000
0.000000	104048.000000
0.000000	104048.000000
0.000000	104048.000000
0.000000	104048.000000
0.000000	104048.000000
0.000000	104048.000000
0.000000	104048.000000
0.000000	104048.000000
0.000000	104048.000000
0.000000	104048.000000
0.000000	104048.000000
0.000000	104048.000000
0.000000	104048.000000
0.000000	104048.000000
0.000000	104048.000000
0.000000	104049.000000
0.000000	104049.000000
0.000000	104049.000000
0.000000	104049.000000
0.000000	104049.000000
0.000000	104049.000000
0.000000	104049.000000
0.000000	104049.000000
0.000000	104049.000000
0.000000	104049.000000
0.000000	104049.000000
0.000000	104049.000000
0.000000	104049.000000
0.000000	104049.000000
0.000000	104049.000000
0.000000	104049.000000
0.000000	104049.000000
0.000000	104050.000000
0.000000	104050.000000
0.000000	104050.000000
0.000000	104050.000000
0.000000	104050.000000
0.000000	104050.000000
0.000000	104050.000000
0.000000	104050.000000
0.000000	104050.000000
0.000000	104050.000000
0.000000	104050.000000
0.000000	104050.000000
0.000000	104050.000000
0.000000	104050.000000
0.000000	104050.000000
0.000000	104050.000000
0.000000	104050.000000
0.000000	104051.000000
0.000000	104051.000000
0.000000	104051.000000
0.000000	104051.000000
0.000000	104051.000000
0.000000	104051.000000
0.000000	104051.000000
0.000000	104051.000000
0.000000	104051.000000
0.000000	104051.000000
0.000000	104051.000000
0.000000	104051.000000
0.000000	104051.000000
0.000000	104051.000000
0.000000	104051.000000
0.000000	104051.000000
0.000000	104051.000000
0.000000	104052.000000
0.000000	104052.000000
0.000000	104052.000000
0.000000	104052.000000
0.000000	104052.000000
0.000000	104052.000000
0.000000	104052.000000
0.000000	104052.000000
0.000000	104052.000000
0.000000	104052.000000
0.000000	104052.000000
0.000000	104052.000000
0.000000	104052.000000
0.000000	104052.000000
0.000000	104052.000000
0.000000	104052.000000
0.000000	104052.000000
0.000000	104052.000000
0.000000	104053.000000
0.000000	104053.000000
0.000000	104053.000000
0.000000	104053.000000
0.000000	104053.000000
0.000000	104053.000000
0.000000	104053.000000
0.000000	104053.000000
0.000000	104053.000000
0.000000	104053.000000
0.000000	104053.000000
0.000000	104053.000000
0.000000	104053.000000
0.000000	104053.000000
0.000000	104053.000000
0.000000	104053.000000
0.000000	104053.000000
0.000000	104054.000000
0.000000	104054.000000
0.000000	104054.000000
0.000000	104054.000000
0.000000	104054.000000
0.000000	104054.000000
0.000000	104054.000000
0.000000	104054.000000
0.000000	104054.000000
0.000000	104054.000000
0.000000	104054.000000
0.000000	104054.000000
0.000000	104054.000000
0.000000	104054.000000
0.000000	104054.000000
0.000000	104054.000000
0.000000	104054.000000
0.000000	104055.000000
0.000000	104055.000000
0.000000	104055.000000
0.000000	104055.000000
0.000000	104055.000000
0.000000	104055.000000
0.000000	104055.000000
0.000000	104055.000000
0.000000	104055.000000
0.000000	104055.000000
0.000000	104055.000000
0.000000	104055.000000
0.000000	104055.000000
0.000000	104055.000000
0.000000	104055.000000
0.000000	104055.000000
0.000000	104055.000000
0.000000	104056.000000
0.000000	104056.000000
0.000000	104056.000000
0.000000	104056.000000
0.000000	104056.000000
0.000000	104056.000000
0.000000	104056.000000
0.000000	104056.000000
0.000000	104056.000000
0.000000	104056.000000
0.000000	104056.000000
0.000000	104056.000000
0.000000	104056.000000
0.000000	104056.000000
0.000000	104056.000000
0.000000	104056.000000
0.000000	104056.000000
0.000000	104057.000000
0.000000	104057.000000
0.000000	104057.000000
0.000000	104057.000000
0.000000	104057.000000
0.000000	104057.000000
0.000000	104057.000000
0.000000	104057.000000
0.000000	104057.000000
0.000000	104057.000000
0.000000	104057.000000
0.000000	104057.000000
0.000000	104057.000000
0.000000	104057.000000
0.000000	104057.000000
0.000000	104057.000000
0.000000	104057.000000
0.000000	104058.000000
0.000000	104058.000000
0.000000	104058.000000
0.000000	104058.000000
0.000000	104058.000000
0.000000	104058.000000
0.000000	104058.000000
0.000000	104058.000000
0.000000	104058.000000
0.000000	104058.000000
0.000000	104058.000000
0.000000	104058.000000
0.000000	104058.000000
0.000000	104058.000000
0.000000	104058.000000
0.000000	104058.000000
0.000000	104058.000000
0.000000	104059.000000
0.000000	104059.000000
0.000000	104059.000000
0.000000	104059.000000
0.000000	104059.000000
0.000000	104059.000000
0.000000	104059.000000
0.000000	104059.000000
0.000000	104059.000000
0.000000	104059.000000
0.000000	104059.000000
0.000000	104059.000000
0.000000	104059.000000
0.000000	104059.000000
0.000000	104059.000000
0.000000	104059.000000
0.000000	104059.000000
0.000000	104100.000000
0.000000	104100.000000
0.000000	104100.000000
0.000000	104100.000000
0.000000	104100.000000
0.000000	104100.000000
0.000000	104100.000000
0.000000	104100.000000
0.000000	104100.000000
0.000000	104100.000000
0.000000	104100.000000
0.000000	104100.000000
0.000000	104100.000000
0.000000	104100.000000
0.000000	104100.000000
0.000000	104100.000000
0.000000	104100.000000
0.000000	104101.000000
0.000000	104101.000000
0.000000	104101.000000
0.000000	104101.000000
0.000000	104101.000000
0.000000	104101.000000
0.000000	104101.000000
0.000000	104101.000000
0.000000	104101.000000
0.000000	104101.000000
0.000000	104101.000000
0.000000	104101.000000
0.000000	104101.000000
0.000000	104101.000000
0.000000	104101.000000
0.000000	104101.000000
0.000000	104101.000000
0.000000	104102.000000
0.000000	104102.000000
0.000000	104102.000000
0.000000	104102.000000
0.000000	104102.000000
0.000000	104102.000000
0.000000	104102.000000
0.000000	104102.000000
0.000000	104102.000000
0.000000	104102.000000
0.000000	104102.000000
0.000000	104102.000000
0.000000	104102.000000
0.000000	104102.000000
0.000000	104102.000000
0.000000	104102.000000
0.000000	104102.000000
0.000000	104103.000000
0.000000	104103.000000
0.000000	104103.000000
0.000000	104103.000000
0.000000	104103.000000
0.000000	104103.000000
0.000000	104103.000000
0.000000	104103.000000
0.000000	104103.000000
0.000000	104103.000000
0.000000	104103.000000
0.000000	104103.000000
0.000000	104103.000000
0.000000	104103.000000
0.000000	104103.000000
0.000000	104103.000000
0.000000	104103.000000
0.000000	104104.000000
0.000000	104104.000000
0.000000	104104.000000
0.000000	104104.000000
0.000000	104104.000000
0.000000	104104.000000
0.000000	104104.000000
0.000000	104104.000000
0.000000	104104.000000
0.000000	104104.000000
0.000000	104104.000000
0.000000	104104.000000
0.000000	104104.000000
0.000000	104104.000000
0.000000	104104.000000
0.000000	104104.000000
0.000000	104104.000000
0.000000	104105.000000
0.000000	104105.000000
0.000000	104105.000000
0.000000	104105.000000
0.000000	104105.000000
0.000000	104105.000000
0.000000	104105.000000
0.000000	104105.000000
0.000000	104105.000000
0.000000	104105.000000
0.000000	104105.000000
0.000000	104105.000000
0.000000	104105.000000
0.000000	104105.000000
0.000000	104105.000000
0.000000	104105.000000
0.000000	104105.000000
0.000000	104106.000000
0.000000	104106.000000
0.000000	104106.000000
0.000000	104106.000000
0.000000	104106.000000
0.000000	104106.000000
0.000000	104106.000000
0.000000	104106.000000
0.000000	104106.000000
0.000000	104106.000000
0.000000	104106.000000
0.000000	104106.000000
0.000000	104106.000000
0.000000	104106.000000
0.000000	104106.000000
0.000000	104106.000000
0.000000	104106.000000
0.000000	104107.000000
0.000000	104107.000000
0.000000	104107.000000
0.000000	104107.000000
0.000000	104107.000000
0.000000	104107.000000
0.000000	104107.000000
0.000000	104107.000000
0.000000	104107.000000
0.000000	104107.000000
0.000000	104107.000000
0.000000	104107.000000
0.000000	104107.000000
0.000000	104107.000000
0.000000	104107.000000
0.000000	104107.000000
0.000000	104107.000000
0.000000	104108.000000
0.000000	104108.000000
0.000000	104108.000000
0.000000	104108.000000
0.000000	104108.000000
0.000000	104108.000000
0.000000	104108.000000
0.000000	104108.000000
0.000000	104108.000000
0.000000	104108.000000
0.000000	104108.000000
0.000000	104108.000000
0.000000	104108.000000
0.000000	104108.000000
0.000000	104108.000000
0.000000	104108.000000
0.000000	104108.000000
0.000000	104108.000000
0.000000	104109.000000
0.000000	104109.000000
0.000000	104109.000000
0.000000	104109.000000
0.000000	104109.000000
0.000000	104109.000000
0.000000	104109.000000
0.000000	104109.000000
0.000000	104109.000000
0.000000	104109.000000
0.000000	104109.000000
0.000000	104109.000000
0.000000	104109.000000
0.000000	104109.000000
0.000000	104109.000000
0.000000	104109.000000
0.000000	104109.000000
0.000000	104110.000000
0.000000	104110.000000
0.000000	104110.000000
0.000000	104110.000000
0.000000	104110.000000
0.000000	104110.000000
0.000000	104110.000000
0.000000	104110.000000
0.000000	104110.000000
0.000000	104110.000000
0.000000	104110.000000
0.000000	104110.000000
0.000000	104110.000000
0.000000	104110.000000
0.000000	104110.000000
0.000000	104110.000000
0.000000	104110.000000
0.000000	104111.000000
0.000000	104111.000000
0.000000	104111.000000
0.000000	104111.000000
0.000000	104111.000000
0.000000	104111.000000
0.000000	104111.000000
0.000000	104111.000000
0.000000	104111.000000
0.000000	104111.000000
0.000000	104111.000000
0.000000	104111.000000
0.000000	104111.000000
0.000000	104111.000000
0.000000	104111.000000
0.000000	104111.000000
0.000000	104111.000000
0.000000	104112.000000
0.000000	104112.000000
0.000000	104112.000000
0.000000	104112.000000
0.000000	104112.000000
0.000000	104112.000000
0.000000	104112.000000
0.000000	104112.000000
0.000000	104112.000000
0.000000	104112.000000
0.000000	104112.000000
0.000000	104112.000000
0.000000	104112.000000
0.000000	104112.000000
0.000000	104112.000000
0.000000	104112.000000
0.000000	104112.000000
0.000000	104113.000000
0.000000	104113.000000
0.000000	104113.000000
0.000000	104113.000000
0.000000	104113.000000
0.000000	104113.000000
0.000000	104113.000000
0.000000	104113.000000
0.000000	104113.000000
0.000000	104113.000000
0.000000	104113.000000
0.000000	104113.000000
0.000000	104113.000000
0.000000	104113.000000
0.000000	104113.000000
0.000000	104113.000000
0.000000	104113.000000
0.000000	104114.000000
0.000000	104114.000000
0.000000	104114.000000
0.000000	104114.000000
0.000000	104114.000000
0.000000	104114.000000
0.000000	104114.000000
0.000000	104114.000000
0.000000	104114.000000
0.000000	104114.000000
0.000000	104114.000000
0.000000	104114.000000
0.000000	104114.000000
0.000000	104114.000000
0.000000	104114.000000
0.000000	104114.000000
0.000000	104114.000000
0.000000	104115.000000
0.000000	104115.000000
0.000000	104115.000000
0.000000	104115.000000
0.000000	104115.000000
0.000000	104115.000000
0.000000	104115.000000
0.000000	104115.000000
0.000000	104115.000000
0.000000	104115.000000
0.000000	104115.000000
0.000000	104115.000000
0.000000	104115.000000
0.000000	104115.000000
0.000000	104115.000000
0.000000	104115.000000
0.000000	104115.000000
0.000000	104116.000000
0.000000	104116.000000
0.000000	104116.000000
0.000000	104116.000000
0.000000	104116.000000
0.000000	104116.000000
0.000000	104116.000000
0.000000	104116.000000
0.000000	104116.000000
0.000000	104116.000000
0.000000	104116.000000
0.000000	104116.000000
0.000000	104116.000000
0.000000	104116.000000
0.000000	104116.000000
0.000000	104116.000000
0.000000	104116.000000
0.000000	104117.000000
0.000000	104117.000000
0.000000	104117.000000
0.000000	104117.000000
0.000000	104117.000000
0.000000	104117.000000
0.000000	104117.000000
0.000000	104117.000000
0.000000	104117.000000
0.000000	104117.000000
0.000000	104117.000000
0.000000	104117.000000
0.000000	104117.000000
0.000000	104117.000000
0.000000	104117.000000
0.000000	104117.000000
0.000000	104117.000000
0.000000	104118.000000
0.000000	104118.000000
0.000000	104118.000000
0.000000	104118.000000
0.000000	104118.000000
0.000000	104118.000000
0.000000	104118.000000
0.000000	104118.000000
0.000000	104118.000000
0.000000	104118.000000
0.000000	104118.000000
0.000000	104118.000000
0.000000	104118.000000
0.000000	104118.000000
0.000000	104118.000000
0.000000	104118.000000
0.000000	104118.000000
0.000000	104119.000000
0.000000	104119.000000
0.000000	104119.000000
0.000000	104119.000000
0.000000	104119.000000
0.000000	104119.000000
0.000000	104119.000000
0.000000	104119.000000
0.000000	104119.000000
0.000000	104119.000000
0.000000	104119.000000
0.000000	104119.000000
0.000000	104119.000000
0.000000	104119.000000
0.000000	104119.000000
0.000000	104119.000000
0.000000	104119.000000
0.000000	104120.000000
0.000000	104120.000000
0.000000	104120.000000
0.000000	104120.000000
0.000000	104120.000000
0.000000	104120.000000
0.000000	104120.000000
0.000000	104120.000000
0.000000	104120.000000
0.000000	104120.000000
0.000000	104120.000000
0.000000	104120.000000
0.000000	104120.000000
0.000000	104120.000000
0.000000	104120.000000
0.000000	104120.000000
0.000000	104120.000000
0.000000	104121.000000
0.000000	104121.000000
0.000000	104121.000000
0.000000	104121.000000
0.000000	104121.000000
0.000000	104121.000000
0.000000	104121.000000
0.000000	104121.000000
0.000000	104121.000000
0.000000	104121.000000
0.000000	104121.000000
0.000000	104121.000000
0.000000	104121.000000
0.000000	104121.000000
0.000000	104121.000000
0.000000	104121.000000
0.000000	104121.000000
0.000000	104122.000000
0.000000	104122.000000
0.000000	104122.000000
0.000000	104122.000000
0.000000	104122.000000
0.000000	104122.000000
0.000000	104122.000000
0.000000	104122.000000
0.000000	104122.000000
0.000000	104122.000000
0.000000	104122.000000
0.000000	104122.000000
0.000000	104122.000000
0.000000	104122.000000
0.000000	104122.000000
0.000000	104122.000000
0.000000	104122.000000
0.000000	104123.000000
0.000000	104123.000000
0.000000	104123.000000
0.000000	104123.000000
0.000000	104123.000000
0.000000	104123.000000
0.000000	104123.000000
0.000000	104123.000000
0.000000	104123.000000
0.000000	104123.000000
0.000000	104123.000000
0.000000	104123.000000
0.000000	104123.000000
0.000000	104123.000000
0.000000	104123.000000
0.000000	104123.000000
0.000000	104123.000000
0.000000	104123.000000
0.000000	104124.000000
0.000000	104124.000000
0.000000	104124.000000
0.000000	104124.000000
0.000000	104124.000000
0.000000	104124.000000
0.000000	104124.000000
0.000000	104124.000000
0.000000	104124.000000
0.000000	104124.000000
0.000000	104124.000000
0.000000	104124.000000
0.000000	104124.000000
0.000000	104124.000000
0.000000	104124.000000
0.000000	104124.000000
0.000000	104124.000000
0.000000	104125.000000
0.000000	104125.000000
0.000000	104125.000000
0.000000	104125.000000
0.000000	104125.000000
0.000000	104125.000000
0.000000	104125.000000
0.000000	104125.000000
0.000000	104125.000000
0.000000	104125.000000
0.000000	104125.000000
0.000000	104125.000000
0.000000	104125.000000
0.000000	104125.000000
0.000000	104125.000000
0.000000	104125.000000
0.000000	104125.000000
0.000000	104126.000000
0.000000	104126.000000
0.000000	104126.000000
0.000000	104126.000000
0.000000	104126.000000
0.000000	104126.000000
0.000000	104126.000000
0.000000	104126.000000
0.000000	104126.000000
0.000000	104126.000000
0.000000	104126.000000
0.000000	104126.000000
0.000000	104126.000000
0.000000	104126.000000
0.000000	104126.000000
0.000000	104126.000000
0.000000	104126.000000
0.000000	104127.000000
0.000000	104127.000000
0.000000	104127.000000
0.000000	104127.000000
0.000000	104127.000000
0.000000	104127.000000
0.000000	104127.000000
0.000000	104127.000000
0.000000	104127.000000
0.000000	104127.000000
0.000000	104127.000000
0.000000	104127.000000
0.000000	104127.000000
0.000000	104127.000000
0.000000	104127.000000
0.000000	104127.000000
0.000000	104127.000000
0.000000	104128.000000
0.000000	104128.000000
0.000000	104128.000000
0.000000	104128.000000
0.000000	104128.000000
0.000000	104128.000000
0.000000	104128.000000
0.000000	104128.000000
0.000000	104128.000000
0.000000	104128.000000
0.000000	104128.000000
0.000000	104128.000000
0.000000	104128.000000
0.000000	104128.000000
0.000000	104128.000000
0.000000	104128.000000
0.000000	104128.000000
0.000000	104129.000000
0.000000	104129.000000
0.000000	104129.000000
0.000000	104129.000000
0.000000	104129.000000
0.000000	104129.000000
0.000000	104129.000000
0.000000	104129.000000
0.000000	104129.000000
0.000000	104129.000000
0.000000	104129.000000
0.000000	104129.000000
0.000000	104129.000000
0.000000	104129.000000
0.000000	104129.000000
0.000000	104129.000000
0.000000	104129.000000
0.000000	104130.000000
0.000000	104130.000000
0.000000	104130.000000
0.000000	104130.000000
0.000000	104130.000000
0.000000	104130.000000
0.000000	104130.000000
0.000000	104130.000000
0.000000	104130.000000
0.000000	104130.000000
0.000000	104130.000000
0.000000	104130.000000
0.000000	104130.000000
0.000000	104130.000000
0.000000	104130.000000
0.000000	104130.000000
0.000000	104130.000000
0.000000	104131.000000
0.000000	104131.000000
0.000000	104131.000000
0.000000	104131.000000
0.000000	104131.000000
0.000000	104131.000000
0.000000	104131.000000
0.000000	104131.000000
0.000000	104131.000000
0.000000	104131.000000
0.000000	104131.000000
0.000000	104131.000000
0.000000	104131.000000
0.000000	104131.000000
0.000000	104131.000000
0.000000	104131.000000
0.000000	104131.000000
0.000000	104132.000000
0.000000	104132.000000
0.000000	104132.000000
0.000000	104132.000000
0.000000	104132.000000
0.000000	104132.000000
0.000000	104132.000000
0.000000	104132.000000
0.000000	104132.000000
0.000000	104132.000000
0.000000	104132.000000
0.000000	104132.000000
0.000000	104132.000000
0.000000	104132.000000
0.000000	104132.000000
0.000000	104132.000000
0.000000	104132.000000
0.000000	104133.000000
0.000000	104133.000000
0.000000	104133.000000
0.000000	104133.000000
0.000000	104133.000000
0.000000	104133.000000
0.000000	104133.000000
0.000000	104133.000000
0.000000	104133.000000
0.000000	104133.000000
0.000000	104133.000000
0.000000	104133.000000
0.000000	104133.000000
0.000000	104133.000000
0.000000	104133.000000
0.000000	104133.000000
0.000000	104133.000000
0.000000	104134.000000
0.000000	104134.000000
0.000000	104134.000000
0.000000	104134.000000
0.000000	104134.000000
0.000000	104134.000000
0.000000	104134.000000
0.000000	104134.000000
0.000000	104134.000000
0.000000	104134.000000
0.000000	104134.000000
0.000000	104134.000000
0.000000	104134.000000
0.000000	104134.000000
0.000000	104134.000000
0.000000	104134.000000
0.000000	104134.000000
0.000000	104135.000000
0.000000	104135.000000
0.000000	104135.000000
0.000000	104135.000000
0.000000	104135.000000
0.000000	104135.000000
0.000000	104135.000000
0.000000	104135.000000
0.000000	104135.000000
0.000000	104135.000000
0.000000	104135.000000
0.000000	104135.000000
0.000000	104135.000000
0.000000	104135.000000
0.000000	104135.000000
0.000000	104135.000000
0.000000	104135.000000
0.000000	104136.000000
0.000000	104136.000000
0.000000	104136.000000
0.000000	104136.000000
0.000000	104136.000000
0.000000	104136.000000
0.000000	104136.000000
0.000000	104136.000000
0.000000	104136.000000
0.000000	104136.000000
0.000000	104136.000000
0.000000	104136.000000
0.000000	104136.000000
0.000000	104136.000000
0.000000	104136.000000
0.000000	104136.000000
0.000000	104136.000000
0.000000	104137.000000
0.000000	104137.000000
0.000000	104137.000000
0.000000	104137.000000
0.000000	104137.000000
0.000000	104137.000000
0.000000	104137.000000
0.000000	104137.000000
0.000000	104137.000000
0.000000	104137.000000
0.000000	104137.000000
0.000000	104137.000000
0.000000	104137.000000
0.000000	104137.000000
0.000000	104137.000000
0.000000	104137.000000
0.000000	104137.000000
0.000000	104138.000000
0.000000	104138.000000
0.000000	104138.000000
0.000000	104138.000000
0.000000	104138.000000
0.000000	104138.000000
0.000000	104138.000000
0.000000	104138.000000
0.000000	104138.000000
0.000000	104138.000000
0.000000	104138.000000
0.000000	104138.000000
0.000000	104138.000000
0.000000	104138.000000
0.000000	104138.000000
0.000000	104138.000000
0.000000	104138.000000
0.000000	104139.000000
0.000000	104139.000000
0.000000	104139.000000
0.000000	104139.000000
0.000000	104139.000000
0.000000	104139.000000
0.000000	104139.000000
0.000000	104139.000000
0.000000	104139.000000
0.000000	104139.000000
0.000000	104139.000000
0.000000	104139.000000
0.000000	104139.000000
0.000000	104139.000000
0.000000	104139.000000
0.000000	104139.000000
0.000000	104139.000000
0.000000	104139.000000
0.000000	104140.000000
0.000000	104140.000000
0.000000	104140.000000
0.000000	104140.000000
0.000000	104140.000000
0.000000	104140.000000
0.000000	104140.000000
0.000000	104140.000000
0.000000	104140.000000
0.000000	104140.000000
0.000000	104140.000000
0.000000	104140.000000
0.000000	104140.000000
0.000000	104140.000000
0.000000	104140.000000
0.000000	104140.000000
0.000000	104140.000000
0.000000	104141.000000
0.000000	104141.000000
0.000000	104141.000000
0.000000	104141.000000
0.000000	104141.000000
0.000000	104141.000000
0.000000	104141.000000
0.000000	104141.000000
0.000000	104141.000000
0.000000	104141.000000
0.000000	104141.000000
0.000000	104141.000000
0.000000	104141.000000
0.000000	104141.000000
0.000000	104141.000000
0.000000	104141.000000
0.000000	104141.000000
0.000000	104142.000000
0.000000	104142.000000
0.000000	104142.000000
0.000000	104142.000000
0.000000	104142.000000
0.000000	104142.000000
0.000000	104142.000000
0.000000	104142.000000
0.000000	104142.000000
0.000000	104142.000000
0.000000	104142.000000
0.000000	104142.000000
0.000000	104142.000000
0.000000	104142.000000
0.000000	104142.000000
0.000000	104142.000000
0.000000	104142.000000
0.000000	104143.000000
0.000000	104143.000000
0.000000	104143.000000
0.000000	104143.000000
0.000000	104143.000000
0.000000	104143.000000
0.000000	104143.000000
0.000000	104143.000000
0.000000	104143.000000
0.000000	104143.000000
0.000000	104143.000000
0.000000	104143.000000
0.000000	104143.000000
0.000000	104143.000000
0.000000	104143.000000
0.000000	104143.000000
0.000000	104143.000000
0.000000	104144.000000
0.000000	104144.000000
0.000000	104144.000000
0.000000	104144.000000
0.000000	104144.000000
0.000000	104144.000000
0.000000	104144.000000
0.000000	104144.000000
0.000000	104144.000000
0.000000	104144.000000
0.000000	104144.000000
0.000000	104144.000000
0.000000	104144.000000
0.000000	104144.000000
0.000000	104144.000000
0.000000	104144.000000
0.000000	104144.000000
0.000000	104145.000000
0.000000	104145.000000
0.000000	104145.000000
0.000000	104145.000000
0.000000	104145.000000
0.000000	104145.000000
0.000000	104145.000000
0.000000	104145.000000
0.000000	104145.000000
0.000000	104145.000000
0.000000	104145.000000
0.000000	104145.000000
0.000000	104145.000000
0.000000	104145.000000
0.000000	104145.000000
0.000000	104145.000000
0.000000	104145.000000
0.000000	104146.000000
0.000000	104146.000000
0.000000	104146.000000
0.000000	104146.000000
0.000000	104146.000000
0.000000	104146.000000
0.000000	104146.000000
0.000000	104146.000000
0.000000	104146.000000
0.000000	104146.000000
0.000000	104146.000000
0.000000	104146.000000
0.000000	104146.000000
0.000000	104146.000000
0.000000	104146.000000
0.000000	104146.000000
0.000000	104146.000000
0.000000	104147.000000
0.000000	104147.000000
0.000000	104147.000000
0.000000	104147.000000
0.000000	104147.000000
0.000000	104147.000000
0.000000	104147.000000
0.000000	104147.000000
0.000000	104147.000000
0.000000	104147.000000
0.000000	104147.000000
0.000000	104147.000000
0.000000	104147.000000
0.000000	104147.000000
0.000000	104147.000000
0.000000	104147.000000
0.000000	104147.000000
0.000000	104148.000000
0.000000	104148.000000
0.000000	104148.000000
0.000000	104148.000000
0.000000	104148.000000
0.000000	104148.000000
0.000000	104148.000000
0.000000	104148.000000
0.000000	104148.000000
0.000000	104148.000000
0.000000	104148.000000
0.000000	104148.000000
0.000000	104148.000000
0.000000	104148.000000
0.000000	104148.000000
0.000000	104148.000000
0.000000	104148.000000
0.000000	104149.000000
0.000000	104149.000000
0.000000	104149.000000
0.000000	104149.000000
0.000000	104149.000000
0.000000	104149.000000
0.000000	104149.000000
0.000000	104149.000000
0.000000	104149.000000
0.000000	104149.000000
0.000000	104149.000000
0.000000	104149.000000
0.000000	104149.000000
0.000000	104149.000000
0.000000	104149.000000
0.000000	104149.000000
0.000000	104149.000000
0.000000	104150.000000
0.000000	104150.000000
0.000000	104150.000000
0.000000	104150.000000
0.000000	104150.000000
0.000000	104150.000000
0.000000	104150.000000
0.000000	104150.000000
0.000000	104150.000000
0.000000	104150.000000
0.000000	104150.000000
0.000000	104150.000000
0.000000	104150.000000
0.000000	104150.000000
0.000000	104150.000000
0.000000	104150.000000
0.000000	104150.000000
0.000000	104151.000000
0.000000	104151.000000
0.000000	104151.000000
0.000000	104151.000000
0.000000	104151.000000
0.000000	104151.000000
0.000000	104151.000000
0.000000	104151.000000
0.000000	104151.000000
0.000000	104151.000000
0.000000	104151.000000
0.000000	104151.000000
0.000000	104151.000000
0.000000	104151.000000
0.000000	104151.000000
0.000000	104151.000000
0.000000	104151.000000
0.000000	104152.000000
0.000000	104152.000000
0.000000	104152.000000
0.000000	104152.000000
0.000000	104152.000000
0.000000	104152.000000
0.000000	104152.000000
0.000000	104152.000000
0.000000	104152.000000
0.000000	104152.000000
0.000000	104152.000000
0.000000	104152.000000
0.000000	104152.000000
0.000000	104152.000000
0.000000	104152.000000
0.000000	104152.000000
0.000000	104152.000000
0.000000	104153.000000
0.000000	104153.000000
0.000000	104153.000000
0.000000	104153.000000
0.000000	104153.000000
0.000000	104153.000000
0.000000	104153.000000
0.000000	104153.000000
0.000000	104153.000000
0.000000	104153.000000
0.000000	104153.000000
0.000000	104153.000000
0.000000	104153.000000
0.000000	104153.000000
0.000000	104153.000000
0.000000	104153.000000
0.000000	104153.000000
0.000000	104154.000000
0.000000	104154.000000
0.000000	104154.000000
0.000000	104154.000000
0.000000	104154.000000
0.000000	104154.000000
0.000000	104154.000000
0.000000	104154.000000
0.000000	104154.000000
0.000000	104154.000000
0.000000	104154.000000
0.000000	104154.000000
0.000000	104154.000000
0.000000	104154.000000
0.000000	104154.000000
0.000000	104154.000000
0.000000	104154.000000
0.000000	104154.000000
0.000000	104155.000000
0.000000	104155.000000
0.000000	104155.000000
0.000000	104155.000000
0.000000	104155.000000
0.000000	104155.000000
0.000000	104155.000000
0.000000	104155.000000
0.000000	104155.000000
0.000000	104155.000000
0.000000	104155.000000
0.000000	104155.000000
0.000000	104155.000000
0.000000	104155.000000
0.000000	104155.000000
0.000000	104155.000000
0.000000	104155.000000
0.000000	104156.000000
0.000000	104156.000000
0.000000	104156.000000
0.000000	104156.000000
0.000000	104156.000000
0.000000	104156.000000
0.000000	104156.000000
0.000000	104156.000000
0.000000	104156.000000
0.000000	104156.000000
0.000000	104156.000000
0.000000	104156.000000
0.000000	104156.000000
0.000000	104156.000000
0.000000	104156.000000
0.000000	104156.000000
0.000000	104156.000000
0.000000	104157.000000
0.000000	104157.000000
0.000000	104157.000000
0.000000	104157.000000
0.000000	104157.000000
0.000000	104157.000000
0.000000	104157.000000
0.000000	104157.000000
0.000000	104157.000000
0.000000	104157.000000
0.000000	104157.000000
0.000000	104157.000000
0.000000	104157.000000
0.000000	104157.000000
0.000000	104157.000000
0.000000	104157.000000
0.000000	104157.000000
0.000000	104158.000000
0.000000	104158.000000
0.000000	104158.000000
0.000000	104158.000000
0.000000	104158.000000
0.000000	104158.000000
0.000000	104158.000000
0.000000	104158.000000
0.000000	104158.000000
0.000000	104158.000000
0.000000	104158.000000
0.000000	104158.000000
0.000000	104158.000000
0.000000	104158.000000
0.000000	104158.000000
0.000000	104158.000000
0.000000	104158.000000
0.000000	104159.000000
0.000000	104159.000000
0.000000	104159.000000
0.000000	104159.000000
0.000000	104159.000000
0.000000	104159.000000
0.000000	104159.000000
0.000000	104159.000000
0.000000	104159.000000
0.000000	104159.000000
0.000000	104159.000000
0.000000	104159.000000
0.000000	104159.000000
0.000000	104159.000000
0.000000	104159.000000
0.000000	104159.000000
0.000000	104159.000000
0.000000	104200.000000
0.000000	104200.000000
0.000000	104200.000000
0.000000	104200.000000
0.000000	104200.000000
0.000000	104200.000000
0.000000	104200.000000
0.000000	104200.000000
0.000000	104200.000000
0.000000	104200.000000
0.000000	104200.000000
0.000000	104200.000000
0.000000	104200.000000
0.000000	104200.000000
0.000000	104200.000000
0.000000	104200.000000
0.000000	104200.000000
0.000000	104201.000000
0.000000	104201.000000
0.000000	104201.000000
0.000000	104201.000000
0.000000	104201.000000
0.000000	104201.000000
0.000000	104201.000000
0.000000	104201.000000
0.000000	104201.000000
0.000000	104201.000000
0.000000	104201.000000
0.000000	104201.000000
0.000000	104201.000000
0.000000	104201.000000
0.000000	104201.000000
0.000000	104201.000000
0.000000	104201.000000
0.000000	104202.000000
0.000000	104202.000000
0.000000	104202.000000
0.000000	104202.000000
0.000000	104202.000000
0.000000	104202.000000
0.000000	104202.000000
0.000000	104202.000000
0.000000	104202.000000
0.000000	104202.000000
0.000000	104202.000000
0.000000	104202.000000
0.000000	104202.000000
0.000000	104202.000000
0.000000	104202.000000
0.000000	104202.000000
0.000000	104202.000000
0.000000	104203.000000
0.000000	104203.000000
0.000000	104203.000000
0.000000	104203.000000
0.000000	104203.000000
0.000000	104203.000000
0.000000	104203.000000
0.000000	104203.000000
0.000000	104203.000000
0.000000	104203.000000
0.000000	104203.000000
0.000000	104203.000000
0.000000	104203.000000
0.000000	104203.000000
0.000000	104203.000000
0.000000	104203.000000
0.000000	104203.000000
0.000000	104204.000000
0.000000	104204.000000
0.000000	104204.000000
0.000000	104204.000000
0.000000	104204.000000
0.000000	104204.000000
0.000000	104204.000000
0.000000	104204.000000
0.000000	104204.000000
0.000000	104204.000000
0.000000	104204.000000
0.000000	104204.000000
0.000000	104204.000000
0.000000	104204.000000
0.000000	104204.000000
0.000000	104204.000000
0.000000	104204.000000
0.000000	104205.000000
0.000000	104205.000000
0.000000	104205.000000
0.000000	104205.000000
0.000000	104205.000000
0.000000	104205.000000
0.000000	104205.000000
0.000000	104205.000000
0.000000	104205.000000
0.000000	104205.000000
0.000000	104205.000000
0.000000	104205.000000
0.000000	104205.000000
0.000000	104205.000000
0.000000	104205.000000
0.000000	104205.000000
0.000000	104205.000000
0.000000	104206.000000
0.000000	104206.000000
0.000000	104206.000000
0.000000	104206.000000
0.000000	104206.000000
0.000000	104206.000000
0.000000	104206.000000
0.000000	104206.000000
0.000000	104206.000000
0.000000	104206.000000
0.000000	104206.000000
0.000000	104206.000000
0.000000	104206.000000
0.000000	104206.000000
0.000000	104206.000000
0.000000	104206.000000
0.000000	104206.000000
0.000000	104207.000000
0.000000	104207.000000
0.000000	104207.000000
0.000000	104207.000000
0.000000	104207.000000
0.000000	104207.000000
0.000000	104207.000000
0.000000	104207.000000
0.000000	104207.000000
0.000000	104207.000000
0.000000	104207.000000
0.000000	104207.000000
0.000000	104207.000000
0.000000	104207.000000
0.000000	104207.000000
0.000000	104207.000000
0.000000	104207.000000
0.000000	104208.000000
0.000000	104208.000000
0.000000	104208.000000
0.000000	104208.000000
0.000000	104208.000000
0.000000	104208.000000
0.000000	104208.000000
0.000000	104208.000000
0.000000	104208.000000
0.000000	104208.000000
0.000000	104208.000000
0.000000	104208.000000
0.000000	104208.000000
0.000000	104208.000000
0.000000	104208.000000
0.000000	104208.000000
0.000000	104208.000000
0.000000	104209.000000
0.000000	104209.000000
0.000000	104209.000000
0.000000	104209.000000
0.000000	104209.000000
0.000000	104209.000000
0.000000	104209.000000
0.000000	104209.000000
0.000000	104209.000000
0.000000	104209.000000
0.000000	104209.000000
0.000000	104209.000000
0.000000	104209.000000
0.000000	104209.000000
0.000000	104209.000000
0.000000	104209.000000
0.000000	104209.000000
0.000000	104209.000000
0.000000	104210.000000
0.000000	104210.000000
0.000000	104210.000000
0.000000	104210.000000
0.000000	104210.000000
0.000000	104210.000000
0.000000	104210.000000
0.000000	104210.000000
0.000000	104210.000000
0.000000	104210.000000
0.000000	104210.000000
0.000000	104210.000000
0.000000	104210.000000
0.000000	104210.000000
0.000000	104210.000000
0.000000	104210.000000
0.000000	104210.000000
0.000000	104211.000000
0.000000	104211.000000
0.000000	104211.000000
0.000000	104211.000000
0.000000	104211.000000
0.000000	104211.000000
0.000000	104211.000000
0.000000	104211.000000
0.000000	104211.000000
0.000000	104211.000000
0.000000	104211.000000
0.000000	104211.000000
0.000000	104211.000000
0.000000	104211.000000
0.000000	104211.000000
0.000000	104211.000000
0.000000	104211.000000
0.000000	104212.000000
0.000000	104212.000000
0.000000	104212.000000
0.000000	104212.000000
0.000000	104212.000000
0.000000	104212.000000
0.000000	104212.000000
0.000000	104212.000000
0.000000	104212.000000
0.000000	104212.000000
0.000000	104212.000000
0.000000	104212.000000
0.000000	104212.000000
0.000000	104212.000000
0.000000	104212.000000
0.000000	104212.000000
0.000000	104212.000000
0.000000	104213.000000
0.000000	104213.000000
0.000000	104213.000000
0.000000	104213.000000
0.000000	104213.000000
0.000000	104213.000000
0.000000	104213.000000
0.000000	104213.000000
0.000000	104213.000000
0.000000	104213.000000
0.000000	104213.000000
0.000000	104213.000000
0.000000	104213.000000
0.000000	104213.000000
0.000000	104213.000000
0.000000	104213.000000
0.000000	104213.000000
0.000000	104214.000000
0.000000	104214.000000
0.000000	104214.000000
0.000000	104214.000000
0.000000	104214.000000
0.000000	104214.000000
0.000000	104214.000000
0.000000	104214.000000
0.000000	104214.000000
0.000000	104214.000000
0.000000	104214.000000
0.000000	104214.000000
0.000000	104214.000000
0.000000	104214.000000
0.000000	104214.000000
0.000000	104214.000000
0.000000	104214.000000
0.000000	104215.000000
0.000000	104215.000000
0.000000	104215.000000
0.000000	104215.000000
0.000000	104215.000000
0.000000	104215.000000
0.000000	104215.000000
0.000000	104215.000000
0.000000	104215.000000
0.000000	104215.000000
0.000000	104215.000000
0.000000	104215.000000
0.000000	104215.000000
0.000000	104215.000000
0.000000	104215.000000
0.000000	104215.000000
0.000000	104215.000000
0.000000	104216.000000
0.000000	104216.000000
0.000000	104216.000000
0.000000	104216.000000
0.000000	104216.000000
0.000000	104216.000000
0.000000	104216.000000
0.000000	104216.000000
0.000000	104216.000000
0.000000	104216.000000
0.000000	104216.000000
0.000000	104216.000000
0.000000	104216.000000
0.000000	104216.000000
0.000000	104216.000000
0.000000	104216.000000
0.000000	104216.000000
0.000000	104217.000000
0.000000	104217.000000
0.000000	104217.000000
0.000000	104217.000000
0.000000	104217.000000
0.000000	104217.000000
0.000000	104217.000000
0.000000	104217.000000
0.000000	104217.000000
0.000000	104217.000000
0.000000	104217.000000
0.000000	104217.000000
0.000000	104217.000000
0.000000	104217.000000
0.000000	104217.000000
0.000000	104217.000000
0.000000	104217.000000
0.000000	104218.000000
0.000000	104218.000000
0.000000	104218.000000
0.000000	104218.000000
0.000000	104218.000000
0.000000	104218.000000
0.000000	104218.000000
0.000000	104218.000000
0.000000	104218.000000
0.000000	104218.000000
0.000000	104218.000000
0.000000	104218.000000
0.000000	104218.000000
0.000000	104218.000000
0.000000	104218.000000
0.000000	104218.000000
0.000000	104218.000000
0.000000	104219.000000
0.000000	104219.000000
0.000000	104219.000000
0.000000	104219.000000
0.000000	104219.000000
0.000000	104219.000000
0.000000	104219.000000
0.000000	104219.000000
0.000000	104219.000000
0.000000	104219.000000
0.000000	104219.000000
0.000000	104219.000000
0.000000	104219.000000
0.000000	104219.000000
0.000000	104219.000000
0.000000	104219.000000
0.000000	104219.000000
0.000000	104220.000000
0.000000	104220.000000
0.000000	104220.000000
0.000000	104220.000000
0.000000	104220.000000
0.000000	104220.000000
0.000000	104220.000000
0.000000	104220.000000
0.000000	104220.000000
0.000000	104220.000000
0.000000	104220.000000
0.000000	104220.000000
0.000000	104220.000000
0.000000	104220.000000
0.000000	104220.000000
0.000000	104220.000000
0.000000	104220.000000
0.000000	104221.000000
0.000000	104221.000000
0.000000	104221.000000
0.000000	104221.000000
0.000000	104221.000000
0.000000	104221.000000
0.000000	104221.000000
0.000000	104221.000000
0.000000	104221.000000
0.000000	104221.000000
0.000000	104221.000000
0.000000	104221.000000
0.000000	104221.000000
0.000000	104221.000000
0.000000	104221.000000
0.000000	104221.000000
0.000000	104221.000000
0.000000	104222.000000
0.000000	104222.000000
0.000000	104222.000000
0.000000	104222.000000
0.000000	104222.000000
0.000000	104222.000000
0.000000	104222.000000
0.000000	104222.000000
0.000000	104222.000000
0.000000	104222.000000
0.000000	104222.000000
0.000000	104222.000000
0.000000	104222.000000
0.000000	104222.000000
0.000000	104222.000000
0.000000	104222.000000
0.000000	104222.000000
0.000000	104223.000000
0.000000	104223.000000
0.000000	104223.000000
0.000000	104223.000000
0.000000	104223.000000
0.000000	104223.000000
0.000000	104223.000000
0.000000	104223.000000
0.000000	104223.000000
0.000000	104223.000000
0.000000	104223.000000
0.000000	104223.000000
0.000000	104223.000000
0.000000	104223.000000
0.000000	104223.000000
0.000000	104223.000000
0.000000	104223.000000
0.000000	104224.000000
0.000000	104224.000000
0.000000	104224.000000
0.000000	104224.000000
0.000000	104224.000000
0.000000	104224.000000
0.000000	104224.000000
0.000000	104224.000000
0.000000	104224.000000
0.000000	104224.000000
0.000000	104224.000000
0.000000	104224.000000
0.000000	104224.000000
0.000000	104224.000000
0.000000	104224.000000
0.000000	104224.000000
0.000000	104224.000000
0.000000	104225.000000
0.000000	104225.000000
0.000000	104225.000000
0.000000	104225.000000
0.000000	104225.000000
0.000000	104225.000000
0.000000	104225.000000
0.000000	104225.000000
0.000000	104225.000000
0.000000	104225.000000
0.000000	104225.000000
0.000000	104225.000000
0.000000	104225.000000
0.000000	104225.000000
0.000000	104225.000000
0.000000	104225.000000
0.000000	104225.000000
0.000000	104225.000000
0.000000	104226.000000
0.000000	104226.000000
0.000000	104226.000000
0.000000	104226.000000
0.000000	104226.000000
0.000000	104226.000000
0.000000	104226.000000
0.000000	104226.000000
0.000000	104226.000000
0.000000	104226.000000
0.000000	104226.000000
0.000000	104226.000000
0.000000	104226.000000
0.000000	104226.000000
0.000000	104226.000000
0.000000	104226.000000
0.000000	104226.000000
0.000000	104227.000000
0.000000	104227.000000
0.000000	104227.000000
0.000000	104227.000000
0.000000	104227.000000
0.000000	104227.000000
0.000000	104227.000000
0.000000	104227.000000
0.000000	104227.000000
0.000000	104227.000000
0.000000	104227.000000
0.000000	104227.000000
0.000000	104227.000000
0.000000	104227.000000
0.000000	104227.000000
0.000000	104227.000000
0.000000	104227.000000
0.000000	104228.000000
0.000000	104228.000000
0.000000	104228.000000
0.000000	104228.000000
0.000000	104228.000000
0.000000	104228.000000
0.000000	104228.000000
0.000000	104228.000000
0.000000	104228.000000
0.000000	104228.000000
0.000000	104228.000000
0.000000	104228.000000
0.000000	104228.000000
0.000000	104228.000000
0.000000	104228.000000
0.000000	104228.000000
0.000000	104228.000000
0.000000	104229.000000
0.000000	104229.000000
0.000000	104229.000000
0.000000	104229.000000
0.000000	104229.000000
0.000000	104229.000000
0.000000	104229.000000
0.000000	104229.000000
0.000000	104229.000000
0.000000	104229.000000
0.000000	104229.000000
0.000000	104229.000000
0.000000	104229.000000
0.000000	104229.000000
0.000000	104229.000000
0.000000	104229.000000
0.000000	104229.000000
0.000000	104230.000000
0.000000	104230.000000
0.000000	104230.000000
0.000000	104230.000000
0.000000	104230.000000
0.000000	104230.000000
0.000000	104230.000000
0.000000	104230.000000
0.000000	104230.000000
0.000000	104230.000000
0.000000	104230.000000
0.000000	104230.000000
0.000000	104230.000000
0.000000	104230.000000
0.000000	104230.000000
0.000000	104230.000000
0.000000	104230.000000
0.000000	104231.000000
0.000000	104231.000000
0.000000	104231.000000
0.000000	104231.000000
0.000000	104231.000000
0.000000	104231.000000
0.000000	104231.000000
0.000000	104231.000000
0.000000	104231.000000
0.000000	104231.000000
0.000000	104231.000000
0.000000	104231.000000
0.000000	104231.000000
0.000000	104231.000000
0.000000	104231.000000
0.000000	104231.000000
0.000000	104231.000000
0.000000	104232.000000
0.000000	104232.000000
0.000000	104232.000000
0.000000	104232.000000
0.000000	104232.000000
0.000000	104232.000000
0.000000	104232.000000
0.000000	104232.000000
0.000000	104232.000000
0.000000	104232.000000
0.000000	104232.000000
0.000000	104232.000000
0.000000	104232.000000
0.000000	104232.000000
0.000000	104232.000000
0.000000	104232.000000
0.000000	104232.000000
0.000000	104233.000000
0.000000	104233.000000
0.000000	104233.000000
0.000000	104233.000000
0.000000	104233.000000
0.000000	104233.000000
0.000000	104233.000000
0.000000	104233.000000
0.000000	104233.000000
0.000000	104233.000000
0.000000	104233.000000
0.000000	104233.000000
0.000000	104233.000000
0.000000	104233.000000
0.000000	104233.000000
0.000000	104233.000000
0.000000	104233.000000
0.000000	104234.000000
0.000000	104234.000000
0.000000	104234.000000
0.000000	104234.000000
0.000000	104234.000000
0.000000	104234.000000
0.000000	104234.000000
0.000000	104234.000000
0.000000	104234.000000
0.000000	104234.000000
0.000000	104234.000000
0.000000	104234.000000
0.000000	104234.000000
0.000000	104234.000000
0.000000	104234.000000
0.000000	104234.000000
0.000000	104234.000000
0.000000	104235.000000
0.000000	104235.000000
0.000000	104235.000000
0.000000	104235.000000
0.000000	104235.000000
0.000000	104235.000000
0.000000	104235.000000
0.000000	104235.000000
0.000000	104235.000000
0.000000	104235.000000
0.000000	104235.000000
0.000000	104235.000000
0.000000	104235.000000
0.000000	104235.000000
0.000000	104235.000000
0.000000	104235.000000
0.000000	104235.000000
0.000000	104236.000000
0.000000	104236.000000
0.000000	104236.000000
0.000000	104236.000000
0.000000	104236.000000
0.000000	104236.000000
0.000000	104236.000000
0.000000	104236.000000
0.000000	104236.000000
0.000000	104236.000000
0.000000	104236.000000
0.000000	104236.000000
0.000000	104236.000000
0.000000	104236.000000
0.000000	104236.000000
0.000000	104236.000000
0.000000	104236.000000
0.000000	104237.000000
0.000000	104237.000000
0.000000	104237.000000
0.000000	104237.000000
0.000000	104237.000000
0.000000	104237.000000
0.000000	104237.000000
0.000000	104237.000000
0.000000	104237.000000
0.000000	104237.000000
0.000000	104237.000000
0.000000	104237.000000
0.000000	104237.000000
0.000000	104237.000000
0.000000	104237.000000
0.000000	104237.000000
0.000000	104237.000000
0.000000	104238.000000
0.000000	104238.000000
0.000000	104238.000000
0.000000	104238.000000
0.000000	104238.000000
0.000000	104238.000000
0.000000	104238.000000
0.000000	104238.000000
0.000000	104238.000000
0.000000	104238.000000
0.000000	104238.000000
0.000000	104238.000000
0.000000	104238.000000
0.000000	104238.000000
0.000000	104238.000000
0.000000	104238.000000
0.000000	104238.000000
0.000000	104239.000000
0.000000	104239.000000
0.000000	104239.000000
0.000000	104239.000000
0.000000	104239.000000
0.000000	104239.000000
0.000000	104239.000000
0.000000	104239.000000
0.000000	104239.000000
0.000000	104239.000000
0.000000	104239.000000
0.000000	104239.000000
0.000000	104239.000000
0.000000	104239.000000
0.000000	104239.000000
0.000000	104239.000000
0.000000	104239.000000
0.000000	104240.000000
0.000000	104240.000000
0.000000	104240.000000
0.000000	104240.000000
0.000000	104240.000000
0.000000	104240.000000
0.000000	104240.000000
0.000000	104240.000000
0.000000	104240.000000
0.000000	104240.000000
0.000000	104240.000000
0.000000	104240.000000
0.000000	104240.000000
0.000000	104240.000000
0.000000	104240.000000
0.000000	104240.000000
0.000000	104240.000000
0.000000	104240.000000
0.000000	104241.000000
0.000000	104241.000000
0.000000	104241.000000
0.000000	104241.000000
0.000000	104241.000000
0.000000	104241.000000
0.000000	104241.000000
0.000000	104241.000000
0.000000	104241.000000
0.000000	104241.000000
0.000000	104241.000000
0.000000	104241.000000
0.000000	104241.000000
0.000000	104241.000000
0.000000	104241.000000
0.000000	104241.000000
0.000000	104241.000000
0.000000	104242.000000
0.000000	104242.000000
0.000000	104242.000000
0.000000	104242.000000
0.000000	104242.000000
0.000000	104242.000000
0.000000	104242.000000
0.000000	104242.000000
0.000000	104242.000000
0.000000	104242.000000
0.000000	104242.000000
0.000000	104242.000000
0.000000	104242.000000
0.000000	104242.000000
0.000000	104242.000000
0.000000	104242.000000
0.000000	104242.000000
0.000000	104243.000000
0.000000	104243.000000
0.000000	104243.000000
0.000000	104243.000000
0.000000	104243.000000
0.000000	104243.000000
0.000000	104243.000000
