0.000000	122348.000000
0.000000	122348.000000
0.000000	122348.000000
0.000000	122348.000000
0.000000	122348.000000
0.000000	122348.000000
0.000000	122348.000000
0.000000	122348.000000
0.000000	122348.000000
0.000000	122349.000000
0.000000	122349.000000
0.000000	122349.000000
0.000000	122349.000000
0.000000	122349.000000
0.000000	122349.000000
0.000000	122349.000000
0.000000	122349.000000
0.000000	122349.000000
0.000000	122349.000000
0.000000	122349.000000
0.000000	122349.000000
0.000000	122349.000000
0.000000	122349.000000
0.000000	122349.000000
0.000000	122349.000000
0.000000	122349.000000
0.000000	122350.000000
0.000000	122350.000000
0.000000	122350.000000
0.000000	122350.000000
0.000000	122350.000000
0.000000	122350.000000
0.000000	122350.000000
0.000000	122350.000000
0.000000	122350.000000
0.000000	122350.000000
0.000000	122350.000000
0.000000	122350.000000
0.000000	122350.000000
0.000000	122350.000000
0.000000	122350.000000
0.000000	122350.000000
0.000000	122350.000000
0.000000	122351.000000
0.000000	122351.000000
0.000000	122351.000000
0.000000	122351.000000
0.000000	122351.000000
0.000000	122351.000000
0.000000	122351.000000
0.000000	122351.000000
0.000000	122351.000000
0.000000	122351.000000
0.000000	122351.000000
0.000000	122351.000000
0.000000	122351.000000
0.000000	122351.000000
0.000000	122351.000000
0.000000	122351.000000
0.000000	122351.000000
0.000000	122352.000000
0.000000	122352.000000
0.000000	122352.000000
0.000000	122352.000000
0.000000	122352.000000
0.000000	122352.000000
0.000000	122352.000000
0.000000	122352.000000
0.000000	122352.000000
0.000000	122352.000000
0.000000	122352.000000
0.000000	122352.000000
0.000000	122352.000000
0.000000	122352.000000
0.000000	122352.000000
0.000000	122352.000000
0.000000	122352.000000
0.000000	122352.000000
0.000000	122353.000000
0.000000	122353.000000
0.000000	122353.000000
0.000000	122353.000000
0.000000	122353.000000
0.000000	122353.000000
0.000000	122353.000000
0.000000	122353.000000
0.000000	122353.000000
0.000000	122353.000000
0.000000	122353.000000
0.000000	122353.000000
0.000000	122353.000000
0.000000	122353.000000
0.000000	122353.000000
0.000000	122353.000000
0.000000	122353.000000
0.000000	122354.000000
0.000000	122354.000000
0.000000	122354.000000
0.000000	122354.000000
0.000000	122354.000000
0.000000	122354.000000
0.000000	122354.000000
0.000000	122354.000000
0.000000	122354.000000
0.000000	122354.000000
0.000000	122354.000000
0.000000	122354.000000
0.000000	122354.000000
0.000000	122354.000000
0.000000	122354.000000
0.000000	122354.000000
0.000000	122354.000000
0.000000	122355.000000
0.000000	122355.000000
0.000000	122355.000000
0.000000	122355.000000
0.000000	122355.000000
0.000000	122355.000000
0.000000	122355.000000
0.000000	122355.000000
0.000000	122355.000000
0.000000	122355.000000
0.000000	122355.000000
0.000000	122355.000000
0.000000	122355.000000
0.000000	122355.000000
0.000000	122355.000000
0.000000	122355.000000
0.000000	122355.000000
0.000000	122356.000000
0.000000	122356.000000
0.000000	122356.000000
0.000000	122356.000000
0.000000	122356.000000
0.000000	122356.000000
0.000000	122356.000000
0.000000	122356.000000
0.000000	122356.000000
0.000000	122356.000000
0.000000	122356.000000
0.000000	122356.000000
0.000000	122356.000000
0.000000	122356.000000
0.000000	122356.000000
0.000000	122356.000000
0.000000	122356.000000
0.000000	122357.000000
0.000000	122357.000000
0.000000	122357.000000
0.000000	122357.000000
0.000000	122357.000000
0.000000	122357.000000
0.000000	122357.000000
0.000000	122357.000000
0.000000	122357.000000
0.000000	122357.000000
0.000000	122357.000000
0.000000	122357.000000
0.000000	122357.000000
0.000000	122357.000000
0.000000	122357.000000
0.000000	122357.000000
0.000000	122357.000000
0.000000	122358.000000
0.000000	122358.000000
0.000000	122358.000000
0.000000	122358.000000
0.000000	122358.000000
0.000000	122358.000000
0.000000	122358.000000
0.000000	122358.000000
0.000000	122358.000000
0.000000	122358.000000
0.000000	122358.000000
0.000000	122358.000000
0.000000	122358.000000
0.000000	122358.000000
0.000000	122358.000000
0.000000	122358.000000
0.000000	122358.000000
0.000000	122359.000000
0.000000	122359.000000
0.000000	122359.000000
0.000000	122359.000000
0.000000	122359.000000
0.000000	122359.000000
0.000000	122359.000000
0.000000	122359.000000
0.000000	122359.000000
0.000000	122359.000000
0.000000	122359.000000
0.000000	122359.000000
0.000000	122359.000000
0.000000	122359.000000
0.000000	122359.000000
0.000000	122359.000000
0.000000	122359.000000
0.000000	122400.000000
0.000000	122400.000000
0.000000	122400.000000
0.000000	122400.000000
0.000000	122400.000000
0.000000	122400.000000
0.000000	122400.000000
0.000000	122400.000000
0.000000	122400.000000
0.000000	122400.000000
0.000000	122400.000000
0.000000	122400.000000
0.000000	122400.000000
0.000000	122400.000000
0.000000	122400.000000
0.000000	122400.000000
0.000000	122400.000000
0.000000	122401.000000
0.000000	122401.000000
0.000000	122401.000000
0.000000	122401.000000
0.000000	122401.000000
0.000000	122401.000000
0.000000	122401.000000
0.000000	122401.000000
0.000000	122401.000000
0.000000	122401.000000
0.000000	122401.000000
0.000000	122401.000000
0.000000	122401.000000
0.000000	122401.000000
0.000000	122401.000000
0.000000	122401.000000
0.000000	122401.000000
0.000000	122402.000000
0.000000	122402.000000
0.000000	122402.000000
0.000000	122402.000000
0.000000	122402.000000
0.000000	122402.000000
0.000000	122402.000000
0.000000	122402.000000
0.000000	122402.000000
0.000000	122402.000000
0.000000	122402.000000
0.000000	122402.000000
0.000000	122402.000000
0.000000	122402.000000
0.000000	122402.000000
0.000000	122402.000000
0.000000	122402.000000
0.000000	122403.000000
0.000000	122403.000000
0.000000	122403.000000
0.000000	122403.000000
0.000000	122403.000000
0.000000	122403.000000
0.000000	122403.000000
0.000000	122403.000000
0.000000	122403.000000
0.000000	122403.000000
0.000000	122403.000000
0.000000	122403.000000
0.000000	122403.000000
0.000000	122403.000000
0.000000	122403.000000
0.000000	122403.000000
0.000000	122403.000000
0.000000	122404.000000
0.000000	122404.000000
0.000000	122404.000000
0.000000	122404.000000
0.000000	122404.000000
0.000000	122404.000000
0.000000	122404.000000
0.000000	122404.000000
0.000000	122404.000000
0.000000	122404.000000
0.000000	122404.000000
0.000000	122404.000000
0.000000	122404.000000
0.000000	122404.000000
0.000000	122404.000000
0.000000	122404.000000
0.000000	122404.000000
0.000000	122405.000000
0.000000	122405.000000
0.000000	122405.000000
0.000000	122405.000000
0.000000	122405.000000
0.000000	122405.000000
0.000000	122405.000000
0.000000	122405.000000
0.000000	122405.000000
0.000000	122405.000000
0.000000	122405.000000
0.000000	122405.000000
0.000000	122405.000000
0.000000	122405.000000
0.000000	122405.000000
0.000000	122405.000000
0.000000	122405.000000
0.000000	122406.000000
0.000000	122406.000000
0.000000	122406.000000
0.000000	122406.000000
0.000000	122406.000000
0.000000	122406.000000
0.000000	122406.000000
0.000000	122406.000000
0.000000	122406.000000
0.000000	122406.000000
0.000000	122406.000000
0.000000	122406.000000
0.000000	122406.000000
0.000000	122406.000000
0.000000	122406.000000
0.000000	122406.000000
0.000000	122406.000000
0.000000	122407.000000
0.000000	122407.000000
0.000000	122407.000000
0.000000	122407.000000
0.000000	122407.000000
0.000000	122407.000000
0.000000	122407.000000
0.000000	122407.000000
0.000000	122407.000000
0.000000	122407.000000
0.000000	122407.000000
0.000000	122407.000000
0.000000	122407.000000
0.000000	122407.000000
0.000000	122407.000000
0.000000	122407.000000
0.000000	122407.000000
0.000000	122408.000000
0.000000	122408.000000
0.000000	122408.000000
0.000000	122408.000000
0.000000	122408.000000
0.000000	122408.000000
0.000000	122408.000000
0.000000	122408.000000
0.000000	122408.000000
0.000000	122408.000000
0.000000	122408.000000
0.000000	122408.000000
0.000000	122408.000000
0.000000	122408.000000
0.000000	122408.000000
0.000000	122408.000000
0.000000	122408.000000
0.000000	122408.000000
0.000000	122409.000000
0.000000	122409.000000
0.000000	122409.000000
0.000000	122409.000000
0.000000	122409.000000
0.000000	122409.000000
0.000000	122409.000000
0.000000	122409.000000
0.000000	122409.000000
0.000000	122409.000000
0.000000	122409.000000
0.000000	122409.000000
0.000000	122409.000000
0.000000	122409.000000
0.000000	122409.000000
0.000000	122409.000000
0.000000	122409.000000
0.000000	122410.000000
0.000000	122410.000000
0.000000	122410.000000
0.000000	122410.000000
0.000000	122410.000000
0.000000	122410.000000
0.000000	122410.000000
0.000000	122410.000000
0.000000	122410.000000
0.000000	122410.000000
0.000000	122410.000000
0.000000	122410.000000
0.000000	122410.000000
0.000000	122410.000000
0.000000	122410.000000
0.000000	122410.000000
0.000000	122410.000000
0.000000	122411.000000
0.000000	122411.000000
0.000000	122411.000000
0.000000	122411.000000
0.000000	122411.000000
0.000000	122411.000000
0.000000	122411.000000
0.000000	122411.000000
0.000000	122411.000000
0.000000	122411.000000
0.000000	122411.000000
0.000000	122411.000000
0.000000	122411.000000
0.000000	122411.000000
0.000000	122411.000000
0.000000	122411.000000
0.000000	122411.000000
0.000000	122412.000000
0.000000	122412.000000
0.000000	122412.000000
0.000000	122412.000000
0.000000	122412.000000
0.000000	122412.000000
0.000000	122412.000000
0.000000	122412.000000
0.000000	122412.000000
0.000000	122412.000000
0.000000	122412.000000
0.000000	122412.000000
0.000000	122412.000000
0.000000	122412.000000
0.000000	122412.000000
0.000000	122412.000000
0.000000	122412.000000
0.000000	122413.000000
0.000000	122413.000000
0.000000	122413.000000
0.000000	122413.000000
0.000000	122413.000000
0.000000	122413.000000
0.000000	122413.000000
0.000000	122413.000000
0.000000	122413.000000
0.000000	122413.000000
0.000000	122413.000000
0.000000	122413.000000
0.000000	122413.000000
0.000000	122413.000000
0.000000	122413.000000
0.000000	122413.000000
0.000000	122413.000000
0.000000	122414.000000
0.000000	122414.000000
0.000000	122414.000000
0.000000	122414.000000
0.000000	122414.000000
0.000000	122414.000000
0.000000	122414.000000
0.000000	122414.000000
0.000000	122414.000000
0.000000	122414.000000
0.000000	122414.000000
0.000000	122414.000000
0.000000	122414.000000
0.000000	122414.000000
0.000000	122414.000000
0.000000	122414.000000
0.000000	122414.000000
0.000000	122415.000000
0.000000	122415.000000
0.000000	122415.000000
0.000000	122415.000000
0.000000	122415.000000
0.000000	122415.000000
0.000000	122415.000000
0.000000	122415.000000
0.000000	122415.000000
0.000000	122415.000000
0.000000	122415.000000
0.000000	122415.000000
0.000000	122415.000000
0.000000	122415.000000
0.000000	122415.000000
0.000000	122415.000000
0.000000	122415.000000
0.000000	122416.000000
0.000000	122416.000000
0.000000	122416.000000
0.000000	122416.000000
0.000000	122416.000000
0.000000	122416.000000
0.000000	122416.000000
0.000000	122416.000000
0.000000	122416.000000
0.000000	122416.000000
0.000000	122416.000000
0.000000	122416.000000
0.000000	122416.000000
0.000000	122416.000000
0.000000	122416.000000
0.000000	122416.000000
0.000000	122416.000000
0.000000	122417.000000
0.000000	122417.000000
0.000000	122417.000000
0.000000	122417.000000
0.000000	122417.000000
0.000000	122417.000000
0.000000	122417.000000
0.000000	122417.000000
0.000000	122417.000000
0.000000	122417.000000
0.000000	122417.000000
0.000000	122417.000000
0.000000	122417.000000
0.000000	122417.000000
0.000000	122417.000000
0.000000	122417.000000
0.000000	122417.000000
0.000000	122418.000000
0.000000	122418.000000
0.000000	122418.000000
0.000000	122418.000000
0.000000	122418.000000
0.000000	122418.000000
0.000000	122418.000000
0.000000	122418.000000
0.000000	122418.000000
0.000000	122418.000000
0.000000	122418.000000
0.000000	122418.000000
0.000000	122418.000000
0.000000	122418.000000
0.000000	122418.000000
0.000000	122418.000000
0.000000	122418.000000
0.000000	122419.000000
0.000000	122419.000000
0.000000	122419.000000
0.000000	122419.000000
0.000000	122419.000000
0.000000	122419.000000
0.000000	122419.000000
0.000000	122419.000000
0.000000	122419.000000
0.000000	122419.000000
0.000000	122419.000000
0.000000	122419.000000
0.000000	122419.000000
0.000000	122419.000000
0.000000	122419.000000
0.000000	122419.000000
0.000000	122419.000000
0.000000	122420.000000
0.000000	122420.000000
0.000000	122420.000000
0.000000	122420.000000
0.000000	122420.000000
0.000000	122420.000000
0.000000	122420.000000
0.000000	122420.000000
0.000000	122420.000000
0.000000	122420.000000
0.000000	122420.000000
0.000000	122420.000000
0.000000	122420.000000
0.000000	122420.000000
0.000000	122420.000000
0.000000	122420.000000
0.000000	122420.000000
0.000000	122421.000000
0.000000	122421.000000
0.000000	122421.000000
0.000000	122421.000000
0.000000	122421.000000
0.000000	122421.000000
0.000000	122421.000000
0.000000	122421.000000
0.000000	122421.000000
0.000000	122421.000000
0.000000	122421.000000
0.000000	122421.000000
0.000000	122421.000000
0.000000	122421.000000
0.000000	122421.000000
0.000000	122421.000000
0.000000	122421.000000
0.000000	122422.000000
0.000000	122422.000000
0.000000	122422.000000
0.000000	122422.000000
0.000000	122422.000000
0.000000	122422.000000
0.000000	122422.000000
0.000000	122422.000000
0.000000	122422.000000
0.000000	122422.000000
0.000000	122422.000000
0.000000	122422.000000
0.000000	122422.000000
0.000000	122422.000000
0.000000	122422.000000
0.000000	122422.000000
0.000000	122422.000000
0.000000	122423.000000
0.000000	122423.000000
0.000000	122423.000000
0.000000	122423.000000
0.000000	122423.000000
0.000000	122423.000000
0.000000	122423.000000
0.000000	122423.000000
0.000000	122423.000000
0.000000	122423.000000
0.000000	122423.000000
0.000000	122423.000000
0.000000	122423.000000
0.000000	122423.000000
0.000000	122423.000000
0.000000	122423.000000
0.000000	122423.000000
0.000000	122423.000000
0.000000	122424.000000
0.000000	122424.000000
0.000000	122424.000000
0.000000	122424.000000
0.000000	122424.000000
0.000000	122424.000000
0.000000	122424.000000
0.000000	122424.000000
0.000000	122424.000000
0.000000	122424.000000
0.000000	122424.000000
0.000000	122424.000000
0.000000	122424.000000
0.000000	122424.000000
0.000000	122424.000000
0.000000	122424.000000
0.000000	122424.000000
0.000000	122425.000000
0.000000	122425.000000
0.000000	122425.000000
0.000000	122425.000000
0.000000	122425.000000
0.000000	122425.000000
0.000000	122425.000000
0.000000	122425.000000
0.000000	122425.000000
0.000000	122425.000000
0.000000	122425.000000
0.000000	122425.000000
0.000000	122425.000000
0.000000	122425.000000
0.000000	122425.000000
0.000000	122425.000000
0.000000	122425.000000
0.000000	122426.000000
0.000000	122426.000000
0.000000	122426.000000
0.000000	122426.000000
0.000000	122426.000000
0.000000	122426.000000
0.000000	122426.000000
0.000000	122426.000000
0.000000	122426.000000
0.000000	122426.000000
0.000000	122426.000000
0.000000	122426.000000
0.000000	122426.000000
0.000000	122426.000000
0.000000	122426.000000
0.000000	122426.000000
0.000000	122426.000000
0.000000	122427.000000
0.000000	122427.000000
0.000000	122427.000000
0.000000	122427.000000
0.000000	122427.000000
0.000000	122427.000000
0.000000	122427.000000
0.000000	122427.000000
0.000000	122427.000000
0.000000	122427.000000
0.000000	122427.000000
0.000000	122427.000000
0.000000	122427.000000
0.000000	122427.000000
0.000000	122427.000000
0.000000	122427.000000
0.000000	122427.000000
0.000000	122428.000000
0.000000	122428.000000
0.000000	122428.000000
0.000000	122428.000000
0.000000	122428.000000
0.000000	122428.000000
0.000000	122428.000000
0.000000	122428.000000
0.000000	122428.000000
0.000000	122428.000000
0.000000	122428.000000
0.000000	122428.000000
0.000000	122428.000000
0.000000	122428.000000
0.000000	122428.000000
0.000000	122428.000000
0.000000	122428.000000
0.000000	122429.000000
0.000000	122429.000000
0.000000	122429.000000
0.000000	122429.000000
0.000000	122429.000000
0.000000	122429.000000
0.000000	122429.000000
0.000000	122429.000000
0.000000	122429.000000
0.000000	122429.000000
0.000000	122429.000000
0.000000	122429.000000
0.000000	122429.000000
0.000000	122429.000000
0.000000	122429.000000
0.000000	122429.000000
0.000000	122429.000000
0.000000	122430.000000
0.000000	122430.000000
0.000000	122430.000000
0.000000	122430.000000
0.000000	122430.000000
0.000000	122430.000000
0.000000	122430.000000
0.000000	122430.000000
0.000000	122430.000000
0.000000	122430.000000
0.000000	122430.000000
0.000000	122430.000000
0.000000	122430.000000
0.000000	122430.000000
0.000000	122430.000000
0.000000	122430.000000
0.000000	122430.000000
0.000000	122431.000000
0.000000	122431.000000
0.000000	122431.000000
0.000000	122431.000000
0.000000	122431.000000
0.000000	122431.000000
0.000000	122431.000000
0.000000	122431.000000
0.000000	122431.000000
0.000000	122431.000000
0.000000	122431.000000
0.000000	122431.000000
0.000000	122431.000000
0.000000	122431.000000
0.000000	122431.000000
0.000000	122431.000000
0.000000	122431.000000
0.000000	122432.000000
0.000000	122432.000000
0.000000	122432.000000
0.000000	122432.000000
0.000000	122432.000000
0.000000	122432.000000
0.000000	122432.000000
0.000000	122432.000000
0.000000	122432.000000
0.000000	122432.000000
0.000000	122432.000000
0.000000	122432.000000
0.000000	122432.000000
0.000000	122432.000000
0.000000	122432.000000
0.000000	122432.000000
0.000000	122432.000000
0.000000	122433.000000
0.000000	122433.000000
0.000000	122433.000000
0.000000	122433.000000
0.000000	122433.000000
0.000000	122433.000000
0.000000	122433.000000
0.000000	122433.000000
0.000000	122433.000000
0.000000	122433.000000
0.000000	122433.000000
0.000000	122433.000000
0.000000	122433.000000
0.000000	122433.000000
0.000000	122433.000000
0.000000	122433.000000
0.000000	122433.000000
0.000000	122434.000000
0.000000	122434.000000
0.000000	122434.000000
0.000000	122434.000000
0.000000	122434.000000
0.000000	122434.000000
0.000000	122434.000000
0.000000	122434.000000
0.000000	122434.000000
0.000000	122434.000000
0.000000	122434.000000
0.000000	122434.000000
0.000000	122434.000000
0.000000	122434.000000
0.000000	122434.000000
0.000000	122434.000000
0.000000	122434.000000
0.000000	122435.000000
0.000000	122435.000000
0.000000	122435.000000
0.000000	122435.000000
0.000000	122435.000000
0.000000	122435.000000
0.000000	122435.000000
0.000000	122435.000000
0.000000	122435.000000
0.000000	122435.000000
0.000000	122435.000000
0.000000	122435.000000
0.000000	122435.000000
0.000000	122435.000000
0.000000	122435.000000
0.000000	122435.000000
0.000000	122435.000000
0.000000	122436.000000
0.000000	122436.000000
0.000000	122436.000000
0.000000	122436.000000
0.000000	122436.000000
0.000000	122436.000000
0.000000	122436.000000
0.000000	122436.000000
0.000000	122436.000000
0.000000	122436.000000
0.000000	122436.000000
0.000000	122436.000000
0.000000	122436.000000
0.000000	122436.000000
0.000000	122436.000000
0.000000	122436.000000
0.000000	122436.000000
0.000000	122437.000000
0.000000	122437.000000
0.000000	122437.000000
0.000000	122437.000000
0.000000	122437.000000
0.000000	122437.000000
0.000000	122437.000000
0.000000	122437.000000
0.000000	122437.000000
0.000000	122437.000000
0.000000	122437.000000
0.000000	122437.000000
0.000000	122437.000000
0.000000	122437.000000
0.000000	122437.000000
0.000000	122437.000000
0.000000	122437.000000
0.000000	122437.000000
0.000000	122438.000000
0.000000	122438.000000
0.000000	122438.000000
0.000000	122438.000000
0.000000	122438.000000
0.000000	122438.000000
0.000000	122438.000000
0.000000	122438.000000
0.000000	122438.000000
0.000000	122438.000000
0.000000	122438.000000
0.000000	122438.000000
0.000000	122438.000000
0.000000	122438.000000
0.000000	122438.000000
0.000000	122438.000000
0.000000	122438.000000
0.000000	122439.000000
0.000000	122439.000000
0.000000	122439.000000
0.000000	122439.000000
0.000000	122439.000000
0.000000	122439.000000
0.000000	122439.000000
0.000000	122439.000000
0.000000	122439.000000
0.000000	122439.000000
0.000000	122439.000000
0.000000	122439.000000
0.000000	122439.000000
0.000000	122439.000000
0.000000	122439.000000
0.000000	122439.000000
0.000000	122439.000000
0.000000	122440.000000
0.000000	122440.000000
0.000000	122440.000000
0.000000	122440.000000
0.000000	122440.000000
0.000000	122440.000000
0.000000	122440.000000
0.000000	122440.000000
0.000000	122440.000000
0.000000	122440.000000
0.000000	122440.000000
0.000000	122440.000000
0.000000	122440.000000
0.000000	122440.000000
0.000000	122440.000000
0.000000	122440.000000
0.000000	122440.000000
0.000000	122441.000000
0.000000	122441.000000
0.000000	122441.000000
0.000000	122441.000000
0.000000	122441.000000
0.000000	122441.000000
0.000000	122441.000000
0.000000	122441.000000
0.000000	122441.000000
0.000000	122441.000000
0.000000	122441.000000
0.000000	122441.000000
0.000000	122441.000000
0.000000	122441.000000
0.000000	122441.000000
0.000000	122441.000000
0.000000	122441.000000
0.000000	122442.000000
0.000000	122442.000000
0.000000	122442.000000
0.000000	122442.000000
0.000000	122442.000000
0.000000	122442.000000
0.000000	122442.000000
0.000000	122442.000000
0.000000	122442.000000
0.000000	122442.000000
0.000000	122442.000000
0.000000	122442.000000
0.000000	122442.000000
0.000000	122442.000000
0.000000	122442.000000
0.000000	122442.000000
0.000000	122442.000000
0.000000	122443.000000
0.000000	122443.000000
0.000000	122443.000000
0.000000	122443.000000
0.000000	122443.000000
0.000000	122443.000000
0.000000	122443.000000
0.000000	122443.000000
0.000000	122443.000000
0.000000	122443.000000
0.000000	122443.000000
0.000000	122443.000000
0.000000	122443.000000
0.000000	122443.000000
0.000000	122443.000000
0.000000	122443.000000
0.000000	122443.000000
0.000000	122444.000000
0.000000	122444.000000
0.000000	122444.000000
0.000000	122444.000000
0.000000	122444.000000
0.000000	122444.000000
0.000000	122444.000000
0.000000	122444.000000
0.000000	122444.000000
0.000000	122444.000000
0.000000	122444.000000
0.000000	122444.000000
0.000000	122444.000000
0.000000	122444.000000
0.000000	122444.000000
0.000000	122444.000000
0.000000	122444.000000
0.000000	122445.000000
0.000000	122445.000000
0.000000	122445.000000
0.000000	122445.000000
0.000000	122445.000000
0.000000	122445.000000
0.000000	122445.000000
0.000000	122445.000000
0.000000	122445.000000
0.000000	122445.000000
0.000000	122445.000000
0.000000	122445.000000
0.000000	122445.000000
0.000000	122445.000000
0.000000	122445.000000
0.000000	122445.000000
0.000000	122445.000000
0.000000	122446.000000
0.000000	122446.000000
0.000000	122446.000000
0.000000	122446.000000
0.000000	122446.000000
0.000000	122446.000000
0.000000	122446.000000
0.000000	122446.000000
0.000000	122446.000000
0.000000	122446.000000
0.000000	122446.000000
0.000000	122446.000000
0.000000	122446.000000
0.000000	122446.000000
0.000000	122446.000000
0.000000	122446.000000
0.000000	122446.000000
0.000000	122447.000000
0.000000	122447.000000
0.000000	122447.000000
0.000000	122447.000000
0.000000	122447.000000
0.000000	122447.000000
0.000000	122447.000000
0.000000	122447.000000
0.000000	122447.000000
0.000000	122447.000000
0.000000	122447.000000
0.000000	122447.000000
0.000000	122447.000000
0.000000	122447.000000
0.000000	122447.000000
0.000000	122447.000000
0.000000	122447.000000
0.000000	122448.000000
0.000000	122448.000000
0.000000	122448.000000
0.000000	122448.000000
0.000000	122448.000000
0.000000	122448.000000
0.000000	122448.000000
0.000000	122448.000000
0.000000	122448.000000
0.000000	122448.000000
0.000000	122448.000000
0.000000	122448.000000
0.000000	122448.000000
0.000000	122448.000000
0.000000	122448.000000
0.000000	122448.000000
0.000000	122448.000000
0.000000	122449.000000
0.000000	122449.000000
0.000000	122449.000000
0.000000	122449.000000
0.000000	122449.000000
0.000000	122449.000000
0.000000	122449.000000
0.000000	122449.000000
0.000000	122449.000000
0.000000	122449.000000
0.000000	122449.000000
0.000000	122449.000000
0.000000	122449.000000
0.000000	122449.000000
0.000000	122449.000000
0.000000	122449.000000
0.000000	122449.000000
0.000000	122450.000000
0.000000	122450.000000
0.000000	122450.000000
0.000000	122450.000000
0.000000	122450.000000
0.000000	122450.000000
0.000000	122450.000000
0.000000	122450.000000
0.000000	122450.000000
0.000000	122450.000000
0.000000	122450.000000
0.000000	122450.000000
0.000000	122450.000000
0.000000	122450.000000
0.000000	122450.000000
0.000000	122450.000000
0.000000	122450.000000
0.000000	122451.000000
0.000000	122451.000000
0.000000	122451.000000
0.000000	122451.000000
0.000000	122451.000000
0.000000	122451.000000
0.000000	122451.000000
0.000000	122451.000000
0.000000	122451.000000
0.000000	122451.000000
0.000000	122451.000000
0.000000	122451.000000
0.000000	122451.000000
0.000000	122451.000000
0.000000	122451.000000
0.000000	122451.000000
0.000000	122451.000000
0.000000	122452.000000
0.000000	122452.000000
0.000000	122452.000000
0.000000	122452.000000
0.000000	122452.000000
0.000000	122452.000000
0.000000	122452.000000
0.000000	122452.000000
0.000000	122452.000000
0.000000	122452.000000
0.000000	122452.000000
0.000000	122452.000000
0.000000	122452.000000
0.000000	122452.000000
0.000000	122452.000000
0.000000	122452.000000
0.000000	122452.000000
0.000000	122453.000000
0.000000	122453.000000
0.000000	122453.000000
0.000000	122453.000000
0.000000	122453.000000
0.000000	122453.000000
0.000000	122453.000000
0.000000	122453.000000
0.000000	122453.000000
0.000000	122453.000000
0.000000	122453.000000
0.000000	122453.000000
0.000000	122453.000000
0.000000	122453.000000
0.000000	122453.000000
0.000000	122453.000000
0.000000	122453.000000
0.000000	122453.000000
0.000000	122454.000000
0.000000	122454.000000
0.000000	122454.000000
0.000000	122454.000000
0.000000	122454.000000
0.000000	122454.000000
0.000000	122454.000000
0.000000	122454.000000
0.000000	122454.000000
0.000000	122454.000000
0.000000	122454.000000
0.000000	122454.000000
0.000000	122454.000000
0.000000	122454.000000
0.000000	122454.000000
0.000000	122454.000000
0.000000	122454.000000
0.000000	122455.000000
0.000000	122455.000000
0.000000	122455.000000
0.000000	122455.000000
0.000000	122455.000000
0.000000	122455.000000
0.000000	122455.000000
0.000000	122455.000000
0.000000	122455.000000
0.000000	122455.000000
0.000000	122455.000000
0.000000	122455.000000
0.000000	122455.000000
0.000000	122455.000000
0.000000	122455.000000
0.000000	122455.000000
0.000000	122455.000000
0.000000	122456.000000
0.000000	122456.000000
0.000000	122456.000000
0.000000	122456.000000
0.000000	122456.000000
0.000000	122456.000000
0.000000	122456.000000
0.000000	122456.000000
0.000000	122456.000000
0.000000	122456.000000
0.000000	122456.000000
0.000000	122456.000000
0.000000	122456.000000
0.000000	122456.000000
0.000000	122456.000000
0.000000	122456.000000
0.000000	122456.000000
0.000000	122457.000000
0.000000	122457.000000
0.000000	122457.000000
0.000000	122457.000000
0.000000	122457.000000
0.000000	122457.000000
0.000000	122457.000000
0.000000	122457.000000
0.000000	122457.000000
0.000000	122457.000000
0.000000	122457.000000
0.000000	122457.000000
0.000000	122457.000000
0.000000	122457.000000
0.000000	122457.000000
0.000000	122457.000000
0.000000	122457.000000
0.000000	122458.000000
0.000000	122458.000000
0.000000	122458.000000
0.000000	122458.000000
0.000000	122458.000000
0.000000	122458.000000
0.000000	122458.000000
0.000000	122458.000000
0.000000	122458.000000
0.000000	122458.000000
0.000000	122458.000000
0.000000	122458.000000
0.000000	122458.000000
0.000000	122458.000000
0.000000	122458.000000
0.000000	122458.000000
0.000000	122458.000000
0.000000	122459.000000
0.000000	122459.000000
0.000000	122459.000000
0.000000	122459.000000
0.000000	122459.000000
0.000000	122459.000000
0.000000	122459.000000
0.000000	122459.000000
0.000000	122459.000000
0.000000	122459.000000
0.000000	122459.000000
0.000000	122459.000000
0.000000	122459.000000
0.000000	122459.000000
0.000000	122459.000000
0.000000	122459.000000
0.000000	122459.000000
0.000000	122500.000000
0.000000	122500.000000
0.000000	122500.000000
0.000000	122500.000000
0.000000	122500.000000
0.000000	122500.000000
0.000000	122500.000000
0.000000	122500.000000
0.000000	122500.000000
0.000000	122500.000000
0.000000	122500.000000
0.000000	122500.000000
0.000000	122500.000000
0.000000	122500.000000
0.000000	122500.000000
0.000000	122500.000000
0.000000	122500.000000
0.000000	122501.000000
0.000000	122501.000000
0.000000	122501.000000
0.000000	122501.000000
0.000000	122501.000000
0.000000	122501.000000
0.000000	122501.000000
0.000000	122501.000000
0.000000	122501.000000
0.000000	122501.000000
0.000000	122501.000000
0.000000	122501.000000
0.000000	122501.000000
0.000000	122501.000000
0.000000	122501.000000
0.000000	122501.000000
0.000000	122501.000000
0.000000	122502.000000
0.000000	122502.000000
0.000000	122502.000000
0.000000	122502.000000
0.000000	122502.000000
0.000000	122502.000000
0.000000	122502.000000
0.000000	122502.000000
0.000000	122502.000000
0.000000	122502.000000
0.000000	122502.000000
0.000000	122502.000000
0.000000	122502.000000
0.000000	122502.000000
0.000000	122502.000000
0.000000	122502.000000
0.000000	122502.000000
0.000000	122503.000000
0.000000	122503.000000
0.000000	122503.000000
0.000000	122503.000000
0.000000	122503.000000
0.000000	122503.000000
0.000000	122503.000000
0.000000	122503.000000
0.000000	122503.000000
0.000000	122503.000000
0.000000	122503.000000
0.000000	122503.000000
0.000000	122503.000000
0.000000	122503.000000
0.000000	122503.000000
0.000000	122503.000000
0.000000	122503.000000
0.000000	122504.000000
0.000000	122504.000000
0.000000	122504.000000
0.000000	122504.000000
0.000000	122504.000000
0.000000	122504.000000
0.000000	122504.000000
0.000000	122504.000000
0.000000	122504.000000
0.000000	122504.000000
0.000000	122504.000000
0.000000	122504.000000
0.000000	122504.000000
0.000000	122504.000000
0.000000	122504.000000
0.000000	122504.000000
0.000000	122504.000000
0.000000	122505.000000
0.000000	122505.000000
0.000000	122505.000000
0.000000	122505.000000
0.000000	122505.000000
0.000000	122505.000000
0.000000	122505.000000
0.000000	122505.000000
0.000000	122505.000000
0.000000	122505.000000
0.000000	122505.000000
0.000000	122505.000000
0.000000	122505.000000
0.000000	122505.000000
0.000000	122505.000000
0.000000	122505.000000
0.000000	122505.000000
0.000000	122506.000000
0.000000	122506.000000
0.000000	122506.000000
0.000000	122506.000000
0.000000	122506.000000
0.000000	122506.000000
0.000000	122506.000000
0.000000	122506.000000
0.000000	122506.000000
0.000000	122506.000000
0.000000	122506.000000
0.000000	122506.000000
0.000000	122506.000000
0.000000	122506.000000
0.000000	122506.000000
0.000000	122506.000000
0.000000	122506.000000
0.000000	122507.000000
0.000000	122507.000000
0.000000	122507.000000
0.000000	122507.000000
0.000000	122507.000000
0.000000	122507.000000
0.000000	122507.000000
0.000000	122507.000000
0.000000	122507.000000
0.000000	122507.000000
0.000000	122507.000000
0.000000	122507.000000
0.000000	122507.000000
0.000000	122507.000000
0.000000	122507.000000
0.000000	122507.000000
0.000000	122507.000000
0.000000	122507.000000
0.000000	122508.000000
0.000000	122508.000000
0.000000	122508.000000
0.000000	122508.000000
0.000000	122508.000000
0.000000	122508.000000
0.000000	122508.000000
0.000000	122508.000000
0.000000	122508.000000
0.000000	122508.000000
0.000000	122508.000000
0.000000	122508.000000
0.000000	122508.000000
0.000000	122508.000000
0.000000	122508.000000
0.000000	122508.000000
0.000000	122508.000000
0.000000	122509.000000
0.000000	122509.000000
0.000000	122509.000000
0.000000	122509.000000
0.000000	122509.000000
0.000000	122509.000000
0.000000	122509.000000
0.000000	122509.000000
0.000000	122509.000000
0.000000	122509.000000
0.000000	122509.000000
0.000000	122509.000000
0.000000	122509.000000
0.000000	122509.000000
0.000000	122509.000000
0.000000	122509.000000
0.000000	122509.000000
0.000000	122510.000000
0.000000	122510.000000
0.000000	122510.000000
0.000000	122510.000000
0.000000	122510.000000
0.000000	122510.000000
0.000000	122510.000000
0.000000	122510.000000
0.000000	122510.000000
0.000000	122510.000000
0.000000	122510.000000
0.000000	122510.000000
0.000000	122510.000000
0.000000	122510.000000
0.000000	122510.000000
0.000000	122510.000000
0.000000	122510.000000
0.000000	122511.000000
0.000000	122511.000000
0.000000	122511.000000
0.000000	122511.000000
0.000000	122511.000000
0.000000	122511.000000
0.000000	122511.000000
0.000000	122511.000000
0.000000	122511.000000
0.000000	122511.000000
0.000000	122511.000000
0.000000	122511.000000
0.000000	122511.000000
0.000000	122511.000000
0.000000	122511.000000
0.000000	122511.000000
0.000000	122511.000000
0.000000	122512.000000
0.000000	122512.000000
0.000000	122512.000000
0.000000	122512.000000
0.000000	122512.000000
0.000000	122512.000000
0.000000	122512.000000
0.000000	122512.000000
0.000000	122512.000000
0.000000	122512.000000
0.000000	122512.000000
0.000000	122512.000000
0.000000	122512.000000
0.000000	122512.000000
0.000000	122512.000000
0.000000	122512.000000
0.000000	122512.000000
0.000000	122513.000000
0.000000	122513.000000
0.000000	122513.000000
0.000000	122513.000000
0.000000	122513.000000
0.000000	122513.000000
0.000000	122513.000000
0.000000	122513.000000
0.000000	122513.000000
0.000000	122513.000000
0.000000	122513.000000
0.000000	122513.000000
0.000000	122513.000000
0.000000	122513.000000
0.000000	122513.000000
0.000000	122513.000000
0.000000	122513.000000
0.000000	122514.000000
0.000000	122514.000000
0.000000	122514.000000
0.000000	122514.000000
0.000000	122514.000000
0.000000	122514.000000
0.000000	122514.000000
0.000000	122514.000000
0.000000	122514.000000
0.000000	122514.000000
0.000000	122514.000000
0.000000	122514.000000
0.000000	122514.000000
0.000000	122514.000000
0.000000	122514.000000
0.000000	122514.000000
0.000000	122514.000000
0.000000	122515.000000
0.000000	122515.000000
0.000000	122515.000000
0.000000	122515.000000
0.000000	122515.000000
0.000000	122515.000000
0.000000	122515.000000
0.000000	122515.000000
0.000000	122515.000000
0.000000	122515.000000
0.000000	122515.000000
0.000000	122515.000000
0.000000	122515.000000
0.000000	122515.000000
0.000000	122515.000000
0.000000	122515.000000
0.000000	122515.000000
0.000000	122516.000000
0.000000	122516.000000
0.000000	122516.000000
0.000000	122516.000000
0.000000	122516.000000
0.000000	122516.000000
0.000000	122516.000000
0.000000	122516.000000
0.000000	122516.000000
0.000000	122516.000000
0.000000	122516.000000
0.000000	122516.000000
0.000000	122516.000000
0.000000	122516.000000
0.000000	122516.000000
0.000000	122516.000000
0.000000	122516.000000
0.000000	122517.000000
0.000000	122517.000000
0.000000	122517.000000
0.000000	122517.000000
0.000000	122517.000000
0.000000	122517.000000
0.000000	122517.000000
0.000000	122517.000000
0.000000	122517.000000
0.000000	122517.000000
0.000000	122517.000000
0.000000	122517.000000
0.000000	122517.000000
0.000000	122517.000000
0.000000	122517.000000
0.000000	122517.000000
0.000000	122517.000000
0.000000	122518.000000
0.000000	122518.000000
0.000000	122518.000000
0.000000	122518.000000
0.000000	122518.000000
0.000000	122518.000000
0.000000	122518.000000
0.000000	122518.000000
0.000000	122518.000000
0.000000	122518.000000
0.000000	122518.000000
0.000000	122518.000000
0.000000	122518.000000
0.000000	122518.000000
0.000000	122518.000000
0.000000	122518.000000
0.000000	122518.000000
0.000000	122519.000000
0.000000	122519.000000
0.000000	122519.000000
0.000000	122519.000000
0.000000	122519.000000
0.000000	122519.000000
0.000000	122519.000000
0.000000	122519.000000
0.000000	122519.000000
0.000000	122519.000000
0.000000	122519.000000
0.000000	122519.000000
0.000000	122519.000000
0.000000	122519.000000
0.000000	122519.000000
0.000000	122519.000000
0.000000	122519.000000
0.000000	122520.000000
0.000000	122520.000000
0.000000	122520.000000
0.000000	122520.000000
0.000000	122520.000000
0.000000	122520.000000
0.000000	122520.000000
0.000000	122520.000000
0.000000	122520.000000
0.000000	122520.000000
0.000000	122520.000000
0.000000	122520.000000
0.000000	122520.000000
0.000000	122520.000000
0.000000	122520.000000
0.000000	122520.000000
0.000000	122520.000000
0.000000	122521.000000
0.000000	122521.000000
0.000000	122521.000000
0.000000	122521.000000
0.000000	122521.000000
0.000000	122521.000000
0.000000	122521.000000
0.000000	122521.000000
0.000000	122521.000000
0.000000	122521.000000
0.000000	122521.000000
0.000000	122521.000000
0.000000	122521.000000
0.000000	122521.000000
0.000000	122521.000000
0.000000	122521.000000
0.000000	122521.000000
0.000000	122522.000000
0.000000	122522.000000
0.000000	122522.000000
0.000000	122522.000000
0.000000	122522.000000
0.000000	122522.000000
0.000000	122522.000000
0.000000	122522.000000
0.000000	122522.000000
0.000000	122522.000000
0.000000	122522.000000
0.000000	122522.000000
0.000000	122522.000000
0.000000	122522.000000
0.000000	122522.000000
0.000000	122522.000000
0.000000	122522.000000
0.000000	122523.000000
0.000000	122523.000000
0.000000	122523.000000
0.000000	122523.000000
0.000000	122523.000000
0.000000	122523.000000
0.000000	122523.000000
0.000000	122523.000000
0.000000	122523.000000
0.000000	122523.000000
0.000000	122523.000000
0.000000	122523.000000
0.000000	122523.000000
0.000000	122523.000000
0.000000	122523.000000
0.000000	122523.000000
0.000000	122523.000000
0.000000	122523.000000
0.000000	122524.000000
0.000000	122524.000000
0.000000	122524.000000
0.000000	122524.000000
0.000000	122524.000000
0.000000	122524.000000
0.000000	122524.000000
0.000000	122524.000000
0.000000	122524.000000
0.000000	122524.000000
0.000000	122524.000000
0.000000	122524.000000
0.000000	122524.000000
0.000000	122524.000000
0.000000	122524.000000
0.000000	122524.000000
0.000000	122524.000000
0.000000	122525.000000
0.000000	122525.000000
0.000000	122525.000000
0.000000	122525.000000
0.000000	122525.000000
0.000000	122525.000000
0.000000	122525.000000
0.000000	122525.000000
0.000000	122525.000000
0.000000	122525.000000
0.000000	122525.000000
0.000000	122525.000000
0.000000	122525.000000
0.000000	122525.000000
0.000000	122525.000000
0.000000	122525.000000
0.000000	122525.000000
0.000000	122526.000000
0.000000	122526.000000
0.000000	122526.000000
0.000000	122526.000000
0.000000	122526.000000
0.000000	122526.000000
0.000000	122526.000000
0.000000	122526.000000
0.000000	122526.000000
0.000000	122526.000000
0.000000	122526.000000
0.000000	122526.000000
0.000000	122526.000000
0.000000	122526.000000
0.000000	122526.000000
0.000000	122526.000000
0.000000	122526.000000
0.000000	122527.000000
0.000000	122527.000000
0.000000	122527.000000
0.000000	122527.000000
0.000000	122527.000000
0.000000	122527.000000
0.000000	122527.000000
0.000000	122527.000000
0.000000	122527.000000
0.000000	122527.000000
0.000000	122527.000000
0.000000	122527.000000
0.000000	122527.000000
0.000000	122527.000000
0.000000	122527.000000
0.000000	122527.000000
0.000000	122527.000000
0.000000	122528.000000
0.000000	122528.000000
0.000000	122528.000000
0.000000	122528.000000
0.000000	122528.000000
0.000000	122528.000000
0.000000	122528.000000
0.000000	122528.000000
0.000000	122528.000000
0.000000	122528.000000
0.000000	122528.000000
0.000000	122528.000000
0.000000	122528.000000
0.000000	122528.000000
0.000000	122528.000000
0.000000	122528.000000
0.000000	122528.000000
0.000000	122529.000000
0.000000	122529.000000
0.000000	122529.000000
0.000000	122529.000000
0.000000	122529.000000
0.000000	122529.000000
0.000000	122529.000000
0.000000	122529.000000
0.000000	122529.000000
0.000000	122529.000000
0.000000	122529.000000
0.000000	122529.000000
0.000000	122529.000000
0.000000	122529.000000
0.000000	122529.000000
0.000000	122529.000000
0.000000	122529.000000
0.000000	122530.000000
0.000000	122530.000000
0.000000	122530.000000
0.000000	122530.000000
0.000000	122530.000000
0.000000	122530.000000
0.000000	122530.000000
0.000000	122530.000000
0.000000	122530.000000
0.000000	122530.000000
0.000000	122530.000000
0.000000	122530.000000
0.000000	122530.000000
0.000000	122530.000000
0.000000	122530.000000
0.000000	122530.000000
0.000000	122530.000000
0.000000	122531.000000
0.000000	122531.000000
0.000000	122531.000000
0.000000	122531.000000
0.000000	122531.000000
0.000000	122531.000000
0.000000	122531.000000
0.000000	122531.000000
0.000000	122531.000000
0.000000	122531.000000
0.000000	122531.000000
0.000000	122531.000000
0.000000	122531.000000
0.000000	122531.000000
0.000000	122531.000000
0.000000	122531.000000
0.000000	122531.000000
0.000000	122532.000000
0.000000	122532.000000
0.000000	122532.000000
0.000000	122532.000000
0.000000	122532.000000
0.000000	122532.000000
0.000000	122532.000000
0.000000	122532.000000
0.000000	122532.000000
0.000000	122532.000000
0.000000	122532.000000
0.000000	122532.000000
0.000000	122532.000000
0.000000	122532.000000
0.000000	122532.000000
0.000000	122532.000000
0.000000	122532.000000
0.000000	122533.000000
0.000000	122533.000000
0.000000	122533.000000
0.000000	122533.000000
0.000000	122533.000000
0.000000	122533.000000
0.000000	122533.000000
0.000000	122533.000000
0.000000	122533.000000
0.000000	122533.000000
0.000000	122533.000000
0.000000	122533.000000
0.000000	122533.000000
0.000000	122533.000000
0.000000	122533.000000
0.000000	122533.000000
0.000000	122533.000000
0.000000	122534.000000
0.000000	122534.000000
0.000000	122534.000000
0.000000	122534.000000
0.000000	122534.000000
0.000000	122534.000000
0.000000	122534.000000
0.000000	122534.000000
0.000000	122534.000000
0.000000	122534.000000
0.000000	122534.000000
0.000000	122534.000000
0.000000	122534.000000
0.000000	122534.000000
0.000000	122534.000000
0.000000	122534.000000
0.000000	122534.000000
0.000000	122535.000000
0.000000	122535.000000
0.000000	122535.000000
0.000000	122535.000000
0.000000	122535.000000
0.000000	122535.000000
0.000000	122535.000000
0.000000	122535.000000
0.000000	122535.000000
0.000000	122535.000000
0.000000	122535.000000
0.000000	122535.000000
0.000000	122535.000000
0.000000	122535.000000
0.000000	122535.000000
0.000000	122535.000000
0.000000	122535.000000
0.000000	122536.000000
0.000000	122536.000000
0.000000	122536.000000
0.000000	122536.000000
0.000000	122536.000000
0.000000	122536.000000
0.000000	122536.000000
0.000000	122536.000000
0.000000	122536.000000
0.000000	122536.000000
0.000000	122536.000000
0.000000	122536.000000
0.000000	122536.000000
0.000000	122536.000000
0.000000	122536.000000
0.000000	122536.000000
0.000000	122536.000000
0.000000	122537.000000
0.000000	122537.000000
0.000000	122537.000000
0.000000	122537.000000
0.000000	122537.000000
0.000000	122537.000000
0.000000	122537.000000
0.000000	122537.000000
0.000000	122537.000000
0.000000	122537.000000
0.000000	122537.000000
0.000000	122537.000000
0.000000	122537.000000
0.000000	122537.000000
0.000000	122537.000000
0.000000	122537.000000
0.000000	122537.000000
0.000000	122538.000000
0.000000	122538.000000
0.000000	122538.000000
0.000000	122538.000000
0.000000	122538.000000
0.000000	122538.000000
0.000000	122538.000000
0.000000	122538.000000
0.000000	122538.000000
0.000000	122538.000000
0.000000	122538.000000
0.000000	122538.000000
0.000000	122538.000000
0.000000	122538.000000
0.000000	122538.000000
0.000000	122538.000000
0.000000	122538.000000
0.000000	122538.000000
0.000000	122539.000000
0.000000	122539.000000
0.000000	122539.000000
0.000000	122539.000000
0.000000	122539.000000
0.000000	122539.000000
0.000000	122539.000000
0.000000	122539.000000
0.000000	122539.000000
0.000000	122539.000000
0.000000	122539.000000
0.000000	122539.000000
0.000000	122539.000000
0.000000	122539.000000
0.000000	122539.000000
0.000000	122539.000000
0.000000	122539.000000
0.000000	122540.000000
0.000000	122540.000000
0.000000	122540.000000
0.000000	122540.000000
0.000000	122540.000000
0.000000	122540.000000
0.000000	122540.000000
0.000000	122540.000000
0.000000	122540.000000
0.000000	122540.000000
0.000000	122540.000000
0.000000	122540.000000
0.000000	122540.000000
0.000000	122540.000000
0.000000	122540.000000
0.000000	122540.000000
0.000000	122540.000000
0.000000	122541.000000
0.000000	122541.000000
0.000000	122541.000000
0.000000	122541.000000
0.000000	122541.000000
0.000000	122541.000000
0.000000	122541.000000
0.000000	122541.000000
0.000000	122541.000000
0.000000	122541.000000
0.000000	122541.000000
0.000000	122541.000000
0.000000	122541.000000
0.000000	122541.000000
0.000000	122541.000000
0.000000	122541.000000
0.000000	122541.000000
0.000000	122542.000000
0.000000	122542.000000
0.000000	122542.000000
0.000000	122542.000000
0.000000	122542.000000
0.000000	122542.000000
0.000000	122542.000000
0.000000	122542.000000
0.000000	122542.000000
0.000000	122542.000000
0.000000	122542.000000
0.000000	122542.000000
0.000000	122542.000000
0.000000	122542.000000
0.000000	122542.000000
0.000000	122542.000000
0.000000	122542.000000
0.000000	122543.000000
0.000000	122543.000000
0.000000	122543.000000
0.000000	122543.000000
0.000000	122543.000000
0.000000	122543.000000
0.000000	122543.000000
0.000000	122543.000000
0.000000	122543.000000
0.000000	122543.000000
0.000000	122543.000000
0.000000	122543.000000
0.000000	122543.000000
0.000000	122543.000000
0.000000	122543.000000
0.000000	122543.000000
0.000000	122543.000000
0.000000	122544.000000
0.000000	122544.000000
0.000000	122544.000000
0.000000	122544.000000
0.000000	122544.000000
0.000000	122544.000000
0.000000	122544.000000
0.000000	122544.000000
0.000000	122544.000000
0.000000	122544.000000
0.000000	122544.000000
0.000000	122544.000000
0.000000	122544.000000
0.000000	122544.000000
0.000000	122544.000000
0.000000	122544.000000
0.000000	122544.000000
0.000000	122545.000000
0.000000	122545.000000
0.000000	122545.000000
0.000000	122545.000000
0.000000	122545.000000
0.000000	122545.000000
0.000000	122545.000000
0.000000	122545.000000
0.000000	122545.000000
0.000000	122545.000000
0.000000	122545.000000
0.000000	122545.000000
0.000000	122545.000000
0.000000	122545.000000
0.000000	122545.000000
0.000000	122545.000000
0.000000	122545.000000
0.000000	122546.000000
0.000000	122546.000000
0.000000	122546.000000
0.000000	122546.000000
0.000000	122546.000000
0.000000	122546.000000
0.000000	122546.000000
0.000000	122546.000000
0.000000	122546.000000
0.000000	122546.000000
0.000000	122546.000000
0.000000	122546.000000
0.000000	122546.000000
0.000000	122546.000000
0.000000	122546.000000
0.000000	122546.000000
0.000000	122546.000000
0.000000	122547.000000
0.000000	122547.000000
0.000000	122547.000000
0.000000	122547.000000
0.000000	122547.000000
0.000000	122547.000000
0.000000	122547.000000
0.000000	122547.000000
0.000000	122547.000000
0.000000	122547.000000
0.000000	122547.000000
0.000000	122547.000000
0.000000	122547.000000
0.000000	122547.000000
0.000000	122547.000000
0.000000	122547.000000
0.000000	122547.000000
0.000000	122548.000000
0.000000	122548.000000
0.000000	122548.000000
0.000000	122548.000000
0.000000	122548.000000
0.000000	122548.000000
0.000000	122548.000000
0.000000	122548.000000
0.000000	122548.000000
0.000000	122548.000000
0.000000	122548.000000
0.000000	122548.000000
0.000000	122548.000000
0.000000	122548.000000
0.000000	122548.000000
0.000000	122548.000000
0.000000	122548.000000
0.000000	122549.000000
0.000000	122549.000000
0.000000	122549.000000
0.000000	122549.000000
0.000000	122549.000000
0.000000	122549.000000
0.000000	122549.000000
0.000000	122549.000000
0.000000	122549.000000
0.000000	122549.000000
0.000000	122549.000000
0.000000	122549.000000
0.000000	122549.000000
0.000000	122549.000000
0.000000	122549.000000
0.000000	122549.000000
0.000000	122549.000000
0.000000	122550.000000
0.000000	122550.000000
0.000000	122550.000000
0.000000	122550.000000
0.000000	122550.000000
0.000000	122550.000000
0.000000	122550.000000
0.000000	122550.000000
0.000000	122550.000000
0.000000	122550.000000
0.000000	122550.000000
0.000000	122550.000000
0.000000	122550.000000
0.000000	122550.000000
0.000000	122550.000000
0.000000	122550.000000
0.000000	122550.000000
0.000000	122551.000000
0.000000	122551.000000
0.000000	122551.000000
0.000000	122551.000000
0.000000	122551.000000
0.000000	122551.000000
0.000000	122551.000000
0.000000	122551.000000
0.000000	122551.000000
0.000000	122551.000000
0.000000	122551.000000
0.000000	122551.000000
0.000000	122551.000000
0.000000	122551.000000
0.000000	122551.000000
0.000000	122551.000000
0.000000	122551.000000
0.000000	122552.000000
0.000000	122552.000000
0.000000	122552.000000
0.000000	122552.000000
0.000000	122552.000000
0.000000	122552.000000
0.000000	122552.000000
0.000000	122552.000000
0.000000	122552.000000
0.000000	122552.000000
0.000000	122552.000000
0.000000	122552.000000
0.000000	122552.000000
0.000000	122552.000000
0.000000	122552.000000
0.000000	122552.000000
0.000000	122552.000000
0.000000	122553.000000
0.000000	122553.000000
0.000000	122553.000000
0.000000	122553.000000
0.000000	122553.000000
0.000000	122553.000000
0.000000	122553.000000
0.000000	122553.000000
0.000000	122553.000000
0.000000	122553.000000
0.000000	122553.000000
0.000000	122553.000000
0.000000	122553.000000
0.000000	122553.000000
0.000000	122553.000000
0.000000	122553.000000
0.000000	122553.000000
0.000000	122553.000000
0.000000	122554.000000
0.000000	122554.000000
0.000000	122554.000000
0.000000	122554.000000
0.000000	122554.000000
0.000000	122554.000000
0.000000	122554.000000
0.000000	122554.000000
0.000000	122554.000000
0.000000	122554.000000
0.000000	122554.000000
0.000000	122554.000000
0.000000	122554.000000
0.000000	122554.000000
0.000000	122554.000000
0.000000	122554.000000
0.000000	122554.000000
0.000000	122555.000000
0.000000	122555.000000
0.000000	122555.000000
0.000000	122555.000000
0.000000	122555.000000
0.000000	122555.000000
0.000000	122555.000000
0.000000	122555.000000
0.000000	122555.000000
0.000000	122555.000000
0.000000	122555.000000
0.000000	122555.000000
0.000000	122555.000000
0.000000	122555.000000
0.000000	122555.000000
0.000000	122555.000000
0.000000	122555.000000
0.000000	122556.000000
0.000000	122556.000000
0.000000	122556.000000
0.000000	122556.000000
0.000000	122556.000000
0.000000	122556.000000
0.000000	122556.000000
0.000000	122556.000000
0.000000	122556.000000
0.000000	122556.000000
0.000000	122556.000000
0.000000	122556.000000
0.000000	122556.000000
0.000000	122556.000000
0.000000	122556.000000
0.000000	122556.000000
0.000000	122556.000000
0.000000	122557.000000
0.000000	122557.000000
0.000000	122557.000000
0.000000	122557.000000
0.000000	122557.000000
0.000000	122557.000000
0.000000	122557.000000
0.000000	122557.000000
0.000000	122557.000000
0.000000	122557.000000
0.000000	122557.000000
0.000000	122557.000000
0.000000	122557.000000
0.000000	122557.000000
0.000000	122557.000000
0.000000	122557.000000
0.000000	122557.000000
0.000000	122558.000000
0.000000	122558.000000
0.000000	122558.000000
0.000000	122558.000000
0.000000	122558.000000
0.000000	122558.000000
0.000000	122558.000000
0.000000	122558.000000
0.000000	122558.000000
0.000000	122558.000000
0.000000	122558.000000
0.000000	122558.000000
0.000000	122558.000000
0.000000	122558.000000
0.000000	122558.000000
0.000000	122558.000000
0.000000	122558.000000
0.000000	122559.000000
0.000000	122559.000000
0.000000	122559.000000
0.000000	122559.000000
0.000000	122559.000000
0.000000	122559.000000
0.000000	122559.000000
0.000000	122559.000000
0.000000	122559.000000
0.000000	122559.000000
0.000000	122559.000000
0.000000	122559.000000
0.000000	122559.000000
0.000000	122559.000000
0.000000	122559.000000
0.000000	122559.000000
0.000000	122559.000000
0.000000	122600.000000
0.000000	122600.000000
0.000000	122600.000000
0.000000	122600.000000
0.000000	122600.000000
0.000000	122600.000000
0.000000	122600.000000
0.000000	122600.000000
0.000000	122600.000000
0.000000	122600.000000
0.000000	122600.000000
0.000000	122600.000000
0.000000	122600.000000
0.000000	122600.000000
0.000000	122600.000000
0.000000	122600.000000
0.000000	122600.000000
0.000000	122601.000000
0.000000	122601.000000
0.000000	122601.000000
0.000000	122601.000000
0.000000	122601.000000
0.000000	122601.000000
0.000000	122601.000000
0.000000	122601.000000
0.000000	122601.000000
0.000000	122601.000000
0.000000	122601.000000
0.000000	122601.000000
0.000000	122601.000000
0.000000	122601.000000
0.000000	122601.000000
0.000000	122601.000000
0.000000	122601.000000
0.000000	122602.000000
0.000000	122602.000000
0.000000	122602.000000
0.000000	122602.000000
0.000000	122602.000000
0.000000	122602.000000
0.000000	122602.000000
0.000000	122602.000000
0.000000	122602.000000
0.000000	122602.000000
0.000000	122602.000000
0.000000	122602.000000
0.000000	122602.000000
0.000000	122602.000000
0.000000	122602.000000
0.000000	122602.000000
0.000000	122602.000000
0.000000	122603.000000
0.000000	122603.000000
0.000000	122603.000000
0.000000	122603.000000
0.000000	122603.000000
0.000000	122603.000000
0.000000	122603.000000
0.000000	122603.000000
0.000000	122603.000000
0.000000	122603.000000
0.000000	122603.000000
0.000000	122603.000000
0.000000	122603.000000
0.000000	122603.000000
0.000000	122603.000000
0.000000	122603.000000
0.000000	122603.000000
0.000000	122604.000000
0.000000	122604.000000
0.000000	122604.000000
0.000000	122604.000000
0.000000	122604.000000
0.000000	122604.000000
0.000000	122604.000000
0.000000	122604.000000
0.000000	122604.000000
0.000000	122604.000000
0.000000	122604.000000
0.000000	122604.000000
0.000000	122604.000000
0.000000	122604.000000
0.000000	122604.000000
0.000000	122604.000000
0.000000	122604.000000
0.000000	122605.000000
0.000000	122605.000000
0.000000	122605.000000
0.000000	122605.000000
0.000000	122605.000000
0.000000	122605.000000
0.000000	122605.000000
0.000000	122605.000000
0.000000	122605.000000
0.000000	122605.000000
0.000000	122605.000000
0.000000	122605.000000
0.000000	122605.000000
0.000000	122605.000000
0.000000	122605.000000
0.000000	122605.000000
0.000000	122605.000000
0.000000	122606.000000
0.000000	122606.000000
0.000000	122606.000000
0.000000	122606.000000
0.000000	122606.000000
0.000000	122606.000000
0.000000	122606.000000
0.000000	122606.000000
0.000000	122606.000000
0.000000	122606.000000
0.000000	122606.000000
0.000000	122606.000000
0.000000	122606.000000
0.000000	122606.000000
0.000000	122606.000000
0.000000	122606.000000
0.000000	122606.000000
0.000000	122607.000000
0.000000	122607.000000
0.000000	122607.000000
0.000000	122607.000000
0.000000	122607.000000
0.000000	122607.000000
0.000000	122607.000000
0.000000	122607.000000
0.000000	122607.000000
0.000000	122607.000000
0.000000	122607.000000
0.000000	122607.000000
0.000000	122607.000000
0.000000	122607.000000
0.000000	122607.000000
0.000000	122607.000000
0.000000	122607.000000
0.000000	122608.000000
0.000000	122608.000000
0.000000	122608.000000
0.000000	122608.000000
0.000000	122608.000000
0.000000	122608.000000
0.000000	122608.000000
0.000000	122608.000000
0.000000	122608.000000
0.000000	122608.000000
0.000000	122608.000000
0.000000	122608.000000
0.000000	122608.000000
0.000000	122608.000000
0.000000	122608.000000
0.000000	122608.000000
0.000000	122608.000000
0.000000	122608.000000
0.000000	122609.000000
0.000000	122609.000000
0.000000	122609.000000
0.000000	122609.000000
0.000000	122609.000000
0.000000	122609.000000
0.000000	122609.000000
0.000000	122609.000000
0.000000	122609.000000
0.000000	122609.000000
0.000000	122609.000000
0.000000	122609.000000
0.000000	122609.000000
0.000000	122609.000000
0.000000	122609.000000
0.000000	122609.000000
0.000000	122609.000000
0.000000	122610.000000
0.000000	122610.000000
0.000000	122610.000000
0.000000	122610.000000
0.000000	122610.000000
0.000000	122610.000000
0.000000	122610.000000
0.000000	122610.000000
0.000000	122610.000000
0.000000	122610.000000
0.000000	122610.000000
0.000000	122610.000000
0.000000	122610.000000
0.000000	122610.000000
0.000000	122610.000000
0.000000	122610.000000
0.000000	122610.000000
0.000000	122611.000000
0.000000	122611.000000
0.000000	122611.000000
0.000000	122611.000000
0.000000	122611.000000
0.000000	122611.000000
0.000000	122611.000000
0.000000	122611.000000
0.000000	122611.000000
0.000000	122611.000000
0.000000	122611.000000
0.000000	122611.000000
0.000000	122611.000000
0.000000	122611.000000
0.000000	122611.000000
0.000000	122611.000000
0.000000	122611.000000
0.000000	122612.000000
0.000000	122612.000000
0.000000	122612.000000
0.000000	122612.000000
0.000000	122612.000000
0.000000	122612.000000
0.000000	122612.000000
0.000000	122612.000000
0.000000	122612.000000
0.000000	122612.000000
0.000000	122612.000000
0.000000	122612.000000
0.000000	122612.000000
0.000000	122612.000000
0.000000	122612.000000
0.000000	122612.000000
0.000000	122612.000000
0.000000	122613.000000
0.000000	122613.000000
0.000000	122613.000000
0.000000	122613.000000
0.000000	122613.000000
0.000000	122613.000000
0.000000	122613.000000
0.000000	122613.000000
0.000000	122613.000000
0.000000	122613.000000
0.000000	122613.000000
0.000000	122613.000000
0.000000	122613.000000
0.000000	122613.000000
0.000000	122613.000000
0.000000	122613.000000
0.000000	122613.000000
0.000000	122614.000000
0.000000	122614.000000
0.000000	122614.000000
0.000000	122614.000000
0.000000	122614.000000
0.000000	122614.000000
0.000000	122614.000000
0.000000	122614.000000
0.000000	122614.000000
0.000000	122614.000000
0.000000	122614.000000
0.000000	122614.000000
0.000000	122614.000000
0.000000	122614.000000
0.000000	122614.000000
0.000000	122614.000000
0.000000	122614.000000
0.000000	122615.000000
0.000000	122615.000000
0.000000	122615.000000
0.000000	122615.000000
0.000000	122615.000000
0.000000	122615.000000
0.000000	122615.000000
0.000000	122615.000000
0.000000	122615.000000
0.000000	122615.000000
0.000000	122615.000000
0.000000	122615.000000
0.000000	122615.000000
0.000000	122615.000000
0.000000	122615.000000
0.000000	122615.000000
0.000000	122615.000000
0.000000	122616.000000
0.000000	122616.000000
0.000000	122616.000000
0.000000	122616.000000
0.000000	122616.000000
0.000000	122616.000000
0.000000	122616.000000
0.000000	122616.000000
0.000000	122616.000000
0.000000	122616.000000
0.000000	122616.000000
0.000000	122616.000000
0.000000	122616.000000
0.000000	122616.000000
0.000000	122616.000000
0.000000	122616.000000
0.000000	122616.000000
0.000000	122617.000000
0.000000	122617.000000
0.000000	122617.000000
0.000000	122617.000000
0.000000	122617.000000
0.000000	122617.000000
0.000000	122617.000000
0.000000	122617.000000
0.000000	122617.000000
0.000000	122617.000000
0.000000	122617.000000
0.000000	122617.000000
0.000000	122617.000000
0.000000	122617.000000
0.000000	122617.000000
0.000000	122617.000000
0.000000	122617.000000
0.000000	122618.000000
0.000000	122618.000000
0.000000	122618.000000
0.000000	122618.000000
0.000000	122618.000000
0.000000	122618.000000
0.000000	122618.000000
0.000000	122618.000000
0.000000	122618.000000
0.000000	122618.000000
0.000000	122618.000000
0.000000	122618.000000
0.000000	122618.000000
0.000000	122618.000000
0.000000	122618.000000
0.000000	122618.000000
0.000000	122618.000000
0.000000	122619.000000
0.000000	122619.000000
0.000000	122619.000000
0.000000	122619.000000
0.000000	122619.000000
0.000000	122619.000000
0.000000	122619.000000
0.000000	122619.000000
0.000000	122619.000000
0.000000	122619.000000
0.000000	122619.000000
0.000000	122619.000000
0.000000	122619.000000
0.000000	122619.000000
0.000000	122619.000000
0.000000	122619.000000
0.000000	122619.000000
0.000000	122620.000000
0.000000	122620.000000
0.000000	122620.000000
0.000000	122620.000000
0.000000	122620.000000
0.000000	122620.000000
0.000000	122620.000000
0.000000	122620.000000
0.000000	122620.000000
0.000000	122620.000000
0.000000	122620.000000
0.000000	122620.000000
0.000000	122620.000000
0.000000	122620.000000
0.000000	122620.000000
0.000000	122620.000000
0.000000	122620.000000
0.000000	122621.000000
0.000000	122621.000000
0.000000	122621.000000
0.000000	122621.000000
0.000000	122621.000000
0.000000	122621.000000
0.000000	122621.000000
0.000000	122621.000000
0.000000	122621.000000
0.000000	122621.000000
0.000000	122621.000000
0.000000	122621.000000
0.000000	122621.000000
0.000000	122621.000000
0.000000	122621.000000
0.000000	122621.000000
0.000000	122621.000000
0.000000	122622.000000
0.000000	122622.000000
0.000000	122622.000000
0.000000	122622.000000
0.000000	122622.000000
0.000000	122622.000000
0.000000	122622.000000
0.000000	122622.000000
0.000000	122622.000000
0.000000	122622.000000
0.000000	122622.000000
0.000000	122622.000000
0.000000	122622.000000
0.000000	122622.000000
0.000000	122622.000000
0.000000	122622.000000
0.000000	122622.000000
0.000000	122623.000000
0.000000	122623.000000
0.000000	122623.000000
0.000000	122623.000000
0.000000	122623.000000
0.000000	122623.000000
0.000000	122623.000000
0.000000	122623.000000
0.000000	122623.000000
0.000000	122623.000000
0.000000	122623.000000
0.000000	122623.000000
0.000000	122623.000000
0.000000	122623.000000
0.000000	122623.000000
0.000000	122623.000000
0.000000	122623.000000
0.000000	122623.000000
0.000000	122624.000000
0.000000	122624.000000
0.000000	122624.000000
0.000000	122624.000000
0.000000	122624.000000
0.000000	122624.000000
0.000000	122624.000000
0.000000	122624.000000
0.000000	122624.000000
0.000000	122624.000000
0.000000	122624.000000
0.000000	122624.000000
0.000000	122624.000000
0.000000	122624.000000
0.000000	122624.000000
0.000000	122624.000000
0.000000	122624.000000
0.000000	122625.000000
0.000000	122625.000000
0.000000	122625.000000
0.000000	122625.000000
0.000000	122625.000000
0.000000	122625.000000
0.000000	122625.000000
0.000000	122625.000000
0.000000	122625.000000
0.000000	122625.000000
0.000000	122625.000000
0.000000	122625.000000
0.000000	122625.000000
0.000000	122625.000000
0.000000	122625.000000
0.000000	122625.000000
0.000000	122625.000000
0.000000	122626.000000
0.000000	122626.000000
0.000000	122626.000000
0.000000	122626.000000
0.000000	122626.000000
0.000000	122626.000000
0.000000	122626.000000
0.000000	122626.000000
0.000000	122626.000000
0.000000	122626.000000
0.000000	122626.000000
0.000000	122626.000000
0.000000	122626.000000
0.000000	122626.000000
0.000000	122626.000000
0.000000	122626.000000
0.000000	122626.000000
0.000000	122627.000000
0.000000	122627.000000
0.000000	122627.000000
0.000000	122627.000000
0.000000	122627.000000
0.000000	122627.000000
0.000000	122627.000000
0.000000	122627.000000
0.000000	122627.000000
0.000000	122627.000000
0.000000	122627.000000
0.000000	122627.000000
0.000000	122627.000000
0.000000	122627.000000
0.000000	122627.000000
0.000000	122627.000000
0.000000	122627.000000
0.000000	122628.000000
0.000000	122628.000000
0.000000	122628.000000
0.000000	122628.000000
0.000000	122628.000000
0.000000	122628.000000
0.000000	122628.000000
0.000000	122628.000000
0.000000	122628.000000
0.000000	122628.000000
0.000000	122628.000000
0.000000	122628.000000
0.000000	122628.000000
0.000000	122628.000000
0.000000	122628.000000
0.000000	122628.000000
0.000000	122628.000000
0.000000	122629.000000
0.000000	122629.000000
0.000000	122629.000000
0.000000	122629.000000
0.000000	122629.000000
0.000000	122629.000000
0.000000	122629.000000
0.000000	122629.000000
0.000000	122629.000000
0.000000	122629.000000
0.000000	122629.000000
0.000000	122629.000000
0.000000	122629.000000
0.000000	122629.000000
0.000000	122629.000000
0.000000	122629.000000
0.000000	122629.000000
0.000000	122630.000000
0.000000	122630.000000
0.000000	122630.000000
0.000000	122630.000000
0.000000	122630.000000
0.000000	122630.000000
0.000000	122630.000000
0.000000	122630.000000
0.000000	122630.000000
0.000000	122630.000000
0.000000	122630.000000
0.000000	122630.000000
0.000000	122630.000000
0.000000	122630.000000
0.000000	122630.000000
0.000000	122630.000000
0.000000	122630.000000
0.000000	122631.000000
0.000000	122631.000000
0.000000	122631.000000
0.000000	122631.000000
0.000000	122631.000000
0.000000	122631.000000
0.000000	122631.000000
0.000000	122631.000000
0.000000	122631.000000
0.000000	122631.000000
0.000000	122631.000000
0.000000	122631.000000
0.000000	122631.000000
0.000000	122631.000000
0.000000	122631.000000
0.000000	122631.000000
0.000000	122631.000000
0.000000	122632.000000
0.000000	122632.000000
0.000000	122632.000000
0.000000	122632.000000
0.000000	122632.000000
0.000000	122632.000000
0.000000	122632.000000
0.000000	122632.000000
0.000000	122632.000000
0.000000	122632.000000
0.000000	122632.000000
0.000000	122632.000000
0.000000	122632.000000
0.000000	122632.000000
0.000000	122632.000000
0.000000	122632.000000
0.000000	122632.000000
0.000000	122633.000000
0.000000	122633.000000
0.000000	122633.000000
0.000000	122633.000000
0.000000	122633.000000
0.000000	122633.000000
0.000000	122633.000000
0.000000	122633.000000
0.000000	122633.000000
0.000000	122633.000000
0.000000	122633.000000
0.000000	122633.000000
0.000000	122633.000000
0.000000	122633.000000
0.000000	122633.000000
0.000000	122633.000000
0.000000	122633.000000
0.000000	122634.000000
0.000000	122634.000000
0.000000	122634.000000
0.000000	122634.000000
0.000000	122634.000000
0.000000	122634.000000
0.000000	122634.000000
0.000000	122634.000000
0.000000	122634.000000
0.000000	122634.000000
0.000000	122634.000000
0.000000	122634.000000
0.000000	122634.000000
0.000000	122634.000000
0.000000	122634.000000
0.000000	122634.000000
0.000000	122634.000000
0.000000	122635.000000
0.000000	122635.000000
0.000000	122635.000000
0.000000	122635.000000
0.000000	122635.000000
0.000000	122635.000000
0.000000	122635.000000
0.000000	122635.000000
0.000000	122635.000000
0.000000	122635.000000
0.000000	122635.000000
0.000000	122635.000000
0.000000	122635.000000
0.000000	122635.000000
0.000000	122635.000000
0.000000	122635.000000
0.000000	122635.000000
0.000000	122636.000000
0.000000	122636.000000
0.000000	122636.000000
0.000000	122636.000000
0.000000	122636.000000
0.000000	122636.000000
0.000000	122636.000000
0.000000	122636.000000
0.000000	122636.000000
0.000000	122636.000000
0.000000	122636.000000
0.000000	122636.000000
0.000000	122636.000000
0.000000	122636.000000
0.000000	122636.000000
0.000000	122636.000000
0.000000	122636.000000
0.000000	122637.000000
0.000000	122637.000000
0.000000	122637.000000
0.000000	122637.000000
0.000000	122637.000000
0.000000	122637.000000
0.000000	122637.000000
0.000000	122637.000000
0.000000	122637.000000
0.000000	122637.000000
0.000000	122637.000000
0.000000	122637.000000
0.000000	122637.000000
0.000000	122637.000000
0.000000	122637.000000
0.000000	122637.000000
0.000000	122637.000000
0.000000	122638.000000
0.000000	122638.000000
0.000000	122638.000000
0.000000	122638.000000
0.000000	122638.000000
0.000000	122638.000000
0.000000	122638.000000
0.000000	122638.000000
0.000000	122638.000000
0.000000	122638.000000
0.000000	122638.000000
0.000000	122638.000000
0.000000	122638.000000
0.000000	122638.000000
0.000000	122638.000000
0.000000	122638.000000
0.000000	122638.000000
0.000000	122638.000000
0.000000	122639.000000
0.000000	122639.000000
0.000000	122639.000000
0.000000	122639.000000
0.000000	122639.000000
0.000000	122639.000000
0.000000	122639.000000
0.000000	122639.000000
0.000000	122639.000000
0.000000	122639.000000
0.000000	122639.000000
0.000000	122639.000000
0.000000	122639.000000
0.000000	122639.000000
0.000000	122639.000000
0.000000	122639.000000
0.000000	122639.000000
0.000000	122640.000000
0.000000	122640.000000
0.000000	122640.000000
0.000000	122640.000000
0.000000	122640.000000
0.000000	122640.000000
0.000000	122640.000000
0.000000	122640.000000
0.000000	122640.000000
0.000000	122640.000000
0.000000	122640.000000
0.000000	122640.000000
0.000000	122640.000000
0.000000	122640.000000
0.000000	122640.000000
0.000000	122640.000000
0.000000	122640.000000
0.000000	122641.000000
0.000000	122641.000000
0.000000	122641.000000
0.000000	122641.000000
0.000000	122641.000000
0.000000	122641.000000
0.000000	122641.000000
0.000000	122641.000000
0.000000	122641.000000
0.000000	122641.000000
0.000000	122641.000000
0.000000	122641.000000
0.000000	122641.000000
0.000000	122641.000000
0.000000	122641.000000
0.000000	122641.000000
0.000000	122641.000000
0.000000	122642.000000
0.000000	122642.000000
0.000000	122642.000000
0.000000	122642.000000
0.000000	122642.000000
0.000000	122642.000000
0.000000	122642.000000
0.000000	122642.000000
0.000000	122642.000000
0.000000	122642.000000
0.000000	122642.000000
0.000000	122642.000000
0.000000	122642.000000
0.000000	122642.000000
0.000000	122642.000000
0.000000	122642.000000
0.000000	122642.000000
0.000000	122643.000000
0.000000	122643.000000
0.000000	122643.000000
0.000000	122643.000000
0.000000	122643.000000
0.000000	122643.000000
0.000000	122643.000000
0.000000	122643.000000
0.000000	122643.000000
0.000000	122643.000000
0.000000	122643.000000
0.000000	122643.000000
0.000000	122643.000000
0.000000	122643.000000
0.000000	122643.000000
0.000000	122643.000000
0.000000	122643.000000
0.000000	122644.000000
0.000000	122644.000000
0.000000	122644.000000
0.000000	122644.000000
0.000000	122644.000000
0.000000	122644.000000
0.000000	122644.000000
0.000000	122644.000000
0.000000	122644.000000
0.000000	122644.000000
0.000000	122644.000000
0.000000	122644.000000
0.000000	122644.000000
0.000000	122644.000000
0.000000	122644.000000
0.000000	122644.000000
0.000000	122644.000000
0.000000	122645.000000
0.000000	122645.000000
0.000000	122645.000000
0.000000	122645.000000
0.000000	122645.000000
0.000000	122645.000000
0.000000	122645.000000
0.000000	122645.000000
0.000000	122645.000000
0.000000	122645.000000
0.000000	122645.000000
0.000000	122645.000000
0.000000	122645.000000
0.000000	122645.000000
0.000000	122645.000000
0.000000	122645.000000
0.000000	122645.000000
0.000000	122646.000000
0.000000	122646.000000
0.000000	122646.000000
0.000000	122646.000000
0.000000	122646.000000
0.000000	122646.000000
0.000000	122646.000000
0.000000	122646.000000
0.000000	122646.000000
0.000000	122646.000000
0.000000	122646.000000
0.000000	122646.000000
0.000000	122646.000000
0.000000	122646.000000
0.000000	122646.000000
0.000000	122646.000000
0.000000	122646.000000
0.000000	122647.000000
0.000000	122647.000000
0.000000	122647.000000
0.000000	122647.000000
0.000000	122647.000000
0.000000	122647.000000
0.000000	122647.000000
0.000000	122647.000000
0.000000	122647.000000
0.000000	122647.000000
0.000000	122647.000000
0.000000	122647.000000
0.000000	122647.000000
0.000000	122647.000000
0.000000	122647.000000
0.000000	122647.000000
0.000000	122647.000000
0.000000	122648.000000
0.000000	122648.000000
0.000000	122648.000000
0.000000	122648.000000
0.000000	122648.000000
0.000000	122648.000000
0.000000	122648.000000
0.000000	122648.000000
