0.000000	50833.000000
0.000000	50833.000000
0.000000	50833.000000
0.000000	50833.000000
0.000000	50833.000000
0.000000	50833.000000
0.000000	50833.000000
0.000000	50833.000000
0.000000	50833.000000
0.000000	50833.000000
0.000000	50834.000000
0.000000	50834.000000
0.000000	50834.000000
0.000000	50834.000000
0.000000	50834.000000
0.000000	50834.000000
0.000000	50834.000000
0.000000	50834.000000
0.000000	50834.000000
0.000000	50834.000000
0.000000	50834.000000
0.000000	50834.000000
0.000000	50834.000000
0.000000	50834.000000
0.000000	50834.000000
0.000000	50834.000000
0.000000	50834.000000
0.000000	50835.000000
0.000000	50835.000000
0.000000	50835.000000
0.000000	50835.000000
0.000000	50835.000000
0.000000	50835.000000
0.000000	50835.000000
0.000000	50835.000000
0.000000	50835.000000
0.000000	50835.000000
0.000000	50835.000000
0.000000	50835.000000
0.000000	50835.000000
0.000000	50835.000000
0.000000	50835.000000
0.000000	50835.000000
0.000000	50835.000000
0.000000	50836.000000
0.000000	50836.000000
0.000000	50836.000000
0.000000	50836.000000
0.000000	50836.000000
0.000000	50836.000000
0.000000	50836.000000
0.000000	50836.000000
0.000000	50836.000000
0.000000	50836.000000
0.000000	50836.000000
0.000000	50836.000000
0.000000	50836.000000
0.000000	50836.000000
0.000000	50836.000000
0.000000	50836.000000
0.000000	50836.000000
0.000000	50837.000000
0.000000	50837.000000
0.000000	50837.000000
0.000000	50837.000000
0.000000	50837.000000
0.000000	50837.000000
0.000000	50837.000000
0.000000	50837.000000
0.000000	50837.000000
0.000000	50837.000000
0.000000	50837.000000
0.000000	50837.000000
0.000000	50837.000000
0.000000	50837.000000
0.000000	50837.000000
0.000000	50837.000000
0.000000	50837.000000
0.000000	50838.000000
0.000000	50838.000000
0.000000	50838.000000
0.000000	50838.000000
0.000000	50838.000000
0.000000	50838.000000
0.000000	50838.000000
0.000000	50838.000000
0.000000	50838.000000
0.000000	50838.000000
0.000000	50838.000000
0.000000	50838.000000
0.000000	50838.000000
0.000000	50838.000000
0.000000	50838.000000
0.000000	50838.000000
0.000000	50838.000000
0.000000	50839.000000
0.000000	50839.000000
0.000000	50839.000000
0.000000	50839.000000
0.000000	50839.000000
0.000000	50839.000000
0.000000	50839.000000
0.000000	50839.000000
0.000000	50839.000000
0.000000	50839.000000
0.000000	50839.000000
0.000000	50839.000000
0.000000	50839.000000
0.000000	50839.000000
0.000000	50839.000000
0.000000	50839.000000
0.000000	50839.000000
0.000000	50840.000000
0.000000	50840.000000
0.000000	50840.000000
0.000000	50840.000000
0.000000	50840.000000
0.000000	50840.000000
0.000000	50840.000000
0.000000	50840.000000
0.000000	50840.000000
0.000000	50840.000000
0.000000	50840.000000
0.000000	50840.000000
0.000000	50840.000000
0.000000	50840.000000
0.000000	50840.000000
0.000000	50840.000000
0.000000	50840.000000
0.000000	50841.000000
0.000000	50841.000000
0.000000	50841.000000
0.000000	50841.000000
0.000000	50841.000000
0.000000	50841.000000
0.000000	50841.000000
0.000000	50841.000000
0.000000	50841.000000
0.000000	50841.000000
0.000000	50841.000000
0.000000	50841.000000
0.000000	50841.000000
0.000000	50841.000000
0.000000	50841.000000
0.000000	50841.000000
0.000000	50841.000000
0.000000	50842.000000
0.000000	50842.000000
0.000000	50842.000000
0.000000	50842.000000
0.000000	50842.000000
0.000000	50842.000000
0.000000	50842.000000
0.000000	50842.000000
0.000000	50842.000000
0.000000	50842.000000
0.000000	50842.000000
0.000000	50842.000000
0.000000	50842.000000
0.000000	50842.000000
0.000000	50842.000000
0.000000	50842.000000
0.000000	50842.000000
0.000000	50843.000000
0.000000	50843.000000
0.000000	50843.000000
0.000000	50843.000000
0.000000	50843.000000
0.000000	50843.000000
0.000000	50843.000000
0.000000	50843.000000
0.000000	50843.000000
0.000000	50843.000000
0.000000	50843.000000
0.000000	50843.000000
0.000000	50843.000000
0.000000	50843.000000
0.000000	50843.000000
0.000000	50843.000000
0.000000	50843.000000
0.000000	50843.000000
0.000000	50844.000000
0.000000	50844.000000
0.000000	50844.000000
0.000000	50844.000000
0.000000	50844.000000
0.000000	50844.000000
0.000000	50844.000000
0.000000	50844.000000
0.000000	50844.000000
0.000000	50844.000000
0.000000	50844.000000
0.000000	50844.000000
0.000000	50844.000000
0.000000	50844.000000
0.000000	50844.000000
0.000000	50844.000000
0.000000	50845.000000
0.000000	50845.000000
0.000000	50845.000000
0.000000	50845.000000
0.000000	50845.000000
0.000000	50845.000000
0.000000	50845.000000
0.000000	50845.000000
0.000000	50845.000000
0.000000	50845.000000
0.000000	50845.000000
0.000000	50845.000000
0.000000	50845.000000
0.000000	50845.000000
0.000000	50845.000000
0.000000	50845.000000
0.000000	50845.000000
0.000000	50845.000000
0.000000	50846.000000
0.000000	50846.000000
0.000000	50846.000000
0.000000	50846.000000
0.000000	50846.000000
0.000000	50846.000000
0.000000	50846.000000
0.000000	50846.000000
0.000000	50846.000000
0.000000	50846.000000
0.000000	50846.000000
0.000000	50846.000000
0.000000	50846.000000
0.000000	50846.000000
0.000000	50846.000000
0.000000	50846.000000
0.000000	50846.000000
0.000000	50847.000000
0.000000	50847.000000
0.000000	50847.000000
0.000000	50847.000000
0.000000	50847.000000
0.000000	50847.000000
0.000000	50847.000000
0.000000	50847.000000
0.000000	50847.000000
0.000000	50847.000000
0.000000	50847.000000
0.000000	50847.000000
0.000000	50847.000000
0.000000	50847.000000
0.000000	50847.000000
0.000000	50847.000000
0.000000	50847.000000
0.000000	50848.000000
0.000000	50848.000000
0.000000	50848.000000
0.000000	50848.000000
0.000000	50848.000000
0.000000	50848.000000
0.000000	50848.000000
0.000000	50848.000000
0.000000	50848.000000
0.000000	50848.000000
0.000000	50848.000000
0.000000	50848.000000
0.000000	50848.000000
0.000000	50848.000000
0.000000	50848.000000
0.000000	50848.000000
0.000000	50848.000000
0.000000	50849.000000
0.000000	50849.000000
0.000000	50849.000000
0.000000	50849.000000
0.000000	50849.000000
0.000000	50849.000000
0.000000	50849.000000
0.000000	50849.000000
0.000000	50849.000000
0.000000	50849.000000
0.000000	50849.000000
0.000000	50849.000000
0.000000	50849.000000
0.000000	50849.000000
0.000000	50849.000000
0.000000	50849.000000
0.000000	50849.000000
0.000000	50850.000000
0.000000	50850.000000
0.000000	50850.000000
0.000000	50850.000000
0.000000	50850.000000
0.000000	50850.000000
0.000000	50850.000000
0.000000	50850.000000
0.000000	50850.000000
0.000000	50850.000000
0.000000	50850.000000
0.000000	50850.000000
0.000000	50850.000000
0.000000	50850.000000
0.000000	50850.000000
0.000000	50850.000000
0.000000	50850.000000
0.000000	50851.000000
0.000000	50851.000000
0.000000	50851.000000
0.000000	50851.000000
0.000000	50851.000000
0.000000	50851.000000
0.000000	50851.000000
0.000000	50851.000000
0.000000	50851.000000
0.000000	50851.000000
0.000000	50851.000000
0.000000	50851.000000
0.000000	50851.000000
0.000000	50851.000000
0.000000	50851.000000
0.000000	50851.000000
0.000000	50851.000000
0.000000	50852.000000
0.000000	50852.000000
0.000000	50852.000000
0.000000	50852.000000
0.000000	50852.000000
0.000000	50852.000000
0.000000	50852.000000
0.000000	50852.000000
0.000000	50852.000000
0.000000	50852.000000
0.000000	50852.000000
0.000000	50852.000000
0.000000	50852.000000
0.000000	50852.000000
0.000000	50852.000000
0.000000	50852.000000
0.000000	50852.000000
0.000000	50853.000000
0.000000	50853.000000
0.000000	50853.000000
0.000000	50853.000000
0.000000	50853.000000
0.000000	50853.000000
0.000000	50853.000000
0.000000	50853.000000
0.000000	50853.000000
0.000000	50853.000000
0.000000	50853.000000
0.000000	50853.000000
0.000000	50853.000000
0.000000	50853.000000
0.000000	50853.000000
0.000000	50853.000000
0.000000	50853.000000
0.000000	50854.000000
0.000000	50854.000000
0.000000	50854.000000
0.000000	50854.000000
0.000000	50854.000000
0.000000	50854.000000
0.000000	50854.000000
0.000000	50854.000000
0.000000	50854.000000
0.000000	50854.000000
0.000000	50854.000000
0.000000	50854.000000
0.000000	50854.000000
0.000000	50854.000000
0.000000	50854.000000
0.000000	50854.000000
0.000000	50854.000000
0.000000	50855.000000
0.000000	50855.000000
0.000000	50855.000000
0.000000	50855.000000
0.000000	50855.000000
0.000000	50855.000000
0.000000	50855.000000
0.000000	50855.000000
0.000000	50855.000000
0.000000	50855.000000
0.000000	50855.000000
0.000000	50855.000000
0.000000	50855.000000
0.000000	50855.000000
0.000000	50855.000000
0.000000	50855.000000
0.000000	50855.000000
0.000000	50856.000000
0.000000	50856.000000
0.000000	50856.000000
0.000000	50856.000000
0.000000	50856.000000
0.000000	50856.000000
0.000000	50856.000000
0.000000	50856.000000
0.000000	50856.000000
0.000000	50856.000000
0.000000	50856.000000
0.000000	50856.000000
0.000000	50856.000000
0.000000	50856.000000
0.000000	50856.000000
0.000000	50856.000000
0.000000	50856.000000
0.000000	50857.000000
0.000000	50857.000000
0.000000	50857.000000
0.000000	50857.000000
0.000000	50857.000000
0.000000	50857.000000
0.000000	50857.000000
0.000000	50857.000000
0.000000	50857.000000
0.000000	50857.000000
0.000000	50857.000000
0.000000	50857.000000
0.000000	50857.000000
0.000000	50857.000000
0.000000	50857.000000
0.000000	50857.000000
0.000000	50857.000000
0.000000	50858.000000
0.000000	50858.000000
0.000000	50858.000000
0.000000	50858.000000
0.000000	50858.000000
0.000000	50858.000000
0.000000	50858.000000
0.000000	50858.000000
0.000000	50858.000000
0.000000	50858.000000
0.000000	50858.000000
0.000000	50858.000000
0.000000	50858.000000
0.000000	50858.000000
0.000000	50858.000000
0.000000	50858.000000
0.000000	50858.000000
0.000000	50859.000000
0.000000	50859.000000
0.000000	50859.000000
0.000000	50859.000000
0.000000	50859.000000
0.000000	50859.000000
0.000000	50859.000000
0.000000	50859.000000
0.000000	50859.000000
0.000000	50859.000000
0.000000	50859.000000
0.000000	50859.000000
0.000000	50859.000000
0.000000	50859.000000
0.000000	50859.000000
0.000000	50859.000000
0.000000	50859.000000
0.000000	50859.000000
0.000000	50900.000000
0.000000	50900.000000
0.000000	50900.000000
0.000000	50900.000000
0.000000	50900.000000
0.000000	50900.000000
0.000000	50900.000000
0.000000	50900.000000
0.000000	50900.000000
0.000000	50900.000000
0.000000	50900.000000
0.000000	50900.000000
0.000000	50900.000000
0.000000	50900.000000
0.000000	50900.000000
0.000000	50900.000000
0.000000	50900.000000
0.000000	50901.000000
0.000000	50901.000000
0.000000	50901.000000
0.000000	50901.000000
0.000000	50901.000000
0.000000	50901.000000
0.000000	50901.000000
0.000000	50901.000000
0.000000	50901.000000
0.000000	50901.000000
0.000000	50901.000000
0.000000	50901.000000
0.000000	50901.000000
0.000000	50901.000000
0.000000	50901.000000
0.000000	50901.000000
0.000000	50901.000000
0.000000	50902.000000
0.000000	50902.000000
0.000000	50902.000000
0.000000	50902.000000
0.000000	50902.000000
0.000000	50902.000000
0.000000	50902.000000
0.000000	50902.000000
0.000000	50902.000000
0.000000	50902.000000
0.000000	50902.000000
0.000000	50902.000000
0.000000	50902.000000
0.000000	50902.000000
0.000000	50902.000000
0.000000	50902.000000
0.000000	50902.000000
0.000000	50903.000000
0.000000	50903.000000
0.000000	50903.000000
0.000000	50903.000000
0.000000	50903.000000
0.000000	50903.000000
0.000000	50903.000000
0.000000	50903.000000
0.000000	50903.000000
0.000000	50903.000000
0.000000	50903.000000
0.000000	50903.000000
0.000000	50903.000000
0.000000	50903.000000
0.000000	50903.000000
0.000000	50903.000000
0.000000	50903.000000
0.000000	50904.000000
0.000000	50904.000000
0.000000	50904.000000
0.000000	50904.000000
0.000000	50904.000000
0.000000	50904.000000
0.000000	50904.000000
0.000000	50904.000000
0.000000	50904.000000
0.000000	50904.000000
0.000000	50904.000000
0.000000	50904.000000
0.000000	50904.000000
0.000000	50904.000000
0.000000	50904.000000
0.000000	50904.000000
0.000000	50904.000000
0.000000	50905.000000
0.000000	50905.000000
0.000000	50905.000000
0.000000	50905.000000
0.000000	50905.000000
0.000000	50905.000000
0.000000	50905.000000
0.000000	50905.000000
0.000000	50905.000000
0.000000	50905.000000
0.000000	50905.000000
0.000000	50905.000000
0.000000	50905.000000
0.000000	50905.000000
0.000000	50905.000000
0.000000	50905.000000
0.000000	50905.000000
0.000000	50906.000000
0.000000	50906.000000
0.000000	50906.000000
0.000000	50906.000000
0.000000	50906.000000
0.000000	50906.000000
0.000000	50906.000000
0.000000	50906.000000
0.000000	50906.000000
0.000000	50906.000000
0.000000	50906.000000
0.000000	50906.000000
0.000000	50906.000000
0.000000	50906.000000
0.000000	50906.000000
0.000000	50906.000000
0.000000	50906.000000
0.000000	50907.000000
0.000000	50907.000000
0.000000	50907.000000
0.000000	50907.000000
0.000000	50907.000000
0.000000	50907.000000
0.000000	50907.000000
0.000000	50907.000000
0.000000	50907.000000
0.000000	50907.000000
0.000000	50907.000000
0.000000	50907.000000
0.000000	50907.000000
0.000000	50907.000000
0.000000	50907.000000
0.000000	50907.000000
0.000000	50907.000000
0.000000	50908.000000
0.000000	50908.000000
0.000000	50908.000000
0.000000	50908.000000
0.000000	50908.000000
0.000000	50908.000000
0.000000	50908.000000
0.000000	50908.000000
0.000000	50908.000000
0.000000	50908.000000
0.000000	50908.000000
0.000000	50908.000000
0.000000	50908.000000
0.000000	50908.000000
0.000000	50908.000000
0.000000	50908.000000
0.000000	50908.000000
0.000000	50909.000000
0.000000	50909.000000
0.000000	50909.000000
0.000000	50909.000000
0.000000	50909.000000
0.000000	50909.000000
0.000000	50909.000000
0.000000	50909.000000
0.000000	50909.000000
0.000000	50909.000000
0.000000	50909.000000
0.000000	50909.000000
0.000000	50909.000000
0.000000	50909.000000
0.000000	50909.000000
0.000000	50909.000000
0.000000	50909.000000
0.000000	50910.000000
0.000000	50910.000000
0.000000	50910.000000
0.000000	50910.000000
0.000000	50910.000000
0.000000	50910.000000
0.000000	50910.000000
0.000000	50910.000000
0.000000	50910.000000
0.000000	50910.000000
0.000000	50910.000000
0.000000	50910.000000
0.000000	50910.000000
0.000000	50910.000000
0.000000	50910.000000
0.000000	50910.000000
0.000000	50910.000000
0.000000	50911.000000
0.000000	50911.000000
0.000000	50911.000000
0.000000	50911.000000
0.000000	50911.000000
0.000000	50911.000000
0.000000	50911.000000
0.000000	50911.000000
0.000000	50911.000000
0.000000	50911.000000
0.000000	50911.000000
0.000000	50911.000000
0.000000	50911.000000
0.000000	50911.000000
0.000000	50911.000000
0.000000	50911.000000
0.000000	50911.000000
0.000000	50912.000000
0.000000	50912.000000
0.000000	50912.000000
0.000000	50912.000000
0.000000	50912.000000
0.000000	50912.000000
0.000000	50912.000000
0.000000	50912.000000
0.000000	50912.000000
0.000000	50912.000000
0.000000	50912.000000
0.000000	50912.000000
0.000000	50912.000000
0.000000	50912.000000
0.000000	50912.000000
0.000000	50912.000000
0.000000	50912.000000
0.000000	50913.000000
0.000000	50913.000000
0.000000	50913.000000
0.000000	50913.000000
0.000000	50913.000000
0.000000	50913.000000
0.000000	50913.000000
0.000000	50913.000000
0.000000	50913.000000
0.000000	50913.000000
0.000000	50913.000000
0.000000	50913.000000
0.000000	50913.000000
0.000000	50913.000000
0.000000	50913.000000
0.000000	50913.000000
0.000000	50913.000000
0.000000	50914.000000
0.000000	50914.000000
0.000000	50914.000000
0.000000	50914.000000
0.000000	50914.000000
0.000000	50914.000000
0.000000	50914.000000
0.000000	50914.000000
0.000000	50914.000000
0.000000	50914.000000
0.000000	50914.000000
0.000000	50914.000000
0.000000	50914.000000
0.000000	50914.000000
0.000000	50914.000000
0.000000	50914.000000
0.000000	50914.000000
0.000000	50914.000000
0.000000	50915.000000
0.000000	50915.000000
0.000000	50915.000000
0.000000	50915.000000
0.000000	50915.000000
0.000000	50915.000000
0.000000	50915.000000
0.000000	50915.000000
0.000000	50915.000000
0.000000	50915.000000
0.000000	50915.000000
0.000000	50915.000000
0.000000	50915.000000
0.000000	50915.000000
0.000000	50915.000000
0.000000	50915.000000
0.000000	50915.000000
0.000000	50916.000000
0.000000	50916.000000
0.000000	50916.000000
0.000000	50916.000000
0.000000	50916.000000
0.000000	50916.000000
0.000000	50916.000000
0.000000	50916.000000
0.000000	50916.000000
0.000000	50916.000000
0.000000	50916.000000
0.000000	50916.000000
0.000000	50916.000000
0.000000	50916.000000
0.000000	50916.000000
0.000000	50916.000000
0.000000	50916.000000
0.000000	50917.000000
0.000000	50917.000000
0.000000	50917.000000
0.000000	50917.000000
0.000000	50917.000000
0.000000	50917.000000
0.000000	50917.000000
0.000000	50917.000000
0.000000	50917.000000
0.000000	50917.000000
0.000000	50917.000000
0.000000	50917.000000
0.000000	50917.000000
0.000000	50917.000000
0.000000	50917.000000
0.000000	50917.000000
0.000000	50917.000000
0.000000	50918.000000
0.000000	50918.000000
0.000000	50918.000000
0.000000	50918.000000
0.000000	50918.000000
0.000000	50918.000000
0.000000	50918.000000
0.000000	50918.000000
0.000000	50918.000000
0.000000	50918.000000
0.000000	50918.000000
0.000000	50918.000000
0.000000	50918.000000
0.000000	50918.000000
0.000000	50918.000000
0.000000	50918.000000
0.000000	50918.000000
0.000000	50919.000000
0.000000	50919.000000
0.000000	50919.000000
0.000000	50919.000000
0.000000	50919.000000
0.000000	50919.000000
0.000000	50919.000000
0.000000	50919.000000
0.000000	50919.000000
0.000000	50919.000000
0.000000	50919.000000
0.000000	50919.000000
0.000000	50919.000000
0.000000	50919.000000
0.000000	50919.000000
0.000000	50919.000000
0.000000	50919.000000
0.000000	50920.000000
0.000000	50920.000000
0.000000	50920.000000
0.000000	50920.000000
0.000000	50920.000000
0.000000	50920.000000
0.000000	50920.000000
0.000000	50920.000000
0.000000	50920.000000
0.000000	50920.000000
0.000000	50920.000000
0.000000	50920.000000
0.000000	50920.000000
0.000000	50920.000000
0.000000	50920.000000
0.000000	50920.000000
0.000000	50920.000000
0.000000	50921.000000
0.000000	50921.000000
0.000000	50921.000000
0.000000	50921.000000
0.000000	50921.000000
0.000000	50921.000000
0.000000	50921.000000
0.000000	50921.000000
0.000000	50921.000000
0.000000	50921.000000
0.000000	50921.000000
0.000000	50921.000000
0.000000	50921.000000
0.000000	50921.000000
0.000000	50921.000000
0.000000	50921.000000
0.000000	50921.000000
0.000000	50922.000000
0.000000	50922.000000
0.000000	50922.000000
0.000000	50922.000000
0.000000	50922.000000
0.000000	50922.000000
0.000000	50922.000000
0.000000	50922.000000
0.000000	50922.000000
0.000000	50922.000000
0.000000	50922.000000
0.000000	50922.000000
0.000000	50922.000000
0.000000	50922.000000
0.000000	50922.000000
0.000000	50922.000000
0.000000	50922.000000
0.000000	50923.000000
0.000000	50923.000000
0.000000	50923.000000
0.000000	50923.000000
0.000000	50923.000000
0.000000	50923.000000
0.000000	50923.000000
0.000000	50923.000000
0.000000	50923.000000
0.000000	50923.000000
0.000000	50923.000000
0.000000	50923.000000
0.000000	50923.000000
0.000000	50923.000000
0.000000	50923.000000
0.000000	50923.000000
0.000000	50923.000000
0.000000	50924.000000
0.000000	50924.000000
0.000000	50924.000000
0.000000	50924.000000
0.000000	50924.000000
0.000000	50924.000000
0.000000	50924.000000
0.000000	50924.000000
0.000000	50924.000000
0.000000	50924.000000
0.000000	50924.000000
0.000000	50924.000000
0.000000	50924.000000
0.000000	50924.000000
0.000000	50924.000000
0.000000	50924.000000
0.000000	50924.000000
0.000000	50925.000000
0.000000	50925.000000
0.000000	50925.000000
0.000000	50925.000000
0.000000	50925.000000
0.000000	50925.000000
0.000000	50925.000000
0.000000	50925.000000
0.000000	50925.000000
0.000000	50925.000000
0.000000	50925.000000
0.000000	50925.000000
0.000000	50925.000000
0.000000	50925.000000
0.000000	50925.000000
0.000000	50925.000000
0.000000	50925.000000
0.000000	50926.000000
0.000000	50926.000000
0.000000	50926.000000
0.000000	50926.000000
0.000000	50926.000000
0.000000	50926.000000
0.000000	50926.000000
0.000000	50926.000000
0.000000	50926.000000
0.000000	50926.000000
0.000000	50926.000000
0.000000	50926.000000
0.000000	50926.000000
0.000000	50926.000000
0.000000	50926.000000
0.000000	50926.000000
0.000000	50926.000000
0.000000	50927.000000
0.000000	50927.000000
0.000000	50927.000000
0.000000	50927.000000
0.000000	50927.000000
0.000000	50927.000000
0.000000	50927.000000
0.000000	50927.000000
0.000000	50927.000000
0.000000	50927.000000
0.000000	50927.000000
0.000000	50927.000000
0.000000	50927.000000
0.000000	50927.000000
0.000000	50927.000000
0.000000	50927.000000
0.000000	50927.000000
0.000000	50928.000000
0.000000	50928.000000
0.000000	50928.000000
0.000000	50928.000000
0.000000	50928.000000
0.000000	50928.000000
0.000000	50928.000000
0.000000	50928.000000
0.000000	50928.000000
0.000000	50928.000000
0.000000	50928.000000
0.000000	50928.000000
0.000000	50928.000000
0.000000	50928.000000
0.000000	50928.000000
0.000000	50928.000000
0.000000	50928.000000
0.000000	50929.000000
0.000000	50929.000000
0.000000	50929.000000
0.000000	50929.000000
0.000000	50929.000000
0.000000	50929.000000
0.000000	50929.000000
0.000000	50929.000000
0.000000	50929.000000
0.000000	50929.000000
0.000000	50929.000000
0.000000	50929.000000
0.000000	50929.000000
0.000000	50929.000000
0.000000	50929.000000
0.000000	50929.000000
0.000000	50929.000000
0.000000	50929.000000
0.000000	50930.000000
0.000000	50930.000000
0.000000	50930.000000
0.000000	50930.000000
0.000000	50930.000000
0.000000	50930.000000
0.000000	50930.000000
0.000000	50930.000000
0.000000	50930.000000
0.000000	50930.000000
0.000000	50930.000000
0.000000	50930.000000
0.000000	50930.000000
0.000000	50930.000000
0.000000	50930.000000
0.000000	50930.000000
0.000000	50930.000000
0.000000	50931.000000
0.000000	50931.000000
0.000000	50931.000000
0.000000	50931.000000
0.000000	50931.000000
0.000000	50931.000000
0.000000	50931.000000
0.000000	50931.000000
0.000000	50931.000000
0.000000	50931.000000
0.000000	50931.000000
0.000000	50931.000000
0.000000	50931.000000
0.000000	50931.000000
0.000000	50931.000000
0.000000	50931.000000
0.000000	50931.000000
0.000000	50932.000000
0.000000	50932.000000
0.000000	50932.000000
0.000000	50932.000000
0.000000	50932.000000
0.000000	50932.000000
0.000000	50932.000000
0.000000	50932.000000
0.000000	50932.000000
0.000000	50932.000000
0.000000	50932.000000
0.000000	50932.000000
0.000000	50932.000000
0.000000	50932.000000
0.000000	50932.000000
0.000000	50932.000000
0.000000	50932.000000
0.000000	50933.000000
0.000000	50933.000000
0.000000	50933.000000
0.000000	50933.000000
0.000000	50933.000000
0.000000	50933.000000
0.000000	50933.000000
0.000000	50933.000000
0.000000	50933.000000
0.000000	50933.000000
0.000000	50933.000000
0.000000	50933.000000
0.000000	50933.000000
0.000000	50933.000000
0.000000	50933.000000
0.000000	50933.000000
0.000000	50933.000000
0.000000	50934.000000
0.000000	50934.000000
0.000000	50934.000000
0.000000	50934.000000
0.000000	50934.000000
0.000000	50934.000000
0.000000	50934.000000
0.000000	50934.000000
0.000000	50934.000000
0.000000	50934.000000
0.000000	50934.000000
0.000000	50934.000000
0.000000	50934.000000
0.000000	50934.000000
0.000000	50934.000000
0.000000	50934.000000
0.000000	50934.000000
0.000000	50935.000000
0.000000	50935.000000
0.000000	50935.000000
0.000000	50935.000000
0.000000	50935.000000
0.000000	50935.000000
0.000000	50935.000000
0.000000	50935.000000
0.000000	50935.000000
0.000000	50935.000000
0.000000	50935.000000
0.000000	50935.000000
0.000000	50935.000000
0.000000	50935.000000
0.000000	50935.000000
0.000000	50935.000000
0.000000	50935.000000
0.000000	50936.000000
0.000000	50936.000000
0.000000	50936.000000
0.000000	50936.000000
0.000000	50936.000000
0.000000	50936.000000
0.000000	50936.000000
0.000000	50936.000000
0.000000	50936.000000
0.000000	50936.000000
0.000000	50936.000000
0.000000	50936.000000
0.000000	50936.000000
0.000000	50936.000000
0.000000	50936.000000
0.000000	50936.000000
0.000000	50936.000000
0.000000	50937.000000
0.000000	50937.000000
0.000000	50937.000000
0.000000	50937.000000
0.000000	50937.000000
0.000000	50937.000000
0.000000	50937.000000
0.000000	50937.000000
0.000000	50937.000000
0.000000	50937.000000
0.000000	50937.000000
0.000000	50937.000000
0.000000	50937.000000
0.000000	50937.000000
0.000000	50937.000000
0.000000	50937.000000
0.000000	50937.000000
0.000000	50938.000000
0.000000	50938.000000
0.000000	50938.000000
0.000000	50938.000000
0.000000	50938.000000
0.000000	50938.000000
0.000000	50938.000000
0.000000	50938.000000
0.000000	50938.000000
0.000000	50938.000000
0.000000	50938.000000
0.000000	50938.000000
0.000000	50938.000000
0.000000	50938.000000
0.000000	50938.000000
0.000000	50938.000000
0.000000	50938.000000
0.000000	50939.000000
0.000000	50939.000000
0.000000	50939.000000
0.000000	50939.000000
0.000000	50939.000000
0.000000	50939.000000
0.000000	50939.000000
0.000000	50939.000000
0.000000	50939.000000
0.000000	50939.000000
0.000000	50939.000000
0.000000	50939.000000
0.000000	50939.000000
0.000000	50939.000000
0.000000	50939.000000
0.000000	50939.000000
0.000000	50939.000000
0.000000	50940.000000
0.000000	50940.000000
0.000000	50940.000000
0.000000	50940.000000
0.000000	50940.000000
0.000000	50940.000000
0.000000	50940.000000
0.000000	50940.000000
0.000000	50940.000000
0.000000	50940.000000
0.000000	50940.000000
0.000000	50940.000000
0.000000	50940.000000
0.000000	50940.000000
0.000000	50940.000000
0.000000	50940.000000
0.000000	50940.000000
0.000000	50941.000000
0.000000	50941.000000
0.000000	50941.000000
0.000000	50941.000000
0.000000	50941.000000
0.000000	50941.000000
0.000000	50941.000000
0.000000	50941.000000
0.000000	50941.000000
0.000000	50941.000000
0.000000	50941.000000
0.000000	50941.000000
0.000000	50941.000000
0.000000	50941.000000
0.000000	50941.000000
0.000000	50941.000000
0.000000	50941.000000
0.000000	50942.000000
0.000000	50942.000000
0.000000	50942.000000
0.000000	50942.000000
0.000000	50942.000000
0.000000	50942.000000
0.000000	50942.000000
0.000000	50942.000000
0.000000	50942.000000
0.000000	50942.000000
0.000000	50942.000000
0.000000	50942.000000
0.000000	50942.000000
0.000000	50942.000000
0.000000	50942.000000
0.000000	50942.000000
0.000000	50942.000000
0.000000	50943.000000
0.000000	50943.000000
0.000000	50943.000000
0.000000	50943.000000
0.000000	50943.000000
0.000000	50943.000000
0.000000	50943.000000
0.000000	50943.000000
0.000000	50943.000000
0.000000	50943.000000
0.000000	50943.000000
0.000000	50943.000000
0.000000	50943.000000
0.000000	50943.000000
0.000000	50943.000000
0.000000	50943.000000
0.000000	50943.000000
0.000000	50944.000000
0.000000	50944.000000
0.000000	50944.000000
0.000000	50944.000000
0.000000	50944.000000
0.000000	50944.000000
0.000000	50944.000000
0.000000	50944.000000
0.000000	50944.000000
0.000000	50944.000000
0.000000	50944.000000
0.000000	50944.000000
0.000000	50944.000000
0.000000	50944.000000
0.000000	50944.000000
0.000000	50944.000000
0.000000	50944.000000
0.000000	50944.000000
0.000000	50945.000000
0.000000	50945.000000
0.000000	50945.000000
0.000000	50945.000000
0.000000	50945.000000
0.000000	50945.000000
0.000000	50945.000000
0.000000	50945.000000
0.000000	50945.000000
0.000000	50945.000000
0.000000	50945.000000
0.000000	50945.000000
0.000000	50945.000000
0.000000	50945.000000
0.000000	50945.000000
0.000000	50945.000000
0.000000	50945.000000
0.000000	50946.000000
0.000000	50946.000000
0.000000	50946.000000
0.000000	50946.000000
0.000000	50946.000000
0.000000	50946.000000
0.000000	50946.000000
0.000000	50946.000000
0.000000	50946.000000
0.000000	50946.000000
0.000000	50946.000000
0.000000	50946.000000
0.000000	50946.000000
0.000000	50946.000000
0.000000	50946.000000
0.000000	50946.000000
0.000000	50946.000000
0.000000	50947.000000
0.000000	50947.000000
0.000000	50947.000000
0.000000	50947.000000
0.000000	50947.000000
0.000000	50947.000000
0.000000	50947.000000
0.000000	50947.000000
0.000000	50947.000000
0.000000	50947.000000
0.000000	50947.000000
0.000000	50947.000000
0.000000	50947.000000
0.000000	50947.000000
0.000000	50947.000000
0.000000	50947.000000
0.000000	50947.000000
0.000000	50948.000000
0.000000	50948.000000
0.000000	50948.000000
0.000000	50948.000000
0.000000	50948.000000
0.000000	50948.000000
0.000000	50948.000000
0.000000	50948.000000
0.000000	50948.000000
0.000000	50948.000000
0.000000	50948.000000
0.000000	50948.000000
0.000000	50948.000000
0.000000	50948.000000
0.000000	50948.000000
0.000000	50948.000000
0.000000	50948.000000
0.000000	50949.000000
0.000000	50949.000000
0.000000	50949.000000
0.000000	50949.000000
0.000000	50949.000000
0.000000	50949.000000
0.000000	50949.000000
0.000000	50949.000000
0.000000	50949.000000
0.000000	50949.000000
0.000000	50949.000000
0.000000	50949.000000
0.000000	50949.000000
0.000000	50949.000000
0.000000	50949.000000
0.000000	50949.000000
0.000000	50949.000000
0.000000	50950.000000
0.000000	50950.000000
0.000000	50950.000000
0.000000	50950.000000
0.000000	50950.000000
0.000000	50950.000000
0.000000	50950.000000
0.000000	50950.000000
0.000000	50950.000000
0.000000	50950.000000
0.000000	50950.000000
0.000000	50950.000000
0.000000	50950.000000
0.000000	50950.000000
0.000000	50950.000000
0.000000	50950.000000
0.000000	50950.000000
0.000000	50951.000000
0.000000	50951.000000
0.000000	50951.000000
0.000000	50951.000000
0.000000	50951.000000
0.000000	50951.000000
0.000000	50951.000000
0.000000	50951.000000
0.000000	50951.000000
0.000000	50951.000000
0.000000	50951.000000
0.000000	50951.000000
0.000000	50951.000000
0.000000	50951.000000
0.000000	50951.000000
0.000000	50951.000000
0.000000	50951.000000
0.000000	50952.000000
0.000000	50952.000000
0.000000	50952.000000
0.000000	50952.000000
0.000000	50952.000000
0.000000	50952.000000
0.000000	50952.000000
0.000000	50952.000000
0.000000	50952.000000
0.000000	50952.000000
0.000000	50952.000000
0.000000	50952.000000
0.000000	50952.000000
0.000000	50952.000000
0.000000	50952.000000
0.000000	50952.000000
0.000000	50952.000000
0.000000	50953.000000
0.000000	50953.000000
0.000000	50953.000000
0.000000	50953.000000
0.000000	50953.000000
0.000000	50953.000000
0.000000	50953.000000
0.000000	50953.000000
0.000000	50953.000000
0.000000	50953.000000
0.000000	50953.000000
0.000000	50953.000000
0.000000	50953.000000
0.000000	50953.000000
0.000000	50953.000000
0.000000	50953.000000
0.000000	50953.000000
0.000000	50954.000000
0.000000	50954.000000
0.000000	50954.000000
0.000000	50954.000000
0.000000	50954.000000
0.000000	50954.000000
0.000000	50954.000000
0.000000	50954.000000
0.000000	50954.000000
0.000000	50954.000000
0.000000	50954.000000
0.000000	50954.000000
0.000000	50954.000000
0.000000	50954.000000
0.000000	50954.000000
0.000000	50954.000000
0.000000	50954.000000
0.000000	50955.000000
0.000000	50955.000000
0.000000	50955.000000
0.000000	50955.000000
0.000000	50955.000000
0.000000	50955.000000
0.000000	50955.000000
0.000000	50955.000000
0.000000	50955.000000
0.000000	50955.000000
0.000000	50955.000000
0.000000	50955.000000
0.000000	50955.000000
0.000000	50955.000000
0.000000	50955.000000
0.000000	50955.000000
0.000000	50955.000000
0.000000	50956.000000
0.000000	50956.000000
0.000000	50956.000000
0.000000	50956.000000
0.000000	50956.000000
0.000000	50956.000000
0.000000	50956.000000
0.000000	50956.000000
0.000000	50956.000000
0.000000	50956.000000
0.000000	50956.000000
0.000000	50956.000000
0.000000	50956.000000
0.000000	50956.000000
0.000000	50956.000000
0.000000	50956.000000
0.000000	50956.000000
0.000000	50957.000000
0.000000	50957.000000
0.000000	50957.000000
0.000000	50957.000000
0.000000	50957.000000
0.000000	50957.000000
0.000000	50957.000000
0.000000	50957.000000
0.000000	50957.000000
0.000000	50957.000000
0.000000	50957.000000
0.000000	50957.000000
0.000000	50957.000000
0.000000	50957.000000
0.000000	50957.000000
0.000000	50957.000000
0.000000	50957.000000
0.000000	50958.000000
0.000000	50958.000000
0.000000	50958.000000
0.000000	50958.000000
0.000000	50958.000000
0.000000	50958.000000
0.000000	50958.000000
0.000000	50958.000000
0.000000	50958.000000
0.000000	50958.000000
0.000000	50958.000000
0.000000	50958.000000
0.000000	50958.000000
0.000000	50958.000000
0.000000	50958.000000
0.000000	50958.000000
0.000000	50958.000000
0.000000	50959.000000
0.000000	50959.000000
0.000000	50959.000000
0.000000	50959.000000
0.000000	50959.000000
0.000000	50959.000000
0.000000	50959.000000
0.000000	50959.000000
0.000000	50959.000000
0.000000	50959.000000
0.000000	50959.000000
0.000000	50959.000000
0.000000	50959.000000
0.000000	50959.000000
0.000000	50959.000000
0.000000	50959.000000
0.000000	50959.000000
0.000000	50959.000000
0.000000	51000.000000
0.000000	51000.000000
0.000000	51000.000000
0.000000	51000.000000
0.000000	51000.000000
0.000000	51000.000000
0.000000	51000.000000
0.000000	51000.000000
0.000000	51000.000000
0.000000	51000.000000
0.000000	51000.000000
0.000000	51000.000000
0.000000	51000.000000
0.000000	51000.000000
0.000000	51000.000000
0.000000	51000.000000
0.000000	51000.000000
0.000000	51001.000000
0.000000	51001.000000
0.000000	51001.000000
0.000000	51001.000000
0.000000	51001.000000
0.000000	51001.000000
0.000000	51001.000000
0.000000	51001.000000
0.000000	51001.000000
0.000000	51001.000000
0.000000	51001.000000
0.000000	51001.000000
0.000000	51001.000000
0.000000	51001.000000
0.000000	51001.000000
0.000000	51001.000000
0.000000	51001.000000
0.000000	51002.000000
0.000000	51002.000000
0.000000	51002.000000
0.000000	51002.000000
0.000000	51002.000000
0.000000	51002.000000
0.000000	51002.000000
0.000000	51002.000000
0.000000	51002.000000
0.000000	51002.000000
0.000000	51002.000000
0.000000	51002.000000
0.000000	51002.000000
0.000000	51002.000000
0.000000	51002.000000
0.000000	51002.000000
0.000000	51002.000000
0.000000	51003.000000
0.000000	51003.000000
0.000000	51003.000000
0.000000	51003.000000
0.000000	51003.000000
0.000000	51003.000000
0.000000	51003.000000
0.000000	51003.000000
0.000000	51003.000000
0.000000	51003.000000
0.000000	51003.000000
0.000000	51003.000000
0.000000	51003.000000
0.000000	51003.000000
0.000000	51003.000000
0.000000	51003.000000
0.000000	51003.000000
0.000000	51004.000000
0.000000	51004.000000
0.000000	51004.000000
0.000000	51004.000000
0.000000	51004.000000
0.000000	51004.000000
0.000000	51004.000000
0.000000	51004.000000
0.000000	51004.000000
0.000000	51004.000000
0.000000	51004.000000
0.000000	51004.000000
0.000000	51004.000000
0.000000	51004.000000
0.000000	51004.000000
0.000000	51004.000000
0.000000	51004.000000
0.000000	51005.000000
0.000000	51005.000000
0.000000	51005.000000
0.000000	51005.000000
0.000000	51005.000000
0.000000	51005.000000
0.000000	51005.000000
0.000000	51005.000000
0.000000	51005.000000
0.000000	51005.000000
0.000000	51005.000000
0.000000	51005.000000
0.000000	51005.000000
0.000000	51005.000000
0.000000	51005.000000
0.000000	51005.000000
0.000000	51005.000000
0.000000	51006.000000
0.000000	51006.000000
0.000000	51006.000000
0.000000	51006.000000
0.000000	51006.000000
0.000000	51006.000000
0.000000	51006.000000
0.000000	51006.000000
0.000000	51006.000000
0.000000	51006.000000
0.000000	51006.000000
0.000000	51006.000000
0.000000	51006.000000
0.000000	51006.000000
0.000000	51006.000000
0.000000	51006.000000
0.000000	51006.000000
0.000000	51007.000000
0.000000	51007.000000
0.000000	51007.000000
0.000000	51007.000000
0.000000	51007.000000
0.000000	51007.000000
0.000000	51007.000000
0.000000	51007.000000
0.000000	51007.000000
0.000000	51007.000000
0.000000	51007.000000
0.000000	51007.000000
0.000000	51007.000000
0.000000	51007.000000
0.000000	51007.000000
0.000000	51007.000000
0.000000	51007.000000
0.000000	51008.000000
0.000000	51008.000000
0.000000	51008.000000
0.000000	51008.000000
0.000000	51008.000000
0.000000	51008.000000
0.000000	51008.000000
0.000000	51008.000000
0.000000	51008.000000
0.000000	51008.000000
0.000000	51008.000000
0.000000	51008.000000
0.000000	51008.000000
0.000000	51008.000000
0.000000	51008.000000
0.000000	51008.000000
0.000000	51008.000000
0.000000	51009.000000
0.000000	51009.000000
0.000000	51009.000000
0.000000	51009.000000
0.000000	51009.000000
0.000000	51009.000000
0.000000	51009.000000
0.000000	51009.000000
0.000000	51009.000000
0.000000	51009.000000
0.000000	51009.000000
0.000000	51009.000000
0.000000	51009.000000
0.000000	51009.000000
0.000000	51009.000000
0.000000	51009.000000
0.000000	51009.000000
0.000000	51010.000000
0.000000	51010.000000
0.000000	51010.000000
0.000000	51010.000000
0.000000	51010.000000
0.000000	51010.000000
0.000000	51010.000000
0.000000	51010.000000
0.000000	51010.000000
0.000000	51010.000000
0.000000	51010.000000
0.000000	51010.000000
0.000000	51010.000000
0.000000	51010.000000
0.000000	51010.000000
0.000000	51010.000000
0.000000	51010.000000
0.000000	51011.000000
0.000000	51011.000000
0.000000	51011.000000
0.000000	51011.000000
0.000000	51011.000000
0.000000	51011.000000
0.000000	51011.000000
0.000000	51011.000000
0.000000	51011.000000
0.000000	51011.000000
0.000000	51011.000000
0.000000	51011.000000
0.000000	51011.000000
0.000000	51011.000000
0.000000	51011.000000
0.000000	51011.000000
0.000000	51011.000000
0.000000	51012.000000
0.000000	51012.000000
0.000000	51012.000000
0.000000	51012.000000
0.000000	51012.000000
0.000000	51012.000000
0.000000	51012.000000
0.000000	51012.000000
0.000000	51012.000000
0.000000	51012.000000
0.000000	51012.000000
0.000000	51012.000000
0.000000	51012.000000
0.000000	51012.000000
0.000000	51012.000000
0.000000	51012.000000
0.000000	51012.000000
0.000000	51013.000000
0.000000	51013.000000
0.000000	51013.000000
0.000000	51013.000000
0.000000	51013.000000
0.000000	51013.000000
0.000000	51013.000000
0.000000	51013.000000
0.000000	51013.000000
0.000000	51013.000000
0.000000	51013.000000
0.000000	51013.000000
0.000000	51013.000000
0.000000	51013.000000
0.000000	51013.000000
0.000000	51013.000000
0.000000	51013.000000
0.000000	51014.000000
0.000000	51014.000000
0.000000	51014.000000
0.000000	51014.000000
0.000000	51014.000000
0.000000	51014.000000
0.000000	51014.000000
0.000000	51014.000000
0.000000	51014.000000
0.000000	51014.000000
0.000000	51014.000000
0.000000	51014.000000
0.000000	51014.000000
0.000000	51014.000000
0.000000	51014.000000
0.000000	51014.000000
0.000000	51014.000000
0.000000	51014.000000
0.000000	51015.000000
0.000000	51015.000000
0.000000	51015.000000
0.000000	51015.000000
0.000000	51015.000000
0.000000	51015.000000
0.000000	51015.000000
0.000000	51015.000000
0.000000	51015.000000
0.000000	51015.000000
0.000000	51015.000000
0.000000	51015.000000
0.000000	51015.000000
0.000000	51015.000000
0.000000	51015.000000
0.000000	51015.000000
0.000000	51015.000000
0.000000	51016.000000
0.000000	51016.000000
0.000000	51016.000000
0.000000	51016.000000
0.000000	51016.000000
0.000000	51016.000000
0.000000	51016.000000
0.000000	51016.000000
0.000000	51016.000000
0.000000	51016.000000
0.000000	51016.000000
0.000000	51016.000000
0.000000	51016.000000
0.000000	51016.000000
0.000000	51016.000000
0.000000	51016.000000
0.000000	51016.000000
0.000000	51017.000000
0.000000	51017.000000
0.000000	51017.000000
0.000000	51017.000000
0.000000	51017.000000
0.000000	51017.000000
0.000000	51017.000000
0.000000	51017.000000
0.000000	51017.000000
0.000000	51017.000000
0.000000	51017.000000
0.000000	51017.000000
0.000000	51017.000000
0.000000	51017.000000
0.000000	51017.000000
0.000000	51017.000000
0.000000	51017.000000
0.000000	51018.000000
0.000000	51018.000000
0.000000	51018.000000
0.000000	51018.000000
0.000000	51018.000000
0.000000	51018.000000
0.000000	51018.000000
0.000000	51018.000000
0.000000	51018.000000
0.000000	51018.000000
0.000000	51018.000000
0.000000	51018.000000
0.000000	51018.000000
0.000000	51018.000000
0.000000	51018.000000
0.000000	51018.000000
0.000000	51018.000000
0.000000	51019.000000
0.000000	51019.000000
0.000000	51019.000000
0.000000	51019.000000
0.000000	51019.000000
0.000000	51019.000000
0.000000	51019.000000
0.000000	51019.000000
0.000000	51019.000000
0.000000	51019.000000
0.000000	51019.000000
0.000000	51019.000000
0.000000	51019.000000
0.000000	51019.000000
0.000000	51019.000000
0.000000	51019.000000
0.000000	51019.000000
0.000000	51020.000000
0.000000	51020.000000
0.000000	51020.000000
0.000000	51020.000000
0.000000	51020.000000
0.000000	51020.000000
0.000000	51020.000000
0.000000	51020.000000
0.000000	51020.000000
0.000000	51020.000000
0.000000	51020.000000
0.000000	51020.000000
0.000000	51020.000000
0.000000	51020.000000
0.000000	51020.000000
0.000000	51020.000000
0.000000	51020.000000
0.000000	51021.000000
0.000000	51021.000000
0.000000	51021.000000
0.000000	51021.000000
0.000000	51021.000000
0.000000	51021.000000
0.000000	51021.000000
0.000000	51021.000000
0.000000	51021.000000
0.000000	51021.000000
0.000000	51021.000000
0.000000	51021.000000
0.000000	51021.000000
0.000000	51021.000000
0.000000	51021.000000
0.000000	51021.000000
0.000000	51021.000000
0.000000	51022.000000
0.000000	51022.000000
0.000000	51022.000000
0.000000	51022.000000
0.000000	51022.000000
0.000000	51022.000000
0.000000	51022.000000
0.000000	51022.000000
0.000000	51022.000000
0.000000	51022.000000
0.000000	51022.000000
0.000000	51022.000000
0.000000	51022.000000
0.000000	51022.000000
0.000000	51022.000000
0.000000	51022.000000
0.000000	51022.000000
0.000000	51023.000000
0.000000	51023.000000
0.000000	51023.000000
0.000000	51023.000000
0.000000	51023.000000
0.000000	51023.000000
0.000000	51023.000000
0.000000	51023.000000
0.000000	51023.000000
0.000000	51023.000000
0.000000	51023.000000
0.000000	51023.000000
0.000000	51023.000000
0.000000	51023.000000
0.000000	51023.000000
0.000000	51023.000000
0.000000	51023.000000
0.000000	51024.000000
0.000000	51024.000000
0.000000	51024.000000
0.000000	51024.000000
0.000000	51024.000000
0.000000	51024.000000
0.000000	51024.000000
0.000000	51024.000000
0.000000	51024.000000
0.000000	51024.000000
0.000000	51024.000000
0.000000	51024.000000
0.000000	51024.000000
0.000000	51024.000000
0.000000	51024.000000
0.000000	51024.000000
0.000000	51024.000000
0.000000	51025.000000
0.000000	51025.000000
0.000000	51025.000000
0.000000	51025.000000
0.000000	51025.000000
0.000000	51025.000000
0.000000	51025.000000
0.000000	51025.000000
0.000000	51025.000000
0.000000	51025.000000
0.000000	51025.000000
0.000000	51025.000000
0.000000	51025.000000
0.000000	51025.000000
0.000000	51025.000000
0.000000	51025.000000
0.000000	51025.000000
0.000000	51026.000000
0.000000	51026.000000
0.000000	51026.000000
0.000000	51026.000000
0.000000	51026.000000
0.000000	51026.000000
0.000000	51026.000000
0.000000	51026.000000
0.000000	51026.000000
0.000000	51026.000000
0.000000	51026.000000
0.000000	51026.000000
0.000000	51026.000000
0.000000	51026.000000
0.000000	51026.000000
0.000000	51026.000000
0.000000	51026.000000
0.000000	51027.000000
0.000000	51027.000000
0.000000	51027.000000
0.000000	51027.000000
0.000000	51027.000000
0.000000	51027.000000
0.000000	51027.000000
0.000000	51027.000000
0.000000	51027.000000
0.000000	51027.000000
0.000000	51027.000000
0.000000	51027.000000
0.000000	51027.000000
0.000000	51027.000000
0.000000	51027.000000
0.000000	51027.000000
0.000000	51027.000000
0.000000	51028.000000
0.000000	51028.000000
0.000000	51028.000000
0.000000	51028.000000
0.000000	51028.000000
0.000000	51028.000000
0.000000	51028.000000
0.000000	51028.000000
0.000000	51028.000000
0.000000	51028.000000
0.000000	51028.000000
0.000000	51028.000000
0.000000	51028.000000
0.000000	51028.000000
0.000000	51028.000000
0.000000	51028.000000
0.000000	51028.000000
0.000000	51029.000000
0.000000	51029.000000
0.000000	51029.000000
0.000000	51029.000000
0.000000	51029.000000
0.000000	51029.000000
0.000000	51029.000000
0.000000	51029.000000
0.000000	51029.000000
0.000000	51029.000000
0.000000	51029.000000
0.000000	51029.000000
0.000000	51029.000000
0.000000	51029.000000
0.000000	51029.000000
0.000000	51029.000000
0.000000	51029.000000
0.000000	51029.000000
0.000000	51030.000000
0.000000	51030.000000
0.000000	51030.000000
0.000000	51030.000000
0.000000	51030.000000
0.000000	51030.000000
0.000000	51030.000000
0.000000	51030.000000
0.000000	51030.000000
0.000000	51030.000000
0.000000	51030.000000
0.000000	51030.000000
0.000000	51030.000000
0.000000	51030.000000
0.000000	51030.000000
0.000000	51030.000000
0.000000	51030.000000
0.000000	51031.000000
0.000000	51031.000000
0.000000	51031.000000
0.000000	51031.000000
0.000000	51031.000000
0.000000	51031.000000
0.000000	51031.000000
0.000000	51031.000000
0.000000	51031.000000
0.000000	51031.000000
0.000000	51031.000000
0.000000	51031.000000
0.000000	51031.000000
0.000000	51031.000000
0.000000	51031.000000
0.000000	51031.000000
0.000000	51031.000000
0.000000	51032.000000
0.000000	51032.000000
0.000000	51032.000000
0.000000	51032.000000
0.000000	51032.000000
0.000000	51032.000000
0.000000	51032.000000
0.000000	51032.000000
0.000000	51032.000000
0.000000	51032.000000
0.000000	51032.000000
0.000000	51032.000000
0.000000	51032.000000
0.000000	51032.000000
0.000000	51032.000000
0.000000	51032.000000
0.000000	51032.000000
0.000000	51033.000000
0.000000	51033.000000
0.000000	51033.000000
0.000000	51033.000000
0.000000	51033.000000
0.000000	51033.000000
0.000000	51033.000000
0.000000	51033.000000
0.000000	51033.000000
0.000000	51033.000000
0.000000	51033.000000
0.000000	51033.000000
0.000000	51033.000000
0.000000	51033.000000
0.000000	51033.000000
0.000000	51033.000000
0.000000	51033.000000
0.000000	51034.000000
0.000000	51034.000000
0.000000	51034.000000
0.000000	51034.000000
0.000000	51034.000000
0.000000	51034.000000
0.000000	51034.000000
0.000000	51034.000000
0.000000	51034.000000
0.000000	51034.000000
0.000000	51034.000000
0.000000	51034.000000
0.000000	51034.000000
0.000000	51034.000000
0.000000	51034.000000
0.000000	51034.000000
0.000000	51034.000000
0.000000	51035.000000
0.000000	51035.000000
0.000000	51035.000000
0.000000	51035.000000
0.000000	51035.000000
0.000000	51035.000000
0.000000	51035.000000
0.000000	51035.000000
0.000000	51035.000000
0.000000	51035.000000
0.000000	51035.000000
0.000000	51035.000000
0.000000	51035.000000
0.000000	51035.000000
0.000000	51035.000000
0.000000	51035.000000
0.000000	51035.000000
0.000000	51036.000000
0.000000	51036.000000
0.000000	51036.000000
0.000000	51036.000000
0.000000	51036.000000
0.000000	51036.000000
0.000000	51036.000000
0.000000	51036.000000
0.000000	51036.000000
0.000000	51036.000000
0.000000	51036.000000
0.000000	51036.000000
0.000000	51036.000000
0.000000	51036.000000
0.000000	51036.000000
0.000000	51036.000000
0.000000	51036.000000
0.000000	51037.000000
0.000000	51037.000000
0.000000	51037.000000
0.000000	51037.000000
0.000000	51037.000000
0.000000	51037.000000
0.000000	51037.000000
0.000000	51037.000000
0.000000	51037.000000
0.000000	51037.000000
0.000000	51037.000000
0.000000	51037.000000
0.000000	51037.000000
0.000000	51037.000000
0.000000	51037.000000
0.000000	51037.000000
0.000000	51037.000000
0.000000	51038.000000
0.000000	51038.000000
0.000000	51038.000000
0.000000	51038.000000
0.000000	51038.000000
0.000000	51038.000000
0.000000	51038.000000
0.000000	51038.000000
0.000000	51038.000000
0.000000	51038.000000
0.000000	51038.000000
0.000000	51038.000000
0.000000	51038.000000
0.000000	51038.000000
0.000000	51038.000000
0.000000	51038.000000
0.000000	51038.000000
0.000000	51039.000000
0.000000	51039.000000
0.000000	51039.000000
0.000000	51039.000000
0.000000	51039.000000
0.000000	51039.000000
0.000000	51039.000000
0.000000	51039.000000
0.000000	51039.000000
0.000000	51039.000000
0.000000	51039.000000
0.000000	51039.000000
0.000000	51039.000000
0.000000	51039.000000
0.000000	51039.000000
0.000000	51039.000000
0.000000	51039.000000
0.000000	51040.000000
0.000000	51040.000000
0.000000	51040.000000
0.000000	51040.000000
0.000000	51040.000000
0.000000	51040.000000
0.000000	51040.000000
0.000000	51040.000000
0.000000	51040.000000
0.000000	51040.000000
0.000000	51040.000000
0.000000	51040.000000
0.000000	51040.000000
0.000000	51040.000000
0.000000	51040.000000
0.000000	51040.000000
0.000000	51040.000000
0.000000	51041.000000
0.000000	51041.000000
0.000000	51041.000000
0.000000	51041.000000
0.000000	51041.000000
0.000000	51041.000000
0.000000	51041.000000
0.000000	51041.000000
0.000000	51041.000000
0.000000	51041.000000
0.000000	51041.000000
0.000000	51041.000000
0.000000	51041.000000
0.000000	51041.000000
0.000000	51041.000000
0.000000	51041.000000
0.000000	51041.000000
0.000000	51042.000000
0.000000	51042.000000
0.000000	51042.000000
0.000000	51042.000000
0.000000	51042.000000
0.000000	51042.000000
0.000000	51042.000000
0.000000	51042.000000
0.000000	51042.000000
0.000000	51042.000000
0.000000	51042.000000
0.000000	51042.000000
0.000000	51042.000000
0.000000	51042.000000
0.000000	51042.000000
0.000000	51042.000000
0.000000	51042.000000
0.000000	51043.000000
0.000000	51043.000000
0.000000	51043.000000
0.000000	51043.000000
0.000000	51043.000000
0.000000	51043.000000
0.000000	51043.000000
0.000000	51043.000000
0.000000	51043.000000
0.000000	51043.000000
0.000000	51043.000000
0.000000	51043.000000
0.000000	51043.000000
0.000000	51043.000000
0.000000	51043.000000
0.000000	51043.000000
0.000000	51043.000000
0.000000	51044.000000
0.000000	51044.000000
0.000000	51044.000000
0.000000	51044.000000
0.000000	51044.000000
0.000000	51044.000000
0.000000	51044.000000
0.000000	51044.000000
0.000000	51044.000000
0.000000	51044.000000
0.000000	51044.000000
0.000000	51044.000000
0.000000	51044.000000
0.000000	51044.000000
0.000000	51044.000000
0.000000	51044.000000
0.000000	51044.000000
0.000000	51044.000000
0.000000	51045.000000
0.000000	51045.000000
0.000000	51045.000000
0.000000	51045.000000
0.000000	51045.000000
0.000000	51045.000000
0.000000	51045.000000
0.000000	51045.000000
0.000000	51045.000000
0.000000	51045.000000
0.000000	51045.000000
0.000000	51045.000000
0.000000	51045.000000
0.000000	51045.000000
0.000000	51045.000000
0.000000	51045.000000
0.000000	51045.000000
0.000000	51046.000000
0.000000	51046.000000
0.000000	51046.000000
0.000000	51046.000000
0.000000	51046.000000
0.000000	51046.000000
0.000000	51046.000000
0.000000	51046.000000
0.000000	51046.000000
0.000000	51046.000000
0.000000	51046.000000
0.000000	51046.000000
0.000000	51046.000000
0.000000	51046.000000
0.000000	51046.000000
0.000000	51046.000000
0.000000	51046.000000
0.000000	51047.000000
0.000000	51047.000000
0.000000	51047.000000
0.000000	51047.000000
0.000000	51047.000000
0.000000	51047.000000
0.000000	51047.000000
0.000000	51047.000000
0.000000	51047.000000
0.000000	51047.000000
0.000000	51047.000000
0.000000	51047.000000
0.000000	51047.000000
0.000000	51047.000000
0.000000	51047.000000
0.000000	51047.000000
0.000000	51047.000000
0.000000	51048.000000
0.000000	51048.000000
0.000000	51048.000000
0.000000	51048.000000
0.000000	51048.000000
0.000000	51048.000000
0.000000	51048.000000
0.000000	51048.000000
0.000000	51048.000000
0.000000	51048.000000
0.000000	51048.000000
0.000000	51048.000000
0.000000	51048.000000
0.000000	51048.000000
0.000000	51048.000000
0.000000	51048.000000
0.000000	51048.000000
0.000000	51049.000000
0.000000	51049.000000
0.000000	51049.000000
0.000000	51049.000000
0.000000	51049.000000
0.000000	51049.000000
0.000000	51049.000000
0.000000	51049.000000
0.000000	51049.000000
0.000000	51049.000000
0.000000	51049.000000
0.000000	51049.000000
0.000000	51049.000000
0.000000	51049.000000
0.000000	51049.000000
0.000000	51049.000000
0.000000	51049.000000
0.000000	51050.000000
0.000000	51050.000000
0.000000	51050.000000
0.000000	51050.000000
0.000000	51050.000000
0.000000	51050.000000
0.000000	51050.000000
0.000000	51050.000000
0.000000	51050.000000
0.000000	51050.000000
0.000000	51050.000000
0.000000	51050.000000
0.000000	51050.000000
0.000000	51050.000000
0.000000	51050.000000
0.000000	51050.000000
0.000000	51050.000000
0.000000	51051.000000
0.000000	51051.000000
0.000000	51051.000000
0.000000	51051.000000
0.000000	51051.000000
0.000000	51051.000000
0.000000	51051.000000
0.000000	51051.000000
0.000000	51051.000000
0.000000	51051.000000
0.000000	51051.000000
0.000000	51051.000000
0.000000	51051.000000
0.000000	51051.000000
0.000000	51051.000000
0.000000	51051.000000
0.000000	51051.000000
0.000000	51052.000000
0.000000	51052.000000
0.000000	51052.000000
0.000000	51052.000000
0.000000	51052.000000
0.000000	51052.000000
0.000000	51052.000000
0.000000	51052.000000
0.000000	51052.000000
0.000000	51052.000000
0.000000	51052.000000
0.000000	51052.000000
0.000000	51052.000000
0.000000	51052.000000
0.000000	51052.000000
0.000000	51052.000000
0.000000	51052.000000
0.000000	51053.000000
0.000000	51053.000000
0.000000	51053.000000
0.000000	51053.000000
0.000000	51053.000000
0.000000	51053.000000
0.000000	51053.000000
0.000000	51053.000000
0.000000	51053.000000
0.000000	51053.000000
0.000000	51053.000000
0.000000	51053.000000
0.000000	51053.000000
0.000000	51053.000000
0.000000	51053.000000
0.000000	51053.000000
0.000000	51053.000000
0.000000	51054.000000
0.000000	51054.000000
0.000000	51054.000000
0.000000	51054.000000
0.000000	51054.000000
0.000000	51054.000000
0.000000	51054.000000
0.000000	51054.000000
0.000000	51054.000000
0.000000	51054.000000
0.000000	51054.000000
0.000000	51054.000000
0.000000	51054.000000
0.000000	51054.000000
0.000000	51054.000000
0.000000	51054.000000
0.000000	51054.000000
0.000000	51055.000000
0.000000	51055.000000
0.000000	51055.000000
0.000000	51055.000000
0.000000	51055.000000
0.000000	51055.000000
0.000000	51055.000000
0.000000	51055.000000
0.000000	51055.000000
0.000000	51055.000000
0.000000	51055.000000
0.000000	51055.000000
0.000000	51055.000000
0.000000	51055.000000
0.000000	51055.000000
0.000000	51055.000000
0.000000	51055.000000
0.000000	51056.000000
0.000000	51056.000000
0.000000	51056.000000
0.000000	51056.000000
0.000000	51056.000000
0.000000	51056.000000
0.000000	51056.000000
0.000000	51056.000000
0.000000	51056.000000
0.000000	51056.000000
0.000000	51056.000000
0.000000	51056.000000
0.000000	51056.000000
0.000000	51056.000000
0.000000	51056.000000
0.000000	51056.000000
0.000000	51056.000000
0.000000	51057.000000
0.000000	51057.000000
0.000000	51057.000000
0.000000	51057.000000
0.000000	51057.000000
0.000000	51057.000000
0.000000	51057.000000
0.000000	51057.000000
0.000000	51057.000000
0.000000	51057.000000
0.000000	51057.000000
0.000000	51057.000000
0.000000	51057.000000
0.000000	51057.000000
0.000000	51057.000000
0.000000	51057.000000
0.000000	51057.000000
0.000000	51058.000000
0.000000	51058.000000
0.000000	51058.000000
0.000000	51058.000000
0.000000	51058.000000
0.000000	51058.000000
0.000000	51058.000000
0.000000	51058.000000
0.000000	51058.000000
0.000000	51058.000000
0.000000	51058.000000
0.000000	51058.000000
0.000000	51058.000000
0.000000	51058.000000
0.000000	51058.000000
0.000000	51058.000000
0.000000	51058.000000
0.000000	51059.000000
0.000000	51059.000000
0.000000	51059.000000
0.000000	51059.000000
0.000000	51059.000000
0.000000	51059.000000
0.000000	51059.000000
0.000000	51059.000000
0.000000	51059.000000
0.000000	51059.000000
0.000000	51059.000000
0.000000	51059.000000
0.000000	51059.000000
0.000000	51059.000000
0.000000	51059.000000
0.000000	51059.000000
0.000000	51059.000000
0.000000	51100.000000
0.000000	51100.000000
0.000000	51100.000000
0.000000	51100.000000
0.000000	51100.000000
0.000000	51100.000000
0.000000	51100.000000
0.000000	51100.000000
0.000000	51100.000000
0.000000	51100.000000
0.000000	51100.000000
0.000000	51100.000000
0.000000	51100.000000
0.000000	51100.000000
0.000000	51100.000000
0.000000	51100.000000
0.000000	51100.000000
0.000000	51100.000000
0.000000	51101.000000
0.000000	51101.000000
0.000000	51101.000000
0.000000	51101.000000
0.000000	51101.000000
0.000000	51101.000000
0.000000	51101.000000
0.000000	51101.000000
0.000000	51101.000000
0.000000	51101.000000
0.000000	51101.000000
0.000000	51101.000000
0.000000	51101.000000
0.000000	51101.000000
0.000000	51101.000000
0.000000	51101.000000
0.000000	51101.000000
0.000000	51102.000000
0.000000	51102.000000
0.000000	51102.000000
0.000000	51102.000000
0.000000	51102.000000
0.000000	51102.000000
0.000000	51102.000000
0.000000	51102.000000
0.000000	51102.000000
0.000000	51102.000000
0.000000	51102.000000
0.000000	51102.000000
0.000000	51102.000000
0.000000	51102.000000
0.000000	51102.000000
0.000000	51102.000000
0.000000	51102.000000
0.000000	51103.000000
0.000000	51103.000000
0.000000	51103.000000
0.000000	51103.000000
0.000000	51103.000000
0.000000	51103.000000
0.000000	51103.000000
0.000000	51103.000000
0.000000	51103.000000
0.000000	51103.000000
0.000000	51103.000000
0.000000	51103.000000
0.000000	51103.000000
0.000000	51103.000000
0.000000	51103.000000
0.000000	51103.000000
0.000000	51103.000000
0.000000	51104.000000
0.000000	51104.000000
0.000000	51104.000000
0.000000	51104.000000
0.000000	51104.000000
0.000000	51104.000000
0.000000	51104.000000
0.000000	51104.000000
0.000000	51104.000000
0.000000	51104.000000
0.000000	51104.000000
0.000000	51104.000000
0.000000	51104.000000
0.000000	51104.000000
0.000000	51104.000000
0.000000	51104.000000
0.000000	51104.000000
0.000000	51105.000000
0.000000	51105.000000
0.000000	51105.000000
0.000000	51105.000000
0.000000	51105.000000
0.000000	51105.000000
0.000000	51105.000000
0.000000	51105.000000
0.000000	51105.000000
0.000000	51105.000000
0.000000	51105.000000
0.000000	51105.000000
0.000000	51105.000000
0.000000	51105.000000
0.000000	51105.000000
0.000000	51105.000000
0.000000	51105.000000
0.000000	51106.000000
0.000000	51106.000000
0.000000	51106.000000
0.000000	51106.000000
0.000000	51106.000000
0.000000	51106.000000
0.000000	51106.000000
0.000000	51106.000000
0.000000	51106.000000
0.000000	51106.000000
0.000000	51106.000000
0.000000	51106.000000
0.000000	51106.000000
0.000000	51106.000000
0.000000	51106.000000
0.000000	51106.000000
0.000000	51106.000000
0.000000	51107.000000
0.000000	51107.000000
0.000000	51107.000000
0.000000	51107.000000
0.000000	51107.000000
0.000000	51107.000000
0.000000	51107.000000
0.000000	51107.000000
0.000000	51107.000000
0.000000	51107.000000
0.000000	51107.000000
0.000000	51107.000000
0.000000	51107.000000
0.000000	51107.000000
0.000000	51107.000000
0.000000	51107.000000
0.000000	51107.000000
0.000000	51108.000000
0.000000	51108.000000
0.000000	51108.000000
0.000000	51108.000000
0.000000	51108.000000
0.000000	51108.000000
0.000000	51108.000000
0.000000	51108.000000
0.000000	51108.000000
0.000000	51108.000000
0.000000	51108.000000
0.000000	51108.000000
0.000000	51108.000000
0.000000	51108.000000
0.000000	51108.000000
0.000000	51108.000000
0.000000	51108.000000
0.000000	51109.000000
0.000000	51109.000000
0.000000	51109.000000
0.000000	51109.000000
0.000000	51109.000000
0.000000	51109.000000
0.000000	51109.000000
0.000000	51109.000000
0.000000	51109.000000
0.000000	51109.000000
0.000000	51109.000000
0.000000	51109.000000
0.000000	51109.000000
0.000000	51109.000000
0.000000	51109.000000
0.000000	51109.000000
0.000000	51109.000000
0.000000	51110.000000
0.000000	51110.000000
0.000000	51110.000000
0.000000	51110.000000
0.000000	51110.000000
0.000000	51110.000000
0.000000	51110.000000
0.000000	51110.000000
0.000000	51110.000000
0.000000	51110.000000
0.000000	51110.000000
0.000000	51110.000000
0.000000	51110.000000
0.000000	51110.000000
0.000000	51110.000000
0.000000	51110.000000
0.000000	51110.000000
0.000000	51111.000000
0.000000	51111.000000
0.000000	51111.000000
0.000000	51111.000000
0.000000	51111.000000
0.000000	51111.000000
0.000000	51111.000000
0.000000	51111.000000
0.000000	51111.000000
0.000000	51111.000000
0.000000	51111.000000
0.000000	51111.000000
0.000000	51111.000000
0.000000	51111.000000
0.000000	51111.000000
0.000000	51111.000000
0.000000	51111.000000
0.000000	51112.000000
0.000000	51112.000000
0.000000	51112.000000
0.000000	51112.000000
0.000000	51112.000000
0.000000	51112.000000
0.000000	51112.000000
0.000000	51112.000000
0.000000	51112.000000
0.000000	51112.000000
0.000000	51112.000000
0.000000	51112.000000
0.000000	51112.000000
0.000000	51112.000000
0.000000	51112.000000
0.000000	51112.000000
0.000000	51112.000000
0.000000	51113.000000
0.000000	51113.000000
0.000000	51113.000000
0.000000	51113.000000
0.000000	51113.000000
0.000000	51113.000000
0.000000	51113.000000
0.000000	51113.000000
0.000000	51113.000000
0.000000	51113.000000
0.000000	51113.000000
0.000000	51113.000000
0.000000	51113.000000
0.000000	51113.000000
0.000000	51113.000000
0.000000	51113.000000
0.000000	51113.000000
0.000000	51114.000000
0.000000	51114.000000
0.000000	51114.000000
0.000000	51114.000000
0.000000	51114.000000
0.000000	51114.000000
0.000000	51114.000000
0.000000	51114.000000
0.000000	51114.000000
0.000000	51114.000000
0.000000	51114.000000
0.000000	51114.000000
0.000000	51114.000000
0.000000	51114.000000
0.000000	51114.000000
0.000000	51114.000000
0.000000	51114.000000
0.000000	51114.000000
0.000000	51115.000000
0.000000	51115.000000
0.000000	51115.000000
0.000000	51115.000000
0.000000	51115.000000
0.000000	51115.000000
0.000000	51115.000000
0.000000	51115.000000
0.000000	51115.000000
0.000000	51115.000000
0.000000	51115.000000
0.000000	51115.000000
0.000000	51115.000000
0.000000	51115.000000
0.000000	51115.000000
0.000000	51115.000000
0.000000	51115.000000
0.000000	51116.000000
0.000000	51116.000000
0.000000	51116.000000
0.000000	51116.000000
0.000000	51116.000000
0.000000	51116.000000
0.000000	51116.000000
0.000000	51116.000000
0.000000	51116.000000
0.000000	51116.000000
0.000000	51116.000000
0.000000	51116.000000
0.000000	51116.000000
0.000000	51116.000000
0.000000	51116.000000
0.000000	51116.000000
0.000000	51116.000000
0.000000	51117.000000
0.000000	51117.000000
0.000000	51117.000000
0.000000	51117.000000
0.000000	51117.000000
0.000000	51117.000000
0.000000	51117.000000
0.000000	51117.000000
0.000000	51117.000000
0.000000	51117.000000
0.000000	51117.000000
0.000000	51117.000000
0.000000	51117.000000
0.000000	51117.000000
0.000000	51117.000000
0.000000	51117.000000
0.000000	51117.000000
0.000000	51118.000000
0.000000	51118.000000
0.000000	51118.000000
0.000000	51118.000000
0.000000	51118.000000
0.000000	51118.000000
0.000000	51118.000000
0.000000	51118.000000
0.000000	51118.000000
0.000000	51118.000000
0.000000	51118.000000
0.000000	51118.000000
0.000000	51118.000000
0.000000	51118.000000
0.000000	51118.000000
0.000000	51118.000000
0.000000	51118.000000
0.000000	51119.000000
0.000000	51119.000000
0.000000	51119.000000
0.000000	51119.000000
0.000000	51119.000000
0.000000	51119.000000
0.000000	51119.000000
0.000000	51119.000000
0.000000	51119.000000
0.000000	51119.000000
0.000000	51119.000000
0.000000	51119.000000
0.000000	51119.000000
0.000000	51119.000000
0.000000	51119.000000
0.000000	51119.000000
0.000000	51119.000000
0.000000	51120.000000
0.000000	51120.000000
0.000000	51120.000000
0.000000	51120.000000
0.000000	51120.000000
0.000000	51120.000000
0.000000	51120.000000
0.000000	51120.000000
0.000000	51120.000000
0.000000	51120.000000
0.000000	51120.000000
0.000000	51120.000000
0.000000	51120.000000
0.000000	51120.000000
0.000000	51120.000000
0.000000	51120.000000
0.000000	51120.000000
0.000000	51121.000000
0.000000	51121.000000
0.000000	51121.000000
0.000000	51121.000000
0.000000	51121.000000
0.000000	51121.000000
0.000000	51121.000000
0.000000	51121.000000
0.000000	51121.000000
0.000000	51121.000000
0.000000	51121.000000
0.000000	51121.000000
0.000000	51121.000000
0.000000	51121.000000
0.000000	51121.000000
0.000000	51121.000000
0.000000	51121.000000
0.000000	51122.000000
0.000000	51122.000000
0.000000	51122.000000
0.000000	51122.000000
0.000000	51122.000000
0.000000	51122.000000
0.000000	51122.000000
0.000000	51122.000000
0.000000	51122.000000
0.000000	51122.000000
0.000000	51122.000000
0.000000	51122.000000
0.000000	51122.000000
0.000000	51122.000000
0.000000	51122.000000
0.000000	51122.000000
0.000000	51122.000000
0.000000	51123.000000
0.000000	51123.000000
0.000000	51123.000000
0.000000	51123.000000
0.000000	51123.000000
0.000000	51123.000000
0.000000	51123.000000
0.000000	51123.000000
0.000000	51123.000000
0.000000	51123.000000
0.000000	51123.000000
0.000000	51123.000000
0.000000	51123.000000
0.000000	51123.000000
0.000000	51123.000000
0.000000	51123.000000
0.000000	51123.000000
0.000000	51124.000000
0.000000	51124.000000
0.000000	51124.000000
0.000000	51124.000000
0.000000	51124.000000
0.000000	51124.000000
0.000000	51124.000000
0.000000	51124.000000
0.000000	51124.000000
0.000000	51124.000000
0.000000	51124.000000
0.000000	51124.000000
0.000000	51124.000000
0.000000	51124.000000
0.000000	51124.000000
0.000000	51124.000000
0.000000	51124.000000
0.000000	51125.000000
0.000000	51125.000000
0.000000	51125.000000
0.000000	51125.000000
0.000000	51125.000000
0.000000	51125.000000
0.000000	51125.000000
0.000000	51125.000000
0.000000	51125.000000
0.000000	51125.000000
0.000000	51125.000000
0.000000	51125.000000
0.000000	51125.000000
0.000000	51125.000000
0.000000	51125.000000
0.000000	51125.000000
0.000000	51125.000000
0.000000	51126.000000
0.000000	51126.000000
0.000000	51126.000000
0.000000	51126.000000
0.000000	51126.000000
0.000000	51126.000000
0.000000	51126.000000
0.000000	51126.000000
0.000000	51126.000000
0.000000	51126.000000
0.000000	51126.000000
0.000000	51126.000000
0.000000	51126.000000
0.000000	51126.000000
0.000000	51126.000000
0.000000	51126.000000
0.000000	51126.000000
0.000000	51127.000000
0.000000	51127.000000
0.000000	51127.000000
0.000000	51127.000000
0.000000	51127.000000
0.000000	51127.000000
0.000000	51127.000000
0.000000	51127.000000
0.000000	51127.000000
0.000000	51127.000000
0.000000	51127.000000
0.000000	51127.000000
0.000000	51127.000000
0.000000	51127.000000
0.000000	51127.000000
0.000000	51127.000000
0.000000	51127.000000
0.000000	51128.000000
0.000000	51128.000000
0.000000	51128.000000
0.000000	51128.000000
0.000000	51128.000000
0.000000	51128.000000
0.000000	51128.000000
0.000000	51128.000000
0.000000	51128.000000
0.000000	51128.000000
0.000000	51128.000000
0.000000	51128.000000
0.000000	51128.000000
0.000000	51128.000000
0.000000	51128.000000
0.000000	51128.000000
0.000000	51128.000000
0.000000	51129.000000
0.000000	51129.000000
0.000000	51129.000000
0.000000	51129.000000
0.000000	51129.000000
0.000000	51129.000000
0.000000	51129.000000
0.000000	51129.000000
0.000000	51129.000000
0.000000	51129.000000
0.000000	51129.000000
0.000000	51129.000000
0.000000	51129.000000
0.000000	51129.000000
0.000000	51129.000000
0.000000	51129.000000
0.000000	51129.000000
0.000000	51130.000000
0.000000	51130.000000
0.000000	51130.000000
0.000000	51130.000000
0.000000	51130.000000
0.000000	51130.000000
0.000000	51130.000000
0.000000	51130.000000
0.000000	51130.000000
0.000000	51130.000000
0.000000	51130.000000
0.000000	51130.000000
0.000000	51130.000000
0.000000	51130.000000
0.000000	51130.000000
0.000000	51130.000000
0.000000	51130.000000
0.000000	51130.000000
0.000000	51131.000000
0.000000	51131.000000
0.000000	51131.000000
0.000000	51131.000000
0.000000	51131.000000
0.000000	51131.000000
0.000000	51131.000000
0.000000	51131.000000
0.000000	51131.000000
0.000000	51131.000000
0.000000	51131.000000
0.000000	51131.000000
0.000000	51131.000000
0.000000	51131.000000
0.000000	51131.000000
0.000000	51131.000000
0.000000	51131.000000
0.000000	51132.000000
0.000000	51132.000000
0.000000	51132.000000
0.000000	51132.000000
0.000000	51132.000000
0.000000	51132.000000
0.000000	51132.000000
0.000000	51132.000000
0.000000	51132.000000
0.000000	51132.000000
0.000000	51132.000000
0.000000	51132.000000
0.000000	51132.000000
0.000000	51132.000000
0.000000	51132.000000
0.000000	51132.000000
0.000000	51132.000000
0.000000	51133.000000
0.000000	51133.000000
0.000000	51133.000000
0.000000	51133.000000
0.000000	51133.000000
0.000000	51133.000000
0.000000	51133.000000
