0.000000	42453.000000
0.000000	42453.000000
0.000000	42453.000000
0.000000	42453.000000
0.000000	42453.000000
0.000000	42453.000000
0.000000	42453.000000
0.000000	42453.000000
0.000000	42453.000000
0.000000	42454.000000
0.000000	42454.000000
0.000000	42454.000000
0.000000	42454.000000
0.000000	42454.000000
0.000000	42454.000000
0.000000	42454.000000
0.000000	42454.000000
0.000000	42454.000000
0.000000	42454.000000
0.000000	42454.000000
0.000000	42454.000000
0.000000	42454.000000
0.000000	42454.000000
0.000000	42454.000000
0.000000	42454.000000
0.000000	42454.000000
0.000000	42455.000000
0.000000	42455.000000
0.000000	42455.000000
0.000000	42455.000000
0.000000	42455.000000
0.000000	42455.000000
0.000000	42455.000000
0.000000	42455.000000
0.000000	42455.000000
0.000000	42455.000000
0.000000	42455.000000
0.000000	42455.000000
0.000000	42455.000000
0.000000	42455.000000
0.000000	42455.000000
0.000000	42455.000000
0.000000	42455.000000
0.000000	42455.000000
0.000000	42456.000000
0.000000	42456.000000
0.000000	42456.000000
0.000000	42456.000000
0.000000	42456.000000
0.000000	42456.000000
0.000000	42456.000000
0.000000	42456.000000
0.000000	42456.000000
0.000000	42456.000000
0.000000	42456.000000
0.000000	42456.000000
0.000000	42456.000000
0.000000	42456.000000
0.000000	42456.000000
0.000000	42456.000000
0.000000	42456.000000
0.000000	42457.000000
0.000000	42457.000000
0.000000	42457.000000
0.000000	42457.000000
0.000000	42457.000000
0.000000	42457.000000
0.000000	42457.000000
0.000000	42457.000000
0.000000	42457.000000
0.000000	42457.000000
0.000000	42457.000000
0.000000	42457.000000
0.000000	42457.000000
0.000000	42457.000000
0.000000	42457.000000
0.000000	42457.000000
0.000000	42457.000000
0.000000	42458.000000
0.000000	42458.000000
0.000000	42458.000000
0.000000	42458.000000
0.000000	42458.000000
0.000000	42458.000000
0.000000	42458.000000
0.000000	42458.000000
0.000000	42458.000000
0.000000	42458.000000
0.000000	42458.000000
0.000000	42458.000000
0.000000	42458.000000
0.000000	42458.000000
0.000000	42458.000000
0.000000	42458.000000
0.000000	42458.000000
0.000000	42459.000000
0.000000	42459.000000
0.000000	42459.000000
0.000000	42459.000000
0.000000	42459.000000
0.000000	42459.000000
0.000000	42459.000000
0.000000	42459.000000
0.000000	42459.000000
0.000000	42459.000000
0.000000	42459.000000
0.000000	42459.000000
0.000000	42459.000000
0.000000	42459.000000
0.000000	42459.000000
0.000000	42459.000000
0.000000	42459.000000
0.000000	42500.000000
0.000000	42500.000000
0.000000	42500.000000
0.000000	42500.000000
0.000000	42500.000000
0.000000	42500.000000
0.000000	42500.000000
0.000000	42500.000000
0.000000	42500.000000
0.000000	42500.000000
0.000000	42500.000000
0.000000	42500.000000
0.000000	42500.000000
0.000000	42500.000000
0.000000	42500.000000
0.000000	42500.000000
0.000000	42500.000000
0.000000	42501.000000
0.000000	42501.000000
0.000000	42501.000000
0.000000	42501.000000
0.000000	42501.000000
0.000000	42501.000000
0.000000	42501.000000
0.000000	42501.000000
0.000000	42501.000000
0.000000	42501.000000
0.000000	42501.000000
0.000000	42501.000000
0.000000	42501.000000
0.000000	42501.000000
0.000000	42501.000000
0.000000	42501.000000
0.000000	42501.000000
0.000000	42502.000000
0.000000	42502.000000
0.000000	42502.000000
0.000000	42502.000000
0.000000	42502.000000
0.000000	42502.000000
0.000000	42502.000000
0.000000	42502.000000
0.000000	42502.000000
0.000000	42502.000000
0.000000	42502.000000
0.000000	42502.000000
0.000000	42502.000000
0.000000	42502.000000
0.000000	42502.000000
0.000000	42502.000000
0.000000	42502.000000
0.000000	42503.000000
0.000000	42503.000000
0.000000	42503.000000
0.000000	42503.000000
0.000000	42503.000000
0.000000	42503.000000
0.000000	42503.000000
0.000000	42503.000000
0.000000	42503.000000
0.000000	42503.000000
0.000000	42503.000000
0.000000	42503.000000
0.000000	42503.000000
0.000000	42503.000000
0.000000	42503.000000
0.000000	42503.000000
0.000000	42503.000000
0.000000	42504.000000
0.000000	42504.000000
0.000000	42504.000000
0.000000	42504.000000
0.000000	42504.000000
0.000000	42504.000000
0.000000	42504.000000
0.000000	42504.000000
0.000000	42504.000000
0.000000	42504.000000
0.000000	42504.000000
0.000000	42504.000000
0.000000	42504.000000
0.000000	42504.000000
0.000000	42504.000000
0.000000	42504.000000
0.000000	42504.000000
0.000000	42505.000000
0.000000	42505.000000
0.000000	42505.000000
0.000000	42505.000000
0.000000	42505.000000
0.000000	42505.000000
0.000000	42505.000000
0.000000	42505.000000
0.000000	42505.000000
0.000000	42505.000000
0.000000	42505.000000
0.000000	42505.000000
0.000000	42505.000000
0.000000	42505.000000
0.000000	42505.000000
0.000000	42505.000000
0.000000	42505.000000
0.000000	42506.000000
0.000000	42506.000000
0.000000	42506.000000
0.000000	42506.000000
0.000000	42506.000000
0.000000	42506.000000
0.000000	42506.000000
0.000000	42506.000000
0.000000	42506.000000
0.000000	42506.000000
0.000000	42506.000000
0.000000	42506.000000
0.000000	42506.000000
0.000000	42506.000000
0.000000	42506.000000
0.000000	42506.000000
0.000000	42506.000000
0.000000	42507.000000
0.000000	42507.000000
0.000000	42507.000000
0.000000	42507.000000
0.000000	42507.000000
0.000000	42507.000000
0.000000	42507.000000
0.000000	42507.000000
0.000000	42507.000000
0.000000	42507.000000
0.000000	42507.000000
0.000000	42507.000000
0.000000	42507.000000
0.000000	42507.000000
0.000000	42507.000000
0.000000	42507.000000
0.000000	42507.000000
0.000000	42508.000000
0.000000	42508.000000
0.000000	42508.000000
0.000000	42508.000000
0.000000	42508.000000
0.000000	42508.000000
0.000000	42508.000000
0.000000	42508.000000
0.000000	42508.000000
0.000000	42508.000000
0.000000	42508.000000
0.000000	42508.000000
0.000000	42508.000000
0.000000	42508.000000
0.000000	42508.000000
0.000000	42508.000000
0.000000	42508.000000
0.000000	42509.000000
0.000000	42509.000000
0.000000	42509.000000
0.000000	42509.000000
0.000000	42509.000000
0.000000	42509.000000
0.000000	42509.000000
0.000000	42509.000000
0.000000	42509.000000
0.000000	42509.000000
0.000000	42509.000000
0.000000	42509.000000
0.000000	42509.000000
0.000000	42509.000000
0.000000	42509.000000
0.000000	42509.000000
0.000000	42509.000000
0.000000	42510.000000
0.000000	42510.000000
0.000000	42510.000000
0.000000	42510.000000
0.000000	42510.000000
0.000000	42510.000000
0.000000	42510.000000
0.000000	42510.000000
0.000000	42510.000000
0.000000	42510.000000
0.000000	42510.000000
0.000000	42510.000000
0.000000	42510.000000
0.000000	42510.000000
0.000000	42510.000000
0.000000	42510.000000
0.000000	42510.000000
0.000000	42511.000000
0.000000	42511.000000
0.000000	42511.000000
0.000000	42511.000000
0.000000	42511.000000
0.000000	42511.000000
0.000000	42511.000000
0.000000	42511.000000
0.000000	42511.000000
0.000000	42511.000000
0.000000	42511.000000
0.000000	42511.000000
0.000000	42511.000000
0.000000	42511.000000
0.000000	42511.000000
0.000000	42511.000000
0.000000	42511.000000
0.000000	42511.000000
0.000000	42512.000000
0.000000	42512.000000
0.000000	42512.000000
0.000000	42512.000000
0.000000	42512.000000
0.000000	42512.000000
0.000000	42512.000000
0.000000	42512.000000
0.000000	42512.000000
0.000000	42512.000000
0.000000	42512.000000
0.000000	42512.000000
0.000000	42512.000000
0.000000	42512.000000
0.000000	42512.000000
0.000000	42512.000000
0.000000	42512.000000
0.000000	42513.000000
0.000000	42513.000000
0.000000	42513.000000
0.000000	42513.000000
0.000000	42513.000000
0.000000	42513.000000
0.000000	42513.000000
0.000000	42513.000000
0.000000	42513.000000
0.000000	42513.000000
0.000000	42513.000000
0.000000	42513.000000
0.000000	42513.000000
0.000000	42513.000000
0.000000	42513.000000
0.000000	42513.000000
0.000000	42513.000000
0.000000	42514.000000
0.000000	42514.000000
0.000000	42514.000000
0.000000	42514.000000
0.000000	42514.000000
0.000000	42514.000000
0.000000	42514.000000
0.000000	42514.000000
0.000000	42514.000000
0.000000	42514.000000
0.000000	42514.000000
0.000000	42514.000000
0.000000	42514.000000
0.000000	42514.000000
0.000000	42514.000000
0.000000	42514.000000
0.000000	42514.000000
0.000000	42515.000000
0.000000	42515.000000
0.000000	42515.000000
0.000000	42515.000000
0.000000	42515.000000
0.000000	42515.000000
0.000000	42515.000000
0.000000	42515.000000
0.000000	42515.000000
0.000000	42515.000000
0.000000	42515.000000
0.000000	42515.000000
0.000000	42515.000000
0.000000	42515.000000
0.000000	42515.000000
0.000000	42515.000000
0.000000	42515.000000
0.000000	42516.000000
0.000000	42516.000000
0.000000	42516.000000
0.000000	42516.000000
0.000000	42516.000000
0.000000	42516.000000
0.000000	42516.000000
0.000000	42516.000000
0.000000	42516.000000
0.000000	42516.000000
0.000000	42516.000000
0.000000	42516.000000
0.000000	42516.000000
0.000000	42516.000000
0.000000	42516.000000
0.000000	42516.000000
0.000000	42516.000000
0.000000	42517.000000
0.000000	42517.000000
0.000000	42517.000000
0.000000	42517.000000
0.000000	42517.000000
0.000000	42517.000000
0.000000	42517.000000
0.000000	42517.000000
0.000000	42517.000000
0.000000	42517.000000
0.000000	42517.000000
0.000000	42517.000000
0.000000	42517.000000
0.000000	42517.000000
0.000000	42517.000000
0.000000	42517.000000
0.000000	42517.000000
0.000000	42518.000000
0.000000	42518.000000
0.000000	42518.000000
0.000000	42518.000000
0.000000	42518.000000
0.000000	42518.000000
0.000000	42518.000000
0.000000	42518.000000
0.000000	42518.000000
0.000000	42518.000000
0.000000	42518.000000
0.000000	42518.000000
0.000000	42518.000000
0.000000	42518.000000
0.000000	42518.000000
0.000000	42518.000000
0.000000	42518.000000
0.000000	42519.000000
0.000000	42519.000000
0.000000	42519.000000
0.000000	42519.000000
0.000000	42519.000000
0.000000	42519.000000
0.000000	42519.000000
0.000000	42519.000000
0.000000	42519.000000
0.000000	42519.000000
0.000000	42519.000000
0.000000	42519.000000
0.000000	42519.000000
0.000000	42519.000000
0.000000	42519.000000
0.000000	42519.000000
0.000000	42519.000000
0.000000	42520.000000
0.000000	42520.000000
0.000000	42520.000000
0.000000	42520.000000
0.000000	42520.000000
0.000000	42520.000000
0.000000	42520.000000
0.000000	42520.000000
0.000000	42520.000000
0.000000	42520.000000
0.000000	42520.000000
0.000000	42520.000000
0.000000	42520.000000
0.000000	42520.000000
0.000000	42520.000000
0.000000	42520.000000
0.000000	42520.000000
0.000000	42521.000000
0.000000	42521.000000
0.000000	42521.000000
0.000000	42521.000000
0.000000	42521.000000
0.000000	42521.000000
0.000000	42521.000000
0.000000	42521.000000
0.000000	42521.000000
0.000000	42521.000000
0.000000	42521.000000
0.000000	42521.000000
0.000000	42521.000000
0.000000	42521.000000
0.000000	42521.000000
0.000000	42521.000000
0.000000	42521.000000
0.000000	42522.000000
0.000000	42522.000000
0.000000	42522.000000
0.000000	42522.000000
0.000000	42522.000000
0.000000	42522.000000
0.000000	42522.000000
0.000000	42522.000000
0.000000	42522.000000
0.000000	42522.000000
0.000000	42522.000000
0.000000	42522.000000
0.000000	42522.000000
0.000000	42522.000000
0.000000	42522.000000
0.000000	42522.000000
0.000000	42522.000000
0.000000	42523.000000
0.000000	42523.000000
0.000000	42523.000000
0.000000	42523.000000
0.000000	42523.000000
0.000000	42523.000000
0.000000	42523.000000
0.000000	42523.000000
0.000000	42523.000000
0.000000	42523.000000
0.000000	42523.000000
0.000000	42523.000000
0.000000	42523.000000
0.000000	42523.000000
0.000000	42523.000000
0.000000	42523.000000
0.000000	42523.000000
0.000000	42524.000000
0.000000	42524.000000
0.000000	42524.000000
0.000000	42524.000000
0.000000	42524.000000
0.000000	42524.000000
0.000000	42524.000000
0.000000	42524.000000
0.000000	42524.000000
0.000000	42524.000000
0.000000	42524.000000
0.000000	42524.000000
0.000000	42524.000000
0.000000	42524.000000
0.000000	42524.000000
0.000000	42524.000000
0.000000	42524.000000
0.000000	42525.000000
0.000000	42525.000000
0.000000	42525.000000
0.000000	42525.000000
0.000000	42525.000000
0.000000	42525.000000
0.000000	42525.000000
0.000000	42525.000000
0.000000	42525.000000
0.000000	42525.000000
0.000000	42525.000000
0.000000	42525.000000
0.000000	42525.000000
0.000000	42525.000000
0.000000	42525.000000
0.000000	42525.000000
0.000000	42525.000000
0.000000	42526.000000
0.000000	42526.000000
0.000000	42526.000000
0.000000	42526.000000
0.000000	42526.000000
0.000000	42526.000000
0.000000	42526.000000
0.000000	42526.000000
0.000000	42526.000000
0.000000	42526.000000
0.000000	42526.000000
0.000000	42526.000000
0.000000	42526.000000
0.000000	42526.000000
0.000000	42526.000000
0.000000	42526.000000
0.000000	42526.000000
0.000000	42526.000000
0.000000	42527.000000
0.000000	42527.000000
0.000000	42527.000000
0.000000	42527.000000
0.000000	42527.000000
0.000000	42527.000000
0.000000	42527.000000
0.000000	42527.000000
0.000000	42527.000000
0.000000	42527.000000
0.000000	42527.000000
0.000000	42527.000000
0.000000	42527.000000
0.000000	42527.000000
0.000000	42527.000000
0.000000	42527.000000
0.000000	42527.000000
0.000000	42528.000000
0.000000	42528.000000
0.000000	42528.000000
0.000000	42528.000000
0.000000	42528.000000
0.000000	42528.000000
0.000000	42528.000000
0.000000	42528.000000
0.000000	42528.000000
0.000000	42528.000000
0.000000	42528.000000
0.000000	42528.000000
0.000000	42528.000000
0.000000	42528.000000
0.000000	42528.000000
0.000000	42528.000000
0.000000	42528.000000
0.000000	42529.000000
0.000000	42529.000000
0.000000	42529.000000
0.000000	42529.000000
0.000000	42529.000000
0.000000	42529.000000
0.000000	42529.000000
0.000000	42529.000000
0.000000	42529.000000
0.000000	42529.000000
0.000000	42529.000000
0.000000	42529.000000
0.000000	42529.000000
0.000000	42529.000000
0.000000	42529.000000
0.000000	42529.000000
0.000000	42529.000000
0.000000	42530.000000
0.000000	42530.000000
0.000000	42530.000000
0.000000	42530.000000
0.000000	42530.000000
0.000000	42530.000000
0.000000	42530.000000
0.000000	42530.000000
0.000000	42530.000000
0.000000	42530.000000
0.000000	42530.000000
0.000000	42530.000000
0.000000	42530.000000
0.000000	42530.000000
0.000000	42530.000000
0.000000	42530.000000
0.000000	42530.000000
0.000000	42531.000000
0.000000	42531.000000
0.000000	42531.000000
0.000000	42531.000000
0.000000	42531.000000
0.000000	42531.000000
0.000000	42531.000000
0.000000	42531.000000
0.000000	42531.000000
0.000000	42531.000000
0.000000	42531.000000
0.000000	42531.000000
0.000000	42531.000000
0.000000	42531.000000
0.000000	42531.000000
0.000000	42531.000000
0.000000	42531.000000
0.000000	42532.000000
0.000000	42532.000000
0.000000	42532.000000
0.000000	42532.000000
0.000000	42532.000000
0.000000	42532.000000
0.000000	42532.000000
0.000000	42532.000000
0.000000	42532.000000
0.000000	42532.000000
0.000000	42532.000000
0.000000	42532.000000
0.000000	42532.000000
0.000000	42532.000000
0.000000	42532.000000
0.000000	42532.000000
0.000000	42532.000000
0.000000	42533.000000
0.000000	42533.000000
0.000000	42533.000000
0.000000	42533.000000
0.000000	42533.000000
0.000000	42533.000000
0.000000	42533.000000
0.000000	42533.000000
0.000000	42533.000000
0.000000	42533.000000
0.000000	42533.000000
0.000000	42533.000000
0.000000	42533.000000
0.000000	42533.000000
0.000000	42533.000000
0.000000	42533.000000
0.000000	42533.000000
0.000000	42534.000000
0.000000	42534.000000
0.000000	42534.000000
0.000000	42534.000000
0.000000	42534.000000
0.000000	42534.000000
0.000000	42534.000000
0.000000	42534.000000
0.000000	42534.000000
0.000000	42534.000000
0.000000	42534.000000
0.000000	42534.000000
0.000000	42534.000000
0.000000	42534.000000
0.000000	42534.000000
0.000000	42534.000000
0.000000	42534.000000
0.000000	42535.000000
0.000000	42535.000000
0.000000	42535.000000
0.000000	42535.000000
0.000000	42535.000000
0.000000	42535.000000
0.000000	42535.000000
0.000000	42535.000000
0.000000	42535.000000
0.000000	42535.000000
0.000000	42535.000000
0.000000	42535.000000
0.000000	42535.000000
0.000000	42535.000000
0.000000	42535.000000
0.000000	42535.000000
0.000000	42535.000000
0.000000	42536.000000
0.000000	42536.000000
0.000000	42536.000000
0.000000	42536.000000
0.000000	42536.000000
0.000000	42536.000000
0.000000	42536.000000
0.000000	42536.000000
0.000000	42536.000000
0.000000	42536.000000
0.000000	42536.000000
0.000000	42536.000000
0.000000	42536.000000
0.000000	42536.000000
0.000000	42536.000000
0.000000	42536.000000
0.000000	42536.000000
0.000000	42537.000000
0.000000	42537.000000
0.000000	42537.000000
0.000000	42537.000000
0.000000	42537.000000
0.000000	42537.000000
0.000000	42537.000000
0.000000	42537.000000
0.000000	42537.000000
0.000000	42537.000000
0.000000	42537.000000
0.000000	42537.000000
0.000000	42537.000000
0.000000	42537.000000
0.000000	42537.000000
0.000000	42537.000000
0.000000	42537.000000
0.000000	42538.000000
0.000000	42538.000000
0.000000	42538.000000
0.000000	42538.000000
0.000000	42538.000000
0.000000	42538.000000
0.000000	42538.000000
0.000000	42538.000000
0.000000	42538.000000
0.000000	42538.000000
0.000000	42538.000000
0.000000	42538.000000
0.000000	42538.000000
0.000000	42538.000000
0.000000	42538.000000
0.000000	42538.000000
0.000000	42538.000000
0.000000	42539.000000
0.000000	42539.000000
0.000000	42539.000000
0.000000	42539.000000
0.000000	42539.000000
0.000000	42539.000000
0.000000	42539.000000
0.000000	42539.000000
0.000000	42539.000000
0.000000	42539.000000
0.000000	42539.000000
0.000000	42539.000000
0.000000	42539.000000
0.000000	42539.000000
0.000000	42539.000000
0.000000	42539.000000
0.000000	42539.000000
0.000000	42540.000000
0.000000	42540.000000
0.000000	42540.000000
0.000000	42540.000000
0.000000	42540.000000
0.000000	42540.000000
0.000000	42540.000000
0.000000	42540.000000
0.000000	42540.000000
0.000000	42540.000000
0.000000	42540.000000
0.000000	42540.000000
0.000000	42540.000000
0.000000	42540.000000
0.000000	42540.000000
0.000000	42540.000000
0.000000	42540.000000
0.000000	42541.000000
0.000000	42541.000000
0.000000	42541.000000
0.000000	42541.000000
0.000000	42541.000000
0.000000	42541.000000
0.000000	42541.000000
0.000000	42541.000000
0.000000	42541.000000
0.000000	42541.000000
0.000000	42541.000000
0.000000	42541.000000
0.000000	42541.000000
0.000000	42541.000000
0.000000	42541.000000
0.000000	42541.000000
0.000000	42541.000000
0.000000	42541.000000
0.000000	42542.000000
0.000000	42542.000000
0.000000	42542.000000
0.000000	42542.000000
0.000000	42542.000000
0.000000	42542.000000
0.000000	42542.000000
0.000000	42542.000000
0.000000	42542.000000
0.000000	42542.000000
0.000000	42542.000000
0.000000	42542.000000
0.000000	42542.000000
0.000000	42542.000000
0.000000	42542.000000
0.000000	42542.000000
0.000000	42542.000000
0.000000	42543.000000
0.000000	42543.000000
0.000000	42543.000000
0.000000	42543.000000
0.000000	42543.000000
0.000000	42543.000000
0.000000	42543.000000
0.000000	42543.000000
0.000000	42543.000000
0.000000	42543.000000
0.000000	42543.000000
0.000000	42543.000000
0.000000	42543.000000
0.000000	42543.000000
0.000000	42543.000000
0.000000	42543.000000
0.000000	42543.000000
0.000000	42544.000000
0.000000	42544.000000
0.000000	42544.000000
0.000000	42544.000000
0.000000	42544.000000
0.000000	42544.000000
0.000000	42544.000000
0.000000	42544.000000
0.000000	42544.000000
0.000000	42544.000000
0.000000	42544.000000
0.000000	42544.000000
0.000000	42544.000000
0.000000	42544.000000
0.000000	42544.000000
0.000000	42544.000000
0.000000	42544.000000
0.000000	42545.000000
0.000000	42545.000000
0.000000	42545.000000
0.000000	42545.000000
0.000000	42545.000000
0.000000	42545.000000
0.000000	42545.000000
0.000000	42545.000000
0.000000	42545.000000
0.000000	42545.000000
0.000000	42545.000000
0.000000	42545.000000
0.000000	42545.000000
0.000000	42545.000000
0.000000	42545.000000
0.000000	42545.000000
0.000000	42545.000000
0.000000	42546.000000
0.000000	42546.000000
0.000000	42546.000000
0.000000	42546.000000
0.000000	42546.000000
0.000000	42546.000000
0.000000	42546.000000
0.000000	42546.000000
0.000000	42546.000000
0.000000	42546.000000
0.000000	42546.000000
0.000000	42546.000000
0.000000	42546.000000
0.000000	42546.000000
0.000000	42546.000000
0.000000	42546.000000
0.000000	42546.000000
0.000000	42547.000000
0.000000	42547.000000
0.000000	42547.000000
0.000000	42547.000000
0.000000	42547.000000
0.000000	42547.000000
0.000000	42547.000000
0.000000	42547.000000
0.000000	42547.000000
0.000000	42547.000000
0.000000	42547.000000
0.000000	42547.000000
0.000000	42547.000000
0.000000	42547.000000
0.000000	42547.000000
0.000000	42547.000000
0.000000	42547.000000
0.000000	42548.000000
0.000000	42548.000000
0.000000	42548.000000
0.000000	42548.000000
0.000000	42548.000000
0.000000	42548.000000
0.000000	42548.000000
0.000000	42548.000000
0.000000	42548.000000
0.000000	42548.000000
0.000000	42548.000000
0.000000	42548.000000
0.000000	42548.000000
0.000000	42548.000000
0.000000	42548.000000
0.000000	42548.000000
0.000000	42548.000000
0.000000	42549.000000
0.000000	42549.000000
0.000000	42549.000000
0.000000	42549.000000
0.000000	42549.000000
0.000000	42549.000000
0.000000	42549.000000
0.000000	42549.000000
0.000000	42549.000000
0.000000	42549.000000
0.000000	42549.000000
0.000000	42549.000000
0.000000	42549.000000
0.000000	42549.000000
0.000000	42549.000000
0.000000	42549.000000
0.000000	42549.000000
0.000000	42550.000000
0.000000	42550.000000
0.000000	42550.000000
0.000000	42550.000000
0.000000	42550.000000
0.000000	42550.000000
0.000000	42550.000000
0.000000	42550.000000
0.000000	42550.000000
0.000000	42550.000000
0.000000	42550.000000
0.000000	42550.000000
0.000000	42550.000000
0.000000	42550.000000
0.000000	42550.000000
0.000000	42550.000000
0.000000	42550.000000
0.000000	42551.000000
0.000000	42551.000000
0.000000	42551.000000
0.000000	42551.000000
0.000000	42551.000000
0.000000	42551.000000
0.000000	42551.000000
0.000000	42551.000000
0.000000	42551.000000
0.000000	42551.000000
0.000000	42551.000000
0.000000	42551.000000
0.000000	42551.000000
0.000000	42551.000000
0.000000	42551.000000
0.000000	42551.000000
0.000000	42551.000000
0.000000	42552.000000
0.000000	42552.000000
0.000000	42552.000000
0.000000	42552.000000
0.000000	42552.000000
0.000000	42552.000000
0.000000	42552.000000
0.000000	42552.000000
0.000000	42552.000000
0.000000	42552.000000
0.000000	42552.000000
0.000000	42552.000000
0.000000	42552.000000
0.000000	42552.000000
0.000000	42552.000000
0.000000	42552.000000
0.000000	42552.000000
0.000000	42553.000000
0.000000	42553.000000
0.000000	42553.000000
0.000000	42553.000000
0.000000	42553.000000
0.000000	42553.000000
0.000000	42553.000000
0.000000	42553.000000
0.000000	42553.000000
0.000000	42553.000000
0.000000	42553.000000
0.000000	42553.000000
0.000000	42553.000000
0.000000	42553.000000
0.000000	42553.000000
0.000000	42553.000000
0.000000	42553.000000
0.000000	42554.000000
0.000000	42554.000000
0.000000	42554.000000
0.000000	42554.000000
0.000000	42554.000000
0.000000	42554.000000
0.000000	42554.000000
0.000000	42554.000000
0.000000	42554.000000
0.000000	42554.000000
0.000000	42554.000000
0.000000	42554.000000
0.000000	42554.000000
0.000000	42554.000000
0.000000	42554.000000
0.000000	42554.000000
0.000000	42554.000000
0.000000	42555.000000
0.000000	42555.000000
0.000000	42555.000000
0.000000	42555.000000
0.000000	42555.000000
0.000000	42555.000000
0.000000	42555.000000
0.000000	42555.000000
0.000000	42555.000000
0.000000	42555.000000
0.000000	42555.000000
0.000000	42555.000000
0.000000	42555.000000
0.000000	42555.000000
0.000000	42555.000000
0.000000	42555.000000
0.000000	42555.000000
0.000000	42556.000000
0.000000	42556.000000
0.000000	42556.000000
0.000000	42556.000000
0.000000	42556.000000
0.000000	42556.000000
0.000000	42556.000000
0.000000	42556.000000
0.000000	42556.000000
0.000000	42556.000000
0.000000	42556.000000
0.000000	42556.000000
0.000000	42556.000000
0.000000	42556.000000
0.000000	42556.000000
0.000000	42556.000000
0.000000	42556.000000
0.000000	42556.000000
0.000000	42557.000000
0.000000	42557.000000
0.000000	42557.000000
0.000000	42557.000000
0.000000	42557.000000
0.000000	42557.000000
0.000000	42557.000000
0.000000	42557.000000
0.000000	42557.000000
0.000000	42557.000000
0.000000	42557.000000
0.000000	42557.000000
0.000000	42557.000000
0.000000	42557.000000
0.000000	42557.000000
0.000000	42557.000000
0.000000	42557.000000
0.000000	42558.000000
0.000000	42558.000000
0.000000	42558.000000
0.000000	42558.000000
0.000000	42558.000000
0.000000	42558.000000
0.000000	42558.000000
0.000000	42558.000000
0.000000	42558.000000
0.000000	42558.000000
0.000000	42558.000000
0.000000	42558.000000
0.000000	42558.000000
0.000000	42558.000000
0.000000	42558.000000
0.000000	42558.000000
0.000000	42558.000000
0.000000	42559.000000
0.000000	42559.000000
0.000000	42559.000000
0.000000	42559.000000
0.000000	42559.000000
0.000000	42559.000000
0.000000	42559.000000
0.000000	42559.000000
0.000000	42559.000000
0.000000	42559.000000
0.000000	42559.000000
0.000000	42559.000000
0.000000	42559.000000
0.000000	42559.000000
0.000000	42559.000000
0.000000	42559.000000
0.000000	42559.000000
0.000000	42600.000000
0.000000	42600.000000
0.000000	42600.000000
0.000000	42600.000000
0.000000	42600.000000
0.000000	42600.000000
0.000000	42600.000000
0.000000	42600.000000
0.000000	42600.000000
0.000000	42600.000000
0.000000	42600.000000
0.000000	42600.000000
0.000000	42600.000000
0.000000	42600.000000
0.000000	42600.000000
0.000000	42600.000000
0.000000	42600.000000
0.000000	42601.000000
0.000000	42601.000000
0.000000	42601.000000
0.000000	42601.000000
0.000000	42601.000000
0.000000	42601.000000
0.000000	42601.000000
0.000000	42601.000000
0.000000	42601.000000
0.000000	42601.000000
0.000000	42601.000000
0.000000	42601.000000
0.000000	42601.000000
0.000000	42601.000000
0.000000	42601.000000
0.000000	42601.000000
0.000000	42601.000000
0.000000	42602.000000
0.000000	42602.000000
0.000000	42602.000000
0.000000	42602.000000
0.000000	42602.000000
0.000000	42602.000000
0.000000	42602.000000
0.000000	42602.000000
0.000000	42602.000000
0.000000	42602.000000
0.000000	42602.000000
0.000000	42602.000000
0.000000	42602.000000
0.000000	42602.000000
0.000000	42602.000000
0.000000	42602.000000
0.000000	42602.000000
0.000000	42603.000000
0.000000	42603.000000
0.000000	42603.000000
0.000000	42603.000000
0.000000	42603.000000
0.000000	42603.000000
0.000000	42603.000000
0.000000	42603.000000
0.000000	42603.000000
0.000000	42603.000000
0.000000	42603.000000
0.000000	42603.000000
0.000000	42603.000000
0.000000	42603.000000
0.000000	42603.000000
0.000000	42603.000000
0.000000	42603.000000
0.000000	42604.000000
0.000000	42604.000000
0.000000	42604.000000
0.000000	42604.000000
0.000000	42604.000000
0.000000	42604.000000
0.000000	42604.000000
0.000000	42604.000000
0.000000	42604.000000
0.000000	42604.000000
0.000000	42604.000000
0.000000	42604.000000
0.000000	42604.000000
0.000000	42604.000000
0.000000	42604.000000
0.000000	42604.000000
0.000000	42604.000000
0.000000	42605.000000
0.000000	42605.000000
0.000000	42605.000000
0.000000	42605.000000
0.000000	42605.000000
0.000000	42605.000000
0.000000	42605.000000
0.000000	42605.000000
0.000000	42605.000000
0.000000	42605.000000
0.000000	42605.000000
0.000000	42605.000000
0.000000	42605.000000
0.000000	42605.000000
0.000000	42605.000000
0.000000	42605.000000
0.000000	42605.000000
0.000000	42606.000000
0.000000	42606.000000
0.000000	42606.000000
0.000000	42606.000000
0.000000	42606.000000
0.000000	42606.000000
0.000000	42606.000000
0.000000	42606.000000
0.000000	42606.000000
0.000000	42606.000000
0.000000	42606.000000
0.000000	42606.000000
0.000000	42606.000000
0.000000	42606.000000
0.000000	42606.000000
0.000000	42606.000000
0.000000	42606.000000
0.000000	42607.000000
0.000000	42607.000000
0.000000	42607.000000
0.000000	42607.000000
0.000000	42607.000000
0.000000	42607.000000
0.000000	42607.000000
0.000000	42607.000000
0.000000	42607.000000
0.000000	42607.000000
0.000000	42607.000000
0.000000	42607.000000
0.000000	42607.000000
0.000000	42607.000000
0.000000	42607.000000
0.000000	42607.000000
0.000000	42607.000000
0.000000	42608.000000
0.000000	42608.000000
0.000000	42608.000000
0.000000	42608.000000
0.000000	42608.000000
0.000000	42608.000000
0.000000	42608.000000
0.000000	42608.000000
0.000000	42608.000000
0.000000	42608.000000
0.000000	42608.000000
0.000000	42608.000000
0.000000	42608.000000
0.000000	42608.000000
0.000000	42608.000000
0.000000	42608.000000
0.000000	42608.000000
0.000000	42609.000000
0.000000	42609.000000
0.000000	42609.000000
0.000000	42609.000000
0.000000	42609.000000
0.000000	42609.000000
0.000000	42609.000000
0.000000	42609.000000
0.000000	42609.000000
0.000000	42609.000000
0.000000	42609.000000
0.000000	42609.000000
0.000000	42609.000000
0.000000	42609.000000
0.000000	42609.000000
0.000000	42609.000000
0.000000	42609.000000
0.000000	42610.000000
0.000000	42610.000000
0.000000	42610.000000
0.000000	42610.000000
0.000000	42610.000000
0.000000	42610.000000
0.000000	42610.000000
0.000000	42610.000000
0.000000	42610.000000
0.000000	42610.000000
0.000000	42610.000000
0.000000	42610.000000
0.000000	42610.000000
0.000000	42610.000000
0.000000	42610.000000
0.000000	42610.000000
0.000000	42610.000000
0.000000	42611.000000
0.000000	42611.000000
0.000000	42611.000000
0.000000	42611.000000
0.000000	42611.000000
0.000000	42611.000000
0.000000	42611.000000
0.000000	42611.000000
0.000000	42611.000000
0.000000	42611.000000
0.000000	42611.000000
0.000000	42611.000000
0.000000	42611.000000
0.000000	42611.000000
0.000000	42611.000000
0.000000	42611.000000
0.000000	42611.000000
0.000000	42611.000000
0.000000	42612.000000
0.000000	42612.000000
0.000000	42612.000000
0.000000	42612.000000
0.000000	42612.000000
0.000000	42612.000000
0.000000	42612.000000
0.000000	42612.000000
0.000000	42612.000000
0.000000	42612.000000
0.000000	42612.000000
0.000000	42612.000000
0.000000	42612.000000
0.000000	42612.000000
0.000000	42612.000000
0.000000	42612.000000
0.000000	42612.000000
0.000000	42613.000000
0.000000	42613.000000
0.000000	42613.000000
0.000000	42613.000000
0.000000	42613.000000
0.000000	42613.000000
0.000000	42613.000000
0.000000	42613.000000
0.000000	42613.000000
0.000000	42613.000000
0.000000	42613.000000
0.000000	42613.000000
0.000000	42613.000000
0.000000	42613.000000
0.000000	42613.000000
0.000000	42613.000000
0.000000	42613.000000
0.000000	42614.000000
0.000000	42614.000000
0.000000	42614.000000
0.000000	42614.000000
0.000000	42614.000000
0.000000	42614.000000
0.000000	42614.000000
0.000000	42614.000000
0.000000	42614.000000
0.000000	42614.000000
0.000000	42614.000000
0.000000	42614.000000
0.000000	42614.000000
0.000000	42614.000000
0.000000	42614.000000
0.000000	42614.000000
0.000000	42614.000000
0.000000	42615.000000
0.000000	42615.000000
0.000000	42615.000000
0.000000	42615.000000
0.000000	42615.000000
0.000000	42615.000000
0.000000	42615.000000
0.000000	42615.000000
0.000000	42615.000000
0.000000	42615.000000
0.000000	42615.000000
0.000000	42615.000000
0.000000	42615.000000
0.000000	42615.000000
0.000000	42615.000000
0.000000	42615.000000
0.000000	42615.000000
0.000000	42616.000000
0.000000	42616.000000
0.000000	42616.000000
0.000000	42616.000000
0.000000	42616.000000
0.000000	42616.000000
0.000000	42616.000000
0.000000	42616.000000
0.000000	42616.000000
0.000000	42616.000000
0.000000	42616.000000
0.000000	42616.000000
0.000000	42616.000000
0.000000	42616.000000
0.000000	42616.000000
0.000000	42616.000000
0.000000	42616.000000
0.000000	42617.000000
0.000000	42617.000000
0.000000	42617.000000
0.000000	42617.000000
0.000000	42617.000000
0.000000	42617.000000
0.000000	42617.000000
0.000000	42617.000000
0.000000	42617.000000
0.000000	42617.000000
0.000000	42617.000000
0.000000	42617.000000
0.000000	42617.000000
0.000000	42617.000000
0.000000	42617.000000
0.000000	42617.000000
0.000000	42617.000000
0.000000	42618.000000
0.000000	42618.000000
0.000000	42618.000000
0.000000	42618.000000
0.000000	42618.000000
0.000000	42618.000000
0.000000	42618.000000
0.000000	42618.000000
0.000000	42618.000000
0.000000	42618.000000
0.000000	42618.000000
0.000000	42618.000000
0.000000	42618.000000
0.000000	42618.000000
0.000000	42618.000000
0.000000	42618.000000
0.000000	42618.000000
0.000000	42619.000000
0.000000	42619.000000
0.000000	42619.000000
0.000000	42619.000000
0.000000	42619.000000
0.000000	42619.000000
0.000000	42619.000000
0.000000	42619.000000
0.000000	42619.000000
0.000000	42619.000000
0.000000	42619.000000
0.000000	42619.000000
0.000000	42619.000000
0.000000	42619.000000
0.000000	42619.000000
0.000000	42619.000000
0.000000	42619.000000
0.000000	42620.000000
0.000000	42620.000000
0.000000	42620.000000
0.000000	42620.000000
0.000000	42620.000000
0.000000	42620.000000
0.000000	42620.000000
0.000000	42620.000000
0.000000	42620.000000
0.000000	42620.000000
0.000000	42620.000000
0.000000	42620.000000
0.000000	42620.000000
0.000000	42620.000000
0.000000	42620.000000
0.000000	42620.000000
0.000000	42620.000000
0.000000	42621.000000
0.000000	42621.000000
0.000000	42621.000000
0.000000	42621.000000
0.000000	42621.000000
0.000000	42621.000000
0.000000	42621.000000
0.000000	42621.000000
0.000000	42621.000000
0.000000	42621.000000
0.000000	42621.000000
0.000000	42621.000000
0.000000	42621.000000
0.000000	42621.000000
0.000000	42621.000000
0.000000	42621.000000
0.000000	42621.000000
0.000000	42622.000000
0.000000	42622.000000
0.000000	42622.000000
0.000000	42622.000000
0.000000	42622.000000
0.000000	42622.000000
0.000000	42622.000000
0.000000	42622.000000
0.000000	42622.000000
0.000000	42622.000000
0.000000	42622.000000
0.000000	42622.000000
0.000000	42622.000000
0.000000	42622.000000
0.000000	42622.000000
0.000000	42622.000000
0.000000	42622.000000
0.000000	42623.000000
0.000000	42623.000000
0.000000	42623.000000
0.000000	42623.000000
0.000000	42623.000000
0.000000	42623.000000
0.000000	42623.000000
0.000000	42623.000000
0.000000	42623.000000
0.000000	42623.000000
0.000000	42623.000000
0.000000	42623.000000
0.000000	42623.000000
0.000000	42623.000000
0.000000	42623.000000
0.000000	42623.000000
0.000000	42623.000000
0.000000	42624.000000
0.000000	42624.000000
0.000000	42624.000000
0.000000	42624.000000
0.000000	42624.000000
0.000000	42624.000000
0.000000	42624.000000
0.000000	42624.000000
0.000000	42624.000000
0.000000	42624.000000
0.000000	42624.000000
0.000000	42624.000000
0.000000	42624.000000
0.000000	42624.000000
0.000000	42624.000000
0.000000	42624.000000
0.000000	42624.000000
0.000000	42625.000000
0.000000	42625.000000
0.000000	42625.000000
0.000000	42625.000000
0.000000	42625.000000
0.000000	42625.000000
0.000000	42625.000000
0.000000	42625.000000
0.000000	42625.000000
0.000000	42625.000000
0.000000	42625.000000
0.000000	42625.000000
0.000000	42625.000000
0.000000	42625.000000
0.000000	42625.000000
0.000000	42625.000000
0.000000	42625.000000
0.000000	42626.000000
0.000000	42626.000000
0.000000	42626.000000
0.000000	42626.000000
0.000000	42626.000000
0.000000	42626.000000
0.000000	42626.000000
0.000000	42626.000000
0.000000	42626.000000
0.000000	42626.000000
0.000000	42626.000000
0.000000	42626.000000
0.000000	42626.000000
0.000000	42626.000000
0.000000	42626.000000
0.000000	42626.000000
0.000000	42626.000000
0.000000	42626.000000
0.000000	42627.000000
0.000000	42627.000000
0.000000	42627.000000
0.000000	42627.000000
0.000000	42627.000000
0.000000	42627.000000
0.000000	42627.000000
0.000000	42627.000000
0.000000	42627.000000
0.000000	42627.000000
0.000000	42627.000000
0.000000	42627.000000
0.000000	42627.000000
0.000000	42627.000000
0.000000	42627.000000
0.000000	42627.000000
0.000000	42627.000000
0.000000	42628.000000
0.000000	42628.000000
0.000000	42628.000000
0.000000	42628.000000
0.000000	42628.000000
0.000000	42628.000000
0.000000	42628.000000
0.000000	42628.000000
0.000000	42628.000000
0.000000	42628.000000
0.000000	42628.000000
0.000000	42628.000000
0.000000	42628.000000
0.000000	42628.000000
0.000000	42628.000000
0.000000	42628.000000
0.000000	42628.000000
0.000000	42629.000000
0.000000	42629.000000
0.000000	42629.000000
0.000000	42629.000000
0.000000	42629.000000
0.000000	42629.000000
0.000000	42629.000000
0.000000	42629.000000
0.000000	42629.000000
0.000000	42629.000000
0.000000	42629.000000
0.000000	42629.000000
0.000000	42629.000000
0.000000	42629.000000
0.000000	42629.000000
0.000000	42629.000000
0.000000	42629.000000
0.000000	42630.000000
0.000000	42630.000000
0.000000	42630.000000
0.000000	42630.000000
0.000000	42630.000000
0.000000	42630.000000
0.000000	42630.000000
0.000000	42630.000000
0.000000	42630.000000
0.000000	42630.000000
0.000000	42630.000000
0.000000	42630.000000
0.000000	42630.000000
0.000000	42630.000000
0.000000	42630.000000
0.000000	42630.000000
0.000000	42630.000000
0.000000	42631.000000
0.000000	42631.000000
0.000000	42631.000000
0.000000	42631.000000
0.000000	42631.000000
0.000000	42631.000000
0.000000	42631.000000
0.000000	42631.000000
0.000000	42631.000000
0.000000	42631.000000
0.000000	42631.000000
0.000000	42631.000000
0.000000	42631.000000
0.000000	42631.000000
0.000000	42631.000000
0.000000	42631.000000
0.000000	42631.000000
0.000000	42632.000000
0.000000	42632.000000
0.000000	42632.000000
0.000000	42632.000000
0.000000	42632.000000
0.000000	42632.000000
0.000000	42632.000000
0.000000	42632.000000
0.000000	42632.000000
0.000000	42632.000000
0.000000	42632.000000
0.000000	42632.000000
0.000000	42632.000000
0.000000	42632.000000
0.000000	42632.000000
0.000000	42632.000000
0.000000	42632.000000
0.000000	42633.000000
0.000000	42633.000000
0.000000	42633.000000
0.000000	42633.000000
0.000000	42633.000000
0.000000	42633.000000
0.000000	42633.000000
0.000000	42633.000000
0.000000	42633.000000
0.000000	42633.000000
0.000000	42633.000000
0.000000	42633.000000
0.000000	42633.000000
0.000000	42633.000000
0.000000	42633.000000
0.000000	42633.000000
0.000000	42633.000000
0.000000	42634.000000
0.000000	42634.000000
0.000000	42634.000000
0.000000	42634.000000
0.000000	42634.000000
0.000000	42634.000000
0.000000	42634.000000
0.000000	42634.000000
0.000000	42634.000000
0.000000	42634.000000
0.000000	42634.000000
0.000000	42634.000000
0.000000	42634.000000
0.000000	42634.000000
0.000000	42634.000000
0.000000	42634.000000
0.000000	42634.000000
0.000000	42635.000000
0.000000	42635.000000
0.000000	42635.000000
0.000000	42635.000000
0.000000	42635.000000
0.000000	42635.000000
0.000000	42635.000000
0.000000	42635.000000
0.000000	42635.000000
0.000000	42635.000000
0.000000	42635.000000
0.000000	42635.000000
0.000000	42635.000000
0.000000	42635.000000
0.000000	42635.000000
0.000000	42635.000000
0.000000	42635.000000
0.000000	42636.000000
0.000000	42636.000000
0.000000	42636.000000
0.000000	42636.000000
0.000000	42636.000000
0.000000	42636.000000
0.000000	42636.000000
0.000000	42636.000000
0.000000	42636.000000
0.000000	42636.000000
0.000000	42636.000000
0.000000	42636.000000
0.000000	42636.000000
0.000000	42636.000000
0.000000	42636.000000
0.000000	42636.000000
0.000000	42636.000000
0.000000	42637.000000
0.000000	42637.000000
0.000000	42637.000000
0.000000	42637.000000
0.000000	42637.000000
0.000000	42637.000000
0.000000	42637.000000
0.000000	42637.000000
0.000000	42637.000000
0.000000	42637.000000
0.000000	42637.000000
0.000000	42637.000000
0.000000	42637.000000
0.000000	42637.000000
0.000000	42637.000000
0.000000	42637.000000
0.000000	42637.000000
0.000000	42638.000000
0.000000	42638.000000
0.000000	42638.000000
0.000000	42638.000000
0.000000	42638.000000
0.000000	42638.000000
0.000000	42638.000000
0.000000	42638.000000
0.000000	42638.000000
0.000000	42638.000000
0.000000	42638.000000
0.000000	42638.000000
0.000000	42638.000000
0.000000	42638.000000
0.000000	42638.000000
0.000000	42638.000000
0.000000	42638.000000
0.000000	42639.000000
0.000000	42639.000000
0.000000	42639.000000
0.000000	42639.000000
0.000000	42639.000000
0.000000	42639.000000
0.000000	42639.000000
0.000000	42639.000000
0.000000	42639.000000
0.000000	42639.000000
0.000000	42639.000000
0.000000	42639.000000
0.000000	42639.000000
0.000000	42639.000000
0.000000	42639.000000
0.000000	42639.000000
0.000000	42639.000000
0.000000	42640.000000
0.000000	42640.000000
0.000000	42640.000000
0.000000	42640.000000
0.000000	42640.000000
0.000000	42640.000000
0.000000	42640.000000
0.000000	42640.000000
0.000000	42640.000000
0.000000	42640.000000
0.000000	42640.000000
0.000000	42640.000000
0.000000	42640.000000
0.000000	42640.000000
0.000000	42640.000000
0.000000	42640.000000
0.000000	42640.000000
0.000000	42641.000000
0.000000	42641.000000
0.000000	42641.000000
0.000000	42641.000000
0.000000	42641.000000
0.000000	42641.000000
0.000000	42641.000000
0.000000	42641.000000
0.000000	42641.000000
0.000000	42641.000000
0.000000	42641.000000
0.000000	42641.000000
0.000000	42641.000000
0.000000	42641.000000
0.000000	42641.000000
0.000000	42641.000000
0.000000	42641.000000
0.000000	42641.000000
0.000000	42642.000000
0.000000	42642.000000
0.000000	42642.000000
0.000000	42642.000000
0.000000	42642.000000
0.000000	42642.000000
0.000000	42642.000000
0.000000	42642.000000
0.000000	42642.000000
0.000000	42642.000000
0.000000	42642.000000
0.000000	42642.000000
0.000000	42642.000000
0.000000	42642.000000
0.000000	42642.000000
0.000000	42642.000000
0.000000	42642.000000
0.000000	42643.000000
0.000000	42643.000000
0.000000	42643.000000
0.000000	42643.000000
0.000000	42643.000000
0.000000	42643.000000
0.000000	42643.000000
0.000000	42643.000000
0.000000	42643.000000
0.000000	42643.000000
0.000000	42643.000000
0.000000	42643.000000
0.000000	42643.000000
0.000000	42643.000000
0.000000	42643.000000
0.000000	42643.000000
0.000000	42643.000000
0.000000	42644.000000
0.000000	42644.000000
0.000000	42644.000000
0.000000	42644.000000
0.000000	42644.000000
0.000000	42644.000000
0.000000	42644.000000
0.000000	42644.000000
0.000000	42644.000000
0.000000	42644.000000
0.000000	42644.000000
0.000000	42644.000000
0.000000	42644.000000
0.000000	42644.000000
0.000000	42644.000000
0.000000	42644.000000
0.000000	42644.000000
0.000000	42645.000000
0.000000	42645.000000
0.000000	42645.000000
0.000000	42645.000000
0.000000	42645.000000
0.000000	42645.000000
0.000000	42645.000000
0.000000	42645.000000
0.000000	42645.000000
0.000000	42645.000000
0.000000	42645.000000
0.000000	42645.000000
0.000000	42645.000000
0.000000	42645.000000
0.000000	42645.000000
0.000000	42645.000000
0.000000	42645.000000
0.000000	42646.000000
0.000000	42646.000000
0.000000	42646.000000
0.000000	42646.000000
0.000000	42646.000000
0.000000	42646.000000
0.000000	42646.000000
0.000000	42646.000000
0.000000	42646.000000
0.000000	42646.000000
0.000000	42646.000000
0.000000	42646.000000
0.000000	42646.000000
0.000000	42646.000000
0.000000	42646.000000
0.000000	42646.000000
0.000000	42646.000000
0.000000	42647.000000
0.000000	42647.000000
0.000000	42647.000000
0.000000	42647.000000
0.000000	42647.000000
0.000000	42647.000000
0.000000	42647.000000
0.000000	42647.000000
0.000000	42647.000000
0.000000	42647.000000
0.000000	42647.000000
0.000000	42647.000000
0.000000	42647.000000
0.000000	42647.000000
0.000000	42647.000000
0.000000	42647.000000
0.000000	42647.000000
0.000000	42648.000000
0.000000	42648.000000
0.000000	42648.000000
0.000000	42648.000000
0.000000	42648.000000
0.000000	42648.000000
0.000000	42648.000000
0.000000	42648.000000
0.000000	42648.000000
0.000000	42648.000000
0.000000	42648.000000
0.000000	42648.000000
0.000000	42648.000000
0.000000	42648.000000
0.000000	42648.000000
0.000000	42648.000000
0.000000	42648.000000
0.000000	42649.000000
0.000000	42649.000000
0.000000	42649.000000
0.000000	42649.000000
0.000000	42649.000000
0.000000	42649.000000
0.000000	42649.000000
0.000000	42649.000000
0.000000	42649.000000
0.000000	42649.000000
0.000000	42649.000000
0.000000	42649.000000
0.000000	42649.000000
0.000000	42649.000000
0.000000	42649.000000
0.000000	42649.000000
0.000000	42649.000000
0.000000	42650.000000
0.000000	42650.000000
0.000000	42650.000000
0.000000	42650.000000
0.000000	42650.000000
0.000000	42650.000000
0.000000	42650.000000
0.000000	42650.000000
0.000000	42650.000000
0.000000	42650.000000
0.000000	42650.000000
0.000000	42650.000000
0.000000	42650.000000
0.000000	42651.000000
0.000000	42651.000000
0.000000	42651.000000
0.000000	42651.000000
0.000000	42651.000000
0.000000	42651.000000
0.000000	42651.000000
0.000000	42651.000000
0.000000	42651.000000
0.000000	42651.000000
0.000000	42651.000000
0.000000	42651.000000
0.000000	42651.000000
0.000000	42651.000000
0.000000	42651.000000
0.000000	42651.000000
0.000000	42651.000000
0.000000	42651.000000
0.000000	42651.000000
0.000000	42651.000000
0.000000	42651.000000
0.000000	42652.000000
0.000000	42652.000000
0.000000	42652.000000
0.000000	42652.000000
0.000000	42652.000000
0.000000	42652.000000
0.000000	42652.000000
0.000000	42652.000000
0.000000	42652.000000
0.000000	42652.000000
0.000000	42652.000000
0.000000	42652.000000
0.000000	42652.000000
0.000000	42652.000000
0.000000	42652.000000
0.000000	42652.000000
0.000000	42652.000000
0.000000	42653.000000
0.000000	42653.000000
0.000000	42653.000000
0.000000	42653.000000
0.000000	42653.000000
0.000000	42653.000000
0.000000	42653.000000
0.000000	42653.000000
0.000000	42653.000000
0.000000	42653.000000
0.000000	42653.000000
0.000000	42653.000000
0.000000	42653.000000
0.000000	42653.000000
0.000000	42653.000000
0.000000	42653.000000
0.000000	42653.000000
0.000000	42654.000000
0.000000	42654.000000
0.000000	42654.000000
0.000000	42654.000000
0.000000	42654.000000
0.000000	42654.000000
0.000000	42654.000000
0.000000	42654.000000
0.000000	42654.000000
0.000000	42654.000000
0.000000	42654.000000
0.000000	42654.000000
0.000000	42654.000000
0.000000	42654.000000
0.000000	42654.000000
0.000000	42654.000000
0.000000	42654.000000
0.000000	42655.000000
0.000000	42655.000000
0.000000	42655.000000
0.000000	42655.000000
0.000000	42655.000000
0.000000	42655.000000
0.000000	42655.000000
0.000000	42655.000000
0.000000	42655.000000
0.000000	42655.000000
0.000000	42655.000000
0.000000	42655.000000
0.000000	42655.000000
0.000000	42655.000000
0.000000	42655.000000
0.000000	42655.000000
0.000000	42655.000000
0.000000	42656.000000
0.000000	42656.000000
0.000000	42656.000000
0.000000	42656.000000
0.000000	42656.000000
0.000000	42656.000000
0.000000	42656.000000
0.000000	42656.000000
0.000000	42656.000000
0.000000	42656.000000
0.000000	42656.000000
0.000000	42656.000000
0.000000	42656.000000
0.000000	42656.000000
0.000000	42656.000000
0.000000	42656.000000
0.000000	42656.000000
0.000000	42656.000000
0.000000	42657.000000
0.000000	42657.000000
0.000000	42657.000000
0.000000	42657.000000
0.000000	42657.000000
0.000000	42657.000000
0.000000	42657.000000
0.000000	42657.000000
0.000000	42657.000000
0.000000	42657.000000
0.000000	42657.000000
0.000000	42657.000000
0.000000	42658.000000
0.000000	42658.000000
0.000000	42658.000000
0.000000	42658.000000
0.000000	42658.000000
0.000000	42658.000000
0.000000	42658.000000
0.000000	42658.000000
0.000000	42658.000000
0.000000	42658.000000
0.000000	42658.000000
0.000000	42658.000000
0.000000	42658.000000
0.000000	42658.000000
0.000000	42658.000000
0.000000	42658.000000
0.000000	42658.000000
0.000000	42658.000000
0.000000	42658.000000
0.000000	42658.000000
0.000000	42658.000000
0.000000	42658.000000
0.000000	42659.000000
0.000000	42659.000000
0.000000	42659.000000
0.000000	42659.000000
0.000000	42659.000000
0.000000	42659.000000
0.000000	42659.000000
0.000000	42659.000000
0.000000	42659.000000
0.000000	42659.000000
0.000000	42659.000000
0.000000	42659.000000
0.000000	42659.000000
0.000000	42659.000000
0.000000	42659.000000
0.000000	42659.000000
0.000000	42659.000000
0.000000	42700.000000
0.000000	42700.000000
0.000000	42700.000000
0.000000	42700.000000
0.000000	42700.000000
0.000000	42700.000000
0.000000	42700.000000
0.000000	42700.000000
0.000000	42700.000000
0.000000	42700.000000
0.000000	42700.000000
0.000000	42700.000000
0.000000	42700.000000
0.000000	42700.000000
0.000000	42700.000000
0.000000	42700.000000
0.000000	42700.000000
0.000000	42701.000000
0.000000	42701.000000
0.000000	42701.000000
0.000000	42701.000000
0.000000	42701.000000
0.000000	42701.000000
0.000000	42701.000000
0.000000	42701.000000
0.000000	42701.000000
0.000000	42701.000000
0.000000	42701.000000
0.000000	42701.000000
0.000000	42701.000000
0.000000	42701.000000
0.000000	42701.000000
0.000000	42701.000000
0.000000	42701.000000
0.000000	42702.000000
0.000000	42702.000000
0.000000	42702.000000
0.000000	42702.000000
0.000000	42702.000000
0.000000	42702.000000
0.000000	42702.000000
0.000000	42702.000000
0.000000	42702.000000
0.000000	42702.000000
0.000000	42702.000000
0.000000	42702.000000
0.000000	42702.000000
0.000000	42702.000000
0.000000	42702.000000
0.000000	42702.000000
0.000000	42702.000000
0.000000	42703.000000
0.000000	42703.000000
0.000000	42703.000000
0.000000	42703.000000
0.000000	42703.000000
0.000000	42703.000000
0.000000	42703.000000
0.000000	42703.000000
0.000000	42703.000000
0.000000	42703.000000
0.000000	42703.000000
0.000000	42703.000000
0.000000	42703.000000
0.000000	42703.000000
0.000000	42703.000000
0.000000	42703.000000
0.000000	42703.000000
0.000000	42704.000000
0.000000	42704.000000
0.000000	42704.000000
0.000000	42704.000000
0.000000	42704.000000
0.000000	42704.000000
0.000000	42704.000000
0.000000	42704.000000
0.000000	42704.000000
0.000000	42704.000000
0.000000	42704.000000
0.000000	42704.000000
0.000000	42704.000000
0.000000	42704.000000
0.000000	42704.000000
0.000000	42704.000000
0.000000	42704.000000
0.000000	42705.000000
0.000000	42705.000000
0.000000	42705.000000
0.000000	42705.000000
0.000000	42705.000000
0.000000	42705.000000
0.000000	42705.000000
0.000000	42705.000000
0.000000	42705.000000
0.000000	42705.000000
0.000000	42705.000000
0.000000	42705.000000
0.000000	42705.000000
0.000000	42705.000000
0.000000	42705.000000
0.000000	42705.000000
0.000000	42705.000000
0.000000	42706.000000
0.000000	42706.000000
0.000000	42706.000000
0.000000	42706.000000
0.000000	42706.000000
0.000000	42706.000000
0.000000	42706.000000
0.000000	42706.000000
0.000000	42706.000000
0.000000	42706.000000
0.000000	42706.000000
0.000000	42706.000000
0.000000	42706.000000
0.000000	42706.000000
0.000000	42706.000000
0.000000	42706.000000
0.000000	42706.000000
0.000000	42707.000000
0.000000	42707.000000
0.000000	42707.000000
0.000000	42707.000000
0.000000	42707.000000
0.000000	42707.000000
0.000000	42707.000000
0.000000	42707.000000
0.000000	42707.000000
0.000000	42707.000000
0.000000	42707.000000
0.000000	42707.000000
0.000000	42707.000000
0.000000	42707.000000
0.000000	42707.000000
0.000000	42707.000000
0.000000	42707.000000
0.000000	42708.000000
0.000000	42708.000000
0.000000	42708.000000
0.000000	42708.000000
0.000000	42708.000000
0.000000	42708.000000
0.000000	42708.000000
0.000000	42708.000000
0.000000	42708.000000
0.000000	42708.000000
0.000000	42708.000000
0.000000	42708.000000
0.000000	42708.000000
0.000000	42708.000000
0.000000	42708.000000
0.000000	42708.000000
0.000000	42708.000000
0.000000	42709.000000
0.000000	42709.000000
0.000000	42709.000000
0.000000	42709.000000
0.000000	42709.000000
0.000000	42709.000000
0.000000	42709.000000
0.000000	42709.000000
0.000000	42709.000000
0.000000	42709.000000
0.000000	42710.000000
0.000000	42710.000000
0.000000	42710.000000
0.000000	42710.000000
0.000000	42710.000000
0.000000	42710.000000
0.000000	42710.000000
0.000000	42710.000000
0.000000	42710.000000
0.000000	42710.000000
0.000000	42710.000000
0.000000	42710.000000
0.000000	42710.000000
0.000000	42710.000000
0.000000	42710.000000
0.000000	42710.000000
0.000000	42710.000000
0.000000	42710.000000
0.000000	42710.000000
0.000000	42710.000000
0.000000	42710.000000
0.000000	42710.000000
0.000000	42710.000000
0.000000	42710.000000
0.000000	42711.000000
0.000000	42711.000000
0.000000	42711.000000
0.000000	42711.000000
0.000000	42711.000000
0.000000	42711.000000
0.000000	42711.000000
0.000000	42711.000000
0.000000	42711.000000
0.000000	42711.000000
0.000000	42711.000000
0.000000	42711.000000
0.000000	42711.000000
0.000000	42711.000000
0.000000	42711.000000
0.000000	42711.000000
0.000000	42711.000000
0.000000	42711.000000
0.000000	42712.000000
0.000000	42712.000000
0.000000	42712.000000
0.000000	42712.000000
0.000000	42712.000000
0.000000	42712.000000
0.000000	42712.000000
0.000000	42712.000000
0.000000	42712.000000
0.000000	42712.000000
0.000000	42712.000000
0.000000	42712.000000
0.000000	42712.000000
0.000000	42712.000000
0.000000	42712.000000
0.000000	42712.000000
0.000000	42712.000000
0.000000	42713.000000
0.000000	42713.000000
0.000000	42713.000000
0.000000	42713.000000
0.000000	42713.000000
0.000000	42713.000000
0.000000	42713.000000
0.000000	42713.000000
0.000000	42713.000000
0.000000	42713.000000
0.000000	42713.000000
0.000000	42713.000000
0.000000	42713.000000
0.000000	42713.000000
0.000000	42713.000000
0.000000	42713.000000
0.000000	42713.000000
0.000000	42714.000000
0.000000	42714.000000
0.000000	42714.000000
0.000000	42714.000000
0.000000	42714.000000
0.000000	42714.000000
0.000000	42714.000000
0.000000	42714.000000
0.000000	42714.000000
0.000000	42714.000000
0.000000	42714.000000
0.000000	42714.000000
0.000000	42714.000000
0.000000	42714.000000
0.000000	42714.000000
0.000000	42714.000000
0.000000	42714.000000
0.000000	42715.000000
0.000000	42715.000000
0.000000	42715.000000
0.000000	42715.000000
0.000000	42715.000000
0.000000	42715.000000
0.000000	42715.000000
0.000000	42715.000000
0.000000	42715.000000
0.000000	42715.000000
0.000000	42715.000000
0.000000	42715.000000
0.000000	42715.000000
0.000000	42715.000000
0.000000	42715.000000
0.000000	42715.000000
0.000000	42715.000000
0.000000	42716.000000
0.000000	42716.000000
0.000000	42716.000000
0.000000	42716.000000
0.000000	42716.000000
0.000000	42716.000000
0.000000	42716.000000
0.000000	42716.000000
0.000000	42716.000000
0.000000	42716.000000
0.000000	42716.000000
0.000000	42716.000000
0.000000	42716.000000
0.000000	42716.000000
0.000000	42716.000000
0.000000	42716.000000
0.000000	42716.000000
0.000000	42717.000000
0.000000	42717.000000
0.000000	42717.000000
0.000000	42717.000000
0.000000	42717.000000
0.000000	42717.000000
0.000000	42717.000000
0.000000	42717.000000
0.000000	42717.000000
0.000000	42717.000000
0.000000	42717.000000
0.000000	42717.000000
0.000000	42717.000000
0.000000	42717.000000
0.000000	42717.000000
0.000000	42717.000000
0.000000	42717.000000
0.000000	42718.000000
0.000000	42718.000000
0.000000	42718.000000
0.000000	42718.000000
0.000000	42718.000000
0.000000	42718.000000
0.000000	42718.000000
0.000000	42718.000000
0.000000	42718.000000
0.000000	42718.000000
0.000000	42718.000000
0.000000	42718.000000
0.000000	42718.000000
0.000000	42718.000000
0.000000	42718.000000
0.000000	42718.000000
0.000000	42718.000000
0.000000	42719.000000
0.000000	42719.000000
0.000000	42719.000000
0.000000	42719.000000
0.000000	42719.000000
0.000000	42719.000000
0.000000	42719.000000
0.000000	42719.000000
0.000000	42719.000000
0.000000	42719.000000
0.000000	42719.000000
0.000000	42719.000000
0.000000	42719.000000
0.000000	42719.000000
0.000000	42719.000000
0.000000	42719.000000
0.000000	42720.000000
0.000000	42720.000000
0.000000	42720.000000
0.000000	42720.000000
0.000000	42720.000000
0.000000	42720.000000
0.000000	42720.000000
0.000000	42720.000000
0.000000	42720.000000
0.000000	42720.000000
0.000000	42720.000000
0.000000	42720.000000
0.000000	42720.000000
0.000000	42720.000000
0.000000	42720.000000
0.000000	42720.000000
0.000000	42720.000000
0.000000	42720.000000
0.000000	42721.000000
0.000000	42721.000000
0.000000	42721.000000
0.000000	42721.000000
0.000000	42721.000000
0.000000	42721.000000
0.000000	42721.000000
0.000000	42721.000000
0.000000	42721.000000
0.000000	42721.000000
0.000000	42721.000000
0.000000	42721.000000
0.000000	42721.000000
0.000000	42721.000000
0.000000	42721.000000
0.000000	42721.000000
0.000000	42721.000000
0.000000	42722.000000
0.000000	42722.000000
0.000000	42722.000000
0.000000	42722.000000
0.000000	42722.000000
0.000000	42722.000000
0.000000	42722.000000
0.000000	42722.000000
0.000000	42722.000000
0.000000	42722.000000
0.000000	42722.000000
0.000000	42722.000000
0.000000	42722.000000
0.000000	42722.000000
0.000000	42722.000000
0.000000	42723.000000
0.000000	42723.000000
0.000000	42723.000000
0.000000	42723.000000
0.000000	42723.000000
0.000000	42723.000000
0.000000	42723.000000
0.000000	42723.000000
0.000000	42723.000000
0.000000	42723.000000
0.000000	42723.000000
0.000000	42723.000000
0.000000	42723.000000
0.000000	42723.000000
0.000000	42723.000000
0.000000	42723.000000
0.000000	42723.000000
0.000000	42723.000000
0.000000	42723.000000
0.000000	42724.000000
0.000000	42724.000000
0.000000	42724.000000
0.000000	42724.000000
0.000000	42724.000000
0.000000	42724.000000
0.000000	42724.000000
0.000000	42724.000000
0.000000	42724.000000
0.000000	42724.000000
0.000000	42724.000000
0.000000	42724.000000
0.000000	42724.000000
0.000000	42724.000000
0.000000	42724.000000
0.000000	42724.000000
0.000000	42724.000000
0.000000	42725.000000
0.000000	42725.000000
0.000000	42725.000000
0.000000	42725.000000
0.000000	42725.000000
0.000000	42725.000000
0.000000	42725.000000
0.000000	42725.000000
0.000000	42725.000000
0.000000	42725.000000
0.000000	42725.000000
0.000000	42725.000000
0.000000	42725.000000
0.000000	42725.000000
0.000000	42725.000000
0.000000	42725.000000
0.000000	42725.000000
0.000000	42726.000000
0.000000	42726.000000
0.000000	42726.000000
0.000000	42726.000000
0.000000	42726.000000
0.000000	42726.000000
0.000000	42726.000000
0.000000	42726.000000
0.000000	42726.000000
0.000000	42726.000000
0.000000	42726.000000
0.000000	42726.000000
0.000000	42726.000000
0.000000	42726.000000
0.000000	42726.000000
0.000000	42726.000000
0.000000	42726.000000
0.000000	42726.000000
0.000000	42727.000000
0.000000	42727.000000
0.000000	42727.000000
0.000000	42727.000000
0.000000	42727.000000
0.000000	42727.000000
0.000000	42727.000000
0.000000	42727.000000
0.000000	42727.000000
0.000000	42727.000000
0.000000	42727.000000
0.000000	42727.000000
0.000000	42727.000000
0.000000	42727.000000
0.000000	42727.000000
0.000000	42727.000000
0.000000	42727.000000
0.000000	42728.000000
0.000000	42728.000000
0.000000	42728.000000
0.000000	42728.000000
0.000000	42728.000000
0.000000	42728.000000
0.000000	42728.000000
0.000000	42728.000000
0.000000	42728.000000
0.000000	42728.000000
0.000000	42728.000000
0.000000	42728.000000
0.000000	42728.000000
0.000000	42728.000000
0.000000	42728.000000
0.000000	42728.000000
0.000000	42728.000000
0.000000	42729.000000
0.000000	42729.000000
0.000000	42729.000000
0.000000	42729.000000
0.000000	42729.000000
0.000000	42729.000000
0.000000	42729.000000
0.000000	42729.000000
0.000000	42729.000000
0.000000	42729.000000
0.000000	42729.000000
0.000000	42729.000000
0.000000	42729.000000
0.000000	42729.000000
0.000000	42729.000000
0.000000	42729.000000
0.000000	42729.000000
0.000000	42730.000000
0.000000	42730.000000
0.000000	42730.000000
0.000000	42730.000000
0.000000	42730.000000
0.000000	42730.000000
0.000000	42730.000000
0.000000	42730.000000
0.000000	42730.000000
0.000000	42730.000000
0.000000	42730.000000
0.000000	42730.000000
0.000000	42730.000000
0.000000	42730.000000
0.000000	42730.000000
0.000000	42730.000000
0.000000	42730.000000
0.000000	42731.000000
0.000000	42731.000000
0.000000	42731.000000
0.000000	42731.000000
0.000000	42731.000000
0.000000	42731.000000
0.000000	42731.000000
0.000000	42731.000000
0.000000	42731.000000
0.000000	42731.000000
0.000000	42731.000000
0.000000	42731.000000
0.000000	42731.000000
0.000000	42731.000000
0.000000	42731.000000
0.000000	42731.000000
0.000000	42731.000000
0.000000	42732.000000
0.000000	42732.000000
0.000000	42732.000000
0.000000	42732.000000
0.000000	42732.000000
0.000000	42732.000000
0.000000	42732.000000
0.000000	42732.000000
0.000000	42732.000000
0.000000	42732.000000
0.000000	42732.000000
0.000000	42732.000000
0.000000	42732.000000
0.000000	42732.000000
0.000000	42732.000000
0.000000	42732.000000
0.000000	42732.000000
0.000000	42733.000000
0.000000	42733.000000
0.000000	42733.000000
0.000000	42733.000000
0.000000	42733.000000
0.000000	42733.000000
0.000000	42733.000000
0.000000	42733.000000
0.000000	42733.000000
0.000000	42733.000000
0.000000	42733.000000
0.000000	42733.000000
0.000000	42733.000000
0.000000	42733.000000
0.000000	42733.000000
0.000000	42733.000000
0.000000	42733.000000
0.000000	42734.000000
0.000000	42734.000000
0.000000	42734.000000
0.000000	42734.000000
0.000000	42734.000000
0.000000	42734.000000
0.000000	42734.000000
0.000000	42734.000000
0.000000	42734.000000
0.000000	42734.000000
0.000000	42734.000000
0.000000	42734.000000
0.000000	42734.000000
0.000000	42734.000000
0.000000	42734.000000
0.000000	42734.000000
0.000000	42734.000000
0.000000	42735.000000
0.000000	42735.000000
0.000000	42735.000000
0.000000	42735.000000
0.000000	42735.000000
0.000000	42735.000000
0.000000	42735.000000
0.000000	42735.000000
0.000000	42735.000000
0.000000	42735.000000
0.000000	42735.000000
0.000000	42735.000000
0.000000	42735.000000
0.000000	42735.000000
0.000000	42735.000000
0.000000	42735.000000
0.000000	42735.000000
0.000000	42736.000000
0.000000	42736.000000
0.000000	42736.000000
0.000000	42736.000000
0.000000	42736.000000
0.000000	42736.000000
0.000000	42736.000000
0.000000	42736.000000
0.000000	42736.000000
0.000000	42736.000000
0.000000	42736.000000
0.000000	42736.000000
0.000000	42736.000000
0.000000	42736.000000
0.000000	42736.000000
0.000000	42736.000000
0.000000	42736.000000
0.000000	42737.000000
0.000000	42737.000000
0.000000	42737.000000
0.000000	42737.000000
0.000000	42737.000000
0.000000	42737.000000
0.000000	42737.000000
0.000000	42737.000000
0.000000	42737.000000
0.000000	42737.000000
0.000000	42737.000000
0.000000	42737.000000
0.000000	42737.000000
0.000000	42737.000000
0.000000	42737.000000
0.000000	42737.000000
0.000000	42737.000000
0.000000	42738.000000
0.000000	42738.000000
0.000000	42738.000000
0.000000	42738.000000
0.000000	42738.000000
0.000000	42738.000000
0.000000	42738.000000
0.000000	42738.000000
0.000000	42738.000000
0.000000	42738.000000
0.000000	42738.000000
0.000000	42738.000000
0.000000	42738.000000
0.000000	42738.000000
0.000000	42738.000000
0.000000	42738.000000
0.000000	42738.000000
0.000000	42739.000000
0.000000	42739.000000
0.000000	42739.000000
0.000000	42739.000000
0.000000	42739.000000
0.000000	42739.000000
0.000000	42739.000000
0.000000	42739.000000
0.000000	42739.000000
0.000000	42739.000000
0.000000	42739.000000
0.000000	42739.000000
0.000000	42739.000000
0.000000	42739.000000
0.000000	42739.000000
0.000000	42739.000000
0.000000	42739.000000
0.000000	42740.000000
0.000000	42740.000000
0.000000	42740.000000
0.000000	42740.000000
0.000000	42740.000000
0.000000	42740.000000
0.000000	42740.000000
0.000000	42740.000000
0.000000	42740.000000
0.000000	42740.000000
0.000000	42740.000000
0.000000	42740.000000
0.000000	42740.000000
0.000000	42740.000000
0.000000	42740.000000
0.000000	42740.000000
0.000000	42740.000000
0.000000	42741.000000
0.000000	42741.000000
0.000000	42741.000000
0.000000	42741.000000
0.000000	42741.000000
0.000000	42741.000000
0.000000	42741.000000
0.000000	42741.000000
0.000000	42741.000000
0.000000	42741.000000
0.000000	42741.000000
0.000000	42741.000000
0.000000	42741.000000
0.000000	42741.000000
0.000000	42741.000000
0.000000	42741.000000
0.000000	42741.000000
0.000000	42741.000000
0.000000	42742.000000
0.000000	42742.000000
0.000000	42742.000000
0.000000	42742.000000
0.000000	42742.000000
0.000000	42742.000000
0.000000	42742.000000
0.000000	42742.000000
0.000000	42742.000000
0.000000	42742.000000
0.000000	42742.000000
0.000000	42742.000000
0.000000	42742.000000
0.000000	42742.000000
0.000000	42742.000000
0.000000	42742.000000
0.000000	42742.000000
0.000000	42743.000000
0.000000	42743.000000
0.000000	42743.000000
0.000000	42743.000000
0.000000	42743.000000
0.000000	42743.000000
0.000000	42743.000000
0.000000	42743.000000
0.000000	42743.000000
0.000000	42743.000000
0.000000	42743.000000
0.000000	42743.000000
0.000000	42743.000000
0.000000	42743.000000
0.000000	42743.000000
0.000000	42743.000000
0.000000	42743.000000
0.000000	42744.000000
0.000000	42744.000000
0.000000	42744.000000
0.000000	42744.000000
0.000000	42744.000000
0.000000	42744.000000
0.000000	42744.000000
0.000000	42744.000000
0.000000	42744.000000
0.000000	42744.000000
0.000000	42744.000000
0.000000	42744.000000
0.000000	42744.000000
0.000000	42744.000000
0.000000	42744.000000
0.000000	42744.000000
0.000000	42744.000000
0.000000	42745.000000
0.000000	42745.000000
0.000000	42745.000000
0.000000	42745.000000
0.000000	42745.000000
0.000000	42745.000000
0.000000	42745.000000
0.000000	42745.000000
0.000000	42745.000000
0.000000	42745.000000
0.000000	42745.000000
0.000000	42745.000000
0.000000	42745.000000
0.000000	42745.000000
0.000000	42745.000000
0.000000	42745.000000
0.000000	42745.000000
0.000000	42746.000000
0.000000	42746.000000
0.000000	42746.000000
0.000000	42746.000000
0.000000	42746.000000
0.000000	42746.000000
0.000000	42746.000000
0.000000	42746.000000
0.000000	42746.000000
0.000000	42746.000000
0.000000	42746.000000
0.000000	42746.000000
0.000000	42746.000000
0.000000	42746.000000
0.000000	42746.000000
0.000000	42746.000000
0.000000	42746.000000
0.000000	42747.000000
0.000000	42747.000000
0.000000	42747.000000
0.000000	42747.000000
0.000000	42747.000000
0.000000	42747.000000
0.000000	42747.000000
0.000000	42747.000000
0.000000	42747.000000
0.000000	42747.000000
0.000000	42747.000000
0.000000	42747.000000
0.000000	42747.000000
0.000000	42747.000000
0.000000	42747.000000
0.000000	42747.000000
0.000000	42747.000000
0.000000	42748.000000
0.000000	42748.000000
0.000000	42748.000000
0.000000	42748.000000
0.000000	42748.000000
0.000000	42748.000000
0.000000	42748.000000
0.000000	42748.000000
0.000000	42748.000000
0.000000	42748.000000
0.000000	42748.000000
0.000000	42748.000000
0.000000	42748.000000
0.000000	42748.000000
0.000000	42748.000000
0.000000	42748.000000
0.000000	42748.000000
0.000000	42749.000000
0.000000	42749.000000
0.000000	42749.000000
0.000000	42749.000000
0.000000	42749.000000
0.000000	42749.000000
0.000000	42749.000000
0.000000	42749.000000
0.000000	42749.000000
0.000000	42750.000000
0.000000	42750.000000
0.000000	42750.000000
0.000000	42750.000000
0.000000	42750.000000
0.000000	42750.000000
0.000000	42750.000000
0.000000	42750.000000
0.000000	42750.000000
0.000000	42750.000000
0.000000	42750.000000
0.000000	42750.000000
0.000000	42750.000000
0.000000	42750.000000
0.000000	42750.000000
0.000000	42750.000000
0.000000	42750.000000
0.000000	42750.000000
0.000000	42750.000000
0.000000	42750.000000
0.000000	42750.000000
0.000000	42750.000000
0.000000	42750.000000
0.000000	42750.000000
0.000000	42750.000000
0.000000	42751.000000
0.000000	42751.000000
0.000000	42751.000000
0.000000	42751.000000
0.000000	42751.000000
0.000000	42751.000000
0.000000	42751.000000
0.000000	42751.000000
0.000000	42751.000000
0.000000	42751.000000
0.000000	42751.000000
0.000000	42751.000000
0.000000	42751.000000
0.000000	42751.000000
0.000000	42751.000000
0.000000	42751.000000
0.000000	42751.000000
0.000000	42752.000000
0.000000	42752.000000
0.000000	42752.000000
0.000000	42752.000000
0.000000	42752.000000
0.000000	42752.000000
0.000000	42752.000000
0.000000	42752.000000
0.000000	42752.000000
0.000000	42752.000000
0.000000	42752.000000
0.000000	42752.000000
0.000000	42752.000000
0.000000	42752.000000
0.000000	42752.000000
0.000000	42752.000000
0.000000	42752.000000
0.000000	42753.000000
0.000000	42753.000000
0.000000	42753.000000
0.000000	42753.000000
0.000000	42753.000000
0.000000	42753.000000
0.000000	42753.000000
0.000000	42753.000000
