0.000000	104420.000000
0.000000	104420.000000
0.000000	104420.000000
0.000000	104420.000000
0.000000	104420.000000
0.000000	104420.000000
0.000000	104420.000000
0.000000	104420.000000
0.000000	104420.000000
0.000000	104421.000000
0.000000	104421.000000
0.000000	104421.000000
0.000000	104421.000000
0.000000	104421.000000
0.000000	104421.000000
0.000000	104421.000000
0.000000	104421.000000
0.000000	104421.000000
0.000000	104421.000000
0.000000	104421.000000
0.000000	104421.000000
0.000000	104421.000000
0.000000	104421.000000
0.000000	104421.000000
0.000000	104421.000000
0.000000	104421.000000
0.000000	104422.000000
0.000000	104422.000000
0.000000	104422.000000
0.000000	104422.000000
0.000000	104422.000000
0.000000	104422.000000
0.000000	104422.000000
0.000000	104422.000000
0.000000	104422.000000
0.000000	104422.000000
0.000000	104422.000000
0.000000	104422.000000
0.000000	104422.000000
0.000000	104422.000000
0.000000	104422.000000
0.000000	104422.000000
0.000000	104422.000000
0.000000	104423.000000
0.000000	104423.000000
0.000000	104423.000000
0.000000	104423.000000
0.000000	104423.000000
0.000000	104423.000000
0.000000	104423.000000
0.000000	104423.000000
0.000000	104423.000000
0.000000	104423.000000
0.000000	104423.000000
0.000000	104423.000000
0.000000	104423.000000
0.000000	104423.000000
0.000000	104423.000000
0.000000	104423.000000
0.000000	104423.000000
0.000000	104424.000000
0.000000	104424.000000
0.000000	104424.000000
0.000000	104424.000000
0.000000	104424.000000
0.000000	104424.000000
0.000000	104424.000000
0.000000	104424.000000
0.000000	104424.000000
0.000000	104424.000000
0.000000	104424.000000
0.000000	104424.000000
0.000000	104424.000000
0.000000	104424.000000
0.000000	104424.000000
0.000000	104424.000000
0.000000	104424.000000
0.000000	104425.000000
0.000000	104425.000000
0.000000	104425.000000
0.000000	104425.000000
0.000000	104425.000000
0.000000	104425.000000
0.000000	104425.000000
0.000000	104425.000000
0.000000	104425.000000
0.000000	104425.000000
0.000000	104425.000000
0.000000	104425.000000
0.000000	104425.000000
0.000000	104425.000000
0.000000	104425.000000
0.000000	104425.000000
0.000000	104425.000000
0.000000	104426.000000
0.000000	104426.000000
0.000000	104426.000000
0.000000	104426.000000
0.000000	104426.000000
0.000000	104426.000000
0.000000	104426.000000
0.000000	104426.000000
0.000000	104426.000000
0.000000	104426.000000
0.000000	104426.000000
0.000000	104426.000000
0.000000	104426.000000
0.000000	104426.000000
0.000000	104426.000000
0.000000	104426.000000
0.000000	104426.000000
0.000000	104426.000000
0.000000	104427.000000
0.000000	104427.000000
0.000000	104427.000000
0.000000	104427.000000
0.000000	104427.000000
0.000000	104427.000000
0.000000	104427.000000
0.000000	104427.000000
0.000000	104427.000000
0.000000	104427.000000
0.000000	104427.000000
0.000000	104427.000000
0.000000	104427.000000
0.000000	104427.000000
0.000000	104427.000000
0.000000	104427.000000
0.000000	104428.000000
0.000000	104428.000000
0.000000	104428.000000
0.000000	104428.000000
0.000000	104428.000000
0.000000	104428.000000
0.000000	104428.000000
0.000000	104428.000000
0.000000	104428.000000
0.000000	104428.000000
0.000000	104428.000000
0.000000	104428.000000
0.000000	104428.000000
0.000000	104428.000000
0.000000	104428.000000
0.000000	104428.000000
0.000000	104428.000000
0.000000	104428.000000
0.000000	104429.000000
0.000000	104429.000000
0.000000	104429.000000
0.000000	104429.000000
0.000000	104429.000000
0.000000	104429.000000
0.000000	104429.000000
0.000000	104429.000000
0.000000	104429.000000
0.000000	104429.000000
0.000000	104429.000000
0.000000	104429.000000
0.000000	104429.000000
0.000000	104429.000000
0.000000	104429.000000
0.000000	104429.000000
0.000000	104429.000000
0.000000	104430.000000
0.000000	104430.000000
0.000000	104430.000000
0.000000	104430.000000
0.000000	104430.000000
0.000000	104430.000000
0.000000	104430.000000
0.000000	104430.000000
0.000000	104430.000000
0.000000	104430.000000
0.000000	104430.000000
0.000000	104430.000000
0.000000	104430.000000
0.000000	104430.000000
0.000000	104430.000000
0.000000	104430.000000
0.000000	104430.000000
0.000000	104431.000000
0.000000	104431.000000
0.000000	104431.000000
0.000000	104431.000000
0.000000	104431.000000
0.000000	104431.000000
0.000000	104431.000000
0.000000	104431.000000
0.000000	104431.000000
0.000000	104431.000000
0.000000	104431.000000
0.000000	104431.000000
0.000000	104431.000000
0.000000	104431.000000
0.000000	104431.000000
0.000000	104431.000000
0.000000	104431.000000
0.000000	104432.000000
0.000000	104432.000000
0.000000	104432.000000
0.000000	104432.000000
0.000000	104432.000000
0.000000	104432.000000
0.000000	104432.000000
0.000000	104432.000000
0.000000	104432.000000
0.000000	104432.000000
0.000000	104432.000000
0.000000	104432.000000
0.000000	104432.000000
0.000000	104432.000000
0.000000	104432.000000
0.000000	104432.000000
0.000000	104432.000000
0.000000	104433.000000
0.000000	104433.000000
0.000000	104433.000000
0.000000	104433.000000
0.000000	104433.000000
0.000000	104433.000000
0.000000	104433.000000
0.000000	104433.000000
0.000000	104433.000000
0.000000	104433.000000
0.000000	104433.000000
0.000000	104433.000000
0.000000	104433.000000
0.000000	104433.000000
0.000000	104433.000000
0.000000	104433.000000
0.000000	104433.000000
0.000000	104434.000000
0.000000	104434.000000
0.000000	104434.000000
0.000000	104434.000000
0.000000	104434.000000
0.000000	104434.000000
0.000000	104434.000000
0.000000	104434.000000
0.000000	104434.000000
0.000000	104434.000000
0.000000	104434.000000
0.000000	104434.000000
0.000000	104434.000000
0.000000	104434.000000
0.000000	104434.000000
0.000000	104434.000000
0.000000	104434.000000
0.000000	104435.000000
0.000000	104435.000000
0.000000	104435.000000
0.000000	104435.000000
0.000000	104435.000000
0.000000	104435.000000
0.000000	104435.000000
0.000000	104435.000000
0.000000	104435.000000
0.000000	104435.000000
0.000000	104435.000000
0.000000	104435.000000
0.000000	104435.000000
0.000000	104435.000000
0.000000	104435.000000
0.000000	104435.000000
0.000000	104435.000000
0.000000	104436.000000
0.000000	104436.000000
0.000000	104436.000000
0.000000	104436.000000
0.000000	104436.000000
0.000000	104436.000000
0.000000	104436.000000
0.000000	104436.000000
0.000000	104436.000000
0.000000	104436.000000
0.000000	104436.000000
0.000000	104436.000000
0.000000	104436.000000
0.000000	104436.000000
0.000000	104436.000000
0.000000	104436.000000
0.000000	104436.000000
0.000000	104437.000000
0.000000	104437.000000
0.000000	104437.000000
0.000000	104437.000000
0.000000	104437.000000
0.000000	104437.000000
0.000000	104437.000000
0.000000	104437.000000
0.000000	104437.000000
0.000000	104437.000000
0.000000	104437.000000
0.000000	104437.000000
0.000000	104437.000000
0.000000	104437.000000
0.000000	104437.000000
0.000000	104437.000000
0.000000	104437.000000
0.000000	104438.000000
0.000000	104438.000000
0.000000	104438.000000
0.000000	104438.000000
0.000000	104438.000000
0.000000	104438.000000
0.000000	104438.000000
0.000000	104438.000000
0.000000	104438.000000
0.000000	104438.000000
0.000000	104438.000000
0.000000	104438.000000
0.000000	104438.000000
0.000000	104438.000000
0.000000	104438.000000
0.000000	104438.000000
0.000000	104438.000000
0.000000	104439.000000
0.000000	104439.000000
0.000000	104439.000000
0.000000	104439.000000
0.000000	104439.000000
0.000000	104439.000000
0.000000	104439.000000
0.000000	104439.000000
0.000000	104439.000000
0.000000	104439.000000
0.000000	104439.000000
0.000000	104439.000000
0.000000	104439.000000
0.000000	104439.000000
0.000000	104439.000000
0.000000	104439.000000
0.000000	104439.000000
0.000000	104440.000000
0.000000	104440.000000
0.000000	104440.000000
0.000000	104440.000000
0.000000	104440.000000
0.000000	104440.000000
0.000000	104440.000000
0.000000	104440.000000
0.000000	104440.000000
0.000000	104440.000000
0.000000	104440.000000
0.000000	104440.000000
0.000000	104440.000000
0.000000	104440.000000
0.000000	104440.000000
0.000000	104440.000000
0.000000	104440.000000
0.000000	104441.000000
0.000000	104441.000000
0.000000	104441.000000
0.000000	104441.000000
0.000000	104441.000000
0.000000	104441.000000
0.000000	104441.000000
0.000000	104441.000000
0.000000	104441.000000
0.000000	104441.000000
0.000000	104441.000000
0.000000	104441.000000
0.000000	104441.000000
0.000000	104441.000000
0.000000	104441.000000
0.000000	104441.000000
0.000000	104441.000000
0.000000	104442.000000
0.000000	104442.000000
0.000000	104442.000000
0.000000	104442.000000
0.000000	104442.000000
0.000000	104442.000000
0.000000	104442.000000
0.000000	104442.000000
0.000000	104442.000000
0.000000	104442.000000
0.000000	104442.000000
0.000000	104442.000000
0.000000	104442.000000
0.000000	104442.000000
0.000000	104442.000000
0.000000	104442.000000
0.000000	104442.000000
0.000000	104442.000000
0.000000	104443.000000
0.000000	104443.000000
0.000000	104443.000000
0.000000	104443.000000
0.000000	104443.000000
0.000000	104443.000000
0.000000	104443.000000
0.000000	104443.000000
0.000000	104443.000000
0.000000	104443.000000
0.000000	104443.000000
0.000000	104443.000000
0.000000	104443.000000
0.000000	104443.000000
0.000000	104443.000000
0.000000	104443.000000
0.000000	104443.000000
0.000000	104444.000000
0.000000	104444.000000
0.000000	104444.000000
0.000000	104444.000000
0.000000	104444.000000
0.000000	104444.000000
0.000000	104444.000000
0.000000	104444.000000
0.000000	104444.000000
0.000000	104444.000000
0.000000	104444.000000
0.000000	104444.000000
0.000000	104444.000000
0.000000	104444.000000
0.000000	104444.000000
0.000000	104444.000000
0.000000	104444.000000
0.000000	104445.000000
0.000000	104445.000000
0.000000	104445.000000
0.000000	104445.000000
0.000000	104445.000000
0.000000	104445.000000
0.000000	104445.000000
0.000000	104445.000000
0.000000	104445.000000
0.000000	104445.000000
0.000000	104445.000000
0.000000	104445.000000
0.000000	104445.000000
0.000000	104445.000000
0.000000	104445.000000
0.000000	104445.000000
0.000000	104445.000000
0.000000	104446.000000
0.000000	104446.000000
0.000000	104446.000000
0.000000	104446.000000
0.000000	104446.000000
0.000000	104446.000000
0.000000	104446.000000
0.000000	104446.000000
0.000000	104446.000000
0.000000	104446.000000
0.000000	104446.000000
0.000000	104446.000000
0.000000	104446.000000
0.000000	104446.000000
0.000000	104446.000000
0.000000	104446.000000
0.000000	104446.000000
0.000000	104447.000000
0.000000	104447.000000
0.000000	104447.000000
0.000000	104447.000000
0.000000	104447.000000
0.000000	104447.000000
0.000000	104447.000000
0.000000	104447.000000
0.000000	104447.000000
0.000000	104447.000000
0.000000	104447.000000
0.000000	104447.000000
0.000000	104447.000000
0.000000	104447.000000
0.000000	104447.000000
0.000000	104447.000000
0.000000	104447.000000
0.000000	104448.000000
0.000000	104448.000000
0.000000	104448.000000
0.000000	104448.000000
0.000000	104448.000000
0.000000	104448.000000
0.000000	104448.000000
0.000000	104448.000000
0.000000	104448.000000
0.000000	104448.000000
0.000000	104448.000000
0.000000	104448.000000
0.000000	104448.000000
0.000000	104448.000000
0.000000	104448.000000
0.000000	104448.000000
0.000000	104448.000000
0.000000	104449.000000
0.000000	104449.000000
0.000000	104449.000000
0.000000	104449.000000
0.000000	104449.000000
0.000000	104449.000000
0.000000	104449.000000
0.000000	104449.000000
0.000000	104449.000000
0.000000	104449.000000
0.000000	104449.000000
0.000000	104449.000000
0.000000	104449.000000
0.000000	104449.000000
0.000000	104449.000000
0.000000	104449.000000
0.000000	104449.000000
0.000000	104450.000000
0.000000	104450.000000
0.000000	104450.000000
0.000000	104450.000000
0.000000	104450.000000
0.000000	104450.000000
0.000000	104450.000000
0.000000	104450.000000
0.000000	104450.000000
0.000000	104450.000000
0.000000	104450.000000
0.000000	104450.000000
0.000000	104450.000000
0.000000	104450.000000
0.000000	104450.000000
0.000000	104450.000000
0.000000	104451.000000
0.000000	104451.000000
0.000000	104451.000000
0.000000	104451.000000
0.000000	104451.000000
0.000000	104451.000000
0.000000	104451.000000
0.000000	104451.000000
0.000000	104451.000000
0.000000	104451.000000
0.000000	104451.000000
0.000000	104451.000000
0.000000	104451.000000
0.000000	104451.000000
0.000000	104451.000000
0.000000	104451.000000
0.000000	104451.000000
0.000000	104451.000000
0.000000	104452.000000
0.000000	104452.000000
0.000000	104452.000000
0.000000	104452.000000
0.000000	104452.000000
0.000000	104452.000000
0.000000	104452.000000
0.000000	104452.000000
0.000000	104452.000000
0.000000	104452.000000
0.000000	104452.000000
0.000000	104452.000000
0.000000	104452.000000
0.000000	104452.000000
0.000000	104452.000000
0.000000	104452.000000
0.000000	104452.000000
0.000000	104453.000000
0.000000	104453.000000
0.000000	104453.000000
0.000000	104453.000000
0.000000	104453.000000
0.000000	104453.000000
0.000000	104453.000000
0.000000	104453.000000
0.000000	104453.000000
0.000000	104453.000000
0.000000	104453.000000
0.000000	104453.000000
0.000000	104453.000000
0.000000	104453.000000
0.000000	104453.000000
0.000000	104453.000000
0.000000	104453.000000
0.000000	104454.000000
0.000000	104454.000000
0.000000	104454.000000
0.000000	104454.000000
0.000000	104454.000000
0.000000	104454.000000
0.000000	104454.000000
0.000000	104454.000000
0.000000	104454.000000
0.000000	104454.000000
0.000000	104454.000000
0.000000	104454.000000
0.000000	104454.000000
0.000000	104454.000000
0.000000	104454.000000
0.000000	104454.000000
0.000000	104454.000000
0.000000	104455.000000
0.000000	104455.000000
0.000000	104455.000000
0.000000	104455.000000
0.000000	104455.000000
0.000000	104455.000000
0.000000	104455.000000
0.000000	104455.000000
0.000000	104455.000000
0.000000	104455.000000
0.000000	104455.000000
0.000000	104455.000000
0.000000	104455.000000
0.000000	104455.000000
0.000000	104455.000000
0.000000	104455.000000
0.000000	104455.000000
0.000000	104456.000000
0.000000	104456.000000
0.000000	104456.000000
0.000000	104456.000000
0.000000	104456.000000
0.000000	104456.000000
0.000000	104456.000000
0.000000	104456.000000
0.000000	104456.000000
0.000000	104456.000000
0.000000	104456.000000
0.000000	104456.000000
0.000000	104456.000000
0.000000	104456.000000
0.000000	104456.000000
0.000000	104456.000000
0.000000	104456.000000
0.000000	104457.000000
0.000000	104457.000000
0.000000	104457.000000
0.000000	104457.000000
0.000000	104457.000000
0.000000	104457.000000
0.000000	104457.000000
0.000000	104457.000000
0.000000	104457.000000
0.000000	104457.000000
0.000000	104457.000000
0.000000	104457.000000
0.000000	104457.000000
0.000000	104457.000000
0.000000	104457.000000
0.000000	104457.000000
0.000000	104457.000000
0.000000	104457.000000
0.000000	104458.000000
0.000000	104458.000000
0.000000	104458.000000
0.000000	104458.000000
0.000000	104458.000000
0.000000	104458.000000
0.000000	104458.000000
0.000000	104458.000000
0.000000	104458.000000
0.000000	104458.000000
0.000000	104458.000000
0.000000	104458.000000
0.000000	104458.000000
0.000000	104458.000000
0.000000	104458.000000
0.000000	104458.000000
0.000000	104458.000000
0.000000	104459.000000
0.000000	104459.000000
0.000000	104459.000000
0.000000	104459.000000
0.000000	104459.000000
0.000000	104459.000000
0.000000	104459.000000
0.000000	104459.000000
0.000000	104459.000000
0.000000	104459.000000
0.000000	104459.000000
0.000000	104459.000000
0.000000	104459.000000
0.000000	104459.000000
0.000000	104459.000000
0.000000	104459.000000
0.000000	104459.000000
0.000000	104500.000000
0.000000	104500.000000
0.000000	104500.000000
0.000000	104500.000000
0.000000	104500.000000
0.000000	104500.000000
0.000000	104500.000000
0.000000	104500.000000
0.000000	104500.000000
0.000000	104500.000000
0.000000	104500.000000
0.000000	104500.000000
0.000000	104500.000000
0.000000	104500.000000
0.000000	104500.000000
0.000000	104500.000000
0.000000	104500.000000
0.000000	104501.000000
0.000000	104501.000000
0.000000	104501.000000
0.000000	104501.000000
0.000000	104501.000000
0.000000	104501.000000
0.000000	104501.000000
0.000000	104501.000000
0.000000	104501.000000
0.000000	104501.000000
0.000000	104501.000000
0.000000	104501.000000
0.000000	104501.000000
0.000000	104501.000000
0.000000	104501.000000
0.000000	104501.000000
0.000000	104501.000000
0.000000	104502.000000
0.000000	104502.000000
0.000000	104502.000000
0.000000	104502.000000
0.000000	104502.000000
0.000000	104502.000000
0.000000	104502.000000
0.000000	104502.000000
0.000000	104502.000000
0.000000	104502.000000
0.000000	104502.000000
0.000000	104502.000000
0.000000	104502.000000
0.000000	104502.000000
0.000000	104502.000000
0.000000	104502.000000
0.000000	104502.000000
0.000000	104503.000000
0.000000	104503.000000
0.000000	104503.000000
0.000000	104503.000000
0.000000	104503.000000
0.000000	104503.000000
0.000000	104503.000000
0.000000	104503.000000
0.000000	104503.000000
0.000000	104503.000000
0.000000	104503.000000
0.000000	104503.000000
0.000000	104503.000000
0.000000	104503.000000
0.000000	104503.000000
0.000000	104503.000000
0.000000	104503.000000
0.000000	104504.000000
0.000000	104504.000000
0.000000	104504.000000
0.000000	104504.000000
0.000000	104504.000000
0.000000	104504.000000
0.000000	104504.000000
0.000000	104504.000000
0.000000	104504.000000
0.000000	104504.000000
0.000000	104504.000000
0.000000	104504.000000
0.000000	104504.000000
0.000000	104504.000000
0.000000	104504.000000
0.000000	104504.000000
0.000000	104504.000000
0.000000	104505.000000
0.000000	104505.000000
0.000000	104505.000000
0.000000	104505.000000
0.000000	104505.000000
0.000000	104505.000000
0.000000	104505.000000
0.000000	104505.000000
0.000000	104505.000000
0.000000	104505.000000
0.000000	104505.000000
0.000000	104505.000000
0.000000	104505.000000
0.000000	104505.000000
0.000000	104505.000000
0.000000	104505.000000
0.000000	104505.000000
0.000000	104506.000000
0.000000	104506.000000
0.000000	104506.000000
0.000000	104506.000000
0.000000	104506.000000
0.000000	104506.000000
0.000000	104506.000000
0.000000	104506.000000
0.000000	104506.000000
0.000000	104506.000000
0.000000	104506.000000
0.000000	104506.000000
0.000000	104506.000000
0.000000	104506.000000
0.000000	104506.000000
0.000000	104506.000000
0.000000	104506.000000
0.000000	104507.000000
0.000000	104507.000000
0.000000	104507.000000
0.000000	104507.000000
0.000000	104507.000000
0.000000	104507.000000
0.000000	104507.000000
0.000000	104507.000000
0.000000	104507.000000
0.000000	104507.000000
0.000000	104507.000000
0.000000	104507.000000
0.000000	104507.000000
0.000000	104507.000000
0.000000	104507.000000
0.000000	104507.000000
0.000000	104507.000000
0.000000	104508.000000
0.000000	104508.000000
0.000000	104508.000000
0.000000	104508.000000
0.000000	104508.000000
0.000000	104508.000000
0.000000	104508.000000
0.000000	104508.000000
0.000000	104508.000000
0.000000	104508.000000
0.000000	104508.000000
0.000000	104508.000000
0.000000	104508.000000
0.000000	104508.000000
0.000000	104508.000000
0.000000	104508.000000
0.000000	104508.000000
0.000000	104509.000000
0.000000	104509.000000
0.000000	104509.000000
0.000000	104509.000000
0.000000	104509.000000
0.000000	104509.000000
0.000000	104509.000000
0.000000	104509.000000
0.000000	104509.000000
0.000000	104509.000000
0.000000	104509.000000
0.000000	104509.000000
0.000000	104509.000000
0.000000	104509.000000
0.000000	104509.000000
0.000000	104509.000000
0.000000	104509.000000
0.000000	104510.000000
0.000000	104510.000000
0.000000	104510.000000
0.000000	104510.000000
0.000000	104510.000000
0.000000	104510.000000
0.000000	104510.000000
0.000000	104510.000000
0.000000	104510.000000
0.000000	104510.000000
0.000000	104510.000000
0.000000	104510.000000
0.000000	104510.000000
0.000000	104510.000000
0.000000	104510.000000
0.000000	104510.000000
0.000000	104510.000000
0.000000	104511.000000
0.000000	104511.000000
0.000000	104511.000000
0.000000	104511.000000
0.000000	104511.000000
0.000000	104511.000000
0.000000	104511.000000
0.000000	104511.000000
0.000000	104511.000000
0.000000	104511.000000
0.000000	104511.000000
0.000000	104511.000000
0.000000	104511.000000
0.000000	104511.000000
0.000000	104511.000000
0.000000	104511.000000
0.000000	104511.000000
0.000000	104512.000000
0.000000	104512.000000
0.000000	104512.000000
0.000000	104512.000000
0.000000	104512.000000
0.000000	104512.000000
0.000000	104512.000000
0.000000	104512.000000
0.000000	104512.000000
0.000000	104512.000000
0.000000	104512.000000
0.000000	104512.000000
0.000000	104512.000000
0.000000	104512.000000
0.000000	104512.000000
0.000000	104512.000000
0.000000	104512.000000
0.000000	104513.000000
0.000000	104513.000000
0.000000	104513.000000
0.000000	104513.000000
0.000000	104513.000000
0.000000	104513.000000
0.000000	104513.000000
0.000000	104513.000000
0.000000	104513.000000
0.000000	104513.000000
0.000000	104513.000000
0.000000	104513.000000
0.000000	104513.000000
0.000000	104513.000000
0.000000	104513.000000
0.000000	104513.000000
0.000000	104513.000000
0.000000	104513.000000
0.000000	104514.000000
0.000000	104514.000000
0.000000	104514.000000
0.000000	104514.000000
0.000000	104514.000000
0.000000	104514.000000
0.000000	104514.000000
0.000000	104514.000000
0.000000	104514.000000
0.000000	104514.000000
0.000000	104514.000000
0.000000	104514.000000
0.000000	104514.000000
0.000000	104514.000000
0.000000	104514.000000
0.000000	104514.000000
0.000000	104514.000000
0.000000	104515.000000
0.000000	104515.000000
0.000000	104515.000000
0.000000	104515.000000
0.000000	104515.000000
0.000000	104515.000000
0.000000	104515.000000
0.000000	104515.000000
0.000000	104515.000000
0.000000	104515.000000
0.000000	104515.000000
0.000000	104515.000000
0.000000	104515.000000
0.000000	104515.000000
0.000000	104515.000000
0.000000	104515.000000
0.000000	104515.000000
0.000000	104516.000000
0.000000	104516.000000
0.000000	104516.000000
0.000000	104516.000000
0.000000	104516.000000
0.000000	104516.000000
0.000000	104516.000000
0.000000	104516.000000
0.000000	104516.000000
0.000000	104516.000000
0.000000	104516.000000
0.000000	104516.000000
0.000000	104516.000000
0.000000	104516.000000
0.000000	104516.000000
0.000000	104516.000000
0.000000	104516.000000
0.000000	104517.000000
0.000000	104517.000000
0.000000	104517.000000
0.000000	104517.000000
0.000000	104517.000000
0.000000	104517.000000
0.000000	104517.000000
0.000000	104517.000000
0.000000	104517.000000
0.000000	104517.000000
0.000000	104517.000000
0.000000	104517.000000
0.000000	104517.000000
0.000000	104517.000000
0.000000	104517.000000
0.000000	104517.000000
0.000000	104517.000000
0.000000	104518.000000
0.000000	104518.000000
0.000000	104518.000000
0.000000	104518.000000
0.000000	104518.000000
0.000000	104518.000000
0.000000	104518.000000
0.000000	104518.000000
0.000000	104518.000000
0.000000	104518.000000
0.000000	104518.000000
0.000000	104518.000000
0.000000	104518.000000
0.000000	104518.000000
0.000000	104518.000000
0.000000	104518.000000
0.000000	104518.000000
0.000000	104519.000000
0.000000	104519.000000
0.000000	104519.000000
0.000000	104519.000000
0.000000	104519.000000
0.000000	104519.000000
0.000000	104519.000000
0.000000	104519.000000
0.000000	104519.000000
0.000000	104519.000000
0.000000	104519.000000
0.000000	104519.000000
0.000000	104519.000000
0.000000	104519.000000
0.000000	104519.000000
0.000000	104519.000000
0.000000	104519.000000
0.000000	104520.000000
0.000000	104520.000000
0.000000	104520.000000
0.000000	104520.000000
0.000000	104520.000000
0.000000	104520.000000
0.000000	104520.000000
0.000000	104520.000000
0.000000	104520.000000
0.000000	104520.000000
0.000000	104520.000000
0.000000	104520.000000
0.000000	104520.000000
0.000000	104520.000000
0.000000	104520.000000
0.000000	104520.000000
0.000000	104520.000000
0.000000	104521.000000
0.000000	104521.000000
0.000000	104521.000000
0.000000	104521.000000
0.000000	104521.000000
0.000000	104521.000000
0.000000	104521.000000
0.000000	104521.000000
0.000000	104521.000000
0.000000	104521.000000
0.000000	104521.000000
0.000000	104521.000000
0.000000	104521.000000
0.000000	104521.000000
0.000000	104521.000000
0.000000	104521.000000
0.000000	104521.000000
0.000000	104522.000000
0.000000	104522.000000
0.000000	104522.000000
0.000000	104522.000000
0.000000	104522.000000
0.000000	104522.000000
0.000000	104522.000000
0.000000	104522.000000
0.000000	104522.000000
0.000000	104522.000000
0.000000	104522.000000
0.000000	104522.000000
0.000000	104522.000000
0.000000	104522.000000
0.000000	104522.000000
0.000000	104522.000000
0.000000	104522.000000
0.000000	104523.000000
0.000000	104523.000000
0.000000	104523.000000
0.000000	104523.000000
0.000000	104523.000000
0.000000	104523.000000
0.000000	104523.000000
0.000000	104523.000000
0.000000	104523.000000
0.000000	104523.000000
0.000000	104523.000000
0.000000	104523.000000
0.000000	104523.000000
0.000000	104523.000000
0.000000	104523.000000
0.000000	104523.000000
0.000000	104523.000000
0.000000	104524.000000
0.000000	104524.000000
0.000000	104524.000000
0.000000	104524.000000
0.000000	104524.000000
0.000000	104524.000000
0.000000	104524.000000
0.000000	104524.000000
0.000000	104524.000000
0.000000	104524.000000
0.000000	104524.000000
0.000000	104524.000000
0.000000	104524.000000
0.000000	104524.000000
0.000000	104524.000000
0.000000	104524.000000
0.000000	104524.000000
0.000000	104525.000000
0.000000	104525.000000
0.000000	104525.000000
0.000000	104525.000000
0.000000	104525.000000
0.000000	104525.000000
0.000000	104525.000000
0.000000	104525.000000
0.000000	104525.000000
0.000000	104525.000000
0.000000	104525.000000
0.000000	104525.000000
0.000000	104525.000000
0.000000	104525.000000
0.000000	104525.000000
0.000000	104525.000000
0.000000	104525.000000
0.000000	104526.000000
0.000000	104526.000000
0.000000	104526.000000
0.000000	104526.000000
0.000000	104526.000000
0.000000	104526.000000
0.000000	104526.000000
0.000000	104526.000000
0.000000	104526.000000
0.000000	104526.000000
0.000000	104526.000000
0.000000	104526.000000
0.000000	104526.000000
0.000000	104526.000000
0.000000	104526.000000
0.000000	104526.000000
0.000000	104526.000000
0.000000	104527.000000
0.000000	104527.000000
0.000000	104527.000000
0.000000	104527.000000
0.000000	104527.000000
0.000000	104527.000000
0.000000	104527.000000
0.000000	104527.000000
0.000000	104527.000000
0.000000	104527.000000
0.000000	104527.000000
0.000000	104527.000000
0.000000	104527.000000
0.000000	104527.000000
0.000000	104527.000000
0.000000	104527.000000
0.000000	104527.000000
0.000000	104528.000000
0.000000	104528.000000
0.000000	104528.000000
0.000000	104528.000000
0.000000	104528.000000
0.000000	104528.000000
0.000000	104528.000000
0.000000	104528.000000
0.000000	104528.000000
0.000000	104528.000000
0.000000	104528.000000
0.000000	104528.000000
0.000000	104528.000000
0.000000	104528.000000
0.000000	104528.000000
0.000000	104528.000000
0.000000	104528.000000
0.000000	104528.000000
0.000000	104529.000000
0.000000	104529.000000
0.000000	104529.000000
0.000000	104529.000000
0.000000	104529.000000
0.000000	104529.000000
0.000000	104529.000000
0.000000	104529.000000
0.000000	104529.000000
0.000000	104529.000000
0.000000	104529.000000
0.000000	104529.000000
0.000000	104529.000000
0.000000	104529.000000
0.000000	104529.000000
0.000000	104529.000000
0.000000	104529.000000
0.000000	104530.000000
0.000000	104530.000000
0.000000	104530.000000
0.000000	104530.000000
0.000000	104530.000000
0.000000	104530.000000
0.000000	104530.000000
0.000000	104530.000000
0.000000	104530.000000
0.000000	104530.000000
0.000000	104530.000000
0.000000	104530.000000
0.000000	104530.000000
0.000000	104530.000000
0.000000	104530.000000
0.000000	104530.000000
0.000000	104530.000000
0.000000	104531.000000
0.000000	104531.000000
0.000000	104531.000000
0.000000	104531.000000
0.000000	104531.000000
0.000000	104531.000000
0.000000	104531.000000
0.000000	104531.000000
0.000000	104531.000000
0.000000	104531.000000
0.000000	104531.000000
0.000000	104531.000000
0.000000	104531.000000
0.000000	104531.000000
0.000000	104531.000000
0.000000	104531.000000
0.000000	104531.000000
0.000000	104532.000000
0.000000	104532.000000
0.000000	104532.000000
0.000000	104532.000000
0.000000	104532.000000
0.000000	104532.000000
0.000000	104532.000000
0.000000	104532.000000
0.000000	104532.000000
0.000000	104532.000000
0.000000	104532.000000
0.000000	104532.000000
0.000000	104532.000000
0.000000	104532.000000
0.000000	104532.000000
0.000000	104532.000000
0.000000	104532.000000
0.000000	104533.000000
0.000000	104533.000000
0.000000	104533.000000
0.000000	104533.000000
0.000000	104533.000000
0.000000	104533.000000
0.000000	104533.000000
0.000000	104533.000000
0.000000	104533.000000
0.000000	104533.000000
0.000000	104533.000000
0.000000	104533.000000
0.000000	104533.000000
0.000000	104533.000000
0.000000	104533.000000
0.000000	104533.000000
0.000000	104533.000000
0.000000	104534.000000
0.000000	104534.000000
0.000000	104534.000000
0.000000	104534.000000
0.000000	104534.000000
0.000000	104534.000000
0.000000	104534.000000
0.000000	104534.000000
0.000000	104534.000000
0.000000	104534.000000
0.000000	104534.000000
0.000000	104534.000000
0.000000	104534.000000
0.000000	104534.000000
0.000000	104534.000000
0.000000	104534.000000
0.000000	104534.000000
0.000000	104535.000000
0.000000	104535.000000
0.000000	104535.000000
0.000000	104535.000000
0.000000	104535.000000
0.000000	104535.000000
0.000000	104535.000000
0.000000	104535.000000
0.000000	104535.000000
0.000000	104535.000000
0.000000	104535.000000
0.000000	104535.000000
0.000000	104535.000000
0.000000	104535.000000
0.000000	104535.000000
0.000000	104535.000000
0.000000	104536.000000
0.000000	104536.000000
0.000000	104536.000000
0.000000	104536.000000
0.000000	104536.000000
0.000000	104536.000000
0.000000	104536.000000
0.000000	104536.000000
0.000000	104536.000000
0.000000	104536.000000
0.000000	104536.000000
0.000000	104536.000000
0.000000	104536.000000
0.000000	104536.000000
0.000000	104536.000000
0.000000	104536.000000
0.000000	104536.000000
0.000000	104536.000000
0.000000	104537.000000
0.000000	104537.000000
0.000000	104537.000000
0.000000	104537.000000
0.000000	104537.000000
0.000000	104537.000000
0.000000	104537.000000
0.000000	104537.000000
0.000000	104537.000000
0.000000	104537.000000
0.000000	104537.000000
0.000000	104537.000000
0.000000	104537.000000
0.000000	104537.000000
0.000000	104537.000000
0.000000	104537.000000
0.000000	104537.000000
0.000000	104538.000000
0.000000	104538.000000
0.000000	104538.000000
0.000000	104538.000000
0.000000	104538.000000
0.000000	104538.000000
0.000000	104538.000000
0.000000	104538.000000
0.000000	104538.000000
0.000000	104538.000000
0.000000	104538.000000
0.000000	104538.000000
0.000000	104538.000000
0.000000	104538.000000
0.000000	104538.000000
0.000000	104538.000000
0.000000	104538.000000
0.000000	104539.000000
0.000000	104539.000000
0.000000	104539.000000
0.000000	104539.000000
0.000000	104539.000000
0.000000	104539.000000
0.000000	104539.000000
0.000000	104539.000000
0.000000	104539.000000
0.000000	104539.000000
0.000000	104539.000000
0.000000	104539.000000
0.000000	104539.000000
0.000000	104539.000000
0.000000	104539.000000
0.000000	104539.000000
0.000000	104539.000000
0.000000	104540.000000
0.000000	104540.000000
0.000000	104540.000000
0.000000	104540.000000
0.000000	104540.000000
0.000000	104540.000000
0.000000	104540.000000
0.000000	104540.000000
0.000000	104540.000000
0.000000	104540.000000
0.000000	104540.000000
0.000000	104540.000000
0.000000	104540.000000
0.000000	104540.000000
0.000000	104540.000000
0.000000	104540.000000
0.000000	104540.000000
0.000000	104541.000000
0.000000	104541.000000
0.000000	104541.000000
0.000000	104541.000000
0.000000	104541.000000
0.000000	104541.000000
0.000000	104541.000000
0.000000	104541.000000
0.000000	104541.000000
0.000000	104541.000000
0.000000	104541.000000
0.000000	104541.000000
0.000000	104541.000000
0.000000	104541.000000
0.000000	104541.000000
0.000000	104541.000000
0.000000	104541.000000
0.000000	104542.000000
0.000000	104542.000000
0.000000	104542.000000
0.000000	104542.000000
0.000000	104542.000000
0.000000	104542.000000
0.000000	104542.000000
0.000000	104542.000000
0.000000	104542.000000
0.000000	104542.000000
0.000000	104542.000000
0.000000	104542.000000
0.000000	104542.000000
0.000000	104542.000000
0.000000	104542.000000
0.000000	104542.000000
0.000000	104543.000000
0.000000	104543.000000
0.000000	104543.000000
0.000000	104543.000000
0.000000	104543.000000
0.000000	104543.000000
0.000000	104543.000000
0.000000	104543.000000
0.000000	104543.000000
0.000000	104543.000000
0.000000	104543.000000
0.000000	104543.000000
0.000000	104543.000000
0.000000	104543.000000
0.000000	104543.000000
0.000000	104543.000000
0.000000	104543.000000
0.000000	104543.000000
0.000000	104543.000000
0.000000	104544.000000
0.000000	104544.000000
0.000000	104544.000000
0.000000	104544.000000
0.000000	104544.000000
0.000000	104544.000000
0.000000	104544.000000
0.000000	104544.000000
0.000000	104544.000000
0.000000	104544.000000
0.000000	104544.000000
0.000000	104544.000000
0.000000	104544.000000
0.000000	104544.000000
0.000000	104544.000000
0.000000	104544.000000
0.000000	104544.000000
0.000000	104545.000000
0.000000	104545.000000
0.000000	104545.000000
0.000000	104545.000000
0.000000	104545.000000
0.000000	104545.000000
0.000000	104545.000000
0.000000	104545.000000
0.000000	104545.000000
0.000000	104545.000000
0.000000	104545.000000
0.000000	104545.000000
0.000000	104545.000000
0.000000	104545.000000
0.000000	104545.000000
0.000000	104545.000000
0.000000	104545.000000
0.000000	104546.000000
0.000000	104546.000000
0.000000	104546.000000
0.000000	104546.000000
0.000000	104546.000000
0.000000	104546.000000
0.000000	104546.000000
0.000000	104546.000000
0.000000	104546.000000
0.000000	104546.000000
0.000000	104546.000000
0.000000	104546.000000
0.000000	104546.000000
0.000000	104546.000000
0.000000	104546.000000
0.000000	104546.000000
0.000000	104546.000000
0.000000	104547.000000
0.000000	104547.000000
0.000000	104547.000000
0.000000	104547.000000
0.000000	104547.000000
0.000000	104547.000000
0.000000	104547.000000
0.000000	104547.000000
0.000000	104547.000000
0.000000	104547.000000
0.000000	104547.000000
0.000000	104547.000000
0.000000	104547.000000
0.000000	104547.000000
0.000000	104547.000000
0.000000	104547.000000
0.000000	104547.000000
0.000000	104548.000000
0.000000	104548.000000
0.000000	104548.000000
0.000000	104548.000000
0.000000	104548.000000
0.000000	104548.000000
0.000000	104548.000000
0.000000	104548.000000
0.000000	104548.000000
0.000000	104548.000000
0.000000	104548.000000
0.000000	104548.000000
0.000000	104548.000000
0.000000	104548.000000
0.000000	104548.000000
0.000000	104548.000000
0.000000	104548.000000
0.000000	104549.000000
0.000000	104549.000000
0.000000	104549.000000
0.000000	104549.000000
0.000000	104549.000000
0.000000	104549.000000
0.000000	104549.000000
0.000000	104549.000000
0.000000	104549.000000
0.000000	104549.000000
0.000000	104549.000000
0.000000	104549.000000
0.000000	104549.000000
0.000000	104549.000000
0.000000	104549.000000
0.000000	104549.000000
0.000000	104549.000000
0.000000	104550.000000
0.000000	104550.000000
0.000000	104550.000000
0.000000	104550.000000
0.000000	104550.000000
0.000000	104550.000000
0.000000	104550.000000
0.000000	104550.000000
0.000000	104550.000000
0.000000	104550.000000
0.000000	104550.000000
0.000000	104550.000000
0.000000	104550.000000
0.000000	104550.000000
0.000000	104550.000000
0.000000	104550.000000
0.000000	104550.000000
0.000000	104551.000000
0.000000	104551.000000
0.000000	104551.000000
0.000000	104551.000000
0.000000	104551.000000
0.000000	104551.000000
0.000000	104551.000000
0.000000	104551.000000
0.000000	104551.000000
0.000000	104551.000000
0.000000	104551.000000
0.000000	104551.000000
0.000000	104551.000000
0.000000	104551.000000
0.000000	104551.000000
0.000000	104551.000000
0.000000	104551.000000
0.000000	104552.000000
0.000000	104552.000000
0.000000	104552.000000
0.000000	104552.000000
0.000000	104552.000000
0.000000	104552.000000
0.000000	104552.000000
0.000000	104552.000000
0.000000	104552.000000
0.000000	104552.000000
0.000000	104552.000000
0.000000	104552.000000
0.000000	104552.000000
0.000000	104552.000000
0.000000	104552.000000
0.000000	104552.000000
0.000000	104552.000000
0.000000	104553.000000
0.000000	104553.000000
0.000000	104553.000000
0.000000	104553.000000
0.000000	104553.000000
0.000000	104553.000000
0.000000	104553.000000
0.000000	104553.000000
0.000000	104553.000000
0.000000	104553.000000
0.000000	104553.000000
0.000000	104553.000000
0.000000	104553.000000
0.000000	104553.000000
0.000000	104553.000000
0.000000	104553.000000
0.000000	104553.000000
0.000000	104554.000000
0.000000	104554.000000
0.000000	104554.000000
0.000000	104554.000000
0.000000	104554.000000
0.000000	104554.000000
0.000000	104554.000000
0.000000	104554.000000
0.000000	104554.000000
0.000000	104554.000000
0.000000	104554.000000
0.000000	104554.000000
0.000000	104554.000000
0.000000	104554.000000
0.000000	104554.000000
0.000000	104554.000000
0.000000	104554.000000
0.000000	104555.000000
0.000000	104555.000000
0.000000	104555.000000
0.000000	104555.000000
0.000000	104555.000000
0.000000	104555.000000
0.000000	104555.000000
0.000000	104555.000000
0.000000	104555.000000
0.000000	104555.000000
0.000000	104555.000000
0.000000	104555.000000
0.000000	104555.000000
0.000000	104555.000000
0.000000	104555.000000
0.000000	104555.000000
0.000000	104555.000000
0.000000	104556.000000
0.000000	104556.000000
0.000000	104556.000000
0.000000	104556.000000
0.000000	104556.000000
0.000000	104556.000000
0.000000	104556.000000
0.000000	104556.000000
0.000000	104556.000000
0.000000	104556.000000
0.000000	104556.000000
0.000000	104556.000000
0.000000	104556.000000
0.000000	104556.000000
0.000000	104556.000000
0.000000	104556.000000
0.000000	104556.000000
0.000000	104557.000000
0.000000	104557.000000
0.000000	104557.000000
0.000000	104557.000000
0.000000	104557.000000
0.000000	104557.000000
0.000000	104557.000000
0.000000	104557.000000
0.000000	104557.000000
0.000000	104557.000000
0.000000	104557.000000
0.000000	104557.000000
0.000000	104557.000000
0.000000	104557.000000
0.000000	104557.000000
0.000000	104557.000000
0.000000	104557.000000
0.000000	104558.000000
0.000000	104558.000000
0.000000	104558.000000
0.000000	104558.000000
0.000000	104558.000000
0.000000	104558.000000
0.000000	104558.000000
0.000000	104558.000000
0.000000	104558.000000
0.000000	104558.000000
0.000000	104558.000000
0.000000	104558.000000
0.000000	104558.000000
0.000000	104558.000000
0.000000	104558.000000
0.000000	104558.000000
0.000000	104558.000000
0.000000	104558.000000
0.000000	104559.000000
0.000000	104559.000000
0.000000	104559.000000
0.000000	104559.000000
0.000000	104559.000000
0.000000	104559.000000
0.000000	104559.000000
0.000000	104559.000000
0.000000	104559.000000
0.000000	104559.000000
0.000000	104559.000000
0.000000	104559.000000
0.000000	104559.000000
0.000000	104559.000000
0.000000	104559.000000
0.000000	104559.000000
0.000000	104559.000000
0.000000	104600.000000
0.000000	104600.000000
0.000000	104600.000000
0.000000	104600.000000
0.000000	104600.000000
0.000000	104600.000000
0.000000	104600.000000
0.000000	104600.000000
0.000000	104600.000000
0.000000	104600.000000
0.000000	104600.000000
0.000000	104600.000000
0.000000	104600.000000
0.000000	104600.000000
0.000000	104600.000000
0.000000	104600.000000
0.000000	104600.000000
0.000000	104601.000000
0.000000	104601.000000
0.000000	104601.000000
0.000000	104601.000000
0.000000	104601.000000
0.000000	104601.000000
0.000000	104601.000000
0.000000	104601.000000
0.000000	104601.000000
0.000000	104601.000000
0.000000	104601.000000
0.000000	104601.000000
0.000000	104601.000000
0.000000	104601.000000
0.000000	104601.000000
0.000000	104601.000000
0.000000	104602.000000
0.000000	104602.000000
0.000000	104602.000000
0.000000	104602.000000
0.000000	104602.000000
0.000000	104602.000000
0.000000	104602.000000
0.000000	104602.000000
0.000000	104602.000000
0.000000	104602.000000
0.000000	104602.000000
0.000000	104602.000000
0.000000	104602.000000
0.000000	104602.000000
0.000000	104602.000000
0.000000	104602.000000
0.000000	104602.000000
0.000000	104602.000000
0.000000	104603.000000
0.000000	104603.000000
0.000000	104603.000000
0.000000	104603.000000
0.000000	104603.000000
0.000000	104603.000000
0.000000	104603.000000
0.000000	104603.000000
0.000000	104603.000000
0.000000	104603.000000
0.000000	104603.000000
0.000000	104603.000000
0.000000	104603.000000
0.000000	104603.000000
0.000000	104603.000000
0.000000	104603.000000
0.000000	104603.000000
0.000000	104604.000000
0.000000	104604.000000
0.000000	104604.000000
0.000000	104604.000000
0.000000	104604.000000
0.000000	104604.000000
0.000000	104604.000000
0.000000	104604.000000
0.000000	104604.000000
0.000000	104604.000000
0.000000	104604.000000
0.000000	104604.000000
0.000000	104604.000000
0.000000	104604.000000
0.000000	104604.000000
0.000000	104604.000000
0.000000	104604.000000
0.000000	104605.000000
0.000000	104605.000000
0.000000	104605.000000
0.000000	104605.000000
0.000000	104605.000000
0.000000	104605.000000
0.000000	104605.000000
0.000000	104605.000000
0.000000	104605.000000
0.000000	104605.000000
0.000000	104605.000000
0.000000	104605.000000
0.000000	104605.000000
0.000000	104605.000000
0.000000	104605.000000
0.000000	104605.000000
0.000000	104605.000000
0.000000	104606.000000
0.000000	104606.000000
0.000000	104606.000000
0.000000	104606.000000
0.000000	104606.000000
0.000000	104606.000000
0.000000	104606.000000
0.000000	104606.000000
0.000000	104606.000000
0.000000	104606.000000
0.000000	104606.000000
0.000000	104606.000000
0.000000	104606.000000
0.000000	104606.000000
0.000000	104606.000000
0.000000	104606.000000
0.000000	104606.000000
0.000000	104607.000000
0.000000	104607.000000
0.000000	104607.000000
0.000000	104607.000000
0.000000	104607.000000
0.000000	104607.000000
0.000000	104607.000000
0.000000	104607.000000
0.000000	104607.000000
0.000000	104607.000000
0.000000	104607.000000
0.000000	104607.000000
0.000000	104607.000000
0.000000	104607.000000
0.000000	104607.000000
0.000000	104607.000000
0.000000	104607.000000
0.000000	104608.000000
0.000000	104608.000000
0.000000	104608.000000
0.000000	104608.000000
0.000000	104608.000000
0.000000	104608.000000
0.000000	104608.000000
0.000000	104608.000000
0.000000	104608.000000
0.000000	104608.000000
0.000000	104608.000000
0.000000	104608.000000
0.000000	104608.000000
0.000000	104608.000000
0.000000	104608.000000
0.000000	104608.000000
0.000000	104608.000000
0.000000	104609.000000
0.000000	104609.000000
0.000000	104609.000000
0.000000	104609.000000
0.000000	104609.000000
0.000000	104609.000000
0.000000	104609.000000
0.000000	104609.000000
0.000000	104609.000000
0.000000	104609.000000
0.000000	104609.000000
0.000000	104609.000000
0.000000	104609.000000
0.000000	104609.000000
0.000000	104609.000000
0.000000	104609.000000
0.000000	104609.000000
0.000000	104610.000000
0.000000	104610.000000
0.000000	104610.000000
0.000000	104610.000000
0.000000	104610.000000
0.000000	104610.000000
0.000000	104610.000000
0.000000	104610.000000
0.000000	104610.000000
0.000000	104610.000000
0.000000	104610.000000
0.000000	104610.000000
0.000000	104610.000000
0.000000	104610.000000
0.000000	104610.000000
0.000000	104610.000000
0.000000	104610.000000
0.000000	104611.000000
0.000000	104611.000000
0.000000	104611.000000
0.000000	104611.000000
0.000000	104611.000000
0.000000	104611.000000
0.000000	104611.000000
0.000000	104611.000000
0.000000	104611.000000
0.000000	104611.000000
0.000000	104611.000000
0.000000	104611.000000
0.000000	104611.000000
0.000000	104611.000000
0.000000	104611.000000
0.000000	104611.000000
0.000000	104611.000000
0.000000	104612.000000
0.000000	104612.000000
0.000000	104612.000000
0.000000	104612.000000
0.000000	104612.000000
0.000000	104612.000000
0.000000	104612.000000
0.000000	104612.000000
0.000000	104612.000000
0.000000	104612.000000
0.000000	104612.000000
0.000000	104612.000000
0.000000	104612.000000
0.000000	104612.000000
0.000000	104612.000000
0.000000	104612.000000
0.000000	104612.000000
0.000000	104613.000000
0.000000	104613.000000
0.000000	104613.000000
0.000000	104613.000000
0.000000	104613.000000
0.000000	104613.000000
0.000000	104613.000000
0.000000	104613.000000
0.000000	104613.000000
0.000000	104613.000000
0.000000	104613.000000
0.000000	104613.000000
0.000000	104613.000000
0.000000	104613.000000
0.000000	104613.000000
0.000000	104613.000000
0.000000	104613.000000
0.000000	104613.000000
0.000000	104614.000000
0.000000	104614.000000
0.000000	104614.000000
0.000000	104614.000000
0.000000	104614.000000
0.000000	104614.000000
0.000000	104614.000000
0.000000	104614.000000
0.000000	104614.000000
0.000000	104614.000000
0.000000	104614.000000
0.000000	104614.000000
0.000000	104614.000000
0.000000	104614.000000
0.000000	104614.000000
0.000000	104614.000000
0.000000	104614.000000
0.000000	104615.000000
0.000000	104615.000000
0.000000	104615.000000
0.000000	104615.000000
0.000000	104615.000000
0.000000	104615.000000
0.000000	104615.000000
0.000000	104615.000000
0.000000	104615.000000
0.000000	104615.000000
0.000000	104615.000000
0.000000	104615.000000
0.000000	104615.000000
0.000000	104615.000000
0.000000	104615.000000
0.000000	104615.000000
0.000000	104615.000000
0.000000	104616.000000
0.000000	104616.000000
0.000000	104616.000000
0.000000	104616.000000
0.000000	104616.000000
0.000000	104616.000000
0.000000	104616.000000
0.000000	104616.000000
0.000000	104616.000000
0.000000	104616.000000
0.000000	104616.000000
0.000000	104616.000000
0.000000	104616.000000
0.000000	104616.000000
0.000000	104616.000000
0.000000	104616.000000
0.000000	104616.000000
0.000000	104617.000000
0.000000	104617.000000
0.000000	104617.000000
0.000000	104617.000000
0.000000	104617.000000
0.000000	104617.000000
0.000000	104617.000000
0.000000	104617.000000
0.000000	104617.000000
0.000000	104617.000000
0.000000	104617.000000
0.000000	104617.000000
0.000000	104617.000000
0.000000	104617.000000
0.000000	104617.000000
0.000000	104617.000000
0.000000	104617.000000
0.000000	104618.000000
0.000000	104618.000000
0.000000	104618.000000
0.000000	104618.000000
0.000000	104618.000000
0.000000	104618.000000
0.000000	104618.000000
0.000000	104618.000000
0.000000	104618.000000
0.000000	104618.000000
0.000000	104618.000000
0.000000	104618.000000
0.000000	104618.000000
0.000000	104618.000000
0.000000	104618.000000
0.000000	104618.000000
0.000000	104618.000000
0.000000	104619.000000
0.000000	104619.000000
0.000000	104619.000000
0.000000	104619.000000
0.000000	104619.000000
0.000000	104619.000000
0.000000	104619.000000
0.000000	104619.000000
0.000000	104619.000000
0.000000	104619.000000
0.000000	104619.000000
0.000000	104619.000000
0.000000	104619.000000
0.000000	104619.000000
0.000000	104619.000000
0.000000	104619.000000
0.000000	104619.000000
0.000000	104620.000000
0.000000	104620.000000
0.000000	104620.000000
0.000000	104620.000000
0.000000	104620.000000
0.000000	104620.000000
0.000000	104620.000000
0.000000	104620.000000
0.000000	104620.000000
0.000000	104620.000000
0.000000	104620.000000
0.000000	104620.000000
0.000000	104620.000000
0.000000	104620.000000
0.000000	104620.000000
0.000000	104620.000000
0.000000	104620.000000
0.000000	104621.000000
0.000000	104621.000000
0.000000	104621.000000
0.000000	104621.000000
0.000000	104621.000000
0.000000	104621.000000
0.000000	104621.000000
0.000000	104621.000000
0.000000	104621.000000
0.000000	104621.000000
0.000000	104621.000000
0.000000	104621.000000
0.000000	104621.000000
0.000000	104621.000000
0.000000	104621.000000
0.000000	104621.000000
0.000000	104621.000000
0.000000	104622.000000
0.000000	104622.000000
0.000000	104622.000000
0.000000	104622.000000
0.000000	104622.000000
0.000000	104622.000000
0.000000	104622.000000
0.000000	104622.000000
0.000000	104622.000000
0.000000	104622.000000
0.000000	104622.000000
0.000000	104622.000000
0.000000	104622.000000
0.000000	104622.000000
0.000000	104622.000000
0.000000	104622.000000
0.000000	104622.000000
0.000000	104623.000000
0.000000	104623.000000
0.000000	104623.000000
0.000000	104623.000000
0.000000	104623.000000
0.000000	104623.000000
0.000000	104623.000000
0.000000	104623.000000
0.000000	104623.000000
0.000000	104623.000000
0.000000	104623.000000
0.000000	104623.000000
0.000000	104623.000000
0.000000	104623.000000
0.000000	104623.000000
0.000000	104623.000000
0.000000	104623.000000
0.000000	104624.000000
0.000000	104624.000000
0.000000	104624.000000
0.000000	104624.000000
0.000000	104624.000000
0.000000	104624.000000
0.000000	104624.000000
0.000000	104624.000000
0.000000	104624.000000
0.000000	104624.000000
0.000000	104624.000000
0.000000	104624.000000
0.000000	104624.000000
0.000000	104624.000000
0.000000	104624.000000
0.000000	104624.000000
0.000000	104624.000000
0.000000	104625.000000
0.000000	104625.000000
0.000000	104625.000000
0.000000	104625.000000
0.000000	104625.000000
0.000000	104625.000000
0.000000	104625.000000
0.000000	104625.000000
0.000000	104625.000000
0.000000	104625.000000
0.000000	104625.000000
0.000000	104625.000000
0.000000	104625.000000
0.000000	104625.000000
0.000000	104625.000000
0.000000	104625.000000
0.000000	104625.000000
0.000000	104626.000000
0.000000	104626.000000
0.000000	104626.000000
0.000000	104626.000000
0.000000	104626.000000
0.000000	104626.000000
0.000000	104626.000000
0.000000	104626.000000
0.000000	104626.000000
0.000000	104626.000000
0.000000	104626.000000
0.000000	104626.000000
0.000000	104626.000000
0.000000	104626.000000
0.000000	104626.000000
0.000000	104626.000000
0.000000	104626.000000
0.000000	104627.000000
0.000000	104627.000000
0.000000	104627.000000
0.000000	104627.000000
0.000000	104627.000000
0.000000	104627.000000
0.000000	104627.000000
0.000000	104627.000000
0.000000	104627.000000
0.000000	104627.000000
0.000000	104627.000000
0.000000	104627.000000
0.000000	104627.000000
0.000000	104627.000000
0.000000	104627.000000
0.000000	104627.000000
0.000000	104627.000000
0.000000	104628.000000
0.000000	104628.000000
0.000000	104628.000000
0.000000	104628.000000
0.000000	104628.000000
0.000000	104628.000000
0.000000	104628.000000
0.000000	104628.000000
0.000000	104628.000000
0.000000	104628.000000
0.000000	104628.000000
0.000000	104628.000000
0.000000	104628.000000
0.000000	104628.000000
0.000000	104628.000000
0.000000	104628.000000
0.000000	104628.000000
0.000000	104628.000000
0.000000	104629.000000
0.000000	104629.000000
0.000000	104629.000000
0.000000	104629.000000
0.000000	104629.000000
0.000000	104629.000000
0.000000	104629.000000
0.000000	104629.000000
0.000000	104629.000000
0.000000	104629.000000
0.000000	104629.000000
0.000000	104629.000000
0.000000	104629.000000
0.000000	104629.000000
0.000000	104629.000000
0.000000	104629.000000
0.000000	104629.000000
0.000000	104630.000000
0.000000	104630.000000
0.000000	104630.000000
0.000000	104630.000000
0.000000	104630.000000
0.000000	104630.000000
0.000000	104630.000000
0.000000	104630.000000
0.000000	104630.000000
0.000000	104630.000000
0.000000	104630.000000
0.000000	104630.000000
0.000000	104630.000000
0.000000	104630.000000
0.000000	104630.000000
0.000000	104630.000000
0.000000	104630.000000
0.000000	104631.000000
0.000000	104631.000000
0.000000	104631.000000
0.000000	104631.000000
0.000000	104631.000000
0.000000	104631.000000
0.000000	104631.000000
0.000000	104631.000000
0.000000	104631.000000
0.000000	104631.000000
0.000000	104631.000000
0.000000	104631.000000
0.000000	104631.000000
0.000000	104631.000000
0.000000	104631.000000
0.000000	104632.000000
0.000000	104632.000000
0.000000	104632.000000
0.000000	104632.000000
0.000000	104632.000000
0.000000	104632.000000
0.000000	104632.000000
0.000000	104632.000000
0.000000	104632.000000
0.000000	104632.000000
0.000000	104632.000000
0.000000	104632.000000
0.000000	104632.000000
0.000000	104632.000000
0.000000	104632.000000
0.000000	104632.000000
0.000000	104632.000000
0.000000	104632.000000
0.000000	104632.000000
0.000000	104633.000000
0.000000	104633.000000
0.000000	104633.000000
0.000000	104633.000000
0.000000	104633.000000
0.000000	104633.000000
0.000000	104633.000000
0.000000	104633.000000
0.000000	104633.000000
0.000000	104633.000000
0.000000	104633.000000
0.000000	104633.000000
0.000000	104633.000000
0.000000	104633.000000
0.000000	104633.000000
0.000000	104633.000000
0.000000	104633.000000
0.000000	104634.000000
0.000000	104634.000000
0.000000	104634.000000
0.000000	104634.000000
0.000000	104634.000000
0.000000	104634.000000
0.000000	104634.000000
0.000000	104634.000000
0.000000	104634.000000
0.000000	104634.000000
0.000000	104634.000000
0.000000	104634.000000
0.000000	104634.000000
0.000000	104634.000000
0.000000	104634.000000
0.000000	104634.000000
0.000000	104634.000000
0.000000	104635.000000
0.000000	104635.000000
0.000000	104635.000000
0.000000	104635.000000
0.000000	104635.000000
0.000000	104635.000000
0.000000	104635.000000
0.000000	104635.000000
0.000000	104635.000000
0.000000	104635.000000
0.000000	104635.000000
0.000000	104635.000000
0.000000	104635.000000
0.000000	104635.000000
0.000000	104635.000000
0.000000	104635.000000
0.000000	104635.000000
0.000000	104636.000000
0.000000	104636.000000
0.000000	104636.000000
0.000000	104636.000000
0.000000	104636.000000
0.000000	104636.000000
0.000000	104636.000000
0.000000	104636.000000
0.000000	104636.000000
0.000000	104636.000000
0.000000	104636.000000
0.000000	104636.000000
0.000000	104636.000000
0.000000	104636.000000
0.000000	104636.000000
0.000000	104636.000000
0.000000	104636.000000
0.000000	104637.000000
0.000000	104637.000000
0.000000	104637.000000
0.000000	104637.000000
0.000000	104637.000000
0.000000	104637.000000
0.000000	104637.000000
0.000000	104637.000000
0.000000	104637.000000
0.000000	104637.000000
0.000000	104637.000000
0.000000	104637.000000
0.000000	104637.000000
0.000000	104637.000000
0.000000	104637.000000
0.000000	104637.000000
0.000000	104637.000000
0.000000	104638.000000
0.000000	104638.000000
0.000000	104638.000000
0.000000	104638.000000
0.000000	104638.000000
0.000000	104638.000000
0.000000	104638.000000
0.000000	104638.000000
0.000000	104638.000000
0.000000	104638.000000
0.000000	104638.000000
0.000000	104638.000000
0.000000	104638.000000
0.000000	104638.000000
0.000000	104638.000000
0.000000	104638.000000
0.000000	104638.000000
0.000000	104639.000000
0.000000	104639.000000
0.000000	104639.000000
0.000000	104639.000000
0.000000	104639.000000
0.000000	104639.000000
0.000000	104639.000000
0.000000	104639.000000
0.000000	104639.000000
0.000000	104639.000000
0.000000	104639.000000
0.000000	104639.000000
0.000000	104639.000000
0.000000	104639.000000
0.000000	104639.000000
0.000000	104639.000000
0.000000	104639.000000
0.000000	104640.000000
0.000000	104640.000000
0.000000	104640.000000
0.000000	104640.000000
0.000000	104640.000000
0.000000	104640.000000
0.000000	104640.000000
0.000000	104640.000000
0.000000	104640.000000
0.000000	104640.000000
0.000000	104640.000000
0.000000	104640.000000
0.000000	104640.000000
0.000000	104640.000000
0.000000	104640.000000
0.000000	104640.000000
0.000000	104640.000000
0.000000	104641.000000
0.000000	104641.000000
0.000000	104641.000000
0.000000	104641.000000
0.000000	104641.000000
0.000000	104641.000000
0.000000	104641.000000
0.000000	104641.000000
0.000000	104641.000000
0.000000	104641.000000
0.000000	104641.000000
0.000000	104641.000000
0.000000	104641.000000
0.000000	104641.000000
0.000000	104641.000000
0.000000	104641.000000
0.000000	104641.000000
0.000000	104642.000000
0.000000	104642.000000
0.000000	104642.000000
0.000000	104642.000000
0.000000	104642.000000
0.000000	104642.000000
0.000000	104642.000000
0.000000	104642.000000
0.000000	104642.000000
0.000000	104642.000000
0.000000	104642.000000
0.000000	104642.000000
0.000000	104642.000000
0.000000	104642.000000
0.000000	104642.000000
0.000000	104642.000000
0.000000	104642.000000
0.000000	104643.000000
0.000000	104643.000000
0.000000	104643.000000
0.000000	104643.000000
0.000000	104643.000000
0.000000	104643.000000
0.000000	104643.000000
0.000000	104643.000000
0.000000	104643.000000
0.000000	104643.000000
0.000000	104643.000000
0.000000	104643.000000
0.000000	104643.000000
0.000000	104643.000000
0.000000	104643.000000
0.000000	104643.000000
0.000000	104643.000000
0.000000	104643.000000
0.000000	104644.000000
0.000000	104644.000000
0.000000	104644.000000
0.000000	104644.000000
0.000000	104644.000000
0.000000	104644.000000
0.000000	104644.000000
0.000000	104644.000000
0.000000	104644.000000
0.000000	104644.000000
0.000000	104644.000000
0.000000	104644.000000
0.000000	104644.000000
0.000000	104644.000000
0.000000	104644.000000
0.000000	104644.000000
0.000000	104644.000000
0.000000	104645.000000
0.000000	104645.000000
0.000000	104645.000000
0.000000	104645.000000
0.000000	104645.000000
0.000000	104645.000000
0.000000	104645.000000
0.000000	104645.000000
0.000000	104645.000000
0.000000	104645.000000
0.000000	104645.000000
0.000000	104645.000000
0.000000	104645.000000
0.000000	104645.000000
0.000000	104645.000000
0.000000	104645.000000
0.000000	104645.000000
0.000000	104646.000000
0.000000	104646.000000
0.000000	104646.000000
0.000000	104646.000000
0.000000	104646.000000
0.000000	104646.000000
0.000000	104646.000000
0.000000	104646.000000
0.000000	104646.000000
0.000000	104646.000000
0.000000	104646.000000
0.000000	104646.000000
0.000000	104646.000000
0.000000	104646.000000
0.000000	104646.000000
0.000000	104646.000000
0.000000	104646.000000
0.000000	104647.000000
0.000000	104647.000000
0.000000	104647.000000
0.000000	104647.000000
0.000000	104647.000000
0.000000	104647.000000
0.000000	104647.000000
0.000000	104647.000000
0.000000	104647.000000
0.000000	104647.000000
0.000000	104647.000000
0.000000	104647.000000
0.000000	104647.000000
0.000000	104647.000000
0.000000	104647.000000
0.000000	104647.000000
0.000000	104647.000000
0.000000	104648.000000
0.000000	104648.000000
0.000000	104648.000000
0.000000	104648.000000
0.000000	104648.000000
0.000000	104648.000000
0.000000	104648.000000
0.000000	104648.000000
0.000000	104648.000000
0.000000	104648.000000
0.000000	104648.000000
0.000000	104648.000000
0.000000	104648.000000
0.000000	104648.000000
0.000000	104648.000000
0.000000	104648.000000
0.000000	104648.000000
0.000000	104649.000000
0.000000	104649.000000
0.000000	104649.000000
0.000000	104649.000000
0.000000	104649.000000
0.000000	104649.000000
0.000000	104649.000000
0.000000	104649.000000
0.000000	104649.000000
0.000000	104649.000000
0.000000	104649.000000
0.000000	104649.000000
0.000000	104649.000000
0.000000	104649.000000
0.000000	104649.000000
0.000000	104649.000000
0.000000	104649.000000
0.000000	104650.000000
0.000000	104650.000000
0.000000	104650.000000
0.000000	104650.000000
0.000000	104650.000000
0.000000	104650.000000
0.000000	104650.000000
0.000000	104650.000000
0.000000	104650.000000
0.000000	104650.000000
0.000000	104650.000000
0.000000	104650.000000
0.000000	104650.000000
0.000000	104650.000000
0.000000	104650.000000
0.000000	104650.000000
0.000000	104650.000000
0.000000	104651.000000
0.000000	104651.000000
0.000000	104651.000000
0.000000	104651.000000
0.000000	104651.000000
0.000000	104651.000000
0.000000	104651.000000
0.000000	104651.000000
0.000000	104651.000000
0.000000	104651.000000
0.000000	104651.000000
0.000000	104651.000000
0.000000	104651.000000
0.000000	104651.000000
0.000000	104651.000000
0.000000	104651.000000
0.000000	104651.000000
0.000000	104652.000000
0.000000	104652.000000
0.000000	104652.000000
0.000000	104652.000000
0.000000	104652.000000
0.000000	104652.000000
0.000000	104652.000000
0.000000	104652.000000
0.000000	104652.000000
0.000000	104652.000000
0.000000	104652.000000
0.000000	104652.000000
0.000000	104652.000000
0.000000	104652.000000
0.000000	104652.000000
0.000000	104652.000000
0.000000	104652.000000
0.000000	104653.000000
0.000000	104653.000000
0.000000	104653.000000
0.000000	104653.000000
0.000000	104653.000000
0.000000	104653.000000
0.000000	104653.000000
0.000000	104653.000000
0.000000	104653.000000
0.000000	104653.000000
0.000000	104653.000000
0.000000	104653.000000
0.000000	104653.000000
0.000000	104653.000000
0.000000	104653.000000
0.000000	104653.000000
0.000000	104653.000000
0.000000	104654.000000
0.000000	104654.000000
0.000000	104654.000000
0.000000	104654.000000
0.000000	104654.000000
0.000000	104654.000000
0.000000	104654.000000
0.000000	104654.000000
0.000000	104654.000000
0.000000	104654.000000
0.000000	104654.000000
0.000000	104654.000000
0.000000	104654.000000
0.000000	104654.000000
0.000000	104654.000000
0.000000	104654.000000
0.000000	104654.000000
0.000000	104655.000000
0.000000	104655.000000
0.000000	104655.000000
0.000000	104655.000000
0.000000	104655.000000
0.000000	104655.000000
0.000000	104655.000000
0.000000	104655.000000
0.000000	104655.000000
0.000000	104655.000000
0.000000	104655.000000
0.000000	104655.000000
0.000000	104655.000000
0.000000	104655.000000
0.000000	104655.000000
0.000000	104655.000000
0.000000	104655.000000
0.000000	104656.000000
0.000000	104656.000000
0.000000	104656.000000
0.000000	104656.000000
0.000000	104656.000000
0.000000	104656.000000
0.000000	104656.000000
0.000000	104656.000000
0.000000	104656.000000
0.000000	104656.000000
0.000000	104656.000000
0.000000	104656.000000
0.000000	104656.000000
0.000000	104656.000000
0.000000	104656.000000
0.000000	104656.000000
0.000000	104656.000000
0.000000	104657.000000
0.000000	104657.000000
0.000000	104657.000000
0.000000	104657.000000
0.000000	104657.000000
0.000000	104657.000000
0.000000	104657.000000
0.000000	104657.000000
0.000000	104657.000000
0.000000	104657.000000
0.000000	104657.000000
0.000000	104657.000000
0.000000	104657.000000
0.000000	104657.000000
0.000000	104657.000000
0.000000	104657.000000
0.000000	104657.000000
0.000000	104658.000000
0.000000	104658.000000
0.000000	104658.000000
0.000000	104658.000000
0.000000	104658.000000
0.000000	104658.000000
0.000000	104658.000000
0.000000	104658.000000
0.000000	104658.000000
0.000000	104658.000000
0.000000	104658.000000
0.000000	104658.000000
0.000000	104658.000000
0.000000	104658.000000
0.000000	104658.000000
0.000000	104658.000000
0.000000	104658.000000
0.000000	104658.000000
0.000000	104659.000000
0.000000	104659.000000
0.000000	104659.000000
0.000000	104659.000000
0.000000	104659.000000
0.000000	104659.000000
0.000000	104659.000000
0.000000	104659.000000
0.000000	104659.000000
0.000000	104659.000000
0.000000	104659.000000
0.000000	104659.000000
0.000000	104659.000000
0.000000	104659.000000
0.000000	104659.000000
0.000000	104659.000000
0.000000	104659.000000
0.000000	104700.000000
0.000000	104700.000000
0.000000	104700.000000
0.000000	104700.000000
0.000000	104700.000000
0.000000	104700.000000
0.000000	104700.000000
0.000000	104700.000000
0.000000	104700.000000
0.000000	104700.000000
0.000000	104700.000000
0.000000	104700.000000
0.000000	104700.000000
0.000000	104700.000000
0.000000	104700.000000
0.000000	104700.000000
0.000000	104700.000000
0.000000	104701.000000
0.000000	104701.000000
0.000000	104701.000000
0.000000	104701.000000
0.000000	104701.000000
0.000000	104701.000000
0.000000	104701.000000
0.000000	104701.000000
0.000000	104701.000000
0.000000	104701.000000
0.000000	104701.000000
0.000000	104701.000000
0.000000	104701.000000
0.000000	104701.000000
0.000000	104701.000000
0.000000	104701.000000
0.000000	104701.000000
0.000000	104702.000000
0.000000	104702.000000
0.000000	104702.000000
0.000000	104702.000000
0.000000	104702.000000
0.000000	104702.000000
0.000000	104702.000000
0.000000	104702.000000
0.000000	104702.000000
0.000000	104702.000000
0.000000	104702.000000
0.000000	104702.000000
0.000000	104702.000000
0.000000	104702.000000
0.000000	104702.000000
0.000000	104702.000000
0.000000	104702.000000
0.000000	104703.000000
0.000000	104703.000000
0.000000	104703.000000
0.000000	104703.000000
0.000000	104703.000000
0.000000	104703.000000
0.000000	104703.000000
0.000000	104703.000000
0.000000	104703.000000
0.000000	104703.000000
0.000000	104703.000000
0.000000	104703.000000
0.000000	104703.000000
0.000000	104703.000000
0.000000	104703.000000
0.000000	104703.000000
0.000000	104703.000000
0.000000	104704.000000
0.000000	104704.000000
0.000000	104704.000000
0.000000	104704.000000
0.000000	104704.000000
0.000000	104704.000000
0.000000	104704.000000
0.000000	104704.000000
0.000000	104704.000000
0.000000	104704.000000
0.000000	104704.000000
0.000000	104704.000000
0.000000	104704.000000
0.000000	104704.000000
0.000000	104704.000000
0.000000	104704.000000
0.000000	104704.000000
0.000000	104705.000000
0.000000	104705.000000
0.000000	104705.000000
0.000000	104705.000000
0.000000	104705.000000
0.000000	104705.000000
0.000000	104705.000000
0.000000	104705.000000
0.000000	104705.000000
0.000000	104705.000000
0.000000	104705.000000
0.000000	104705.000000
0.000000	104705.000000
0.000000	104705.000000
0.000000	104705.000000
0.000000	104705.000000
0.000000	104705.000000
0.000000	104706.000000
0.000000	104706.000000
0.000000	104706.000000
0.000000	104706.000000
0.000000	104706.000000
0.000000	104706.000000
0.000000	104706.000000
0.000000	104706.000000
0.000000	104706.000000
0.000000	104706.000000
0.000000	104706.000000
0.000000	104706.000000
0.000000	104706.000000
0.000000	104706.000000
0.000000	104706.000000
0.000000	104706.000000
0.000000	104706.000000
0.000000	104707.000000
0.000000	104707.000000
0.000000	104707.000000
0.000000	104707.000000
0.000000	104707.000000
0.000000	104707.000000
0.000000	104707.000000
0.000000	104707.000000
0.000000	104707.000000
0.000000	104707.000000
0.000000	104707.000000
0.000000	104707.000000
0.000000	104707.000000
0.000000	104707.000000
0.000000	104707.000000
0.000000	104707.000000
0.000000	104707.000000
0.000000	104708.000000
0.000000	104708.000000
0.000000	104708.000000
0.000000	104708.000000
0.000000	104708.000000
0.000000	104708.000000
0.000000	104708.000000
0.000000	104708.000000
0.000000	104708.000000
0.000000	104708.000000
0.000000	104708.000000
0.000000	104708.000000
0.000000	104708.000000
0.000000	104708.000000
0.000000	104708.000000
0.000000	104708.000000
0.000000	104708.000000
0.000000	104709.000000
0.000000	104709.000000
0.000000	104709.000000
0.000000	104709.000000
0.000000	104709.000000
0.000000	104709.000000
0.000000	104709.000000
0.000000	104709.000000
0.000000	104709.000000
0.000000	104709.000000
0.000000	104709.000000
0.000000	104709.000000
0.000000	104709.000000
0.000000	104709.000000
0.000000	104709.000000
0.000000	104709.000000
0.000000	104709.000000
0.000000	104710.000000
0.000000	104710.000000
0.000000	104710.000000
0.000000	104710.000000
0.000000	104710.000000
0.000000	104710.000000
0.000000	104710.000000
0.000000	104710.000000
0.000000	104710.000000
0.000000	104710.000000
0.000000	104710.000000
0.000000	104710.000000
0.000000	104710.000000
0.000000	104710.000000
0.000000	104710.000000
0.000000	104710.000000
0.000000	104711.000000
0.000000	104711.000000
0.000000	104711.000000
0.000000	104711.000000
0.000000	104711.000000
0.000000	104711.000000
0.000000	104711.000000
0.000000	104711.000000
0.000000	104711.000000
0.000000	104711.000000
0.000000	104711.000000
0.000000	104711.000000
0.000000	104711.000000
0.000000	104711.000000
0.000000	104711.000000
0.000000	104711.000000
0.000000	104711.000000
0.000000	104712.000000
0.000000	104712.000000
0.000000	104712.000000
0.000000	104712.000000
0.000000	104712.000000
0.000000	104712.000000
0.000000	104712.000000
0.000000	104712.000000
0.000000	104712.000000
0.000000	104712.000000
0.000000	104712.000000
0.000000	104712.000000
0.000000	104712.000000
0.000000	104712.000000
0.000000	104712.000000
0.000000	104712.000000
0.000000	104712.000000
0.000000	104712.000000
0.000000	104713.000000
0.000000	104713.000000
0.000000	104713.000000
0.000000	104713.000000
0.000000	104713.000000
0.000000	104713.000000
0.000000	104713.000000
0.000000	104713.000000
0.000000	104713.000000
0.000000	104713.000000
0.000000	104713.000000
0.000000	104713.000000
0.000000	104713.000000
0.000000	104713.000000
0.000000	104713.000000
0.000000	104713.000000
0.000000	104713.000000
0.000000	104713.000000
0.000000	104714.000000
0.000000	104714.000000
0.000000	104714.000000
0.000000	104714.000000
0.000000	104714.000000
0.000000	104714.000000
0.000000	104714.000000
0.000000	104714.000000
0.000000	104714.000000
0.000000	104714.000000
0.000000	104714.000000
0.000000	104714.000000
0.000000	104714.000000
0.000000	104714.000000
0.000000	104714.000000
0.000000	104714.000000
0.000000	104714.000000
0.000000	104715.000000
0.000000	104715.000000
0.000000	104715.000000
0.000000	104715.000000
0.000000	104715.000000
0.000000	104715.000000
0.000000	104715.000000
0.000000	104715.000000
0.000000	104715.000000
0.000000	104715.000000
0.000000	104715.000000
0.000000	104715.000000
0.000000	104715.000000
0.000000	104715.000000
0.000000	104715.000000
0.000000	104715.000000
0.000000	104715.000000
0.000000	104716.000000
0.000000	104716.000000
0.000000	104716.000000
0.000000	104716.000000
0.000000	104716.000000
0.000000	104716.000000
0.000000	104716.000000
0.000000	104716.000000
0.000000	104716.000000
0.000000	104716.000000
0.000000	104716.000000
0.000000	104716.000000
0.000000	104716.000000
0.000000	104716.000000
0.000000	104716.000000
0.000000	104716.000000
0.000000	104716.000000
0.000000	104717.000000
0.000000	104717.000000
0.000000	104717.000000
0.000000	104717.000000
0.000000	104717.000000
0.000000	104717.000000
0.000000	104717.000000
0.000000	104717.000000
0.000000	104717.000000
0.000000	104717.000000
0.000000	104717.000000
0.000000	104717.000000
0.000000	104717.000000
0.000000	104717.000000
0.000000	104717.000000
0.000000	104717.000000
0.000000	104717.000000
0.000000	104718.000000
0.000000	104718.000000
0.000000	104718.000000
0.000000	104718.000000
0.000000	104718.000000
0.000000	104718.000000
0.000000	104718.000000
0.000000	104718.000000
0.000000	104718.000000
0.000000	104718.000000
0.000000	104718.000000
0.000000	104718.000000
0.000000	104718.000000
0.000000	104718.000000
0.000000	104718.000000
0.000000	104718.000000
0.000000	104719.000000
0.000000	104719.000000
0.000000	104719.000000
0.000000	104719.000000
0.000000	104719.000000
0.000000	104719.000000
0.000000	104719.000000
0.000000	104719.000000
0.000000	104719.000000
0.000000	104719.000000
0.000000	104719.000000
0.000000	104719.000000
0.000000	104719.000000
0.000000	104719.000000
0.000000	104719.000000
0.000000	104719.000000
0.000000	104719.000000
0.000000	104719.000000
0.000000	104720.000000
0.000000	104720.000000
0.000000	104720.000000
0.000000	104720.000000
0.000000	104720.000000
0.000000	104720.000000
0.000000	104720.000000
0.000000	104720.000000
