0.000000	10512.000000
0.000000	10512.000000
0.000000	10512.000000
0.000000	10512.000000
0.000000	10512.000000
0.000000	10512.000000
0.000000	10512.000000
0.000000	10512.000000
0.000000	10512.000000
0.000000	10513.000000
0.000000	10513.000000
0.000000	10513.000000
0.000000	10513.000000
0.000000	10513.000000
0.000000	10513.000000
0.000000	10513.000000
0.000000	10513.000000
0.000000	10513.000000
0.000000	10513.000000
0.000000	10513.000000
0.000000	10513.000000
0.000000	10513.000000
0.000000	10513.000000
0.000000	10513.000000
0.000000	10513.000000
0.000000	10513.000000
0.000000	10514.000000
0.000000	10514.000000
0.000000	10514.000000
0.000000	10514.000000
0.000000	10514.000000
0.000000	10514.000000
0.000000	10514.000000
0.000000	10514.000000
0.000000	10514.000000
0.000000	10514.000000
0.000000	10514.000000
0.000000	10514.000000
0.000000	10514.000000
0.000000	10514.000000
0.000000	10514.000000
0.000000	10514.000000
0.000000	10514.000000
0.000000	10515.000000
0.000000	10515.000000
0.000000	10515.000000
0.000000	10515.000000
0.000000	10515.000000
0.000000	10515.000000
0.000000	10515.000000
0.000000	10515.000000
0.000000	10515.000000
0.000000	10515.000000
0.000000	10515.000000
0.000000	10515.000000
0.000000	10515.000000
0.000000	10515.000000
0.000000	10515.000000
0.000000	10515.000000
0.000000	10515.000000
0.000000	10516.000000
0.000000	10516.000000
0.000000	10516.000000
0.000000	10516.000000
0.000000	10516.000000
0.000000	10516.000000
0.000000	10516.000000
0.000000	10516.000000
0.000000	10516.000000
0.000000	10516.000000
0.000000	10516.000000
0.000000	10516.000000
0.000000	10516.000000
0.000000	10516.000000
0.000000	10516.000000
0.000000	10516.000000
0.000000	10516.000000
0.000000	10517.000000
0.000000	10517.000000
0.000000	10517.000000
0.000000	10517.000000
0.000000	10517.000000
0.000000	10517.000000
0.000000	10517.000000
0.000000	10517.000000
0.000000	10517.000000
0.000000	10517.000000
0.000000	10517.000000
0.000000	10517.000000
0.000000	10517.000000
0.000000	10517.000000
0.000000	10517.000000
0.000000	10517.000000
0.000000	10517.000000
0.000000	10518.000000
0.000000	10518.000000
0.000000	10518.000000
0.000000	10518.000000
0.000000	10518.000000
0.000000	10518.000000
0.000000	10518.000000
0.000000	10518.000000
0.000000	10518.000000
0.000000	10518.000000
0.000000	10518.000000
0.000000	10518.000000
0.000000	10518.000000
0.000000	10518.000000
0.000000	10518.000000
0.000000	10518.000000
0.000000	10518.000000
0.000000	10519.000000
0.000000	10519.000000
0.000000	10519.000000
0.000000	10519.000000
0.000000	10519.000000
0.000000	10519.000000
0.000000	10519.000000
0.000000	10519.000000
0.000000	10519.000000
0.000000	10519.000000
0.000000	10519.000000
0.000000	10519.000000
0.000000	10519.000000
0.000000	10519.000000
0.000000	10519.000000
0.000000	10519.000000
0.000000	10519.000000
0.000000	10519.000000
0.000000	10520.000000
0.000000	10520.000000
0.000000	10520.000000
0.000000	10520.000000
0.000000	10520.000000
0.000000	10520.000000
0.000000	10520.000000
0.000000	10520.000000
0.000000	10520.000000
0.000000	10520.000000
0.000000	10520.000000
0.000000	10520.000000
0.000000	10520.000000
0.000000	10520.000000
0.000000	10520.000000
0.000000	10520.000000
0.000000	10520.000000
0.000000	10521.000000
0.000000	10521.000000
0.000000	10521.000000
0.000000	10521.000000
0.000000	10521.000000
0.000000	10521.000000
0.000000	10521.000000
0.000000	10521.000000
0.000000	10521.000000
0.000000	10521.000000
0.000000	10521.000000
0.000000	10521.000000
0.000000	10521.000000
0.000000	10521.000000
0.000000	10521.000000
0.000000	10521.000000
0.000000	10521.000000
0.000000	10522.000000
0.000000	10522.000000
0.000000	10522.000000
0.000000	10522.000000
0.000000	10522.000000
0.000000	10522.000000
0.000000	10522.000000
0.000000	10522.000000
0.000000	10522.000000
0.000000	10522.000000
0.000000	10522.000000
0.000000	10522.000000
0.000000	10522.000000
0.000000	10522.000000
0.000000	10522.000000
0.000000	10522.000000
0.000000	10522.000000
0.000000	10523.000000
0.000000	10523.000000
0.000000	10523.000000
0.000000	10523.000000
0.000000	10523.000000
0.000000	10523.000000
0.000000	10523.000000
0.000000	10523.000000
0.000000	10523.000000
0.000000	10523.000000
0.000000	10523.000000
0.000000	10523.000000
0.000000	10523.000000
0.000000	10523.000000
0.000000	10523.000000
0.000000	10523.000000
0.000000	10523.000000
0.000000	10524.000000
0.000000	10524.000000
0.000000	10524.000000
0.000000	10524.000000
0.000000	10524.000000
0.000000	10524.000000
0.000000	10524.000000
0.000000	10524.000000
0.000000	10524.000000
0.000000	10524.000000
0.000000	10524.000000
0.000000	10524.000000
0.000000	10524.000000
0.000000	10524.000000
0.000000	10524.000000
0.000000	10524.000000
0.000000	10524.000000
0.000000	10525.000000
0.000000	10525.000000
0.000000	10525.000000
0.000000	10525.000000
0.000000	10525.000000
0.000000	10525.000000
0.000000	10525.000000
0.000000	10525.000000
0.000000	10525.000000
0.000000	10525.000000
0.000000	10525.000000
0.000000	10525.000000
0.000000	10525.000000
0.000000	10525.000000
0.000000	10525.000000
0.000000	10525.000000
0.000000	10525.000000
0.000000	10526.000000
0.000000	10526.000000
0.000000	10526.000000
0.000000	10526.000000
0.000000	10526.000000
0.000000	10526.000000
0.000000	10526.000000
0.000000	10526.000000
0.000000	10526.000000
0.000000	10526.000000
0.000000	10526.000000
0.000000	10526.000000
0.000000	10526.000000
0.000000	10526.000000
0.000000	10526.000000
0.000000	10526.000000
0.000000	10526.000000
0.000000	10527.000000
0.000000	10527.000000
0.000000	10527.000000
0.000000	10527.000000
0.000000	10527.000000
0.000000	10527.000000
0.000000	10527.000000
0.000000	10527.000000
0.000000	10527.000000
0.000000	10527.000000
0.000000	10527.000000
0.000000	10527.000000
0.000000	10527.000000
0.000000	10527.000000
0.000000	10527.000000
0.000000	10527.000000
0.000000	10527.000000
0.000000	10528.000000
0.000000	10528.000000
0.000000	10528.000000
0.000000	10528.000000
0.000000	10528.000000
0.000000	10528.000000
0.000000	10528.000000
0.000000	10528.000000
0.000000	10528.000000
0.000000	10528.000000
0.000000	10528.000000
0.000000	10528.000000
0.000000	10528.000000
0.000000	10528.000000
0.000000	10528.000000
0.000000	10528.000000
0.000000	10528.000000
0.000000	10529.000000
0.000000	10529.000000
0.000000	10529.000000
0.000000	10529.000000
0.000000	10529.000000
0.000000	10529.000000
0.000000	10529.000000
0.000000	10529.000000
0.000000	10529.000000
0.000000	10529.000000
0.000000	10529.000000
0.000000	10529.000000
0.000000	10529.000000
0.000000	10529.000000
0.000000	10529.000000
0.000000	10529.000000
0.000000	10529.000000
0.000000	10530.000000
0.000000	10530.000000
0.000000	10530.000000
0.000000	10530.000000
0.000000	10530.000000
0.000000	10530.000000
0.000000	10530.000000
0.000000	10530.000000
0.000000	10530.000000
0.000000	10530.000000
0.000000	10530.000000
0.000000	10530.000000
0.000000	10530.000000
0.000000	10530.000000
0.000000	10530.000000
0.000000	10530.000000
0.000000	10530.000000
0.000000	10531.000000
0.000000	10531.000000
0.000000	10531.000000
0.000000	10531.000000
0.000000	10531.000000
0.000000	10531.000000
0.000000	10531.000000
0.000000	10531.000000
0.000000	10531.000000
0.000000	10531.000000
0.000000	10531.000000
0.000000	10531.000000
0.000000	10531.000000
0.000000	10531.000000
0.000000	10531.000000
0.000000	10531.000000
0.000000	10531.000000
0.000000	10532.000000
0.000000	10532.000000
0.000000	10532.000000
0.000000	10532.000000
0.000000	10532.000000
0.000000	10532.000000
0.000000	10532.000000
0.000000	10532.000000
0.000000	10532.000000
0.000000	10532.000000
0.000000	10532.000000
0.000000	10532.000000
0.000000	10532.000000
0.000000	10532.000000
0.000000	10532.000000
0.000000	10532.000000
0.000000	10532.000000
0.000000	10533.000000
0.000000	10533.000000
0.000000	10533.000000
0.000000	10533.000000
0.000000	10533.000000
0.000000	10533.000000
0.000000	10533.000000
0.000000	10533.000000
0.000000	10533.000000
0.000000	10533.000000
0.000000	10533.000000
0.000000	10533.000000
0.000000	10533.000000
0.000000	10533.000000
0.000000	10533.000000
0.000000	10533.000000
0.000000	10533.000000
0.000000	10534.000000
0.000000	10534.000000
0.000000	10534.000000
0.000000	10534.000000
0.000000	10534.000000
0.000000	10534.000000
0.000000	10534.000000
0.000000	10534.000000
0.000000	10534.000000
0.000000	10534.000000
0.000000	10534.000000
0.000000	10534.000000
0.000000	10534.000000
0.000000	10534.000000
0.000000	10534.000000
0.000000	10534.000000
0.000000	10534.000000
0.000000	10535.000000
0.000000	10535.000000
0.000000	10535.000000
0.000000	10535.000000
0.000000	10535.000000
0.000000	10535.000000
0.000000	10535.000000
0.000000	10535.000000
0.000000	10535.000000
0.000000	10535.000000
0.000000	10535.000000
0.000000	10535.000000
0.000000	10535.000000
0.000000	10535.000000
0.000000	10535.000000
0.000000	10535.000000
0.000000	10535.000000
0.000000	10535.000000
0.000000	10536.000000
0.000000	10536.000000
0.000000	10536.000000
0.000000	10536.000000
0.000000	10536.000000
0.000000	10536.000000
0.000000	10536.000000
0.000000	10536.000000
0.000000	10536.000000
0.000000	10536.000000
0.000000	10536.000000
0.000000	10536.000000
0.000000	10536.000000
0.000000	10536.000000
0.000000	10536.000000
0.000000	10536.000000
0.000000	10536.000000
0.000000	10537.000000
0.000000	10537.000000
0.000000	10537.000000
0.000000	10537.000000
0.000000	10537.000000
0.000000	10537.000000
0.000000	10537.000000
0.000000	10537.000000
0.000000	10537.000000
0.000000	10537.000000
0.000000	10537.000000
0.000000	10537.000000
0.000000	10537.000000
0.000000	10537.000000
0.000000	10537.000000
0.000000	10537.000000
0.000000	10537.000000
0.000000	10538.000000
0.000000	10538.000000
0.000000	10538.000000
0.000000	10538.000000
0.000000	10538.000000
0.000000	10538.000000
0.000000	10538.000000
0.000000	10538.000000
0.000000	10538.000000
0.000000	10538.000000
0.000000	10538.000000
0.000000	10538.000000
0.000000	10538.000000
0.000000	10538.000000
0.000000	10538.000000
0.000000	10538.000000
0.000000	10538.000000
0.000000	10539.000000
0.000000	10539.000000
0.000000	10539.000000
0.000000	10539.000000
0.000000	10539.000000
0.000000	10539.000000
0.000000	10539.000000
0.000000	10539.000000
0.000000	10539.000000
0.000000	10539.000000
0.000000	10539.000000
0.000000	10539.000000
0.000000	10539.000000
0.000000	10539.000000
0.000000	10539.000000
0.000000	10539.000000
0.000000	10539.000000
0.000000	10540.000000
0.000000	10540.000000
0.000000	10540.000000
0.000000	10540.000000
0.000000	10540.000000
0.000000	10540.000000
0.000000	10540.000000
0.000000	10540.000000
0.000000	10540.000000
0.000000	10540.000000
0.000000	10540.000000
0.000000	10540.000000
0.000000	10540.000000
0.000000	10540.000000
0.000000	10540.000000
0.000000	10540.000000
0.000000	10540.000000
0.000000	10541.000000
0.000000	10541.000000
0.000000	10541.000000
0.000000	10541.000000
0.000000	10541.000000
0.000000	10541.000000
0.000000	10541.000000
0.000000	10541.000000
0.000000	10541.000000
0.000000	10541.000000
0.000000	10541.000000
0.000000	10541.000000
0.000000	10541.000000
0.000000	10541.000000
0.000000	10541.000000
0.000000	10541.000000
0.000000	10541.000000
0.000000	10542.000000
0.000000	10542.000000
0.000000	10542.000000
0.000000	10542.000000
0.000000	10542.000000
0.000000	10542.000000
0.000000	10542.000000
0.000000	10542.000000
0.000000	10542.000000
0.000000	10542.000000
0.000000	10542.000000
0.000000	10542.000000
0.000000	10542.000000
0.000000	10542.000000
0.000000	10542.000000
0.000000	10542.000000
0.000000	10542.000000
0.000000	10543.000000
0.000000	10543.000000
0.000000	10543.000000
0.000000	10543.000000
0.000000	10543.000000
0.000000	10543.000000
0.000000	10543.000000
0.000000	10543.000000
0.000000	10543.000000
0.000000	10543.000000
0.000000	10543.000000
0.000000	10543.000000
0.000000	10543.000000
0.000000	10543.000000
0.000000	10543.000000
0.000000	10543.000000
0.000000	10543.000000
0.000000	10544.000000
0.000000	10544.000000
0.000000	10544.000000
0.000000	10544.000000
0.000000	10544.000000
0.000000	10544.000000
0.000000	10544.000000
0.000000	10544.000000
0.000000	10544.000000
0.000000	10544.000000
0.000000	10544.000000
0.000000	10544.000000
0.000000	10544.000000
0.000000	10544.000000
0.000000	10544.000000
0.000000	10544.000000
0.000000	10544.000000
0.000000	10545.000000
0.000000	10545.000000
0.000000	10545.000000
0.000000	10545.000000
0.000000	10545.000000
0.000000	10545.000000
0.000000	10545.000000
0.000000	10545.000000
0.000000	10545.000000
0.000000	10545.000000
0.000000	10545.000000
0.000000	10545.000000
0.000000	10545.000000
0.000000	10545.000000
0.000000	10545.000000
0.000000	10545.000000
0.000000	10545.000000
0.000000	10546.000000
0.000000	10546.000000
0.000000	10546.000000
0.000000	10546.000000
0.000000	10546.000000
0.000000	10546.000000
0.000000	10546.000000
0.000000	10546.000000
0.000000	10546.000000
0.000000	10546.000000
0.000000	10546.000000
0.000000	10546.000000
0.000000	10546.000000
0.000000	10546.000000
0.000000	10546.000000
0.000000	10546.000000
0.000000	10546.000000
0.000000	10547.000000
0.000000	10547.000000
0.000000	10547.000000
0.000000	10547.000000
0.000000	10547.000000
0.000000	10547.000000
0.000000	10547.000000
0.000000	10547.000000
0.000000	10547.000000
0.000000	10547.000000
0.000000	10547.000000
0.000000	10547.000000
0.000000	10547.000000
0.000000	10547.000000
0.000000	10547.000000
0.000000	10547.000000
0.000000	10547.000000
0.000000	10548.000000
0.000000	10548.000000
0.000000	10548.000000
0.000000	10548.000000
0.000000	10548.000000
0.000000	10548.000000
0.000000	10548.000000
0.000000	10548.000000
0.000000	10548.000000
0.000000	10548.000000
0.000000	10548.000000
0.000000	10548.000000
0.000000	10548.000000
0.000000	10548.000000
0.000000	10548.000000
0.000000	10548.000000
0.000000	10548.000000
0.000000	10549.000000
0.000000	10549.000000
0.000000	10549.000000
0.000000	10549.000000
0.000000	10549.000000
0.000000	10549.000000
0.000000	10549.000000
0.000000	10549.000000
0.000000	10549.000000
0.000000	10549.000000
0.000000	10549.000000
0.000000	10549.000000
0.000000	10549.000000
0.000000	10549.000000
0.000000	10549.000000
0.000000	10549.000000
0.000000	10549.000000
0.000000	10550.000000
0.000000	10550.000000
0.000000	10550.000000
0.000000	10550.000000
0.000000	10550.000000
0.000000	10550.000000
0.000000	10550.000000
0.000000	10550.000000
0.000000	10550.000000
0.000000	10550.000000
0.000000	10550.000000
0.000000	10550.000000
0.000000	10550.000000
0.000000	10550.000000
0.000000	10550.000000
0.000000	10550.000000
0.000000	10550.000000
0.000000	10550.000000
0.000000	10551.000000
0.000000	10551.000000
0.000000	10551.000000
0.000000	10551.000000
0.000000	10551.000000
0.000000	10551.000000
0.000000	10551.000000
0.000000	10551.000000
0.000000	10551.000000
0.000000	10551.000000
0.000000	10551.000000
0.000000	10551.000000
0.000000	10551.000000
0.000000	10551.000000
0.000000	10551.000000
0.000000	10551.000000
0.000000	10551.000000
0.000000	10552.000000
0.000000	10552.000000
0.000000	10552.000000
0.000000	10552.000000
0.000000	10552.000000
0.000000	10552.000000
0.000000	10552.000000
0.000000	10552.000000
0.000000	10552.000000
0.000000	10552.000000
0.000000	10552.000000
0.000000	10552.000000
0.000000	10552.000000
0.000000	10552.000000
0.000000	10552.000000
0.000000	10552.000000
0.000000	10552.000000
0.000000	10553.000000
0.000000	10553.000000
0.000000	10553.000000
0.000000	10553.000000
0.000000	10553.000000
0.000000	10553.000000
0.000000	10553.000000
0.000000	10553.000000
0.000000	10553.000000
0.000000	10553.000000
0.000000	10553.000000
0.000000	10553.000000
0.000000	10553.000000
0.000000	10553.000000
0.000000	10553.000000
0.000000	10553.000000
0.000000	10553.000000
0.000000	10554.000000
0.000000	10554.000000
0.000000	10554.000000
0.000000	10554.000000
0.000000	10554.000000
0.000000	10554.000000
0.000000	10554.000000
0.000000	10554.000000
0.000000	10554.000000
0.000000	10554.000000
0.000000	10554.000000
0.000000	10554.000000
0.000000	10554.000000
0.000000	10554.000000
0.000000	10554.000000
0.000000	10554.000000
0.000000	10554.000000
0.000000	10555.000000
0.000000	10555.000000
0.000000	10555.000000
0.000000	10555.000000
0.000000	10555.000000
0.000000	10555.000000
0.000000	10555.000000
0.000000	10555.000000
0.000000	10555.000000
0.000000	10555.000000
0.000000	10555.000000
0.000000	10555.000000
0.000000	10555.000000
0.000000	10555.000000
0.000000	10555.000000
0.000000	10555.000000
0.000000	10555.000000
0.000000	10556.000000
0.000000	10556.000000
0.000000	10556.000000
0.000000	10556.000000
0.000000	10556.000000
0.000000	10556.000000
0.000000	10556.000000
0.000000	10556.000000
0.000000	10556.000000
0.000000	10556.000000
0.000000	10556.000000
0.000000	10556.000000
0.000000	10556.000000
0.000000	10556.000000
0.000000	10556.000000
0.000000	10556.000000
0.000000	10556.000000
0.000000	10557.000000
0.000000	10557.000000
0.000000	10557.000000
0.000000	10557.000000
0.000000	10557.000000
0.000000	10557.000000
0.000000	10557.000000
0.000000	10557.000000
0.000000	10557.000000
0.000000	10557.000000
0.000000	10557.000000
0.000000	10557.000000
0.000000	10557.000000
0.000000	10557.000000
0.000000	10557.000000
0.000000	10557.000000
0.000000	10557.000000
0.000000	10558.000000
0.000000	10558.000000
0.000000	10558.000000
0.000000	10558.000000
0.000000	10558.000000
0.000000	10558.000000
0.000000	10558.000000
0.000000	10558.000000
0.000000	10558.000000
0.000000	10558.000000
0.000000	10558.000000
0.000000	10558.000000
0.000000	10558.000000
0.000000	10558.000000
0.000000	10558.000000
0.000000	10558.000000
0.000000	10558.000000
0.000000	10559.000000
0.000000	10559.000000
0.000000	10559.000000
0.000000	10559.000000
0.000000	10559.000000
0.000000	10559.000000
0.000000	10559.000000
0.000000	10559.000000
0.000000	10559.000000
0.000000	10559.000000
0.000000	10559.000000
0.000000	10559.000000
0.000000	10559.000000
0.000000	10559.000000
0.000000	10559.000000
0.000000	10559.000000
0.000000	10559.000000
0.000000	10600.000000
0.000000	10600.000000
0.000000	10600.000000
0.000000	10600.000000
0.000000	10600.000000
0.000000	10600.000000
0.000000	10600.000000
0.000000	10600.000000
0.000000	10600.000000
0.000000	10600.000000
0.000000	10600.000000
0.000000	10600.000000
0.000000	10600.000000
0.000000	10600.000000
0.000000	10600.000000
0.000000	10600.000000
0.000000	10600.000000
0.000000	10601.000000
0.000000	10601.000000
0.000000	10601.000000
0.000000	10601.000000
0.000000	10601.000000
0.000000	10601.000000
0.000000	10601.000000
0.000000	10601.000000
0.000000	10601.000000
0.000000	10601.000000
0.000000	10601.000000
0.000000	10601.000000
0.000000	10601.000000
0.000000	10601.000000
0.000000	10601.000000
0.000000	10601.000000
0.000000	10601.000000
0.000000	10602.000000
0.000000	10602.000000
0.000000	10602.000000
0.000000	10602.000000
0.000000	10602.000000
0.000000	10602.000000
0.000000	10602.000000
0.000000	10602.000000
0.000000	10602.000000
0.000000	10602.000000
0.000000	10602.000000
0.000000	10602.000000
0.000000	10602.000000
0.000000	10602.000000
0.000000	10602.000000
0.000000	10602.000000
0.000000	10602.000000
0.000000	10603.000000
0.000000	10603.000000
0.000000	10603.000000
0.000000	10603.000000
0.000000	10603.000000
0.000000	10603.000000
0.000000	10603.000000
0.000000	10603.000000
0.000000	10603.000000
0.000000	10603.000000
0.000000	10603.000000
0.000000	10603.000000
0.000000	10603.000000
0.000000	10603.000000
0.000000	10603.000000
0.000000	10603.000000
0.000000	10603.000000
0.000000	10604.000000
0.000000	10604.000000
0.000000	10604.000000
0.000000	10604.000000
0.000000	10604.000000
0.000000	10604.000000
0.000000	10604.000000
0.000000	10604.000000
0.000000	10604.000000
0.000000	10604.000000
0.000000	10604.000000
0.000000	10604.000000
0.000000	10604.000000
0.000000	10604.000000
0.000000	10604.000000
0.000000	10604.000000
0.000000	10604.000000
0.000000	10605.000000
0.000000	10605.000000
0.000000	10605.000000
0.000000	10605.000000
0.000000	10605.000000
0.000000	10605.000000
0.000000	10605.000000
0.000000	10605.000000
0.000000	10605.000000
0.000000	10605.000000
0.000000	10605.000000
0.000000	10605.000000
0.000000	10605.000000
0.000000	10605.000000
0.000000	10605.000000
0.000000	10605.000000
0.000000	10605.000000
0.000000	10605.000000
0.000000	10606.000000
0.000000	10606.000000
0.000000	10606.000000
0.000000	10606.000000
0.000000	10606.000000
0.000000	10606.000000
0.000000	10606.000000
0.000000	10606.000000
0.000000	10606.000000
0.000000	10606.000000
0.000000	10606.000000
0.000000	10606.000000
0.000000	10606.000000
0.000000	10606.000000
0.000000	10606.000000
0.000000	10606.000000
0.000000	10606.000000
0.000000	10607.000000
0.000000	10607.000000
0.000000	10607.000000
0.000000	10607.000000
0.000000	10607.000000
0.000000	10607.000000
0.000000	10607.000000
0.000000	10607.000000
0.000000	10607.000000
0.000000	10607.000000
0.000000	10607.000000
0.000000	10607.000000
0.000000	10607.000000
0.000000	10607.000000
0.000000	10607.000000
0.000000	10607.000000
0.000000	10607.000000
0.000000	10608.000000
0.000000	10608.000000
0.000000	10608.000000
0.000000	10608.000000
0.000000	10608.000000
0.000000	10608.000000
0.000000	10608.000000
0.000000	10608.000000
0.000000	10608.000000
0.000000	10608.000000
0.000000	10608.000000
0.000000	10608.000000
0.000000	10608.000000
0.000000	10608.000000
0.000000	10608.000000
0.000000	10608.000000
0.000000	10608.000000
0.000000	10609.000000
0.000000	10609.000000
0.000000	10609.000000
0.000000	10609.000000
0.000000	10609.000000
0.000000	10609.000000
0.000000	10609.000000
0.000000	10609.000000
0.000000	10609.000000
0.000000	10609.000000
0.000000	10609.000000
0.000000	10609.000000
0.000000	10609.000000
0.000000	10609.000000
0.000000	10609.000000
0.000000	10609.000000
0.000000	10609.000000
0.000000	10610.000000
0.000000	10610.000000
0.000000	10610.000000
0.000000	10610.000000
0.000000	10610.000000
0.000000	10610.000000
0.000000	10610.000000
0.000000	10610.000000
0.000000	10610.000000
0.000000	10610.000000
0.000000	10610.000000
0.000000	10610.000000
0.000000	10610.000000
0.000000	10610.000000
0.000000	10610.000000
0.000000	10610.000000
0.000000	10610.000000
0.000000	10611.000000
0.000000	10611.000000
0.000000	10611.000000
0.000000	10611.000000
0.000000	10611.000000
0.000000	10611.000000
0.000000	10611.000000
0.000000	10611.000000
0.000000	10611.000000
0.000000	10611.000000
0.000000	10611.000000
0.000000	10611.000000
0.000000	10611.000000
0.000000	10611.000000
0.000000	10611.000000
0.000000	10611.000000
0.000000	10611.000000
0.000000	10612.000000
0.000000	10612.000000
0.000000	10612.000000
0.000000	10612.000000
0.000000	10612.000000
0.000000	10612.000000
0.000000	10612.000000
0.000000	10612.000000
0.000000	10612.000000
0.000000	10612.000000
0.000000	10612.000000
0.000000	10612.000000
0.000000	10612.000000
0.000000	10612.000000
0.000000	10612.000000
0.000000	10612.000000
0.000000	10612.000000
0.000000	10613.000000
0.000000	10613.000000
0.000000	10613.000000
0.000000	10613.000000
0.000000	10613.000000
0.000000	10613.000000
0.000000	10613.000000
0.000000	10613.000000
0.000000	10613.000000
0.000000	10613.000000
0.000000	10613.000000
0.000000	10613.000000
0.000000	10613.000000
0.000000	10613.000000
0.000000	10613.000000
0.000000	10613.000000
0.000000	10613.000000
0.000000	10614.000000
0.000000	10614.000000
0.000000	10614.000000
0.000000	10614.000000
0.000000	10614.000000
0.000000	10614.000000
0.000000	10614.000000
0.000000	10614.000000
0.000000	10614.000000
0.000000	10614.000000
0.000000	10614.000000
0.000000	10614.000000
0.000000	10614.000000
0.000000	10614.000000
0.000000	10614.000000
0.000000	10614.000000
0.000000	10614.000000
0.000000	10615.000000
0.000000	10615.000000
0.000000	10615.000000
0.000000	10615.000000
0.000000	10615.000000
0.000000	10615.000000
0.000000	10615.000000
0.000000	10615.000000
0.000000	10615.000000
0.000000	10615.000000
0.000000	10615.000000
0.000000	10615.000000
0.000000	10615.000000
0.000000	10615.000000
0.000000	10615.000000
0.000000	10615.000000
0.000000	10615.000000
0.000000	10616.000000
0.000000	10616.000000
0.000000	10616.000000
0.000000	10616.000000
0.000000	10616.000000
0.000000	10616.000000
0.000000	10616.000000
0.000000	10616.000000
0.000000	10616.000000
0.000000	10616.000000
0.000000	10616.000000
0.000000	10616.000000
0.000000	10616.000000
0.000000	10616.000000
0.000000	10616.000000
0.000000	10616.000000
0.000000	10616.000000
0.000000	10617.000000
0.000000	10617.000000
0.000000	10617.000000
0.000000	10617.000000
0.000000	10617.000000
0.000000	10617.000000
0.000000	10617.000000
0.000000	10617.000000
0.000000	10617.000000
0.000000	10617.000000
0.000000	10617.000000
0.000000	10617.000000
0.000000	10617.000000
0.000000	10617.000000
0.000000	10617.000000
0.000000	10617.000000
0.000000	10617.000000
0.000000	10618.000000
0.000000	10618.000000
0.000000	10618.000000
0.000000	10618.000000
0.000000	10618.000000
0.000000	10618.000000
0.000000	10618.000000
0.000000	10618.000000
0.000000	10618.000000
0.000000	10618.000000
0.000000	10618.000000
0.000000	10618.000000
0.000000	10618.000000
0.000000	10618.000000
0.000000	10618.000000
0.000000	10618.000000
0.000000	10618.000000
0.000000	10619.000000
0.000000	10619.000000
0.000000	10619.000000
0.000000	10619.000000
0.000000	10619.000000
0.000000	10619.000000
0.000000	10619.000000
0.000000	10619.000000
0.000000	10619.000000
0.000000	10619.000000
0.000000	10619.000000
0.000000	10619.000000
0.000000	10619.000000
0.000000	10619.000000
0.000000	10619.000000
0.000000	10619.000000
0.000000	10619.000000
0.000000	10620.000000
0.000000	10620.000000
0.000000	10620.000000
0.000000	10620.000000
0.000000	10620.000000
0.000000	10620.000000
0.000000	10620.000000
0.000000	10620.000000
0.000000	10620.000000
0.000000	10620.000000
0.000000	10620.000000
0.000000	10620.000000
0.000000	10620.000000
0.000000	10620.000000
0.000000	10620.000000
0.000000	10620.000000
0.000000	10620.000000
0.000000	10620.000000
0.000000	10621.000000
0.000000	10621.000000
0.000000	10621.000000
0.000000	10621.000000
0.000000	10621.000000
0.000000	10621.000000
0.000000	10621.000000
0.000000	10621.000000
0.000000	10621.000000
0.000000	10621.000000
0.000000	10621.000000
0.000000	10621.000000
0.000000	10621.000000
0.000000	10621.000000
0.000000	10621.000000
0.000000	10621.000000
0.000000	10621.000000
0.000000	10622.000000
0.000000	10622.000000
0.000000	10622.000000
0.000000	10622.000000
0.000000	10622.000000
0.000000	10622.000000
0.000000	10622.000000
0.000000	10622.000000
0.000000	10622.000000
0.000000	10622.000000
0.000000	10622.000000
0.000000	10622.000000
0.000000	10622.000000
0.000000	10622.000000
0.000000	10622.000000
0.000000	10622.000000
0.000000	10622.000000
0.000000	10623.000000
0.000000	10623.000000
0.000000	10623.000000
0.000000	10623.000000
0.000000	10623.000000
0.000000	10623.000000
0.000000	10623.000000
0.000000	10623.000000
0.000000	10623.000000
0.000000	10623.000000
0.000000	10623.000000
0.000000	10623.000000
0.000000	10623.000000
0.000000	10623.000000
0.000000	10623.000000
0.000000	10623.000000
0.000000	10623.000000
0.000000	10624.000000
0.000000	10624.000000
0.000000	10624.000000
0.000000	10624.000000
0.000000	10624.000000
0.000000	10624.000000
0.000000	10624.000000
0.000000	10624.000000
0.000000	10624.000000
0.000000	10624.000000
0.000000	10624.000000
0.000000	10624.000000
0.000000	10624.000000
0.000000	10624.000000
0.000000	10624.000000
0.000000	10624.000000
0.000000	10624.000000
0.000000	10625.000000
0.000000	10625.000000
0.000000	10625.000000
0.000000	10625.000000
0.000000	10625.000000
0.000000	10625.000000
0.000000	10625.000000
0.000000	10625.000000
0.000000	10625.000000
0.000000	10625.000000
0.000000	10625.000000
0.000000	10625.000000
0.000000	10625.000000
0.000000	10625.000000
0.000000	10625.000000
0.000000	10625.000000
0.000000	10625.000000
0.000000	10626.000000
0.000000	10626.000000
0.000000	10626.000000
0.000000	10626.000000
0.000000	10626.000000
0.000000	10626.000000
0.000000	10626.000000
0.000000	10626.000000
0.000000	10626.000000
0.000000	10626.000000
0.000000	10626.000000
0.000000	10626.000000
0.000000	10626.000000
0.000000	10626.000000
0.000000	10626.000000
0.000000	10626.000000
0.000000	10626.000000
0.000000	10627.000000
0.000000	10627.000000
0.000000	10627.000000
0.000000	10627.000000
0.000000	10627.000000
0.000000	10627.000000
0.000000	10627.000000
0.000000	10627.000000
0.000000	10627.000000
0.000000	10627.000000
0.000000	10627.000000
0.000000	10627.000000
0.000000	10627.000000
0.000000	10627.000000
0.000000	10627.000000
0.000000	10627.000000
0.000000	10627.000000
0.000000	10628.000000
0.000000	10628.000000
0.000000	10628.000000
0.000000	10628.000000
0.000000	10628.000000
0.000000	10628.000000
0.000000	10628.000000
0.000000	10628.000000
0.000000	10628.000000
0.000000	10628.000000
0.000000	10628.000000
0.000000	10628.000000
0.000000	10628.000000
0.000000	10628.000000
0.000000	10628.000000
0.000000	10628.000000
0.000000	10628.000000
0.000000	10629.000000
0.000000	10629.000000
0.000000	10629.000000
0.000000	10629.000000
0.000000	10629.000000
0.000000	10629.000000
0.000000	10629.000000
0.000000	10629.000000
0.000000	10629.000000
0.000000	10629.000000
0.000000	10629.000000
0.000000	10629.000000
0.000000	10629.000000
0.000000	10629.000000
0.000000	10629.000000
0.000000	10629.000000
0.000000	10629.000000
0.000000	10630.000000
0.000000	10630.000000
0.000000	10630.000000
0.000000	10630.000000
0.000000	10630.000000
0.000000	10630.000000
0.000000	10630.000000
0.000000	10630.000000
0.000000	10630.000000
0.000000	10630.000000
0.000000	10630.000000
0.000000	10630.000000
0.000000	10630.000000
0.000000	10630.000000
0.000000	10630.000000
0.000000	10630.000000
0.000000	10630.000000
0.000000	10631.000000
0.000000	10631.000000
0.000000	10631.000000
0.000000	10631.000000
0.000000	10631.000000
0.000000	10631.000000
0.000000	10631.000000
0.000000	10631.000000
0.000000	10631.000000
0.000000	10631.000000
0.000000	10631.000000
0.000000	10631.000000
0.000000	10631.000000
0.000000	10631.000000
0.000000	10631.000000
0.000000	10631.000000
0.000000	10631.000000
0.000000	10632.000000
0.000000	10632.000000
0.000000	10632.000000
0.000000	10632.000000
0.000000	10632.000000
0.000000	10632.000000
0.000000	10632.000000
0.000000	10632.000000
0.000000	10632.000000
0.000000	10632.000000
0.000000	10632.000000
0.000000	10632.000000
0.000000	10632.000000
0.000000	10632.000000
0.000000	10632.000000
0.000000	10632.000000
0.000000	10632.000000
0.000000	10633.000000
0.000000	10633.000000
0.000000	10633.000000
0.000000	10633.000000
0.000000	10633.000000
0.000000	10633.000000
0.000000	10633.000000
0.000000	10633.000000
0.000000	10633.000000
0.000000	10633.000000
0.000000	10633.000000
0.000000	10633.000000
0.000000	10633.000000
0.000000	10633.000000
0.000000	10633.000000
0.000000	10633.000000
0.000000	10633.000000
0.000000	10634.000000
0.000000	10634.000000
0.000000	10634.000000
0.000000	10634.000000
0.000000	10634.000000
0.000000	10634.000000
0.000000	10634.000000
0.000000	10634.000000
0.000000	10634.000000
0.000000	10634.000000
0.000000	10634.000000
0.000000	10634.000000
0.000000	10634.000000
0.000000	10634.000000
0.000000	10634.000000
0.000000	10634.000000
0.000000	10634.000000
0.000000	10634.000000
0.000000	10635.000000
0.000000	10635.000000
0.000000	10635.000000
0.000000	10635.000000
0.000000	10635.000000
0.000000	10635.000000
0.000000	10635.000000
0.000000	10635.000000
0.000000	10635.000000
0.000000	10635.000000
0.000000	10635.000000
0.000000	10635.000000
0.000000	10635.000000
0.000000	10635.000000
0.000000	10635.000000
0.000000	10635.000000
0.000000	10635.000000
0.000000	10636.000000
0.000000	10636.000000
0.000000	10636.000000
0.000000	10636.000000
0.000000	10636.000000
0.000000	10636.000000
0.000000	10636.000000
0.000000	10636.000000
0.000000	10636.000000
0.000000	10636.000000
0.000000	10636.000000
0.000000	10636.000000
0.000000	10636.000000
0.000000	10636.000000
0.000000	10636.000000
0.000000	10636.000000
0.000000	10636.000000
0.000000	10637.000000
0.000000	10637.000000
0.000000	10637.000000
0.000000	10637.000000
0.000000	10637.000000
0.000000	10637.000000
0.000000	10637.000000
0.000000	10637.000000
0.000000	10637.000000
0.000000	10637.000000
0.000000	10637.000000
0.000000	10637.000000
0.000000	10637.000000
0.000000	10637.000000
0.000000	10637.000000
0.000000	10637.000000
0.000000	10637.000000
0.000000	10638.000000
0.000000	10638.000000
0.000000	10638.000000
0.000000	10638.000000
0.000000	10638.000000
0.000000	10638.000000
0.000000	10638.000000
0.000000	10638.000000
0.000000	10638.000000
0.000000	10638.000000
0.000000	10638.000000
0.000000	10638.000000
0.000000	10638.000000
0.000000	10638.000000
0.000000	10638.000000
0.000000	10638.000000
0.000000	10638.000000
0.000000	10639.000000
0.000000	10639.000000
0.000000	10639.000000
0.000000	10639.000000
0.000000	10639.000000
0.000000	10639.000000
0.000000	10639.000000
0.000000	10639.000000
0.000000	10639.000000
0.000000	10639.000000
0.000000	10639.000000
0.000000	10639.000000
0.000000	10639.000000
0.000000	10639.000000
0.000000	10639.000000
0.000000	10639.000000
0.000000	10639.000000
0.000000	10640.000000
0.000000	10640.000000
0.000000	10640.000000
0.000000	10640.000000
0.000000	10640.000000
0.000000	10640.000000
0.000000	10640.000000
0.000000	10640.000000
0.000000	10640.000000
0.000000	10640.000000
0.000000	10640.000000
0.000000	10640.000000
0.000000	10640.000000
0.000000	10640.000000
0.000000	10640.000000
0.000000	10640.000000
0.000000	10640.000000
0.000000	10641.000000
0.000000	10641.000000
0.000000	10641.000000
0.000000	10641.000000
0.000000	10641.000000
0.000000	10641.000000
0.000000	10641.000000
0.000000	10641.000000
0.000000	10641.000000
0.000000	10641.000000
0.000000	10641.000000
0.000000	10641.000000
0.000000	10641.000000
0.000000	10641.000000
0.000000	10641.000000
0.000000	10641.000000
0.000000	10641.000000
0.000000	10642.000000
0.000000	10642.000000
0.000000	10642.000000
0.000000	10642.000000
0.000000	10642.000000
0.000000	10642.000000
0.000000	10642.000000
0.000000	10642.000000
0.000000	10642.000000
0.000000	10642.000000
0.000000	10642.000000
0.000000	10642.000000
0.000000	10642.000000
0.000000	10642.000000
0.000000	10642.000000
0.000000	10642.000000
0.000000	10642.000000
0.000000	10643.000000
0.000000	10643.000000
0.000000	10643.000000
0.000000	10643.000000
0.000000	10643.000000
0.000000	10643.000000
0.000000	10643.000000
0.000000	10643.000000
0.000000	10643.000000
0.000000	10643.000000
0.000000	10643.000000
0.000000	10643.000000
0.000000	10643.000000
0.000000	10643.000000
0.000000	10643.000000
0.000000	10643.000000
0.000000	10643.000000
0.000000	10644.000000
0.000000	10644.000000
0.000000	10644.000000
0.000000	10644.000000
0.000000	10644.000000
0.000000	10644.000000
0.000000	10644.000000
0.000000	10644.000000
0.000000	10644.000000
0.000000	10644.000000
0.000000	10644.000000
0.000000	10644.000000
0.000000	10644.000000
0.000000	10644.000000
0.000000	10644.000000
0.000000	10644.000000
0.000000	10644.000000
0.000000	10645.000000
0.000000	10645.000000
0.000000	10645.000000
0.000000	10645.000000
0.000000	10645.000000
0.000000	10645.000000
0.000000	10645.000000
0.000000	10645.000000
0.000000	10645.000000
0.000000	10645.000000
0.000000	10645.000000
0.000000	10645.000000
0.000000	10645.000000
0.000000	10645.000000
0.000000	10645.000000
0.000000	10645.000000
0.000000	10645.000000
0.000000	10646.000000
0.000000	10646.000000
0.000000	10646.000000
0.000000	10646.000000
0.000000	10646.000000
0.000000	10646.000000
0.000000	10646.000000
0.000000	10646.000000
0.000000	10646.000000
0.000000	10646.000000
0.000000	10646.000000
0.000000	10646.000000
0.000000	10646.000000
0.000000	10646.000000
0.000000	10646.000000
0.000000	10646.000000
0.000000	10646.000000
0.000000	10647.000000
0.000000	10647.000000
0.000000	10647.000000
0.000000	10647.000000
0.000000	10647.000000
0.000000	10647.000000
0.000000	10647.000000
0.000000	10647.000000
0.000000	10647.000000
0.000000	10647.000000
0.000000	10647.000000
0.000000	10647.000000
0.000000	10647.000000
0.000000	10647.000000
0.000000	10647.000000
0.000000	10647.000000
0.000000	10647.000000
0.000000	10648.000000
0.000000	10648.000000
0.000000	10648.000000
0.000000	10648.000000
0.000000	10648.000000
0.000000	10648.000000
0.000000	10648.000000
0.000000	10648.000000
0.000000	10648.000000
0.000000	10648.000000
0.000000	10648.000000
0.000000	10648.000000
0.000000	10648.000000
0.000000	10648.000000
0.000000	10648.000000
0.000000	10648.000000
0.000000	10648.000000
0.000000	10649.000000
0.000000	10649.000000
0.000000	10649.000000
0.000000	10649.000000
0.000000	10649.000000
0.000000	10649.000000
0.000000	10649.000000
0.000000	10649.000000
0.000000	10649.000000
0.000000	10649.000000
0.000000	10649.000000
0.000000	10649.000000
0.000000	10649.000000
0.000000	10649.000000
0.000000	10649.000000
0.000000	10649.000000
0.000000	10649.000000
0.000000	10650.000000
0.000000	10650.000000
0.000000	10650.000000
0.000000	10650.000000
0.000000	10650.000000
0.000000	10650.000000
0.000000	10650.000000
0.000000	10650.000000
0.000000	10650.000000
0.000000	10650.000000
0.000000	10650.000000
0.000000	10650.000000
0.000000	10650.000000
0.000000	10650.000000
0.000000	10650.000000
0.000000	10650.000000
0.000000	10650.000000
0.000000	10650.000000
0.000000	10651.000000
0.000000	10651.000000
0.000000	10651.000000
0.000000	10651.000000
0.000000	10651.000000
0.000000	10651.000000
0.000000	10651.000000
0.000000	10651.000000
0.000000	10651.000000
0.000000	10651.000000
0.000000	10651.000000
0.000000	10651.000000
0.000000	10651.000000
0.000000	10651.000000
0.000000	10651.000000
0.000000	10651.000000
0.000000	10651.000000
0.000000	10652.000000
0.000000	10652.000000
0.000000	10652.000000
0.000000	10652.000000
0.000000	10652.000000
0.000000	10652.000000
0.000000	10652.000000
0.000000	10652.000000
0.000000	10652.000000
0.000000	10652.000000
0.000000	10652.000000
0.000000	10652.000000
0.000000	10652.000000
0.000000	10652.000000
0.000000	10652.000000
0.000000	10652.000000
0.000000	10652.000000
0.000000	10653.000000
0.000000	10653.000000
0.000000	10653.000000
0.000000	10653.000000
0.000000	10653.000000
0.000000	10653.000000
0.000000	10653.000000
0.000000	10653.000000
0.000000	10653.000000
0.000000	10653.000000
0.000000	10653.000000
0.000000	10653.000000
0.000000	10653.000000
0.000000	10653.000000
0.000000	10653.000000
0.000000	10653.000000
0.000000	10653.000000
0.000000	10654.000000
0.000000	10654.000000
0.000000	10654.000000
0.000000	10654.000000
0.000000	10654.000000
0.000000	10654.000000
0.000000	10654.000000
0.000000	10654.000000
0.000000	10654.000000
0.000000	10654.000000
0.000000	10654.000000
0.000000	10654.000000
0.000000	10654.000000
0.000000	10654.000000
0.000000	10654.000000
0.000000	10654.000000
0.000000	10654.000000
0.000000	10655.000000
0.000000	10655.000000
0.000000	10655.000000
0.000000	10655.000000
0.000000	10655.000000
0.000000	10655.000000
0.000000	10655.000000
0.000000	10655.000000
0.000000	10655.000000
0.000000	10655.000000
0.000000	10655.000000
0.000000	10655.000000
0.000000	10655.000000
0.000000	10655.000000
0.000000	10655.000000
0.000000	10655.000000
0.000000	10655.000000
0.000000	10656.000000
0.000000	10656.000000
0.000000	10656.000000
0.000000	10656.000000
0.000000	10656.000000
0.000000	10656.000000
0.000000	10656.000000
0.000000	10656.000000
0.000000	10656.000000
0.000000	10656.000000
0.000000	10656.000000
0.000000	10656.000000
0.000000	10656.000000
0.000000	10656.000000
0.000000	10656.000000
0.000000	10656.000000
0.000000	10656.000000
0.000000	10657.000000
0.000000	10657.000000
0.000000	10657.000000
0.000000	10657.000000
0.000000	10657.000000
0.000000	10657.000000
0.000000	10657.000000
0.000000	10657.000000
0.000000	10657.000000
0.000000	10657.000000
0.000000	10657.000000
0.000000	10657.000000
0.000000	10657.000000
0.000000	10657.000000
0.000000	10657.000000
0.000000	10657.000000
0.000000	10657.000000
0.000000	10658.000000
0.000000	10658.000000
0.000000	10658.000000
0.000000	10658.000000
0.000000	10658.000000
0.000000	10658.000000
0.000000	10658.000000
0.000000	10658.000000
0.000000	10658.000000
0.000000	10658.000000
0.000000	10658.000000
0.000000	10658.000000
0.000000	10658.000000
0.000000	10658.000000
0.000000	10658.000000
0.000000	10658.000000
0.000000	10658.000000
0.000000	10659.000000
0.000000	10659.000000
0.000000	10659.000000
0.000000	10659.000000
0.000000	10659.000000
0.000000	10659.000000
0.000000	10659.000000
0.000000	10659.000000
0.000000	10659.000000
0.000000	10659.000000
0.000000	10659.000000
0.000000	10659.000000
0.000000	10659.000000
0.000000	10659.000000
0.000000	10659.000000
0.000000	10659.000000
0.000000	10659.000000
0.000000	10700.000000
0.000000	10700.000000
0.000000	10700.000000
0.000000	10700.000000
0.000000	10700.000000
0.000000	10700.000000
0.000000	10700.000000
0.000000	10700.000000
0.000000	10700.000000
0.000000	10700.000000
0.000000	10700.000000
0.000000	10700.000000
0.000000	10700.000000
0.000000	10700.000000
0.000000	10700.000000
0.000000	10700.000000
0.000000	10700.000000
0.000000	10701.000000
0.000000	10701.000000
0.000000	10701.000000
0.000000	10701.000000
0.000000	10701.000000
0.000000	10701.000000
0.000000	10701.000000
0.000000	10701.000000
0.000000	10701.000000
0.000000	10701.000000
0.000000	10701.000000
0.000000	10701.000000
0.000000	10701.000000
0.000000	10701.000000
0.000000	10701.000000
0.000000	10701.000000
0.000000	10701.000000
0.000000	10702.000000
0.000000	10702.000000
0.000000	10702.000000
0.000000	10702.000000
0.000000	10702.000000
0.000000	10702.000000
0.000000	10702.000000
0.000000	10702.000000
0.000000	10702.000000
0.000000	10702.000000
0.000000	10702.000000
0.000000	10702.000000
0.000000	10702.000000
0.000000	10702.000000
0.000000	10702.000000
0.000000	10702.000000
0.000000	10702.000000
0.000000	10703.000000
0.000000	10703.000000
0.000000	10703.000000
0.000000	10703.000000
0.000000	10703.000000
0.000000	10703.000000
0.000000	10703.000000
0.000000	10703.000000
0.000000	10703.000000
0.000000	10703.000000
0.000000	10703.000000
0.000000	10703.000000
0.000000	10703.000000
0.000000	10703.000000
0.000000	10703.000000
0.000000	10703.000000
0.000000	10703.000000
0.000000	10704.000000
0.000000	10704.000000
0.000000	10704.000000
0.000000	10704.000000
0.000000	10704.000000
0.000000	10704.000000
0.000000	10704.000000
0.000000	10704.000000
0.000000	10704.000000
0.000000	10704.000000
0.000000	10704.000000
0.000000	10704.000000
0.000000	10704.000000
0.000000	10704.000000
0.000000	10704.000000
0.000000	10704.000000
0.000000	10704.000000
0.000000	10705.000000
0.000000	10705.000000
0.000000	10705.000000
0.000000	10705.000000
0.000000	10705.000000
0.000000	10705.000000
0.000000	10705.000000
0.000000	10705.000000
0.000000	10705.000000
0.000000	10705.000000
0.000000	10705.000000
0.000000	10705.000000
0.000000	10705.000000
0.000000	10705.000000
0.000000	10705.000000
0.000000	10705.000000
0.000000	10705.000000
0.000000	10705.000000
0.000000	10706.000000
0.000000	10706.000000
0.000000	10706.000000
0.000000	10706.000000
0.000000	10706.000000
0.000000	10706.000000
0.000000	10706.000000
0.000000	10706.000000
0.000000	10706.000000
0.000000	10706.000000
0.000000	10706.000000
0.000000	10706.000000
0.000000	10706.000000
0.000000	10706.000000
0.000000	10706.000000
0.000000	10706.000000
0.000000	10706.000000
0.000000	10707.000000
0.000000	10707.000000
0.000000	10707.000000
0.000000	10707.000000
0.000000	10707.000000
0.000000	10707.000000
0.000000	10707.000000
0.000000	10707.000000
0.000000	10707.000000
0.000000	10707.000000
0.000000	10707.000000
0.000000	10707.000000
0.000000	10707.000000
0.000000	10707.000000
0.000000	10707.000000
0.000000	10707.000000
0.000000	10707.000000
0.000000	10708.000000
0.000000	10708.000000
0.000000	10708.000000
0.000000	10708.000000
0.000000	10708.000000
0.000000	10708.000000
0.000000	10708.000000
0.000000	10708.000000
0.000000	10708.000000
0.000000	10708.000000
0.000000	10708.000000
0.000000	10708.000000
0.000000	10708.000000
0.000000	10708.000000
0.000000	10708.000000
0.000000	10708.000000
0.000000	10708.000000
0.000000	10709.000000
0.000000	10709.000000
0.000000	10709.000000
0.000000	10709.000000
0.000000	10709.000000
0.000000	10709.000000
0.000000	10709.000000
0.000000	10709.000000
0.000000	10709.000000
0.000000	10709.000000
0.000000	10709.000000
0.000000	10709.000000
0.000000	10709.000000
0.000000	10709.000000
0.000000	10709.000000
0.000000	10709.000000
0.000000	10709.000000
0.000000	10710.000000
0.000000	10710.000000
0.000000	10710.000000
0.000000	10710.000000
0.000000	10710.000000
0.000000	10710.000000
0.000000	10710.000000
0.000000	10710.000000
0.000000	10710.000000
0.000000	10710.000000
0.000000	10710.000000
0.000000	10710.000000
0.000000	10710.000000
0.000000	10710.000000
0.000000	10710.000000
0.000000	10710.000000
0.000000	10710.000000
0.000000	10711.000000
0.000000	10711.000000
0.000000	10711.000000
0.000000	10711.000000
0.000000	10711.000000
0.000000	10711.000000
0.000000	10711.000000
0.000000	10711.000000
0.000000	10711.000000
0.000000	10711.000000
0.000000	10711.000000
0.000000	10711.000000
0.000000	10711.000000
0.000000	10711.000000
0.000000	10711.000000
0.000000	10711.000000
0.000000	10711.000000
0.000000	10712.000000
0.000000	10712.000000
0.000000	10712.000000
0.000000	10712.000000
0.000000	10712.000000
0.000000	10712.000000
0.000000	10712.000000
0.000000	10712.000000
0.000000	10712.000000
0.000000	10712.000000
0.000000	10712.000000
0.000000	10712.000000
0.000000	10712.000000
0.000000	10712.000000
0.000000	10712.000000
0.000000	10712.000000
0.000000	10712.000000
0.000000	10713.000000
0.000000	10713.000000
0.000000	10713.000000
0.000000	10713.000000
0.000000	10713.000000
0.000000	10713.000000
0.000000	10713.000000
0.000000	10713.000000
0.000000	10713.000000
0.000000	10713.000000
0.000000	10713.000000
0.000000	10713.000000
0.000000	10713.000000
0.000000	10713.000000
0.000000	10713.000000
0.000000	10713.000000
0.000000	10713.000000
0.000000	10714.000000
0.000000	10714.000000
0.000000	10714.000000
0.000000	10714.000000
0.000000	10714.000000
0.000000	10714.000000
0.000000	10714.000000
0.000000	10714.000000
0.000000	10714.000000
0.000000	10714.000000
0.000000	10714.000000
0.000000	10714.000000
0.000000	10714.000000
0.000000	10714.000000
0.000000	10714.000000
0.000000	10714.000000
0.000000	10714.000000
0.000000	10715.000000
0.000000	10715.000000
0.000000	10715.000000
0.000000	10715.000000
0.000000	10715.000000
0.000000	10715.000000
0.000000	10715.000000
0.000000	10715.000000
0.000000	10715.000000
0.000000	10715.000000
0.000000	10715.000000
0.000000	10715.000000
0.000000	10715.000000
0.000000	10715.000000
0.000000	10715.000000
0.000000	10715.000000
0.000000	10715.000000
0.000000	10716.000000
0.000000	10716.000000
0.000000	10716.000000
0.000000	10716.000000
0.000000	10716.000000
0.000000	10716.000000
0.000000	10716.000000
0.000000	10716.000000
0.000000	10716.000000
0.000000	10716.000000
0.000000	10716.000000
0.000000	10716.000000
0.000000	10716.000000
0.000000	10716.000000
0.000000	10716.000000
0.000000	10716.000000
0.000000	10716.000000
0.000000	10717.000000
0.000000	10717.000000
0.000000	10717.000000
0.000000	10717.000000
0.000000	10717.000000
0.000000	10717.000000
0.000000	10717.000000
0.000000	10717.000000
0.000000	10717.000000
0.000000	10717.000000
0.000000	10717.000000
0.000000	10717.000000
0.000000	10717.000000
0.000000	10717.000000
0.000000	10717.000000
0.000000	10717.000000
0.000000	10717.000000
0.000000	10718.000000
0.000000	10718.000000
0.000000	10718.000000
0.000000	10718.000000
0.000000	10718.000000
0.000000	10718.000000
0.000000	10718.000000
0.000000	10718.000000
0.000000	10718.000000
0.000000	10718.000000
0.000000	10718.000000
0.000000	10718.000000
0.000000	10718.000000
0.000000	10718.000000
0.000000	10718.000000
0.000000	10718.000000
0.000000	10718.000000
0.000000	10719.000000
0.000000	10719.000000
0.000000	10719.000000
0.000000	10719.000000
0.000000	10719.000000
0.000000	10719.000000
0.000000	10719.000000
0.000000	10719.000000
0.000000	10719.000000
0.000000	10719.000000
0.000000	10719.000000
0.000000	10719.000000
0.000000	10719.000000
0.000000	10719.000000
0.000000	10719.000000
0.000000	10719.000000
0.000000	10719.000000
0.000000	10720.000000
0.000000	10720.000000
0.000000	10720.000000
0.000000	10720.000000
0.000000	10720.000000
0.000000	10720.000000
0.000000	10720.000000
0.000000	10720.000000
0.000000	10720.000000
0.000000	10720.000000
0.000000	10720.000000
0.000000	10720.000000
0.000000	10720.000000
0.000000	10720.000000
0.000000	10720.000000
0.000000	10720.000000
0.000000	10720.000000
0.000000	10720.000000
0.000000	10721.000000
0.000000	10721.000000
0.000000	10721.000000
0.000000	10721.000000
0.000000	10721.000000
0.000000	10721.000000
0.000000	10721.000000
0.000000	10721.000000
0.000000	10721.000000
0.000000	10721.000000
0.000000	10721.000000
0.000000	10721.000000
0.000000	10721.000000
0.000000	10721.000000
0.000000	10721.000000
0.000000	10721.000000
0.000000	10721.000000
0.000000	10722.000000
0.000000	10722.000000
0.000000	10722.000000
0.000000	10722.000000
0.000000	10722.000000
0.000000	10722.000000
0.000000	10722.000000
0.000000	10722.000000
0.000000	10722.000000
0.000000	10722.000000
0.000000	10722.000000
0.000000	10722.000000
0.000000	10722.000000
0.000000	10722.000000
0.000000	10722.000000
0.000000	10722.000000
0.000000	10722.000000
0.000000	10723.000000
0.000000	10723.000000
0.000000	10723.000000
0.000000	10723.000000
0.000000	10723.000000
0.000000	10723.000000
0.000000	10723.000000
0.000000	10723.000000
0.000000	10723.000000
0.000000	10723.000000
0.000000	10723.000000
0.000000	10723.000000
0.000000	10723.000000
0.000000	10723.000000
0.000000	10723.000000
0.000000	10723.000000
0.000000	10723.000000
0.000000	10724.000000
0.000000	10724.000000
0.000000	10724.000000
0.000000	10724.000000
0.000000	10724.000000
0.000000	10724.000000
0.000000	10724.000000
0.000000	10724.000000
0.000000	10724.000000
0.000000	10724.000000
0.000000	10724.000000
0.000000	10724.000000
0.000000	10724.000000
0.000000	10724.000000
0.000000	10724.000000
0.000000	10724.000000
0.000000	10724.000000
0.000000	10725.000000
0.000000	10725.000000
0.000000	10725.000000
0.000000	10725.000000
0.000000	10725.000000
0.000000	10725.000000
0.000000	10725.000000
0.000000	10725.000000
0.000000	10725.000000
0.000000	10725.000000
0.000000	10725.000000
0.000000	10725.000000
0.000000	10725.000000
0.000000	10725.000000
0.000000	10725.000000
0.000000	10725.000000
0.000000	10725.000000
0.000000	10726.000000
0.000000	10726.000000
0.000000	10726.000000
0.000000	10726.000000
0.000000	10726.000000
0.000000	10726.000000
0.000000	10726.000000
0.000000	10726.000000
0.000000	10726.000000
0.000000	10726.000000
0.000000	10726.000000
0.000000	10726.000000
0.000000	10726.000000
0.000000	10726.000000
0.000000	10726.000000
0.000000	10726.000000
0.000000	10726.000000
0.000000	10727.000000
0.000000	10727.000000
0.000000	10727.000000
0.000000	10727.000000
0.000000	10727.000000
0.000000	10727.000000
0.000000	10727.000000
0.000000	10727.000000
0.000000	10727.000000
0.000000	10727.000000
0.000000	10727.000000
0.000000	10727.000000
0.000000	10727.000000
0.000000	10727.000000
0.000000	10727.000000
0.000000	10727.000000
0.000000	10727.000000
0.000000	10728.000000
0.000000	10728.000000
0.000000	10728.000000
0.000000	10728.000000
0.000000	10728.000000
0.000000	10728.000000
0.000000	10728.000000
0.000000	10728.000000
0.000000	10728.000000
0.000000	10728.000000
0.000000	10728.000000
0.000000	10728.000000
0.000000	10728.000000
0.000000	10728.000000
0.000000	10728.000000
0.000000	10728.000000
0.000000	10728.000000
0.000000	10729.000000
0.000000	10729.000000
0.000000	10729.000000
0.000000	10729.000000
0.000000	10729.000000
0.000000	10729.000000
0.000000	10729.000000
0.000000	10729.000000
0.000000	10729.000000
0.000000	10729.000000
0.000000	10729.000000
0.000000	10729.000000
0.000000	10729.000000
0.000000	10729.000000
0.000000	10729.000000
0.000000	10729.000000
0.000000	10729.000000
0.000000	10730.000000
0.000000	10730.000000
0.000000	10730.000000
0.000000	10730.000000
0.000000	10730.000000
0.000000	10730.000000
0.000000	10730.000000
0.000000	10730.000000
0.000000	10730.000000
0.000000	10730.000000
0.000000	10730.000000
0.000000	10730.000000
0.000000	10730.000000
0.000000	10730.000000
0.000000	10730.000000
0.000000	10730.000000
0.000000	10730.000000
0.000000	10731.000000
0.000000	10731.000000
0.000000	10731.000000
0.000000	10731.000000
0.000000	10731.000000
0.000000	10731.000000
0.000000	10731.000000
0.000000	10731.000000
0.000000	10731.000000
0.000000	10731.000000
0.000000	10731.000000
0.000000	10731.000000
0.000000	10731.000000
0.000000	10731.000000
0.000000	10731.000000
0.000000	10731.000000
0.000000	10731.000000
0.000000	10732.000000
0.000000	10732.000000
0.000000	10732.000000
0.000000	10732.000000
0.000000	10732.000000
0.000000	10732.000000
0.000000	10732.000000
0.000000	10732.000000
0.000000	10732.000000
0.000000	10732.000000
0.000000	10732.000000
0.000000	10732.000000
0.000000	10732.000000
0.000000	10732.000000
0.000000	10732.000000
0.000000	10732.000000
0.000000	10732.000000
0.000000	10733.000000
0.000000	10733.000000
0.000000	10733.000000
0.000000	10733.000000
0.000000	10733.000000
0.000000	10733.000000
0.000000	10733.000000
0.000000	10733.000000
0.000000	10733.000000
0.000000	10733.000000
0.000000	10733.000000
0.000000	10733.000000
0.000000	10733.000000
0.000000	10733.000000
0.000000	10733.000000
0.000000	10733.000000
0.000000	10733.000000
0.000000	10734.000000
0.000000	10734.000000
0.000000	10734.000000
0.000000	10734.000000
0.000000	10734.000000
0.000000	10734.000000
0.000000	10734.000000
0.000000	10734.000000
0.000000	10734.000000
0.000000	10734.000000
0.000000	10734.000000
0.000000	10734.000000
0.000000	10734.000000
0.000000	10734.000000
0.000000	10734.000000
0.000000	10734.000000
0.000000	10734.000000
0.000000	10735.000000
0.000000	10735.000000
0.000000	10735.000000
0.000000	10735.000000
0.000000	10735.000000
0.000000	10735.000000
0.000000	10735.000000
0.000000	10735.000000
0.000000	10735.000000
0.000000	10735.000000
0.000000	10735.000000
0.000000	10735.000000
0.000000	10735.000000
0.000000	10735.000000
0.000000	10735.000000
0.000000	10735.000000
0.000000	10735.000000
0.000000	10735.000000
0.000000	10736.000000
0.000000	10736.000000
0.000000	10736.000000
0.000000	10736.000000
0.000000	10736.000000
0.000000	10736.000000
0.000000	10736.000000
0.000000	10736.000000
0.000000	10736.000000
0.000000	10736.000000
0.000000	10736.000000
0.000000	10736.000000
0.000000	10736.000000
0.000000	10736.000000
0.000000	10736.000000
0.000000	10736.000000
0.000000	10736.000000
0.000000	10737.000000
0.000000	10737.000000
0.000000	10737.000000
0.000000	10737.000000
0.000000	10737.000000
0.000000	10737.000000
0.000000	10737.000000
0.000000	10737.000000
0.000000	10737.000000
0.000000	10737.000000
0.000000	10737.000000
0.000000	10737.000000
0.000000	10737.000000
0.000000	10737.000000
0.000000	10737.000000
0.000000	10737.000000
0.000000	10737.000000
0.000000	10738.000000
0.000000	10738.000000
0.000000	10738.000000
0.000000	10738.000000
0.000000	10738.000000
0.000000	10738.000000
0.000000	10738.000000
0.000000	10738.000000
0.000000	10738.000000
0.000000	10738.000000
0.000000	10738.000000
0.000000	10738.000000
0.000000	10738.000000
0.000000	10738.000000
0.000000	10738.000000
0.000000	10738.000000
0.000000	10738.000000
0.000000	10739.000000
0.000000	10739.000000
0.000000	10739.000000
0.000000	10739.000000
0.000000	10739.000000
0.000000	10739.000000
0.000000	10739.000000
0.000000	10739.000000
0.000000	10739.000000
0.000000	10739.000000
0.000000	10739.000000
0.000000	10739.000000
0.000000	10739.000000
0.000000	10739.000000
0.000000	10739.000000
0.000000	10739.000000
0.000000	10739.000000
0.000000	10740.000000
0.000000	10740.000000
0.000000	10740.000000
0.000000	10740.000000
0.000000	10740.000000
0.000000	10740.000000
0.000000	10740.000000
0.000000	10740.000000
0.000000	10740.000000
0.000000	10740.000000
0.000000	10740.000000
0.000000	10740.000000
0.000000	10740.000000
0.000000	10740.000000
0.000000	10740.000000
0.000000	10740.000000
0.000000	10740.000000
0.000000	10741.000000
0.000000	10741.000000
0.000000	10741.000000
0.000000	10741.000000
0.000000	10741.000000
0.000000	10741.000000
0.000000	10741.000000
0.000000	10741.000000
0.000000	10741.000000
0.000000	10741.000000
0.000000	10741.000000
0.000000	10741.000000
0.000000	10741.000000
0.000000	10741.000000
0.000000	10741.000000
0.000000	10741.000000
0.000000	10741.000000
0.000000	10742.000000
0.000000	10742.000000
0.000000	10742.000000
0.000000	10742.000000
0.000000	10742.000000
0.000000	10742.000000
0.000000	10742.000000
0.000000	10742.000000
0.000000	10742.000000
0.000000	10742.000000
0.000000	10742.000000
0.000000	10742.000000
0.000000	10742.000000
0.000000	10742.000000
0.000000	10742.000000
0.000000	10742.000000
0.000000	10742.000000
0.000000	10743.000000
0.000000	10743.000000
0.000000	10743.000000
0.000000	10743.000000
0.000000	10743.000000
0.000000	10743.000000
0.000000	10743.000000
0.000000	10743.000000
0.000000	10743.000000
0.000000	10743.000000
0.000000	10743.000000
0.000000	10743.000000
0.000000	10743.000000
0.000000	10743.000000
0.000000	10743.000000
0.000000	10743.000000
0.000000	10743.000000
0.000000	10744.000000
0.000000	10744.000000
0.000000	10744.000000
0.000000	10744.000000
0.000000	10744.000000
0.000000	10744.000000
0.000000	10744.000000
0.000000	10744.000000
0.000000	10744.000000
0.000000	10744.000000
0.000000	10744.000000
0.000000	10744.000000
0.000000	10744.000000
0.000000	10744.000000
0.000000	10744.000000
0.000000	10744.000000
0.000000	10744.000000
0.000000	10745.000000
0.000000	10745.000000
0.000000	10745.000000
0.000000	10745.000000
0.000000	10745.000000
0.000000	10745.000000
0.000000	10745.000000
0.000000	10745.000000
0.000000	10745.000000
0.000000	10745.000000
0.000000	10745.000000
0.000000	10745.000000
0.000000	10745.000000
0.000000	10745.000000
0.000000	10745.000000
0.000000	10745.000000
0.000000	10745.000000
0.000000	10746.000000
0.000000	10746.000000
0.000000	10746.000000
0.000000	10746.000000
0.000000	10746.000000
0.000000	10746.000000
0.000000	10746.000000
0.000000	10746.000000
0.000000	10746.000000
0.000000	10746.000000
0.000000	10746.000000
0.000000	10746.000000
0.000000	10746.000000
0.000000	10746.000000
0.000000	10746.000000
0.000000	10746.000000
0.000000	10746.000000
0.000000	10747.000000
0.000000	10747.000000
0.000000	10747.000000
0.000000	10747.000000
0.000000	10747.000000
0.000000	10747.000000
0.000000	10747.000000
0.000000	10747.000000
0.000000	10747.000000
0.000000	10747.000000
0.000000	10747.000000
0.000000	10747.000000
0.000000	10747.000000
0.000000	10747.000000
0.000000	10747.000000
0.000000	10747.000000
0.000000	10747.000000
0.000000	10748.000000
0.000000	10748.000000
0.000000	10748.000000
0.000000	10748.000000
0.000000	10748.000000
0.000000	10748.000000
0.000000	10748.000000
0.000000	10748.000000
0.000000	10748.000000
0.000000	10748.000000
0.000000	10748.000000
0.000000	10748.000000
0.000000	10748.000000
0.000000	10748.000000
0.000000	10748.000000
0.000000	10748.000000
0.000000	10748.000000
0.000000	10749.000000
0.000000	10749.000000
0.000000	10749.000000
0.000000	10749.000000
0.000000	10749.000000
0.000000	10749.000000
0.000000	10749.000000
0.000000	10749.000000
0.000000	10749.000000
0.000000	10749.000000
0.000000	10749.000000
0.000000	10749.000000
0.000000	10749.000000
0.000000	10749.000000
0.000000	10749.000000
0.000000	10749.000000
0.000000	10749.000000
0.000000	10750.000000
0.000000	10750.000000
0.000000	10750.000000
0.000000	10750.000000
0.000000	10750.000000
0.000000	10750.000000
0.000000	10750.000000
0.000000	10750.000000
0.000000	10750.000000
0.000000	10750.000000
0.000000	10750.000000
0.000000	10750.000000
0.000000	10750.000000
0.000000	10750.000000
0.000000	10750.000000
0.000000	10750.000000
0.000000	10750.000000
0.000000	10750.000000
0.000000	10751.000000
0.000000	10751.000000
0.000000	10751.000000
0.000000	10751.000000
0.000000	10751.000000
0.000000	10751.000000
0.000000	10751.000000
0.000000	10751.000000
0.000000	10751.000000
0.000000	10751.000000
0.000000	10751.000000
0.000000	10751.000000
0.000000	10751.000000
0.000000	10751.000000
0.000000	10751.000000
0.000000	10751.000000
0.000000	10751.000000
0.000000	10752.000000
0.000000	10752.000000
0.000000	10752.000000
0.000000	10752.000000
0.000000	10752.000000
0.000000	10752.000000
0.000000	10752.000000
0.000000	10752.000000
0.000000	10752.000000
0.000000	10752.000000
0.000000	10752.000000
0.000000	10752.000000
0.000000	10752.000000
0.000000	10752.000000
0.000000	10752.000000
0.000000	10752.000000
0.000000	10752.000000
0.000000	10753.000000
0.000000	10753.000000
0.000000	10753.000000
0.000000	10753.000000
0.000000	10753.000000
0.000000	10753.000000
0.000000	10753.000000
0.000000	10753.000000
0.000000	10753.000000
0.000000	10753.000000
0.000000	10753.000000
0.000000	10753.000000
0.000000	10753.000000
0.000000	10753.000000
0.000000	10753.000000
0.000000	10753.000000
0.000000	10753.000000
0.000000	10754.000000
0.000000	10754.000000
0.000000	10754.000000
0.000000	10754.000000
0.000000	10754.000000
0.000000	10754.000000
0.000000	10754.000000
0.000000	10754.000000
0.000000	10754.000000
0.000000	10754.000000
0.000000	10754.000000
0.000000	10754.000000
0.000000	10754.000000
0.000000	10754.000000
0.000000	10754.000000
0.000000	10754.000000
0.000000	10754.000000
0.000000	10755.000000
0.000000	10755.000000
0.000000	10755.000000
0.000000	10755.000000
0.000000	10755.000000
0.000000	10755.000000
0.000000	10755.000000
0.000000	10755.000000
0.000000	10755.000000
0.000000	10755.000000
0.000000	10755.000000
0.000000	10755.000000
0.000000	10755.000000
0.000000	10755.000000
0.000000	10755.000000
0.000000	10755.000000
0.000000	10755.000000
0.000000	10756.000000
0.000000	10756.000000
0.000000	10756.000000
0.000000	10756.000000
0.000000	10756.000000
0.000000	10756.000000
0.000000	10756.000000
0.000000	10756.000000
0.000000	10756.000000
0.000000	10756.000000
0.000000	10756.000000
0.000000	10756.000000
0.000000	10756.000000
0.000000	10756.000000
0.000000	10756.000000
0.000000	10756.000000
0.000000	10756.000000
0.000000	10757.000000
0.000000	10757.000000
0.000000	10757.000000
0.000000	10757.000000
0.000000	10757.000000
0.000000	10757.000000
0.000000	10757.000000
0.000000	10757.000000
0.000000	10757.000000
0.000000	10757.000000
0.000000	10757.000000
0.000000	10757.000000
0.000000	10757.000000
0.000000	10757.000000
0.000000	10757.000000
0.000000	10757.000000
0.000000	10757.000000
0.000000	10758.000000
0.000000	10758.000000
0.000000	10758.000000
0.000000	10758.000000
0.000000	10758.000000
0.000000	10758.000000
0.000000	10758.000000
0.000000	10758.000000
0.000000	10758.000000
0.000000	10758.000000
0.000000	10758.000000
0.000000	10758.000000
0.000000	10758.000000
0.000000	10758.000000
0.000000	10758.000000
0.000000	10758.000000
0.000000	10758.000000
0.000000	10759.000000
0.000000	10759.000000
0.000000	10759.000000
0.000000	10759.000000
0.000000	10759.000000
0.000000	10759.000000
0.000000	10759.000000
0.000000	10759.000000
0.000000	10759.000000
0.000000	10759.000000
0.000000	10759.000000
0.000000	10759.000000
0.000000	10759.000000
0.000000	10759.000000
0.000000	10759.000000
0.000000	10759.000000
0.000000	10759.000000
0.000000	10800.000000
0.000000	10800.000000
0.000000	10800.000000
0.000000	10800.000000
0.000000	10800.000000
0.000000	10800.000000
0.000000	10800.000000
0.000000	10800.000000
0.000000	10800.000000
0.000000	10800.000000
0.000000	10800.000000
0.000000	10800.000000
0.000000	10800.000000
0.000000	10800.000000
0.000000	10800.000000
0.000000	10800.000000
0.000000	10800.000000
0.000000	10801.000000
0.000000	10801.000000
0.000000	10801.000000
0.000000	10801.000000
0.000000	10801.000000
0.000000	10801.000000
0.000000	10801.000000
0.000000	10801.000000
0.000000	10801.000000
0.000000	10801.000000
0.000000	10801.000000
0.000000	10801.000000
0.000000	10801.000000
0.000000	10801.000000
0.000000	10801.000000
0.000000	10801.000000
0.000000	10801.000000
0.000000	10802.000000
0.000000	10802.000000
0.000000	10802.000000
0.000000	10802.000000
0.000000	10802.000000
0.000000	10802.000000
0.000000	10802.000000
0.000000	10802.000000
0.000000	10802.000000
0.000000	10802.000000
0.000000	10802.000000
0.000000	10802.000000
0.000000	10802.000000
0.000000	10802.000000
0.000000	10802.000000
0.000000	10802.000000
0.000000	10802.000000
0.000000	10803.000000
0.000000	10803.000000
0.000000	10803.000000
0.000000	10803.000000
0.000000	10803.000000
0.000000	10803.000000
0.000000	10803.000000
0.000000	10803.000000
0.000000	10803.000000
0.000000	10803.000000
0.000000	10803.000000
0.000000	10803.000000
0.000000	10803.000000
0.000000	10803.000000
0.000000	10803.000000
0.000000	10803.000000
0.000000	10803.000000
0.000000	10804.000000
0.000000	10804.000000
0.000000	10804.000000
0.000000	10804.000000
0.000000	10804.000000
0.000000	10804.000000
0.000000	10804.000000
0.000000	10804.000000
0.000000	10804.000000
0.000000	10804.000000
0.000000	10804.000000
0.000000	10804.000000
0.000000	10804.000000
0.000000	10804.000000
0.000000	10804.000000
0.000000	10804.000000
0.000000	10804.000000
0.000000	10805.000000
0.000000	10805.000000
0.000000	10805.000000
0.000000	10805.000000
0.000000	10805.000000
0.000000	10805.000000
0.000000	10805.000000
0.000000	10805.000000
0.000000	10805.000000
0.000000	10805.000000
0.000000	10805.000000
0.000000	10805.000000
0.000000	10805.000000
0.000000	10805.000000
0.000000	10805.000000
0.000000	10805.000000
0.000000	10805.000000
0.000000	10805.000000
0.000000	10806.000000
0.000000	10806.000000
0.000000	10806.000000
0.000000	10806.000000
0.000000	10806.000000
0.000000	10806.000000
0.000000	10806.000000
0.000000	10806.000000
0.000000	10806.000000
0.000000	10806.000000
0.000000	10806.000000
0.000000	10806.000000
0.000000	10806.000000
0.000000	10806.000000
0.000000	10806.000000
0.000000	10806.000000
0.000000	10806.000000
0.000000	10807.000000
0.000000	10807.000000
0.000000	10807.000000
0.000000	10807.000000
0.000000	10807.000000
0.000000	10807.000000
0.000000	10807.000000
0.000000	10807.000000
0.000000	10807.000000
0.000000	10807.000000
0.000000	10807.000000
0.000000	10807.000000
0.000000	10807.000000
0.000000	10807.000000
0.000000	10807.000000
0.000000	10807.000000
0.000000	10807.000000
0.000000	10808.000000
0.000000	10808.000000
0.000000	10808.000000
0.000000	10808.000000
0.000000	10808.000000
0.000000	10808.000000
0.000000	10808.000000
0.000000	10808.000000
0.000000	10808.000000
0.000000	10808.000000
0.000000	10808.000000
0.000000	10808.000000
0.000000	10808.000000
0.000000	10808.000000
0.000000	10808.000000
0.000000	10808.000000
0.000000	10808.000000
0.000000	10809.000000
0.000000	10809.000000
0.000000	10809.000000
0.000000	10809.000000
0.000000	10809.000000
0.000000	10809.000000
0.000000	10809.000000
0.000000	10809.000000
0.000000	10809.000000
0.000000	10809.000000
0.000000	10809.000000
0.000000	10809.000000
0.000000	10809.000000
0.000000	10809.000000
0.000000	10809.000000
0.000000	10809.000000
0.000000	10809.000000
0.000000	10810.000000
0.000000	10810.000000
0.000000	10810.000000
0.000000	10810.000000
0.000000	10810.000000
0.000000	10810.000000
0.000000	10810.000000
0.000000	10810.000000
0.000000	10810.000000
0.000000	10810.000000
0.000000	10810.000000
0.000000	10810.000000
0.000000	10810.000000
0.000000	10810.000000
0.000000	10810.000000
0.000000	10810.000000
0.000000	10810.000000
0.000000	10811.000000
0.000000	10811.000000
0.000000	10811.000000
0.000000	10811.000000
0.000000	10811.000000
0.000000	10811.000000
0.000000	10811.000000
0.000000	10811.000000
0.000000	10811.000000
0.000000	10811.000000
0.000000	10811.000000
0.000000	10811.000000
0.000000	10811.000000
0.000000	10811.000000
0.000000	10811.000000
0.000000	10811.000000
0.000000	10811.000000
0.000000	10812.000000
0.000000	10812.000000
0.000000	10812.000000
0.000000	10812.000000
0.000000	10812.000000
0.000000	10812.000000
0.000000	10812.000000
