0.000000	71006.000000
0.000000	71006.000000
0.000000	71006.000000
0.000000	71006.000000
0.000000	71006.000000
0.000000	71006.000000
0.000000	71006.000000
0.000000	71006.000000
0.000000	71006.000000
0.000000	71006.000000
0.000000	71007.000000
0.000000	71007.000000
0.000000	71007.000000
0.000000	71007.000000
0.000000	71007.000000
0.000000	71007.000000
0.000000	71007.000000
0.000000	71007.000000
0.000000	71007.000000
0.000000	71007.000000
0.000000	71007.000000
0.000000	71007.000000
0.000000	71007.000000
0.000000	71007.000000
0.000000	71007.000000
0.000000	71007.000000
0.000000	71007.000000
0.000000	71008.000000
0.000000	71008.000000
0.000000	71008.000000
0.000000	71008.000000
0.000000	71008.000000
0.000000	71008.000000
0.000000	71008.000000
0.000000	71008.000000
0.000000	71008.000000
0.000000	71008.000000
0.000000	71008.000000
0.000000	71008.000000
0.000000	71008.000000
0.000000	71008.000000
0.000000	71008.000000
0.000000	71008.000000
0.000000	71008.000000
0.000000	71009.000000
0.000000	71009.000000
0.000000	71009.000000
0.000000	71009.000000
0.000000	71009.000000
0.000000	71009.000000
0.000000	71009.000000
0.000000	71009.000000
0.000000	71009.000000
0.000000	71009.000000
0.000000	71009.000000
0.000000	71009.000000
0.000000	71009.000000
0.000000	71009.000000
0.000000	71009.000000
0.000000	71009.000000
0.000000	71009.000000
0.000000	71010.000000
0.000000	71010.000000
0.000000	71010.000000
0.000000	71010.000000
0.000000	71010.000000
0.000000	71010.000000
0.000000	71010.000000
0.000000	71010.000000
0.000000	71010.000000
0.000000	71010.000000
0.000000	71010.000000
0.000000	71010.000000
0.000000	71010.000000
0.000000	71010.000000
0.000000	71010.000000
0.000000	71010.000000
0.000000	71010.000000
0.000000	71011.000000
0.000000	71011.000000
0.000000	71011.000000
0.000000	71011.000000
0.000000	71011.000000
0.000000	71011.000000
0.000000	71011.000000
0.000000	71011.000000
0.000000	71011.000000
0.000000	71011.000000
0.000000	71011.000000
0.000000	71011.000000
0.000000	71011.000000
0.000000	71011.000000
0.000000	71011.000000
0.000000	71011.000000
0.000000	71011.000000
0.000000	71012.000000
0.000000	71012.000000
0.000000	71012.000000
0.000000	71012.000000
0.000000	71012.000000
0.000000	71012.000000
0.000000	71012.000000
0.000000	71012.000000
0.000000	71012.000000
0.000000	71012.000000
0.000000	71012.000000
0.000000	71012.000000
0.000000	71012.000000
0.000000	71012.000000
0.000000	71012.000000
0.000000	71012.000000
0.000000	71012.000000
0.000000	71013.000000
0.000000	71013.000000
0.000000	71013.000000
0.000000	71013.000000
0.000000	71013.000000
0.000000	71013.000000
0.000000	71013.000000
0.000000	71013.000000
0.000000	71013.000000
0.000000	71013.000000
0.000000	71013.000000
0.000000	71013.000000
0.000000	71013.000000
0.000000	71013.000000
0.000000	71013.000000
0.000000	71013.000000
0.000000	71013.000000
0.000000	71014.000000
0.000000	71014.000000
0.000000	71014.000000
0.000000	71014.000000
0.000000	71014.000000
0.000000	71014.000000
0.000000	71014.000000
0.000000	71014.000000
0.000000	71014.000000
0.000000	71014.000000
0.000000	71014.000000
0.000000	71014.000000
0.000000	71014.000000
0.000000	71014.000000
0.000000	71014.000000
0.000000	71014.000000
0.000000	71014.000000
0.000000	71015.000000
0.000000	71015.000000
0.000000	71015.000000
0.000000	71015.000000
0.000000	71015.000000
0.000000	71015.000000
0.000000	71015.000000
0.000000	71015.000000
0.000000	71015.000000
0.000000	71015.000000
0.000000	71015.000000
0.000000	71015.000000
0.000000	71015.000000
0.000000	71015.000000
0.000000	71015.000000
0.000000	71015.000000
0.000000	71015.000000
0.000000	71016.000000
0.000000	71016.000000
0.000000	71016.000000
0.000000	71016.000000
0.000000	71016.000000
0.000000	71016.000000
0.000000	71016.000000
0.000000	71016.000000
0.000000	71016.000000
0.000000	71016.000000
0.000000	71016.000000
0.000000	71016.000000
0.000000	71016.000000
0.000000	71016.000000
0.000000	71016.000000
0.000000	71016.000000
0.000000	71016.000000
0.000000	71017.000000
0.000000	71017.000000
0.000000	71017.000000
0.000000	71017.000000
0.000000	71017.000000
0.000000	71017.000000
0.000000	71017.000000
0.000000	71017.000000
0.000000	71017.000000
0.000000	71017.000000
0.000000	71017.000000
0.000000	71017.000000
0.000000	71017.000000
0.000000	71017.000000
0.000000	71017.000000
0.000000	71017.000000
0.000000	71017.000000
0.000000	71018.000000
0.000000	71018.000000
0.000000	71018.000000
0.000000	71018.000000
0.000000	71018.000000
0.000000	71018.000000
0.000000	71018.000000
0.000000	71018.000000
0.000000	71018.000000
0.000000	71018.000000
0.000000	71018.000000
0.000000	71018.000000
0.000000	71018.000000
0.000000	71018.000000
0.000000	71018.000000
0.000000	71018.000000
0.000000	71018.000000
0.000000	71018.000000
0.000000	71019.000000
0.000000	71019.000000
0.000000	71019.000000
0.000000	71019.000000
0.000000	71019.000000
0.000000	71019.000000
0.000000	71019.000000
0.000000	71019.000000
0.000000	71019.000000
0.000000	71019.000000
0.000000	71019.000000
0.000000	71019.000000
0.000000	71019.000000
0.000000	71019.000000
0.000000	71019.000000
0.000000	71019.000000
0.000000	71019.000000
0.000000	71020.000000
0.000000	71020.000000
0.000000	71020.000000
0.000000	71020.000000
0.000000	71020.000000
0.000000	71020.000000
0.000000	71020.000000
0.000000	71020.000000
0.000000	71020.000000
0.000000	71020.000000
0.000000	71020.000000
0.000000	71020.000000
0.000000	71020.000000
0.000000	71020.000000
0.000000	71020.000000
0.000000	71020.000000
0.000000	71020.000000
0.000000	71021.000000
0.000000	71021.000000
0.000000	71021.000000
0.000000	71021.000000
0.000000	71021.000000
0.000000	71021.000000
0.000000	71021.000000
0.000000	71021.000000
0.000000	71021.000000
0.000000	71021.000000
0.000000	71021.000000
0.000000	71021.000000
0.000000	71021.000000
0.000000	71021.000000
0.000000	71021.000000
0.000000	71021.000000
0.000000	71021.000000
0.000000	71022.000000
0.000000	71022.000000
0.000000	71022.000000
0.000000	71022.000000
0.000000	71022.000000
0.000000	71022.000000
0.000000	71022.000000
0.000000	71022.000000
0.000000	71022.000000
0.000000	71022.000000
0.000000	71022.000000
0.000000	71022.000000
0.000000	71022.000000
0.000000	71022.000000
0.000000	71022.000000
0.000000	71022.000000
0.000000	71022.000000
0.000000	71023.000000
0.000000	71023.000000
0.000000	71023.000000
0.000000	71023.000000
0.000000	71023.000000
0.000000	71023.000000
0.000000	71023.000000
0.000000	71023.000000
0.000000	71023.000000
0.000000	71023.000000
0.000000	71023.000000
0.000000	71023.000000
0.000000	71023.000000
0.000000	71023.000000
0.000000	71023.000000
0.000000	71023.000000
0.000000	71023.000000
0.000000	71024.000000
0.000000	71024.000000
0.000000	71024.000000
0.000000	71024.000000
0.000000	71024.000000
0.000000	71024.000000
0.000000	71024.000000
0.000000	71024.000000
0.000000	71024.000000
0.000000	71024.000000
0.000000	71024.000000
0.000000	71024.000000
0.000000	71024.000000
0.000000	71024.000000
0.000000	71024.000000
0.000000	71024.000000
0.000000	71024.000000
0.000000	71025.000000
0.000000	71025.000000
0.000000	71025.000000
0.000000	71025.000000
0.000000	71025.000000
0.000000	71025.000000
0.000000	71025.000000
0.000000	71025.000000
0.000000	71025.000000
0.000000	71025.000000
0.000000	71025.000000
0.000000	71025.000000
0.000000	71025.000000
0.000000	71025.000000
0.000000	71025.000000
0.000000	71025.000000
0.000000	71025.000000
0.000000	71026.000000
0.000000	71026.000000
0.000000	71026.000000
0.000000	71026.000000
0.000000	71026.000000
0.000000	71026.000000
0.000000	71026.000000
0.000000	71026.000000
0.000000	71026.000000
0.000000	71026.000000
0.000000	71026.000000
0.000000	71026.000000
0.000000	71026.000000
0.000000	71026.000000
0.000000	71026.000000
0.000000	71026.000000
0.000000	71026.000000
0.000000	71027.000000
0.000000	71027.000000
0.000000	71027.000000
0.000000	71027.000000
0.000000	71027.000000
0.000000	71027.000000
0.000000	71027.000000
0.000000	71027.000000
0.000000	71027.000000
0.000000	71027.000000
0.000000	71027.000000
0.000000	71027.000000
0.000000	71027.000000
0.000000	71027.000000
0.000000	71027.000000
0.000000	71027.000000
0.000000	71027.000000
0.000000	71028.000000
0.000000	71028.000000
0.000000	71028.000000
0.000000	71028.000000
0.000000	71028.000000
0.000000	71028.000000
0.000000	71028.000000
0.000000	71028.000000
0.000000	71028.000000
0.000000	71028.000000
0.000000	71028.000000
0.000000	71028.000000
0.000000	71028.000000
0.000000	71028.000000
0.000000	71028.000000
0.000000	71028.000000
0.000000	71028.000000
0.000000	71029.000000
0.000000	71029.000000
0.000000	71029.000000
0.000000	71029.000000
0.000000	71029.000000
0.000000	71029.000000
0.000000	71029.000000
0.000000	71029.000000
0.000000	71029.000000
0.000000	71029.000000
0.000000	71029.000000
0.000000	71029.000000
0.000000	71029.000000
0.000000	71029.000000
0.000000	71029.000000
0.000000	71029.000000
0.000000	71029.000000
0.000000	71030.000000
0.000000	71030.000000
0.000000	71030.000000
0.000000	71030.000000
0.000000	71030.000000
0.000000	71030.000000
0.000000	71030.000000
0.000000	71030.000000
0.000000	71030.000000
0.000000	71030.000000
0.000000	71030.000000
0.000000	71030.000000
0.000000	71030.000000
0.000000	71030.000000
0.000000	71030.000000
0.000000	71030.000000
0.000000	71030.000000
0.000000	71031.000000
0.000000	71031.000000
0.000000	71031.000000
0.000000	71031.000000
0.000000	71031.000000
0.000000	71031.000000
0.000000	71031.000000
0.000000	71031.000000
0.000000	71031.000000
0.000000	71031.000000
0.000000	71031.000000
0.000000	71031.000000
0.000000	71031.000000
0.000000	71031.000000
0.000000	71031.000000
0.000000	71031.000000
0.000000	71031.000000
0.000000	71032.000000
0.000000	71032.000000
0.000000	71032.000000
0.000000	71032.000000
0.000000	71032.000000
0.000000	71032.000000
0.000000	71032.000000
0.000000	71032.000000
0.000000	71032.000000
0.000000	71032.000000
0.000000	71032.000000
0.000000	71032.000000
0.000000	71032.000000
0.000000	71032.000000
0.000000	71032.000000
0.000000	71032.000000
0.000000	71032.000000
0.000000	71033.000000
0.000000	71033.000000
0.000000	71033.000000
0.000000	71033.000000
0.000000	71033.000000
0.000000	71033.000000
0.000000	71033.000000
0.000000	71033.000000
0.000000	71033.000000
0.000000	71033.000000
0.000000	71033.000000
0.000000	71033.000000
0.000000	71033.000000
0.000000	71033.000000
0.000000	71033.000000
0.000000	71033.000000
0.000000	71033.000000
0.000000	71033.000000
0.000000	71034.000000
0.000000	71034.000000
0.000000	71034.000000
0.000000	71034.000000
0.000000	71034.000000
0.000000	71034.000000
0.000000	71034.000000
0.000000	71034.000000
0.000000	71034.000000
0.000000	71034.000000
0.000000	71034.000000
0.000000	71034.000000
0.000000	71034.000000
0.000000	71034.000000
0.000000	71034.000000
0.000000	71034.000000
0.000000	71034.000000
0.000000	71035.000000
0.000000	71035.000000
0.000000	71035.000000
0.000000	71035.000000
0.000000	71035.000000
0.000000	71035.000000
0.000000	71035.000000
0.000000	71035.000000
0.000000	71035.000000
0.000000	71035.000000
0.000000	71035.000000
0.000000	71035.000000
0.000000	71035.000000
0.000000	71035.000000
0.000000	71035.000000
0.000000	71035.000000
0.000000	71035.000000
0.000000	71036.000000
0.000000	71036.000000
0.000000	71036.000000
0.000000	71036.000000
0.000000	71036.000000
0.000000	71036.000000
0.000000	71036.000000
0.000000	71036.000000
0.000000	71036.000000
0.000000	71036.000000
0.000000	71036.000000
0.000000	71036.000000
0.000000	71036.000000
0.000000	71036.000000
0.000000	71036.000000
0.000000	71036.000000
0.000000	71036.000000
0.000000	71037.000000
0.000000	71037.000000
0.000000	71037.000000
0.000000	71037.000000
0.000000	71037.000000
0.000000	71037.000000
0.000000	71037.000000
0.000000	71037.000000
0.000000	71037.000000
0.000000	71037.000000
0.000000	71037.000000
0.000000	71037.000000
0.000000	71037.000000
0.000000	71037.000000
0.000000	71037.000000
0.000000	71037.000000
0.000000	71037.000000
0.000000	71038.000000
0.000000	71038.000000
0.000000	71038.000000
0.000000	71038.000000
0.000000	71038.000000
0.000000	71038.000000
0.000000	71038.000000
0.000000	71038.000000
0.000000	71038.000000
0.000000	71038.000000
0.000000	71038.000000
0.000000	71038.000000
0.000000	71038.000000
0.000000	71038.000000
0.000000	71038.000000
0.000000	71038.000000
0.000000	71038.000000
0.000000	71039.000000
0.000000	71039.000000
0.000000	71039.000000
0.000000	71039.000000
0.000000	71039.000000
0.000000	71039.000000
0.000000	71039.000000
0.000000	71039.000000
0.000000	71039.000000
0.000000	71039.000000
0.000000	71039.000000
0.000000	71039.000000
0.000000	71039.000000
0.000000	71039.000000
0.000000	71039.000000
0.000000	71039.000000
0.000000	71039.000000
0.000000	71040.000000
0.000000	71040.000000
0.000000	71040.000000
0.000000	71040.000000
0.000000	71040.000000
0.000000	71040.000000
0.000000	71040.000000
0.000000	71040.000000
0.000000	71040.000000
0.000000	71040.000000
0.000000	71040.000000
0.000000	71040.000000
0.000000	71040.000000
0.000000	71040.000000
0.000000	71040.000000
0.000000	71040.000000
0.000000	71040.000000
0.000000	71041.000000
0.000000	71041.000000
0.000000	71041.000000
0.000000	71041.000000
0.000000	71041.000000
0.000000	71041.000000
0.000000	71041.000000
0.000000	71041.000000
0.000000	71041.000000
0.000000	71041.000000
0.000000	71041.000000
0.000000	71041.000000
0.000000	71041.000000
0.000000	71041.000000
0.000000	71041.000000
0.000000	71041.000000
0.000000	71041.000000
0.000000	71042.000000
0.000000	71042.000000
0.000000	71042.000000
0.000000	71042.000000
0.000000	71042.000000
0.000000	71042.000000
0.000000	71042.000000
0.000000	71042.000000
0.000000	71042.000000
0.000000	71042.000000
0.000000	71042.000000
0.000000	71042.000000
0.000000	71042.000000
0.000000	71042.000000
0.000000	71042.000000
0.000000	71042.000000
0.000000	71042.000000
0.000000	71043.000000
0.000000	71043.000000
0.000000	71043.000000
0.000000	71043.000000
0.000000	71043.000000
0.000000	71043.000000
0.000000	71043.000000
0.000000	71043.000000
0.000000	71043.000000
0.000000	71043.000000
0.000000	71043.000000
0.000000	71043.000000
0.000000	71043.000000
0.000000	71043.000000
0.000000	71043.000000
0.000000	71043.000000
0.000000	71043.000000
0.000000	71044.000000
0.000000	71044.000000
0.000000	71044.000000
0.000000	71044.000000
0.000000	71044.000000
0.000000	71044.000000
0.000000	71044.000000
0.000000	71044.000000
0.000000	71044.000000
0.000000	71044.000000
0.000000	71044.000000
0.000000	71044.000000
0.000000	71044.000000
0.000000	71044.000000
0.000000	71044.000000
0.000000	71044.000000
0.000000	71044.000000
0.000000	71045.000000
0.000000	71045.000000
0.000000	71045.000000
0.000000	71045.000000
0.000000	71045.000000
0.000000	71045.000000
0.000000	71045.000000
0.000000	71045.000000
0.000000	71045.000000
0.000000	71045.000000
0.000000	71045.000000
0.000000	71045.000000
0.000000	71045.000000
0.000000	71045.000000
0.000000	71045.000000
0.000000	71045.000000
0.000000	71045.000000
0.000000	71046.000000
0.000000	71046.000000
0.000000	71046.000000
0.000000	71046.000000
0.000000	71046.000000
0.000000	71046.000000
0.000000	71046.000000
0.000000	71046.000000
0.000000	71046.000000
0.000000	71046.000000
0.000000	71046.000000
0.000000	71046.000000
0.000000	71046.000000
0.000000	71046.000000
0.000000	71046.000000
0.000000	71046.000000
0.000000	71046.000000
0.000000	71047.000000
0.000000	71047.000000
0.000000	71047.000000
0.000000	71047.000000
0.000000	71047.000000
0.000000	71047.000000
0.000000	71047.000000
0.000000	71047.000000
0.000000	71047.000000
0.000000	71047.000000
0.000000	71047.000000
0.000000	71047.000000
0.000000	71047.000000
0.000000	71047.000000
0.000000	71047.000000
0.000000	71047.000000
0.000000	71047.000000
0.000000	71048.000000
0.000000	71048.000000
0.000000	71048.000000
0.000000	71048.000000
0.000000	71048.000000
0.000000	71048.000000
0.000000	71048.000000
0.000000	71048.000000
0.000000	71048.000000
0.000000	71048.000000
0.000000	71048.000000
0.000000	71048.000000
0.000000	71048.000000
0.000000	71048.000000
0.000000	71048.000000
0.000000	71048.000000
0.000000	71048.000000
0.000000	71048.000000
0.000000	71049.000000
0.000000	71049.000000
0.000000	71049.000000
0.000000	71049.000000
0.000000	71049.000000
0.000000	71049.000000
0.000000	71049.000000
0.000000	71049.000000
0.000000	71049.000000
0.000000	71049.000000
0.000000	71049.000000
0.000000	71049.000000
0.000000	71049.000000
0.000000	71049.000000
0.000000	71049.000000
0.000000	71049.000000
0.000000	71049.000000
0.000000	71050.000000
0.000000	71050.000000
0.000000	71050.000000
0.000000	71050.000000
0.000000	71050.000000
0.000000	71050.000000
0.000000	71050.000000
0.000000	71050.000000
0.000000	71050.000000
0.000000	71050.000000
0.000000	71050.000000
0.000000	71050.000000
0.000000	71050.000000
0.000000	71050.000000
0.000000	71050.000000
0.000000	71050.000000
0.000000	71050.000000
0.000000	71051.000000
0.000000	71051.000000
0.000000	71051.000000
0.000000	71051.000000
0.000000	71051.000000
0.000000	71051.000000
0.000000	71051.000000
0.000000	71051.000000
0.000000	71051.000000
0.000000	71051.000000
0.000000	71051.000000
0.000000	71051.000000
0.000000	71051.000000
0.000000	71051.000000
0.000000	71051.000000
0.000000	71051.000000
0.000000	71051.000000
0.000000	71052.000000
0.000000	71052.000000
0.000000	71052.000000
0.000000	71052.000000
0.000000	71052.000000
0.000000	71052.000000
0.000000	71052.000000
0.000000	71052.000000
0.000000	71052.000000
0.000000	71052.000000
0.000000	71052.000000
0.000000	71052.000000
0.000000	71052.000000
0.000000	71052.000000
0.000000	71052.000000
0.000000	71052.000000
0.000000	71052.000000
0.000000	71053.000000
0.000000	71053.000000
0.000000	71053.000000
0.000000	71053.000000
0.000000	71053.000000
0.000000	71053.000000
0.000000	71053.000000
0.000000	71053.000000
0.000000	71053.000000
0.000000	71053.000000
0.000000	71053.000000
0.000000	71053.000000
0.000000	71053.000000
0.000000	71053.000000
0.000000	71053.000000
0.000000	71053.000000
0.000000	71053.000000
0.000000	71054.000000
0.000000	71054.000000
0.000000	71054.000000
0.000000	71054.000000
0.000000	71054.000000
0.000000	71054.000000
0.000000	71054.000000
0.000000	71054.000000
0.000000	71054.000000
0.000000	71054.000000
0.000000	71054.000000
0.000000	71054.000000
0.000000	71054.000000
0.000000	71054.000000
0.000000	71054.000000
0.000000	71054.000000
0.000000	71054.000000
0.000000	71055.000000
0.000000	71055.000000
0.000000	71055.000000
0.000000	71055.000000
0.000000	71055.000000
0.000000	71055.000000
0.000000	71055.000000
0.000000	71055.000000
0.000000	71055.000000
0.000000	71055.000000
0.000000	71055.000000
0.000000	71055.000000
0.000000	71055.000000
0.000000	71055.000000
0.000000	71055.000000
0.000000	71055.000000
0.000000	71055.000000
0.000000	71056.000000
0.000000	71056.000000
0.000000	71056.000000
0.000000	71056.000000
0.000000	71056.000000
0.000000	71056.000000
0.000000	71056.000000
0.000000	71056.000000
0.000000	71056.000000
0.000000	71056.000000
0.000000	71056.000000
0.000000	71056.000000
0.000000	71056.000000
0.000000	71056.000000
0.000000	71056.000000
0.000000	71056.000000
0.000000	71056.000000
0.000000	71057.000000
0.000000	71057.000000
0.000000	71057.000000
0.000000	71057.000000
0.000000	71057.000000
0.000000	71057.000000
0.000000	71057.000000
0.000000	71057.000000
0.000000	71057.000000
0.000000	71057.000000
0.000000	71057.000000
0.000000	71057.000000
0.000000	71057.000000
0.000000	71057.000000
0.000000	71057.000000
0.000000	71057.000000
0.000000	71057.000000
0.000000	71058.000000
0.000000	71058.000000
0.000000	71058.000000
0.000000	71058.000000
0.000000	71058.000000
0.000000	71058.000000
0.000000	71058.000000
0.000000	71058.000000
0.000000	71058.000000
0.000000	71058.000000
0.000000	71058.000000
0.000000	71058.000000
0.000000	71058.000000
0.000000	71058.000000
0.000000	71058.000000
0.000000	71058.000000
0.000000	71058.000000
0.000000	71059.000000
0.000000	71059.000000
0.000000	71059.000000
0.000000	71059.000000
0.000000	71059.000000
0.000000	71059.000000
0.000000	71059.000000
0.000000	71059.000000
0.000000	71059.000000
0.000000	71059.000000
0.000000	71059.000000
0.000000	71059.000000
0.000000	71059.000000
0.000000	71059.000000
0.000000	71059.000000
0.000000	71059.000000
0.000000	71059.000000
0.000000	71100.000000
0.000000	71100.000000
0.000000	71100.000000
0.000000	71100.000000
0.000000	71100.000000
0.000000	71100.000000
0.000000	71100.000000
0.000000	71100.000000
0.000000	71100.000000
0.000000	71100.000000
0.000000	71100.000000
0.000000	71100.000000
0.000000	71100.000000
0.000000	71100.000000
0.000000	71100.000000
0.000000	71100.000000
0.000000	71100.000000
0.000000	71101.000000
0.000000	71101.000000
0.000000	71101.000000
0.000000	71101.000000
0.000000	71101.000000
0.000000	71101.000000
0.000000	71101.000000
0.000000	71101.000000
0.000000	71101.000000
0.000000	71101.000000
0.000000	71101.000000
0.000000	71101.000000
0.000000	71101.000000
0.000000	71101.000000
0.000000	71101.000000
0.000000	71101.000000
0.000000	71101.000000
0.000000	71102.000000
0.000000	71102.000000
0.000000	71102.000000
0.000000	71102.000000
0.000000	71102.000000
0.000000	71102.000000
0.000000	71102.000000
0.000000	71102.000000
0.000000	71102.000000
0.000000	71102.000000
0.000000	71102.000000
0.000000	71102.000000
0.000000	71102.000000
0.000000	71102.000000
0.000000	71102.000000
0.000000	71102.000000
0.000000	71102.000000
0.000000	71103.000000
0.000000	71103.000000
0.000000	71103.000000
0.000000	71103.000000
0.000000	71103.000000
0.000000	71103.000000
0.000000	71103.000000
0.000000	71103.000000
0.000000	71103.000000
0.000000	71103.000000
0.000000	71103.000000
0.000000	71103.000000
0.000000	71103.000000
0.000000	71103.000000
0.000000	71103.000000
0.000000	71103.000000
0.000000	71103.000000
0.000000	71103.000000
0.000000	71104.000000
0.000000	71104.000000
0.000000	71104.000000
0.000000	71104.000000
0.000000	71104.000000
0.000000	71104.000000
0.000000	71104.000000
0.000000	71104.000000
0.000000	71104.000000
0.000000	71104.000000
0.000000	71104.000000
0.000000	71104.000000
0.000000	71104.000000
0.000000	71104.000000
0.000000	71104.000000
0.000000	71104.000000
0.000000	71104.000000
0.000000	71105.000000
0.000000	71105.000000
0.000000	71105.000000
0.000000	71105.000000
0.000000	71105.000000
0.000000	71105.000000
0.000000	71105.000000
0.000000	71105.000000
0.000000	71105.000000
0.000000	71105.000000
0.000000	71105.000000
0.000000	71105.000000
0.000000	71105.000000
0.000000	71105.000000
0.000000	71105.000000
0.000000	71105.000000
0.000000	71105.000000
0.000000	71106.000000
0.000000	71106.000000
0.000000	71106.000000
0.000000	71106.000000
0.000000	71106.000000
0.000000	71106.000000
0.000000	71106.000000
0.000000	71106.000000
0.000000	71106.000000
0.000000	71106.000000
0.000000	71106.000000
0.000000	71106.000000
0.000000	71106.000000
0.000000	71106.000000
0.000000	71106.000000
0.000000	71106.000000
0.000000	71106.000000
0.000000	71107.000000
0.000000	71107.000000
0.000000	71107.000000
0.000000	71107.000000
0.000000	71107.000000
0.000000	71107.000000
0.000000	71107.000000
0.000000	71107.000000
0.000000	71107.000000
0.000000	71107.000000
0.000000	71107.000000
0.000000	71107.000000
0.000000	71107.000000
0.000000	71107.000000
0.000000	71107.000000
0.000000	71107.000000
0.000000	71107.000000
0.000000	71108.000000
0.000000	71108.000000
0.000000	71108.000000
0.000000	71108.000000
0.000000	71108.000000
0.000000	71108.000000
0.000000	71108.000000
0.000000	71108.000000
0.000000	71108.000000
0.000000	71108.000000
0.000000	71108.000000
0.000000	71108.000000
0.000000	71108.000000
0.000000	71108.000000
0.000000	71108.000000
0.000000	71108.000000
0.000000	71108.000000
0.000000	71109.000000
0.000000	71109.000000
0.000000	71109.000000
0.000000	71109.000000
0.000000	71109.000000
0.000000	71109.000000
0.000000	71109.000000
0.000000	71109.000000
0.000000	71109.000000
0.000000	71109.000000
0.000000	71109.000000
0.000000	71109.000000
0.000000	71109.000000
0.000000	71109.000000
0.000000	71109.000000
0.000000	71109.000000
0.000000	71109.000000
0.000000	71110.000000
0.000000	71110.000000
0.000000	71110.000000
0.000000	71110.000000
0.000000	71110.000000
0.000000	71110.000000
0.000000	71110.000000
0.000000	71110.000000
0.000000	71110.000000
0.000000	71110.000000
0.000000	71110.000000
0.000000	71110.000000
0.000000	71110.000000
0.000000	71110.000000
0.000000	71110.000000
0.000000	71110.000000
0.000000	71110.000000
0.000000	71111.000000
0.000000	71111.000000
0.000000	71111.000000
0.000000	71111.000000
0.000000	71111.000000
0.000000	71111.000000
0.000000	71111.000000
0.000000	71111.000000
0.000000	71111.000000
0.000000	71111.000000
0.000000	71111.000000
0.000000	71111.000000
0.000000	71111.000000
0.000000	71111.000000
0.000000	71111.000000
0.000000	71111.000000
0.000000	71111.000000
0.000000	71112.000000
0.000000	71112.000000
0.000000	71112.000000
0.000000	71112.000000
0.000000	71112.000000
0.000000	71112.000000
0.000000	71112.000000
0.000000	71112.000000
0.000000	71112.000000
0.000000	71112.000000
0.000000	71112.000000
0.000000	71112.000000
0.000000	71112.000000
0.000000	71112.000000
0.000000	71112.000000
0.000000	71112.000000
0.000000	71112.000000
0.000000	71113.000000
0.000000	71113.000000
0.000000	71113.000000
0.000000	71113.000000
0.000000	71113.000000
0.000000	71113.000000
0.000000	71113.000000
0.000000	71113.000000
0.000000	71113.000000
0.000000	71113.000000
0.000000	71113.000000
0.000000	71113.000000
0.000000	71113.000000
0.000000	71113.000000
0.000000	71113.000000
0.000000	71113.000000
0.000000	71113.000000
0.000000	71114.000000
0.000000	71114.000000
0.000000	71114.000000
0.000000	71114.000000
0.000000	71114.000000
0.000000	71114.000000
0.000000	71114.000000
0.000000	71114.000000
0.000000	71114.000000
0.000000	71114.000000
0.000000	71114.000000
0.000000	71114.000000
0.000000	71114.000000
0.000000	71114.000000
0.000000	71114.000000
0.000000	71114.000000
0.000000	71114.000000
0.000000	71115.000000
0.000000	71115.000000
0.000000	71115.000000
0.000000	71115.000000
0.000000	71115.000000
0.000000	71115.000000
0.000000	71115.000000
0.000000	71115.000000
0.000000	71115.000000
0.000000	71115.000000
0.000000	71115.000000
0.000000	71115.000000
0.000000	71115.000000
0.000000	71115.000000
0.000000	71115.000000
0.000000	71115.000000
0.000000	71115.000000
0.000000	71116.000000
0.000000	71116.000000
0.000000	71116.000000
0.000000	71116.000000
0.000000	71116.000000
0.000000	71116.000000
0.000000	71116.000000
0.000000	71116.000000
0.000000	71116.000000
0.000000	71116.000000
0.000000	71116.000000
0.000000	71116.000000
0.000000	71116.000000
0.000000	71116.000000
0.000000	71116.000000
0.000000	71116.000000
0.000000	71116.000000
0.000000	71117.000000
0.000000	71117.000000
0.000000	71117.000000
0.000000	71117.000000
0.000000	71117.000000
0.000000	71117.000000
0.000000	71117.000000
0.000000	71117.000000
0.000000	71117.000000
0.000000	71117.000000
0.000000	71117.000000
0.000000	71117.000000
0.000000	71117.000000
0.000000	71117.000000
0.000000	71117.000000
0.000000	71117.000000
0.000000	71117.000000
0.000000	71118.000000
0.000000	71118.000000
0.000000	71118.000000
0.000000	71118.000000
0.000000	71118.000000
0.000000	71118.000000
0.000000	71118.000000
0.000000	71118.000000
0.000000	71118.000000
0.000000	71118.000000
0.000000	71118.000000
0.000000	71118.000000
0.000000	71118.000000
0.000000	71118.000000
0.000000	71118.000000
0.000000	71118.000000
0.000000	71118.000000
0.000000	71119.000000
0.000000	71119.000000
0.000000	71119.000000
0.000000	71119.000000
0.000000	71119.000000
0.000000	71119.000000
0.000000	71119.000000
0.000000	71119.000000
0.000000	71119.000000
0.000000	71119.000000
0.000000	71119.000000
0.000000	71119.000000
0.000000	71119.000000
0.000000	71119.000000
0.000000	71119.000000
0.000000	71119.000000
0.000000	71119.000000
0.000000	71119.000000
0.000000	71120.000000
0.000000	71120.000000
0.000000	71120.000000
0.000000	71120.000000
0.000000	71120.000000
0.000000	71120.000000
0.000000	71120.000000
0.000000	71120.000000
0.000000	71120.000000
0.000000	71120.000000
0.000000	71120.000000
0.000000	71120.000000
0.000000	71120.000000
0.000000	71120.000000
0.000000	71120.000000
0.000000	71120.000000
0.000000	71120.000000
0.000000	71121.000000
0.000000	71121.000000
0.000000	71121.000000
0.000000	71121.000000
0.000000	71121.000000
0.000000	71121.000000
0.000000	71121.000000
0.000000	71121.000000
0.000000	71121.000000
0.000000	71121.000000
0.000000	71121.000000
0.000000	71121.000000
0.000000	71121.000000
0.000000	71121.000000
0.000000	71121.000000
0.000000	71121.000000
0.000000	71121.000000
0.000000	71122.000000
0.000000	71122.000000
0.000000	71122.000000
0.000000	71122.000000
0.000000	71122.000000
0.000000	71122.000000
0.000000	71122.000000
0.000000	71122.000000
0.000000	71122.000000
0.000000	71122.000000
0.000000	71122.000000
0.000000	71122.000000
0.000000	71122.000000
0.000000	71122.000000
0.000000	71122.000000
0.000000	71122.000000
0.000000	71122.000000
0.000000	71123.000000
0.000000	71123.000000
0.000000	71123.000000
0.000000	71123.000000
0.000000	71123.000000
0.000000	71123.000000
0.000000	71123.000000
0.000000	71123.000000
0.000000	71123.000000
0.000000	71123.000000
0.000000	71123.000000
0.000000	71123.000000
0.000000	71123.000000
0.000000	71123.000000
0.000000	71123.000000
0.000000	71123.000000
0.000000	71123.000000
0.000000	71124.000000
0.000000	71124.000000
0.000000	71124.000000
0.000000	71124.000000
0.000000	71124.000000
0.000000	71124.000000
0.000000	71124.000000
0.000000	71124.000000
0.000000	71124.000000
0.000000	71124.000000
0.000000	71124.000000
0.000000	71124.000000
0.000000	71124.000000
0.000000	71124.000000
0.000000	71124.000000
0.000000	71124.000000
0.000000	71124.000000
0.000000	71125.000000
0.000000	71125.000000
0.000000	71125.000000
0.000000	71125.000000
0.000000	71125.000000
0.000000	71125.000000
0.000000	71125.000000
0.000000	71125.000000
0.000000	71125.000000
0.000000	71125.000000
0.000000	71125.000000
0.000000	71125.000000
0.000000	71125.000000
0.000000	71125.000000
0.000000	71125.000000
0.000000	71125.000000
0.000000	71125.000000
0.000000	71126.000000
0.000000	71126.000000
0.000000	71126.000000
0.000000	71126.000000
0.000000	71126.000000
0.000000	71126.000000
0.000000	71126.000000
0.000000	71126.000000
0.000000	71126.000000
0.000000	71126.000000
0.000000	71126.000000
0.000000	71126.000000
0.000000	71126.000000
0.000000	71126.000000
0.000000	71126.000000
0.000000	71126.000000
0.000000	71126.000000
0.000000	71127.000000
0.000000	71127.000000
0.000000	71127.000000
0.000000	71127.000000
0.000000	71127.000000
0.000000	71127.000000
0.000000	71127.000000
0.000000	71127.000000
0.000000	71127.000000
0.000000	71127.000000
0.000000	71127.000000
0.000000	71127.000000
0.000000	71127.000000
0.000000	71127.000000
0.000000	71127.000000
0.000000	71127.000000
0.000000	71127.000000
0.000000	71128.000000
0.000000	71128.000000
0.000000	71128.000000
0.000000	71128.000000
0.000000	71128.000000
0.000000	71128.000000
0.000000	71128.000000
0.000000	71128.000000
0.000000	71128.000000
0.000000	71128.000000
0.000000	71128.000000
0.000000	71128.000000
0.000000	71128.000000
0.000000	71128.000000
0.000000	71128.000000
0.000000	71128.000000
0.000000	71128.000000
0.000000	71129.000000
0.000000	71129.000000
0.000000	71129.000000
0.000000	71129.000000
0.000000	71129.000000
0.000000	71129.000000
0.000000	71129.000000
0.000000	71129.000000
0.000000	71129.000000
0.000000	71129.000000
0.000000	71129.000000
0.000000	71129.000000
0.000000	71129.000000
0.000000	71129.000000
0.000000	71129.000000
0.000000	71129.000000
0.000000	71129.000000
0.000000	71130.000000
0.000000	71130.000000
0.000000	71130.000000
0.000000	71130.000000
0.000000	71130.000000
0.000000	71130.000000
0.000000	71130.000000
0.000000	71130.000000
0.000000	71130.000000
0.000000	71130.000000
0.000000	71130.000000
0.000000	71130.000000
0.000000	71130.000000
0.000000	71130.000000
0.000000	71130.000000
0.000000	71130.000000
0.000000	71130.000000
0.000000	71131.000000
0.000000	71131.000000
0.000000	71131.000000
0.000000	71131.000000
0.000000	71131.000000
0.000000	71131.000000
0.000000	71131.000000
0.000000	71131.000000
0.000000	71131.000000
0.000000	71131.000000
0.000000	71131.000000
0.000000	71131.000000
0.000000	71131.000000
0.000000	71131.000000
0.000000	71131.000000
0.000000	71131.000000
0.000000	71131.000000
0.000000	71132.000000
0.000000	71132.000000
0.000000	71132.000000
0.000000	71132.000000
0.000000	71132.000000
0.000000	71132.000000
0.000000	71132.000000
0.000000	71132.000000
0.000000	71132.000000
0.000000	71132.000000
0.000000	71132.000000
0.000000	71132.000000
0.000000	71132.000000
0.000000	71132.000000
0.000000	71132.000000
0.000000	71132.000000
0.000000	71132.000000
0.000000	71133.000000
0.000000	71133.000000
0.000000	71133.000000
0.000000	71133.000000
0.000000	71133.000000
0.000000	71133.000000
0.000000	71133.000000
0.000000	71133.000000
0.000000	71133.000000
0.000000	71133.000000
0.000000	71133.000000
0.000000	71133.000000
0.000000	71133.000000
0.000000	71133.000000
0.000000	71133.000000
0.000000	71133.000000
0.000000	71133.000000
0.000000	71133.000000
0.000000	71134.000000
0.000000	71134.000000
0.000000	71134.000000
0.000000	71134.000000
0.000000	71134.000000
0.000000	71134.000000
0.000000	71134.000000
0.000000	71134.000000
0.000000	71134.000000
0.000000	71134.000000
0.000000	71134.000000
0.000000	71134.000000
0.000000	71134.000000
0.000000	71134.000000
0.000000	71134.000000
0.000000	71134.000000
0.000000	71134.000000
0.000000	71135.000000
0.000000	71135.000000
0.000000	71135.000000
0.000000	71135.000000
0.000000	71135.000000
0.000000	71135.000000
0.000000	71135.000000
0.000000	71135.000000
0.000000	71135.000000
0.000000	71135.000000
0.000000	71135.000000
0.000000	71135.000000
0.000000	71135.000000
0.000000	71135.000000
0.000000	71135.000000
0.000000	71135.000000
0.000000	71135.000000
0.000000	71136.000000
0.000000	71136.000000
0.000000	71136.000000
0.000000	71136.000000
0.000000	71136.000000
0.000000	71136.000000
0.000000	71136.000000
0.000000	71136.000000
0.000000	71136.000000
0.000000	71136.000000
0.000000	71136.000000
0.000000	71136.000000
0.000000	71136.000000
0.000000	71136.000000
0.000000	71136.000000
0.000000	71136.000000
0.000000	71136.000000
0.000000	71137.000000
0.000000	71137.000000
0.000000	71137.000000
0.000000	71137.000000
0.000000	71137.000000
0.000000	71137.000000
0.000000	71137.000000
0.000000	71137.000000
0.000000	71137.000000
0.000000	71137.000000
0.000000	71137.000000
0.000000	71137.000000
0.000000	71137.000000
0.000000	71137.000000
0.000000	71137.000000
0.000000	71137.000000
0.000000	71137.000000
0.000000	71138.000000
0.000000	71138.000000
0.000000	71138.000000
0.000000	71138.000000
0.000000	71138.000000
0.000000	71138.000000
0.000000	71138.000000
0.000000	71138.000000
0.000000	71138.000000
0.000000	71138.000000
0.000000	71138.000000
0.000000	71138.000000
0.000000	71138.000000
0.000000	71138.000000
0.000000	71138.000000
0.000000	71138.000000
0.000000	71138.000000
0.000000	71139.000000
0.000000	71139.000000
0.000000	71139.000000
0.000000	71139.000000
0.000000	71139.000000
0.000000	71139.000000
0.000000	71139.000000
0.000000	71139.000000
0.000000	71139.000000
0.000000	71139.000000
0.000000	71139.000000
0.000000	71139.000000
0.000000	71139.000000
0.000000	71139.000000
0.000000	71139.000000
0.000000	71139.000000
0.000000	71139.000000
0.000000	71140.000000
0.000000	71140.000000
0.000000	71140.000000
0.000000	71140.000000
0.000000	71140.000000
0.000000	71140.000000
0.000000	71140.000000
0.000000	71140.000000
0.000000	71140.000000
0.000000	71140.000000
0.000000	71140.000000
0.000000	71140.000000
0.000000	71140.000000
0.000000	71140.000000
0.000000	71140.000000
0.000000	71140.000000
0.000000	71140.000000
0.000000	71141.000000
0.000000	71141.000000
0.000000	71141.000000
0.000000	71141.000000
0.000000	71141.000000
0.000000	71141.000000
0.000000	71141.000000
0.000000	71141.000000
0.000000	71141.000000
0.000000	71141.000000
0.000000	71141.000000
0.000000	71141.000000
0.000000	71141.000000
0.000000	71141.000000
0.000000	71141.000000
0.000000	71141.000000
0.000000	71141.000000
0.000000	71142.000000
0.000000	71142.000000
0.000000	71142.000000
0.000000	71142.000000
0.000000	71142.000000
0.000000	71142.000000
0.000000	71142.000000
0.000000	71142.000000
0.000000	71142.000000
0.000000	71142.000000
0.000000	71142.000000
0.000000	71142.000000
0.000000	71142.000000
0.000000	71142.000000
0.000000	71142.000000
0.000000	71142.000000
0.000000	71142.000000
0.000000	71143.000000
0.000000	71143.000000
0.000000	71143.000000
0.000000	71143.000000
0.000000	71143.000000
0.000000	71143.000000
0.000000	71143.000000
0.000000	71143.000000
0.000000	71143.000000
0.000000	71143.000000
0.000000	71143.000000
0.000000	71143.000000
0.000000	71143.000000
0.000000	71143.000000
0.000000	71143.000000
0.000000	71143.000000
0.000000	71143.000000
0.000000	71144.000000
0.000000	71144.000000
0.000000	71144.000000
0.000000	71144.000000
0.000000	71144.000000
0.000000	71144.000000
0.000000	71144.000000
0.000000	71144.000000
0.000000	71144.000000
0.000000	71144.000000
0.000000	71144.000000
0.000000	71144.000000
0.000000	71144.000000
0.000000	71144.000000
0.000000	71144.000000
0.000000	71144.000000
0.000000	71144.000000
0.000000	71145.000000
0.000000	71145.000000
0.000000	71145.000000
0.000000	71145.000000
0.000000	71145.000000
0.000000	71145.000000
0.000000	71145.000000
0.000000	71145.000000
0.000000	71145.000000
0.000000	71145.000000
0.000000	71145.000000
0.000000	71145.000000
0.000000	71145.000000
0.000000	71145.000000
0.000000	71145.000000
0.000000	71145.000000
0.000000	71145.000000
0.000000	71146.000000
0.000000	71146.000000
0.000000	71146.000000
0.000000	71146.000000
0.000000	71146.000000
0.000000	71146.000000
0.000000	71146.000000
0.000000	71146.000000
0.000000	71146.000000
0.000000	71146.000000
0.000000	71146.000000
0.000000	71146.000000
0.000000	71146.000000
0.000000	71146.000000
0.000000	71146.000000
0.000000	71146.000000
0.000000	71146.000000
0.000000	71147.000000
0.000000	71147.000000
0.000000	71147.000000
0.000000	71147.000000
0.000000	71147.000000
0.000000	71147.000000
0.000000	71147.000000
0.000000	71147.000000
0.000000	71147.000000
0.000000	71147.000000
0.000000	71147.000000
0.000000	71147.000000
0.000000	71147.000000
0.000000	71147.000000
0.000000	71147.000000
0.000000	71147.000000
0.000000	71147.000000
0.000000	71148.000000
0.000000	71148.000000
0.000000	71148.000000
0.000000	71148.000000
0.000000	71148.000000
0.000000	71148.000000
0.000000	71148.000000
0.000000	71148.000000
0.000000	71148.000000
0.000000	71148.000000
0.000000	71148.000000
0.000000	71148.000000
0.000000	71148.000000
0.000000	71148.000000
0.000000	71148.000000
0.000000	71148.000000
0.000000	71148.000000
0.000000	71148.000000
0.000000	71149.000000
0.000000	71149.000000
0.000000	71149.000000
0.000000	71149.000000
0.000000	71149.000000
0.000000	71149.000000
0.000000	71149.000000
0.000000	71149.000000
0.000000	71149.000000
0.000000	71149.000000
0.000000	71149.000000
0.000000	71149.000000
0.000000	71149.000000
0.000000	71149.000000
0.000000	71149.000000
0.000000	71149.000000
0.000000	71149.000000
0.000000	71150.000000
0.000000	71150.000000
0.000000	71150.000000
0.000000	71150.000000
0.000000	71150.000000
0.000000	71150.000000
0.000000	71150.000000
0.000000	71150.000000
0.000000	71150.000000
0.000000	71150.000000
0.000000	71150.000000
0.000000	71150.000000
0.000000	71150.000000
0.000000	71150.000000
0.000000	71150.000000
0.000000	71150.000000
0.000000	71150.000000
0.000000	71151.000000
0.000000	71151.000000
0.000000	71151.000000
0.000000	71151.000000
0.000000	71151.000000
0.000000	71151.000000
0.000000	71151.000000
0.000000	71151.000000
0.000000	71151.000000
0.000000	71151.000000
0.000000	71151.000000
0.000000	71151.000000
0.000000	71151.000000
0.000000	71151.000000
0.000000	71151.000000
0.000000	71151.000000
0.000000	71151.000000
0.000000	71152.000000
0.000000	71152.000000
0.000000	71152.000000
0.000000	71152.000000
0.000000	71152.000000
0.000000	71152.000000
0.000000	71152.000000
0.000000	71152.000000
0.000000	71152.000000
0.000000	71152.000000
0.000000	71152.000000
0.000000	71152.000000
0.000000	71152.000000
0.000000	71152.000000
0.000000	71152.000000
0.000000	71152.000000
0.000000	71152.000000
0.000000	71153.000000
0.000000	71153.000000
0.000000	71153.000000
0.000000	71153.000000
0.000000	71153.000000
0.000000	71153.000000
0.000000	71153.000000
0.000000	71153.000000
0.000000	71153.000000
0.000000	71153.000000
0.000000	71153.000000
0.000000	71153.000000
0.000000	71153.000000
0.000000	71153.000000
0.000000	71153.000000
0.000000	71153.000000
0.000000	71153.000000
0.000000	71154.000000
0.000000	71154.000000
0.000000	71154.000000
0.000000	71154.000000
0.000000	71154.000000
0.000000	71154.000000
0.000000	71154.000000
0.000000	71154.000000
0.000000	71154.000000
0.000000	71154.000000
0.000000	71154.000000
0.000000	71154.000000
0.000000	71154.000000
0.000000	71154.000000
0.000000	71154.000000
0.000000	71154.000000
0.000000	71154.000000
0.000000	71155.000000
0.000000	71155.000000
0.000000	71155.000000
0.000000	71155.000000
0.000000	71155.000000
0.000000	71155.000000
0.000000	71155.000000
0.000000	71155.000000
0.000000	71155.000000
0.000000	71155.000000
0.000000	71155.000000
0.000000	71155.000000
0.000000	71155.000000
0.000000	71155.000000
0.000000	71155.000000
0.000000	71155.000000
0.000000	71155.000000
0.000000	71156.000000
0.000000	71156.000000
0.000000	71156.000000
0.000000	71156.000000
0.000000	71156.000000
0.000000	71156.000000
0.000000	71156.000000
0.000000	71156.000000
0.000000	71156.000000
0.000000	71156.000000
0.000000	71156.000000
0.000000	71156.000000
0.000000	71156.000000
0.000000	71156.000000
0.000000	71156.000000
0.000000	71156.000000
0.000000	71156.000000
0.000000	71157.000000
0.000000	71157.000000
0.000000	71157.000000
0.000000	71157.000000
0.000000	71157.000000
0.000000	71157.000000
0.000000	71157.000000
0.000000	71157.000000
0.000000	71157.000000
0.000000	71157.000000
0.000000	71157.000000
0.000000	71157.000000
0.000000	71157.000000
0.000000	71157.000000
0.000000	71157.000000
0.000000	71157.000000
0.000000	71157.000000
0.000000	71158.000000
0.000000	71158.000000
0.000000	71158.000000
0.000000	71158.000000
0.000000	71158.000000
0.000000	71158.000000
0.000000	71158.000000
0.000000	71158.000000
0.000000	71158.000000
0.000000	71158.000000
0.000000	71158.000000
0.000000	71158.000000
0.000000	71158.000000
0.000000	71158.000000
0.000000	71158.000000
0.000000	71158.000000
0.000000	71158.000000
0.000000	71159.000000
0.000000	71159.000000
0.000000	71159.000000
0.000000	71159.000000
0.000000	71159.000000
0.000000	71159.000000
0.000000	71159.000000
0.000000	71159.000000
0.000000	71159.000000
0.000000	71159.000000
0.000000	71159.000000
0.000000	71159.000000
0.000000	71159.000000
0.000000	71159.000000
0.000000	71159.000000
0.000000	71159.000000
0.000000	71159.000000
0.000000	71200.000000
0.000000	71200.000000
0.000000	71200.000000
0.000000	71200.000000
0.000000	71200.000000
0.000000	71200.000000
0.000000	71200.000000
0.000000	71200.000000
0.000000	71200.000000
0.000000	71200.000000
0.000000	71200.000000
0.000000	71200.000000
0.000000	71200.000000
0.000000	71200.000000
0.000000	71200.000000
0.000000	71200.000000
0.000000	71200.000000
0.000000	71201.000000
0.000000	71201.000000
0.000000	71201.000000
0.000000	71201.000000
0.000000	71201.000000
0.000000	71201.000000
0.000000	71201.000000
0.000000	71201.000000
0.000000	71201.000000
0.000000	71201.000000
0.000000	71201.000000
0.000000	71201.000000
0.000000	71201.000000
0.000000	71201.000000
0.000000	71201.000000
0.000000	71201.000000
0.000000	71201.000000
0.000000	71202.000000
0.000000	71202.000000
0.000000	71202.000000
0.000000	71202.000000
0.000000	71202.000000
0.000000	71202.000000
0.000000	71202.000000
0.000000	71202.000000
0.000000	71202.000000
0.000000	71202.000000
0.000000	71202.000000
0.000000	71202.000000
0.000000	71202.000000
0.000000	71202.000000
0.000000	71202.000000
0.000000	71202.000000
0.000000	71202.000000
0.000000	71203.000000
0.000000	71203.000000
0.000000	71203.000000
0.000000	71203.000000
0.000000	71203.000000
0.000000	71203.000000
0.000000	71203.000000
0.000000	71203.000000
0.000000	71203.000000
0.000000	71203.000000
0.000000	71203.000000
0.000000	71203.000000
0.000000	71203.000000
0.000000	71203.000000
0.000000	71203.000000
0.000000	71203.000000
0.000000	71203.000000
0.000000	71203.000000
0.000000	71204.000000
0.000000	71204.000000
0.000000	71204.000000
0.000000	71204.000000
0.000000	71204.000000
0.000000	71204.000000
0.000000	71204.000000
0.000000	71204.000000
0.000000	71204.000000
0.000000	71204.000000
0.000000	71204.000000
0.000000	71204.000000
0.000000	71204.000000
0.000000	71204.000000
0.000000	71204.000000
0.000000	71204.000000
0.000000	71204.000000
0.000000	71205.000000
0.000000	71205.000000
0.000000	71205.000000
0.000000	71205.000000
0.000000	71205.000000
0.000000	71205.000000
0.000000	71205.000000
0.000000	71205.000000
0.000000	71205.000000
0.000000	71205.000000
0.000000	71205.000000
0.000000	71205.000000
0.000000	71205.000000
0.000000	71205.000000
0.000000	71205.000000
0.000000	71205.000000
0.000000	71205.000000
0.000000	71206.000000
0.000000	71206.000000
0.000000	71206.000000
0.000000	71206.000000
0.000000	71206.000000
0.000000	71206.000000
0.000000	71206.000000
0.000000	71206.000000
0.000000	71206.000000
0.000000	71206.000000
0.000000	71206.000000
0.000000	71206.000000
0.000000	71206.000000
0.000000	71206.000000
0.000000	71206.000000
0.000000	71206.000000
0.000000	71206.000000
0.000000	71207.000000
0.000000	71207.000000
0.000000	71207.000000
0.000000	71207.000000
0.000000	71207.000000
0.000000	71207.000000
0.000000	71207.000000
0.000000	71207.000000
0.000000	71207.000000
0.000000	71207.000000
0.000000	71207.000000
0.000000	71207.000000
0.000000	71207.000000
0.000000	71207.000000
0.000000	71207.000000
0.000000	71207.000000
0.000000	71207.000000
0.000000	71208.000000
0.000000	71208.000000
0.000000	71208.000000
0.000000	71208.000000
0.000000	71208.000000
0.000000	71208.000000
0.000000	71208.000000
0.000000	71208.000000
0.000000	71208.000000
0.000000	71208.000000
0.000000	71208.000000
0.000000	71208.000000
0.000000	71208.000000
0.000000	71208.000000
0.000000	71208.000000
0.000000	71208.000000
0.000000	71208.000000
0.000000	71209.000000
0.000000	71209.000000
0.000000	71209.000000
0.000000	71209.000000
0.000000	71209.000000
0.000000	71209.000000
0.000000	71209.000000
0.000000	71209.000000
0.000000	71209.000000
0.000000	71209.000000
0.000000	71209.000000
0.000000	71209.000000
0.000000	71209.000000
0.000000	71209.000000
0.000000	71209.000000
0.000000	71209.000000
0.000000	71209.000000
0.000000	71210.000000
0.000000	71210.000000
0.000000	71210.000000
0.000000	71210.000000
0.000000	71210.000000
0.000000	71210.000000
0.000000	71210.000000
0.000000	71210.000000
0.000000	71210.000000
0.000000	71210.000000
0.000000	71210.000000
0.000000	71210.000000
0.000000	71210.000000
0.000000	71210.000000
0.000000	71210.000000
0.000000	71210.000000
0.000000	71210.000000
0.000000	71211.000000
0.000000	71211.000000
0.000000	71211.000000
0.000000	71211.000000
0.000000	71211.000000
0.000000	71211.000000
0.000000	71211.000000
0.000000	71211.000000
0.000000	71211.000000
0.000000	71211.000000
0.000000	71211.000000
0.000000	71211.000000
0.000000	71211.000000
0.000000	71211.000000
0.000000	71211.000000
0.000000	71211.000000
0.000000	71211.000000
0.000000	71212.000000
0.000000	71212.000000
0.000000	71212.000000
0.000000	71212.000000
0.000000	71212.000000
0.000000	71212.000000
0.000000	71212.000000
0.000000	71212.000000
0.000000	71212.000000
0.000000	71212.000000
0.000000	71212.000000
0.000000	71212.000000
0.000000	71212.000000
0.000000	71212.000000
0.000000	71212.000000
0.000000	71212.000000
0.000000	71212.000000
0.000000	71213.000000
0.000000	71213.000000
0.000000	71213.000000
0.000000	71213.000000
0.000000	71213.000000
0.000000	71213.000000
0.000000	71213.000000
0.000000	71213.000000
0.000000	71213.000000
0.000000	71213.000000
0.000000	71213.000000
0.000000	71213.000000
0.000000	71213.000000
0.000000	71213.000000
0.000000	71213.000000
0.000000	71213.000000
0.000000	71213.000000
0.000000	71214.000000
0.000000	71214.000000
0.000000	71214.000000
0.000000	71214.000000
0.000000	71214.000000
0.000000	71214.000000
0.000000	71214.000000
0.000000	71214.000000
0.000000	71214.000000
0.000000	71214.000000
0.000000	71214.000000
0.000000	71214.000000
0.000000	71214.000000
0.000000	71214.000000
0.000000	71214.000000
0.000000	71214.000000
0.000000	71214.000000
0.000000	71215.000000
0.000000	71215.000000
0.000000	71215.000000
0.000000	71215.000000
0.000000	71215.000000
0.000000	71215.000000
0.000000	71215.000000
0.000000	71215.000000
0.000000	71215.000000
0.000000	71215.000000
0.000000	71215.000000
0.000000	71215.000000
0.000000	71215.000000
0.000000	71215.000000
0.000000	71215.000000
0.000000	71215.000000
0.000000	71215.000000
0.000000	71216.000000
0.000000	71216.000000
0.000000	71216.000000
0.000000	71216.000000
0.000000	71216.000000
0.000000	71216.000000
0.000000	71216.000000
0.000000	71216.000000
0.000000	71216.000000
0.000000	71216.000000
0.000000	71216.000000
0.000000	71216.000000
0.000000	71216.000000
0.000000	71216.000000
0.000000	71216.000000
0.000000	71216.000000
0.000000	71216.000000
0.000000	71217.000000
0.000000	71217.000000
0.000000	71217.000000
0.000000	71217.000000
0.000000	71217.000000
0.000000	71217.000000
0.000000	71217.000000
0.000000	71217.000000
0.000000	71217.000000
0.000000	71217.000000
0.000000	71217.000000
0.000000	71217.000000
0.000000	71217.000000
0.000000	71217.000000
0.000000	71217.000000
0.000000	71217.000000
0.000000	71217.000000
0.000000	71218.000000
0.000000	71218.000000
0.000000	71218.000000
0.000000	71218.000000
0.000000	71218.000000
0.000000	71218.000000
0.000000	71218.000000
0.000000	71218.000000
0.000000	71218.000000
0.000000	71218.000000
0.000000	71218.000000
0.000000	71218.000000
0.000000	71218.000000
0.000000	71218.000000
0.000000	71218.000000
0.000000	71218.000000
0.000000	71218.000000
0.000000	71218.000000
0.000000	71219.000000
0.000000	71219.000000
0.000000	71219.000000
0.000000	71219.000000
0.000000	71219.000000
0.000000	71219.000000
0.000000	71219.000000
0.000000	71219.000000
0.000000	71219.000000
0.000000	71219.000000
0.000000	71219.000000
0.000000	71219.000000
0.000000	71219.000000
0.000000	71219.000000
0.000000	71219.000000
0.000000	71219.000000
0.000000	71219.000000
0.000000	71220.000000
0.000000	71220.000000
0.000000	71220.000000
0.000000	71220.000000
0.000000	71220.000000
0.000000	71220.000000
0.000000	71220.000000
0.000000	71220.000000
0.000000	71220.000000
0.000000	71220.000000
0.000000	71220.000000
0.000000	71220.000000
0.000000	71220.000000
0.000000	71220.000000
0.000000	71220.000000
0.000000	71220.000000
0.000000	71220.000000
0.000000	71221.000000
0.000000	71221.000000
0.000000	71221.000000
0.000000	71221.000000
0.000000	71221.000000
0.000000	71221.000000
0.000000	71221.000000
0.000000	71221.000000
0.000000	71221.000000
0.000000	71221.000000
0.000000	71221.000000
0.000000	71221.000000
0.000000	71221.000000
0.000000	71221.000000
0.000000	71221.000000
0.000000	71221.000000
0.000000	71221.000000
0.000000	71222.000000
0.000000	71222.000000
0.000000	71222.000000
0.000000	71222.000000
0.000000	71222.000000
0.000000	71222.000000
0.000000	71222.000000
0.000000	71222.000000
0.000000	71222.000000
0.000000	71222.000000
0.000000	71222.000000
0.000000	71222.000000
0.000000	71222.000000
0.000000	71222.000000
0.000000	71222.000000
0.000000	71222.000000
0.000000	71222.000000
0.000000	71223.000000
0.000000	71223.000000
0.000000	71223.000000
0.000000	71223.000000
0.000000	71223.000000
0.000000	71223.000000
0.000000	71223.000000
0.000000	71223.000000
0.000000	71223.000000
0.000000	71223.000000
0.000000	71223.000000
0.000000	71223.000000
0.000000	71223.000000
0.000000	71223.000000
0.000000	71223.000000
0.000000	71223.000000
0.000000	71223.000000
0.000000	71224.000000
0.000000	71224.000000
0.000000	71224.000000
0.000000	71224.000000
0.000000	71224.000000
0.000000	71224.000000
0.000000	71224.000000
0.000000	71224.000000
0.000000	71224.000000
0.000000	71224.000000
0.000000	71224.000000
0.000000	71224.000000
0.000000	71224.000000
0.000000	71224.000000
0.000000	71224.000000
0.000000	71224.000000
0.000000	71224.000000
0.000000	71225.000000
0.000000	71225.000000
0.000000	71225.000000
0.000000	71225.000000
0.000000	71225.000000
0.000000	71225.000000
0.000000	71225.000000
0.000000	71225.000000
0.000000	71225.000000
0.000000	71225.000000
0.000000	71225.000000
0.000000	71225.000000
0.000000	71225.000000
0.000000	71225.000000
0.000000	71225.000000
0.000000	71225.000000
0.000000	71225.000000
0.000000	71226.000000
0.000000	71226.000000
0.000000	71226.000000
0.000000	71226.000000
0.000000	71226.000000
0.000000	71226.000000
0.000000	71226.000000
0.000000	71226.000000
0.000000	71226.000000
0.000000	71226.000000
0.000000	71226.000000
0.000000	71226.000000
0.000000	71226.000000
0.000000	71226.000000
0.000000	71226.000000
0.000000	71226.000000
0.000000	71226.000000
0.000000	71227.000000
0.000000	71227.000000
0.000000	71227.000000
0.000000	71227.000000
0.000000	71227.000000
0.000000	71227.000000
0.000000	71227.000000
0.000000	71227.000000
0.000000	71227.000000
0.000000	71227.000000
0.000000	71227.000000
0.000000	71227.000000
0.000000	71227.000000
0.000000	71227.000000
0.000000	71227.000000
0.000000	71227.000000
0.000000	71227.000000
0.000000	71228.000000
0.000000	71228.000000
0.000000	71228.000000
0.000000	71228.000000
0.000000	71228.000000
0.000000	71228.000000
0.000000	71228.000000
0.000000	71228.000000
0.000000	71228.000000
0.000000	71228.000000
0.000000	71228.000000
0.000000	71228.000000
0.000000	71228.000000
0.000000	71228.000000
0.000000	71228.000000
0.000000	71228.000000
0.000000	71228.000000
0.000000	71229.000000
0.000000	71229.000000
0.000000	71229.000000
0.000000	71229.000000
0.000000	71229.000000
0.000000	71229.000000
0.000000	71229.000000
0.000000	71229.000000
0.000000	71229.000000
0.000000	71229.000000
0.000000	71229.000000
0.000000	71229.000000
0.000000	71229.000000
0.000000	71229.000000
0.000000	71229.000000
0.000000	71229.000000
0.000000	71229.000000
0.000000	71230.000000
0.000000	71230.000000
0.000000	71230.000000
0.000000	71230.000000
0.000000	71230.000000
0.000000	71230.000000
0.000000	71230.000000
0.000000	71230.000000
0.000000	71230.000000
0.000000	71230.000000
0.000000	71230.000000
0.000000	71230.000000
0.000000	71230.000000
0.000000	71230.000000
0.000000	71230.000000
0.000000	71230.000000
0.000000	71230.000000
0.000000	71231.000000
0.000000	71231.000000
0.000000	71231.000000
0.000000	71231.000000
0.000000	71231.000000
0.000000	71231.000000
0.000000	71231.000000
0.000000	71231.000000
0.000000	71231.000000
0.000000	71231.000000
0.000000	71231.000000
0.000000	71231.000000
0.000000	71231.000000
0.000000	71231.000000
0.000000	71231.000000
0.000000	71231.000000
0.000000	71231.000000
0.000000	71232.000000
0.000000	71232.000000
0.000000	71232.000000
0.000000	71232.000000
0.000000	71232.000000
0.000000	71232.000000
0.000000	71232.000000
0.000000	71232.000000
0.000000	71232.000000
0.000000	71232.000000
0.000000	71232.000000
0.000000	71232.000000
0.000000	71232.000000
0.000000	71232.000000
0.000000	71232.000000
0.000000	71232.000000
0.000000	71232.000000
0.000000	71233.000000
0.000000	71233.000000
0.000000	71233.000000
0.000000	71233.000000
0.000000	71233.000000
0.000000	71233.000000
0.000000	71233.000000
0.000000	71233.000000
0.000000	71233.000000
0.000000	71233.000000
0.000000	71233.000000
0.000000	71233.000000
0.000000	71233.000000
0.000000	71233.000000
0.000000	71233.000000
0.000000	71233.000000
0.000000	71233.000000
0.000000	71233.000000
0.000000	71234.000000
0.000000	71234.000000
0.000000	71234.000000
0.000000	71234.000000
0.000000	71234.000000
0.000000	71234.000000
0.000000	71234.000000
0.000000	71234.000000
0.000000	71234.000000
0.000000	71234.000000
0.000000	71234.000000
0.000000	71234.000000
0.000000	71234.000000
0.000000	71234.000000
0.000000	71234.000000
0.000000	71234.000000
0.000000	71234.000000
0.000000	71235.000000
0.000000	71235.000000
0.000000	71235.000000
0.000000	71235.000000
0.000000	71235.000000
0.000000	71235.000000
0.000000	71235.000000
0.000000	71235.000000
0.000000	71235.000000
0.000000	71235.000000
0.000000	71235.000000
0.000000	71235.000000
0.000000	71235.000000
0.000000	71235.000000
0.000000	71235.000000
0.000000	71235.000000
0.000000	71235.000000
0.000000	71236.000000
0.000000	71236.000000
0.000000	71236.000000
0.000000	71236.000000
0.000000	71236.000000
0.000000	71236.000000
0.000000	71236.000000
0.000000	71236.000000
0.000000	71236.000000
0.000000	71236.000000
0.000000	71236.000000
0.000000	71236.000000
0.000000	71236.000000
0.000000	71236.000000
0.000000	71236.000000
0.000000	71236.000000
0.000000	71236.000000
0.000000	71237.000000
0.000000	71237.000000
0.000000	71237.000000
0.000000	71237.000000
0.000000	71237.000000
0.000000	71237.000000
0.000000	71237.000000
0.000000	71237.000000
0.000000	71237.000000
0.000000	71237.000000
0.000000	71237.000000
0.000000	71237.000000
0.000000	71237.000000
0.000000	71237.000000
0.000000	71237.000000
0.000000	71237.000000
0.000000	71237.000000
0.000000	71238.000000
0.000000	71238.000000
0.000000	71238.000000
0.000000	71238.000000
0.000000	71238.000000
0.000000	71238.000000
0.000000	71238.000000
0.000000	71238.000000
0.000000	71238.000000
0.000000	71238.000000
0.000000	71238.000000
0.000000	71238.000000
0.000000	71238.000000
0.000000	71238.000000
0.000000	71238.000000
0.000000	71238.000000
0.000000	71238.000000
0.000000	71239.000000
0.000000	71239.000000
0.000000	71239.000000
0.000000	71239.000000
0.000000	71239.000000
0.000000	71239.000000
0.000000	71239.000000
0.000000	71239.000000
0.000000	71239.000000
0.000000	71239.000000
0.000000	71239.000000
0.000000	71239.000000
0.000000	71239.000000
0.000000	71239.000000
0.000000	71239.000000
0.000000	71239.000000
0.000000	71239.000000
0.000000	71240.000000
0.000000	71240.000000
0.000000	71240.000000
0.000000	71240.000000
0.000000	71240.000000
0.000000	71240.000000
0.000000	71240.000000
0.000000	71240.000000
0.000000	71240.000000
0.000000	71240.000000
0.000000	71240.000000
0.000000	71240.000000
0.000000	71240.000000
0.000000	71240.000000
0.000000	71240.000000
0.000000	71240.000000
0.000000	71240.000000
0.000000	71241.000000
0.000000	71241.000000
0.000000	71241.000000
0.000000	71241.000000
0.000000	71241.000000
0.000000	71241.000000
0.000000	71241.000000
0.000000	71241.000000
0.000000	71241.000000
0.000000	71241.000000
0.000000	71241.000000
0.000000	71241.000000
0.000000	71241.000000
0.000000	71241.000000
0.000000	71241.000000
0.000000	71241.000000
0.000000	71241.000000
0.000000	71242.000000
0.000000	71242.000000
0.000000	71242.000000
0.000000	71242.000000
0.000000	71242.000000
0.000000	71242.000000
0.000000	71242.000000
0.000000	71242.000000
0.000000	71242.000000
0.000000	71242.000000
0.000000	71242.000000
0.000000	71242.000000
0.000000	71242.000000
0.000000	71242.000000
0.000000	71242.000000
0.000000	71242.000000
0.000000	71242.000000
0.000000	71243.000000
0.000000	71243.000000
0.000000	71243.000000
0.000000	71243.000000
0.000000	71243.000000
0.000000	71243.000000
0.000000	71243.000000
0.000000	71243.000000
0.000000	71243.000000
0.000000	71243.000000
0.000000	71243.000000
0.000000	71243.000000
0.000000	71243.000000
0.000000	71243.000000
0.000000	71243.000000
0.000000	71243.000000
0.000000	71243.000000
0.000000	71244.000000
0.000000	71244.000000
0.000000	71244.000000
0.000000	71244.000000
0.000000	71244.000000
0.000000	71244.000000
0.000000	71244.000000
0.000000	71244.000000
0.000000	71244.000000
0.000000	71244.000000
0.000000	71244.000000
0.000000	71244.000000
0.000000	71244.000000
0.000000	71244.000000
0.000000	71244.000000
0.000000	71244.000000
0.000000	71244.000000
0.000000	71245.000000
0.000000	71245.000000
0.000000	71245.000000
0.000000	71245.000000
0.000000	71245.000000
0.000000	71245.000000
0.000000	71245.000000
0.000000	71245.000000
0.000000	71245.000000
0.000000	71245.000000
0.000000	71245.000000
0.000000	71245.000000
0.000000	71245.000000
0.000000	71245.000000
0.000000	71245.000000
0.000000	71245.000000
0.000000	71245.000000
0.000000	71246.000000
0.000000	71246.000000
0.000000	71246.000000
0.000000	71246.000000
0.000000	71246.000000
0.000000	71246.000000
0.000000	71246.000000
0.000000	71246.000000
0.000000	71246.000000
0.000000	71246.000000
0.000000	71246.000000
0.000000	71246.000000
0.000000	71246.000000
0.000000	71246.000000
0.000000	71246.000000
0.000000	71246.000000
0.000000	71246.000000
0.000000	71247.000000
0.000000	71247.000000
0.000000	71247.000000
0.000000	71247.000000
0.000000	71247.000000
0.000000	71247.000000
0.000000	71247.000000
0.000000	71247.000000
0.000000	71247.000000
0.000000	71247.000000
0.000000	71247.000000
0.000000	71247.000000
0.000000	71247.000000
0.000000	71247.000000
0.000000	71247.000000
0.000000	71247.000000
0.000000	71247.000000
0.000000	71248.000000
0.000000	71248.000000
0.000000	71248.000000
0.000000	71248.000000
0.000000	71248.000000
0.000000	71248.000000
0.000000	71248.000000
0.000000	71248.000000
0.000000	71248.000000
0.000000	71248.000000
0.000000	71248.000000
0.000000	71248.000000
0.000000	71248.000000
0.000000	71248.000000
0.000000	71248.000000
0.000000	71248.000000
0.000000	71248.000000
0.000000	71248.000000
0.000000	71249.000000
0.000000	71249.000000
0.000000	71249.000000
0.000000	71249.000000
0.000000	71249.000000
0.000000	71249.000000
0.000000	71249.000000
0.000000	71249.000000
0.000000	71249.000000
0.000000	71249.000000
0.000000	71249.000000
0.000000	71249.000000
0.000000	71249.000000
0.000000	71249.000000
0.000000	71249.000000
0.000000	71249.000000
0.000000	71249.000000
0.000000	71250.000000
0.000000	71250.000000
0.000000	71250.000000
0.000000	71250.000000
0.000000	71250.000000
0.000000	71250.000000
0.000000	71250.000000
0.000000	71250.000000
0.000000	71250.000000
0.000000	71250.000000
0.000000	71250.000000
0.000000	71250.000000
0.000000	71250.000000
0.000000	71250.000000
0.000000	71250.000000
0.000000	71250.000000
0.000000	71250.000000
0.000000	71251.000000
0.000000	71251.000000
0.000000	71251.000000
0.000000	71251.000000
0.000000	71251.000000
0.000000	71251.000000
0.000000	71251.000000
0.000000	71251.000000
0.000000	71251.000000
0.000000	71251.000000
0.000000	71251.000000
0.000000	71251.000000
0.000000	71251.000000
0.000000	71251.000000
0.000000	71251.000000
0.000000	71251.000000
0.000000	71251.000000
0.000000	71252.000000
0.000000	71252.000000
0.000000	71252.000000
0.000000	71252.000000
0.000000	71252.000000
0.000000	71252.000000
0.000000	71252.000000
0.000000	71252.000000
0.000000	71252.000000
0.000000	71252.000000
0.000000	71252.000000
0.000000	71252.000000
0.000000	71252.000000
0.000000	71252.000000
0.000000	71252.000000
0.000000	71252.000000
0.000000	71252.000000
0.000000	71253.000000
0.000000	71253.000000
0.000000	71253.000000
0.000000	71253.000000
0.000000	71253.000000
0.000000	71253.000000
0.000000	71253.000000
0.000000	71253.000000
0.000000	71253.000000
0.000000	71253.000000
0.000000	71253.000000
0.000000	71253.000000
0.000000	71253.000000
0.000000	71253.000000
0.000000	71253.000000
0.000000	71253.000000
0.000000	71253.000000
0.000000	71254.000000
0.000000	71254.000000
0.000000	71254.000000
0.000000	71254.000000
0.000000	71254.000000
0.000000	71254.000000
0.000000	71254.000000
0.000000	71254.000000
0.000000	71254.000000
0.000000	71254.000000
0.000000	71254.000000
0.000000	71254.000000
0.000000	71254.000000
0.000000	71254.000000
0.000000	71254.000000
0.000000	71254.000000
0.000000	71254.000000
0.000000	71255.000000
0.000000	71255.000000
0.000000	71255.000000
0.000000	71255.000000
0.000000	71255.000000
0.000000	71255.000000
0.000000	71255.000000
0.000000	71255.000000
0.000000	71255.000000
0.000000	71255.000000
0.000000	71255.000000
0.000000	71255.000000
0.000000	71255.000000
0.000000	71255.000000
0.000000	71255.000000
0.000000	71255.000000
0.000000	71255.000000
0.000000	71256.000000
0.000000	71256.000000
0.000000	71256.000000
0.000000	71256.000000
0.000000	71256.000000
0.000000	71256.000000
0.000000	71256.000000
0.000000	71256.000000
0.000000	71256.000000
0.000000	71256.000000
0.000000	71256.000000
0.000000	71256.000000
0.000000	71256.000000
0.000000	71256.000000
0.000000	71256.000000
0.000000	71256.000000
0.000000	71256.000000
0.000000	71257.000000
0.000000	71257.000000
0.000000	71257.000000
0.000000	71257.000000
0.000000	71257.000000
0.000000	71257.000000
0.000000	71257.000000
0.000000	71257.000000
0.000000	71257.000000
0.000000	71257.000000
0.000000	71257.000000
0.000000	71257.000000
0.000000	71257.000000
0.000000	71257.000000
0.000000	71257.000000
0.000000	71257.000000
0.000000	71257.000000
0.000000	71258.000000
0.000000	71258.000000
0.000000	71258.000000
0.000000	71258.000000
0.000000	71258.000000
0.000000	71258.000000
0.000000	71258.000000
0.000000	71258.000000
0.000000	71258.000000
0.000000	71258.000000
0.000000	71258.000000
0.000000	71258.000000
0.000000	71258.000000
0.000000	71258.000000
0.000000	71258.000000
0.000000	71258.000000
0.000000	71258.000000
0.000000	71259.000000
0.000000	71259.000000
0.000000	71259.000000
0.000000	71259.000000
0.000000	71259.000000
0.000000	71259.000000
0.000000	71259.000000
0.000000	71259.000000
0.000000	71259.000000
0.000000	71259.000000
0.000000	71259.000000
0.000000	71259.000000
0.000000	71259.000000
0.000000	71259.000000
0.000000	71259.000000
0.000000	71259.000000
0.000000	71259.000000
0.000000	71300.000000
0.000000	71300.000000
0.000000	71300.000000
0.000000	71300.000000
0.000000	71300.000000
0.000000	71300.000000
0.000000	71300.000000
0.000000	71300.000000
0.000000	71300.000000
0.000000	71300.000000
0.000000	71300.000000
0.000000	71300.000000
0.000000	71300.000000
0.000000	71300.000000
0.000000	71300.000000
0.000000	71300.000000
0.000000	71300.000000
0.000000	71301.000000
0.000000	71301.000000
0.000000	71301.000000
0.000000	71301.000000
0.000000	71301.000000
0.000000	71301.000000
0.000000	71301.000000
0.000000	71301.000000
0.000000	71301.000000
0.000000	71301.000000
0.000000	71301.000000
0.000000	71301.000000
0.000000	71301.000000
0.000000	71301.000000
0.000000	71301.000000
0.000000	71301.000000
0.000000	71301.000000
0.000000	71302.000000
0.000000	71302.000000
0.000000	71302.000000
0.000000	71302.000000
0.000000	71302.000000
0.000000	71302.000000
0.000000	71302.000000
0.000000	71302.000000
0.000000	71302.000000
0.000000	71302.000000
0.000000	71302.000000
0.000000	71302.000000
0.000000	71302.000000
0.000000	71302.000000
0.000000	71302.000000
0.000000	71302.000000
0.000000	71302.000000
0.000000	71303.000000
0.000000	71303.000000
0.000000	71303.000000
0.000000	71303.000000
0.000000	71303.000000
0.000000	71303.000000
0.000000	71303.000000
0.000000	71303.000000
0.000000	71303.000000
0.000000	71303.000000
0.000000	71303.000000
0.000000	71303.000000
0.000000	71303.000000
0.000000	71303.000000
0.000000	71303.000000
0.000000	71303.000000
0.000000	71303.000000
0.000000	71303.000000
0.000000	71304.000000
0.000000	71304.000000
0.000000	71304.000000
0.000000	71304.000000
0.000000	71304.000000
0.000000	71304.000000
0.000000	71304.000000
0.000000	71304.000000
0.000000	71304.000000
0.000000	71304.000000
0.000000	71304.000000
0.000000	71304.000000
0.000000	71304.000000
0.000000	71304.000000
0.000000	71304.000000
0.000000	71304.000000
0.000000	71304.000000
0.000000	71305.000000
0.000000	71305.000000
0.000000	71305.000000
0.000000	71305.000000
0.000000	71305.000000
0.000000	71305.000000
0.000000	71305.000000
0.000000	71305.000000
0.000000	71305.000000
0.000000	71305.000000
0.000000	71305.000000
0.000000	71305.000000
0.000000	71305.000000
0.000000	71305.000000
0.000000	71305.000000
0.000000	71305.000000
0.000000	71305.000000
0.000000	71306.000000
0.000000	71306.000000
0.000000	71306.000000
0.000000	71306.000000
0.000000	71306.000000
0.000000	71306.000000
0.000000	71306.000000
