0.000000	65806.000000
0.000000	65806.000000
0.000000	65806.000000
0.000000	65806.000000
0.000000	65806.000000
0.000000	65806.000000
0.000000	65806.000000
0.000000	65806.000000
0.000000	65806.000000
0.000000	65806.000000
0.000000	65807.000000
0.000000	65807.000000
0.000000	65807.000000
0.000000	65807.000000
0.000000	65807.000000
0.000000	65807.000000
0.000000	65807.000000
0.000000	65807.000000
0.000000	65807.000000
0.000000	65807.000000
0.000000	65807.000000
0.000000	65807.000000
0.000000	65807.000000
0.000000	65807.000000
0.000000	65807.000000
0.000000	65807.000000
0.000000	65807.000000
0.000000	65808.000000
0.000000	65808.000000
0.000000	65808.000000
0.000000	65808.000000
0.000000	65808.000000
0.000000	65808.000000
0.000000	65808.000000
0.000000	65808.000000
0.000000	65808.000000
0.000000	65808.000000
0.000000	65808.000000
0.000000	65808.000000
0.000000	65808.000000
0.000000	65808.000000
0.000000	65808.000000
0.000000	65808.000000
0.000000	65808.000000
0.000000	65809.000000
0.000000	65809.000000
0.000000	65809.000000
0.000000	65809.000000
0.000000	65809.000000
0.000000	65809.000000
0.000000	65809.000000
0.000000	65809.000000
0.000000	65809.000000
0.000000	65809.000000
0.000000	65809.000000
0.000000	65809.000000
0.000000	65809.000000
0.000000	65809.000000
0.000000	65809.000000
0.000000	65809.000000
0.000000	65809.000000
0.000000	65810.000000
0.000000	65810.000000
0.000000	65810.000000
0.000000	65810.000000
0.000000	65810.000000
0.000000	65810.000000
0.000000	65810.000000
0.000000	65810.000000
0.000000	65810.000000
0.000000	65810.000000
0.000000	65810.000000
0.000000	65810.000000
0.000000	65810.000000
0.000000	65810.000000
0.000000	65810.000000
0.000000	65810.000000
0.000000	65810.000000
0.000000	65811.000000
0.000000	65811.000000
0.000000	65811.000000
0.000000	65811.000000
0.000000	65811.000000
0.000000	65811.000000
0.000000	65811.000000
0.000000	65811.000000
0.000000	65811.000000
0.000000	65811.000000
0.000000	65811.000000
0.000000	65811.000000
0.000000	65811.000000
0.000000	65811.000000
0.000000	65811.000000
0.000000	65811.000000
0.000000	65811.000000
0.000000	65812.000000
0.000000	65812.000000
0.000000	65812.000000
0.000000	65812.000000
0.000000	65812.000000
0.000000	65812.000000
0.000000	65812.000000
0.000000	65812.000000
0.000000	65812.000000
0.000000	65812.000000
0.000000	65812.000000
0.000000	65812.000000
0.000000	65812.000000
0.000000	65812.000000
0.000000	65812.000000
0.000000	65812.000000
0.000000	65812.000000
0.000000	65813.000000
0.000000	65813.000000
0.000000	65813.000000
0.000000	65813.000000
0.000000	65813.000000
0.000000	65813.000000
0.000000	65813.000000
0.000000	65813.000000
0.000000	65813.000000
0.000000	65813.000000
0.000000	65813.000000
0.000000	65813.000000
0.000000	65813.000000
0.000000	65813.000000
0.000000	65813.000000
0.000000	65813.000000
0.000000	65813.000000
0.000000	65814.000000
0.000000	65814.000000
0.000000	65814.000000
0.000000	65814.000000
0.000000	65814.000000
0.000000	65814.000000
0.000000	65814.000000
0.000000	65814.000000
0.000000	65814.000000
0.000000	65814.000000
0.000000	65814.000000
0.000000	65814.000000
0.000000	65814.000000
0.000000	65814.000000
0.000000	65814.000000
0.000000	65814.000000
0.000000	65814.000000
0.000000	65815.000000
0.000000	65815.000000
0.000000	65815.000000
0.000000	65815.000000
0.000000	65815.000000
0.000000	65815.000000
0.000000	65815.000000
0.000000	65815.000000
0.000000	65815.000000
0.000000	65815.000000
0.000000	65815.000000
0.000000	65815.000000
0.000000	65815.000000
0.000000	65815.000000
0.000000	65815.000000
0.000000	65815.000000
0.000000	65815.000000
0.000000	65816.000000
0.000000	65816.000000
0.000000	65816.000000
0.000000	65816.000000
0.000000	65816.000000
0.000000	65816.000000
0.000000	65816.000000
0.000000	65816.000000
0.000000	65816.000000
0.000000	65816.000000
0.000000	65816.000000
0.000000	65816.000000
0.000000	65816.000000
0.000000	65816.000000
0.000000	65816.000000
0.000000	65816.000000
0.000000	65816.000000
0.000000	65817.000000
0.000000	65817.000000
0.000000	65817.000000
0.000000	65817.000000
0.000000	65817.000000
0.000000	65817.000000
0.000000	65817.000000
0.000000	65817.000000
0.000000	65817.000000
0.000000	65817.000000
0.000000	65817.000000
0.000000	65817.000000
0.000000	65817.000000
0.000000	65817.000000
0.000000	65817.000000
0.000000	65817.000000
0.000000	65817.000000
0.000000	65818.000000
0.000000	65818.000000
0.000000	65818.000000
0.000000	65818.000000
0.000000	65818.000000
0.000000	65818.000000
0.000000	65818.000000
0.000000	65818.000000
0.000000	65818.000000
0.000000	65818.000000
0.000000	65818.000000
0.000000	65818.000000
0.000000	65818.000000
0.000000	65818.000000
0.000000	65818.000000
0.000000	65818.000000
0.000000	65818.000000
0.000000	65819.000000
0.000000	65819.000000
0.000000	65819.000000
0.000000	65819.000000
0.000000	65819.000000
0.000000	65819.000000
0.000000	65819.000000
0.000000	65819.000000
0.000000	65819.000000
0.000000	65819.000000
0.000000	65819.000000
0.000000	65819.000000
0.000000	65819.000000
0.000000	65819.000000
0.000000	65819.000000
0.000000	65819.000000
0.000000	65819.000000
0.000000	65820.000000
0.000000	65820.000000
0.000000	65820.000000
0.000000	65820.000000
0.000000	65820.000000
0.000000	65820.000000
0.000000	65820.000000
0.000000	65820.000000
0.000000	65820.000000
0.000000	65820.000000
0.000000	65820.000000
0.000000	65820.000000
0.000000	65820.000000
0.000000	65820.000000
0.000000	65820.000000
0.000000	65820.000000
0.000000	65820.000000
0.000000	65820.000000
0.000000	65821.000000
0.000000	65821.000000
0.000000	65821.000000
0.000000	65821.000000
0.000000	65821.000000
0.000000	65821.000000
0.000000	65821.000000
0.000000	65821.000000
0.000000	65821.000000
0.000000	65821.000000
0.000000	65821.000000
0.000000	65821.000000
0.000000	65821.000000
0.000000	65821.000000
0.000000	65821.000000
0.000000	65821.000000
0.000000	65821.000000
0.000000	65822.000000
0.000000	65822.000000
0.000000	65822.000000
0.000000	65822.000000
0.000000	65822.000000
0.000000	65822.000000
0.000000	65822.000000
0.000000	65822.000000
0.000000	65822.000000
0.000000	65822.000000
0.000000	65822.000000
0.000000	65822.000000
0.000000	65822.000000
0.000000	65822.000000
0.000000	65822.000000
0.000000	65822.000000
0.000000	65822.000000
0.000000	65823.000000
0.000000	65823.000000
0.000000	65823.000000
0.000000	65823.000000
0.000000	65823.000000
0.000000	65823.000000
0.000000	65823.000000
0.000000	65823.000000
0.000000	65823.000000
0.000000	65823.000000
0.000000	65823.000000
0.000000	65823.000000
0.000000	65823.000000
0.000000	65823.000000
0.000000	65823.000000
0.000000	65823.000000
0.000000	65823.000000
0.000000	65824.000000
0.000000	65824.000000
0.000000	65824.000000
0.000000	65824.000000
0.000000	65824.000000
0.000000	65824.000000
0.000000	65824.000000
0.000000	65824.000000
0.000000	65824.000000
0.000000	65824.000000
0.000000	65824.000000
0.000000	65824.000000
0.000000	65824.000000
0.000000	65824.000000
0.000000	65824.000000
0.000000	65824.000000
0.000000	65824.000000
0.000000	65825.000000
0.000000	65825.000000
0.000000	65825.000000
0.000000	65825.000000
0.000000	65825.000000
0.000000	65825.000000
0.000000	65825.000000
0.000000	65825.000000
0.000000	65825.000000
0.000000	65825.000000
0.000000	65825.000000
0.000000	65825.000000
0.000000	65825.000000
0.000000	65825.000000
0.000000	65825.000000
0.000000	65825.000000
0.000000	65825.000000
0.000000	65826.000000
0.000000	65826.000000
0.000000	65826.000000
0.000000	65826.000000
0.000000	65826.000000
0.000000	65826.000000
0.000000	65826.000000
0.000000	65826.000000
0.000000	65826.000000
0.000000	65826.000000
0.000000	65826.000000
0.000000	65826.000000
0.000000	65826.000000
0.000000	65826.000000
0.000000	65826.000000
0.000000	65826.000000
0.000000	65826.000000
0.000000	65827.000000
0.000000	65827.000000
0.000000	65827.000000
0.000000	65827.000000
0.000000	65827.000000
0.000000	65827.000000
0.000000	65827.000000
0.000000	65827.000000
0.000000	65827.000000
0.000000	65827.000000
0.000000	65827.000000
0.000000	65827.000000
0.000000	65827.000000
0.000000	65827.000000
0.000000	65827.000000
0.000000	65827.000000
0.000000	65827.000000
0.000000	65828.000000
0.000000	65828.000000
0.000000	65828.000000
0.000000	65828.000000
0.000000	65828.000000
0.000000	65828.000000
0.000000	65828.000000
0.000000	65828.000000
0.000000	65828.000000
0.000000	65828.000000
0.000000	65828.000000
0.000000	65828.000000
0.000000	65828.000000
0.000000	65828.000000
0.000000	65828.000000
0.000000	65828.000000
0.000000	65828.000000
0.000000	65829.000000
0.000000	65829.000000
0.000000	65829.000000
0.000000	65829.000000
0.000000	65829.000000
0.000000	65829.000000
0.000000	65829.000000
0.000000	65829.000000
0.000000	65829.000000
0.000000	65829.000000
0.000000	65829.000000
0.000000	65829.000000
0.000000	65829.000000
0.000000	65829.000000
0.000000	65829.000000
0.000000	65829.000000
0.000000	65829.000000
0.000000	65830.000000
0.000000	65830.000000
0.000000	65830.000000
0.000000	65830.000000
0.000000	65830.000000
0.000000	65830.000000
0.000000	65830.000000
0.000000	65830.000000
0.000000	65830.000000
0.000000	65830.000000
0.000000	65830.000000
0.000000	65830.000000
0.000000	65830.000000
0.000000	65830.000000
0.000000	65830.000000
0.000000	65830.000000
0.000000	65830.000000
0.000000	65831.000000
0.000000	65831.000000
0.000000	65831.000000
0.000000	65831.000000
0.000000	65831.000000
0.000000	65831.000000
0.000000	65831.000000
0.000000	65831.000000
0.000000	65831.000000
0.000000	65831.000000
0.000000	65831.000000
0.000000	65831.000000
0.000000	65831.000000
0.000000	65831.000000
0.000000	65831.000000
0.000000	65831.000000
0.000000	65831.000000
0.000000	65832.000000
0.000000	65832.000000
0.000000	65832.000000
0.000000	65832.000000
0.000000	65832.000000
0.000000	65832.000000
0.000000	65832.000000
0.000000	65832.000000
0.000000	65832.000000
0.000000	65832.000000
0.000000	65832.000000
0.000000	65832.000000
0.000000	65832.000000
0.000000	65832.000000
0.000000	65832.000000
0.000000	65832.000000
0.000000	65832.000000
0.000000	65833.000000
0.000000	65833.000000
0.000000	65833.000000
0.000000	65833.000000
0.000000	65833.000000
0.000000	65833.000000
0.000000	65833.000000
0.000000	65833.000000
0.000000	65833.000000
0.000000	65833.000000
0.000000	65833.000000
0.000000	65833.000000
0.000000	65833.000000
0.000000	65833.000000
0.000000	65833.000000
0.000000	65833.000000
0.000000	65833.000000
0.000000	65834.000000
0.000000	65834.000000
0.000000	65834.000000
0.000000	65834.000000
0.000000	65834.000000
0.000000	65834.000000
0.000000	65834.000000
0.000000	65834.000000
0.000000	65834.000000
0.000000	65834.000000
0.000000	65834.000000
0.000000	65834.000000
0.000000	65834.000000
0.000000	65834.000000
0.000000	65834.000000
0.000000	65834.000000
0.000000	65834.000000
0.000000	65834.000000
0.000000	65835.000000
0.000000	65835.000000
0.000000	65835.000000
0.000000	65835.000000
0.000000	65835.000000
0.000000	65835.000000
0.000000	65835.000000
0.000000	65835.000000
0.000000	65835.000000
0.000000	65835.000000
0.000000	65835.000000
0.000000	65835.000000
0.000000	65835.000000
0.000000	65835.000000
0.000000	65835.000000
0.000000	65835.000000
0.000000	65835.000000
0.000000	65836.000000
0.000000	65836.000000
0.000000	65836.000000
0.000000	65836.000000
0.000000	65836.000000
0.000000	65836.000000
0.000000	65836.000000
0.000000	65836.000000
0.000000	65836.000000
0.000000	65836.000000
0.000000	65836.000000
0.000000	65836.000000
0.000000	65836.000000
0.000000	65836.000000
0.000000	65836.000000
0.000000	65836.000000
0.000000	65836.000000
0.000000	65837.000000
0.000000	65837.000000
0.000000	65837.000000
0.000000	65837.000000
0.000000	65837.000000
0.000000	65837.000000
0.000000	65837.000000
0.000000	65837.000000
0.000000	65837.000000
0.000000	65837.000000
0.000000	65837.000000
0.000000	65837.000000
0.000000	65837.000000
0.000000	65837.000000
0.000000	65837.000000
0.000000	65837.000000
0.000000	65837.000000
0.000000	65838.000000
0.000000	65838.000000
0.000000	65838.000000
0.000000	65838.000000
0.000000	65838.000000
0.000000	65838.000000
0.000000	65838.000000
0.000000	65838.000000
0.000000	65838.000000
0.000000	65838.000000
0.000000	65838.000000
0.000000	65838.000000
0.000000	65838.000000
0.000000	65838.000000
0.000000	65838.000000
0.000000	65838.000000
0.000000	65838.000000
0.000000	65839.000000
0.000000	65839.000000
0.000000	65839.000000
0.000000	65839.000000
0.000000	65839.000000
0.000000	65839.000000
0.000000	65839.000000
0.000000	65839.000000
0.000000	65839.000000
0.000000	65839.000000
0.000000	65839.000000
0.000000	65839.000000
0.000000	65839.000000
0.000000	65839.000000
0.000000	65839.000000
0.000000	65839.000000
0.000000	65839.000000
0.000000	65840.000000
0.000000	65840.000000
0.000000	65840.000000
0.000000	65840.000000
0.000000	65840.000000
0.000000	65840.000000
0.000000	65840.000000
0.000000	65840.000000
0.000000	65840.000000
0.000000	65840.000000
0.000000	65840.000000
0.000000	65840.000000
0.000000	65840.000000
0.000000	65840.000000
0.000000	65840.000000
0.000000	65840.000000
0.000000	65840.000000
0.000000	65841.000000
0.000000	65841.000000
0.000000	65841.000000
0.000000	65841.000000
0.000000	65841.000000
0.000000	65841.000000
0.000000	65841.000000
0.000000	65841.000000
0.000000	65841.000000
0.000000	65841.000000
0.000000	65841.000000
0.000000	65841.000000
0.000000	65841.000000
0.000000	65841.000000
0.000000	65841.000000
0.000000	65841.000000
0.000000	65841.000000
0.000000	65842.000000
0.000000	65842.000000
0.000000	65842.000000
0.000000	65842.000000
0.000000	65842.000000
0.000000	65842.000000
0.000000	65842.000000
0.000000	65842.000000
0.000000	65842.000000
0.000000	65842.000000
0.000000	65842.000000
0.000000	65842.000000
0.000000	65842.000000
0.000000	65842.000000
0.000000	65842.000000
0.000000	65842.000000
0.000000	65842.000000
0.000000	65843.000000
0.000000	65843.000000
0.000000	65843.000000
0.000000	65843.000000
0.000000	65843.000000
0.000000	65843.000000
0.000000	65843.000000
0.000000	65843.000000
0.000000	65843.000000
0.000000	65843.000000
0.000000	65843.000000
0.000000	65843.000000
0.000000	65843.000000
0.000000	65843.000000
0.000000	65843.000000
0.000000	65843.000000
0.000000	65843.000000
0.000000	65844.000000
0.000000	65844.000000
0.000000	65844.000000
0.000000	65844.000000
0.000000	65844.000000
0.000000	65844.000000
0.000000	65844.000000
0.000000	65844.000000
0.000000	65844.000000
0.000000	65844.000000
0.000000	65844.000000
0.000000	65844.000000
0.000000	65844.000000
0.000000	65844.000000
0.000000	65844.000000
0.000000	65844.000000
0.000000	65844.000000
0.000000	65845.000000
0.000000	65845.000000
0.000000	65845.000000
0.000000	65845.000000
0.000000	65845.000000
0.000000	65845.000000
0.000000	65845.000000
0.000000	65845.000000
0.000000	65845.000000
0.000000	65845.000000
0.000000	65845.000000
0.000000	65845.000000
0.000000	65845.000000
0.000000	65845.000000
0.000000	65845.000000
0.000000	65845.000000
0.000000	65845.000000
0.000000	65846.000000
0.000000	65846.000000
0.000000	65846.000000
0.000000	65846.000000
0.000000	65846.000000
0.000000	65846.000000
0.000000	65846.000000
0.000000	65846.000000
0.000000	65846.000000
0.000000	65846.000000
0.000000	65846.000000
0.000000	65846.000000
0.000000	65846.000000
0.000000	65846.000000
0.000000	65846.000000
0.000000	65846.000000
0.000000	65846.000000
0.000000	65847.000000
0.000000	65847.000000
0.000000	65847.000000
0.000000	65847.000000
0.000000	65847.000000
0.000000	65847.000000
0.000000	65847.000000
0.000000	65847.000000
0.000000	65847.000000
0.000000	65847.000000
0.000000	65847.000000
0.000000	65847.000000
0.000000	65847.000000
0.000000	65847.000000
0.000000	65847.000000
0.000000	65847.000000
0.000000	65847.000000
0.000000	65848.000000
0.000000	65848.000000
0.000000	65848.000000
0.000000	65848.000000
0.000000	65848.000000
0.000000	65848.000000
0.000000	65848.000000
0.000000	65848.000000
0.000000	65848.000000
0.000000	65848.000000
0.000000	65848.000000
0.000000	65848.000000
0.000000	65848.000000
0.000000	65848.000000
0.000000	65848.000000
0.000000	65848.000000
0.000000	65848.000000
0.000000	65849.000000
0.000000	65849.000000
0.000000	65849.000000
0.000000	65849.000000
0.000000	65849.000000
0.000000	65849.000000
0.000000	65849.000000
0.000000	65849.000000
0.000000	65849.000000
0.000000	65849.000000
0.000000	65849.000000
0.000000	65849.000000
0.000000	65849.000000
0.000000	65849.000000
0.000000	65849.000000
0.000000	65849.000000
0.000000	65849.000000
0.000000	65850.000000
0.000000	65850.000000
0.000000	65850.000000
0.000000	65850.000000
0.000000	65850.000000
0.000000	65850.000000
0.000000	65850.000000
0.000000	65850.000000
0.000000	65850.000000
0.000000	65850.000000
0.000000	65850.000000
0.000000	65850.000000
0.000000	65850.000000
0.000000	65850.000000
0.000000	65850.000000
0.000000	65850.000000
0.000000	65850.000000
0.000000	65850.000000
0.000000	65851.000000
0.000000	65851.000000
0.000000	65851.000000
0.000000	65851.000000
0.000000	65851.000000
0.000000	65851.000000
0.000000	65851.000000
0.000000	65851.000000
0.000000	65851.000000
0.000000	65851.000000
0.000000	65851.000000
0.000000	65851.000000
0.000000	65851.000000
0.000000	65851.000000
0.000000	65851.000000
0.000000	65851.000000
0.000000	65851.000000
0.000000	65852.000000
0.000000	65852.000000
0.000000	65852.000000
0.000000	65852.000000
0.000000	65852.000000
0.000000	65852.000000
0.000000	65852.000000
0.000000	65852.000000
0.000000	65852.000000
0.000000	65852.000000
0.000000	65852.000000
0.000000	65852.000000
0.000000	65852.000000
0.000000	65852.000000
0.000000	65852.000000
0.000000	65852.000000
0.000000	65852.000000
0.000000	65853.000000
0.000000	65853.000000
0.000000	65853.000000
0.000000	65853.000000
0.000000	65853.000000
0.000000	65853.000000
0.000000	65853.000000
0.000000	65853.000000
0.000000	65853.000000
0.000000	65853.000000
0.000000	65853.000000
0.000000	65853.000000
0.000000	65853.000000
0.000000	65853.000000
0.000000	65853.000000
0.000000	65853.000000
0.000000	65853.000000
0.000000	65854.000000
0.000000	65854.000000
0.000000	65854.000000
0.000000	65854.000000
0.000000	65854.000000
0.000000	65854.000000
0.000000	65854.000000
0.000000	65854.000000
0.000000	65854.000000
0.000000	65854.000000
0.000000	65854.000000
0.000000	65854.000000
0.000000	65854.000000
0.000000	65854.000000
0.000000	65854.000000
0.000000	65854.000000
0.000000	65854.000000
0.000000	65855.000000
0.000000	65855.000000
0.000000	65855.000000
0.000000	65855.000000
0.000000	65855.000000
0.000000	65855.000000
0.000000	65855.000000
0.000000	65855.000000
0.000000	65855.000000
0.000000	65855.000000
0.000000	65855.000000
0.000000	65855.000000
0.000000	65855.000000
0.000000	65855.000000
0.000000	65855.000000
0.000000	65855.000000
0.000000	65855.000000
0.000000	65856.000000
0.000000	65856.000000
0.000000	65856.000000
0.000000	65856.000000
0.000000	65856.000000
0.000000	65856.000000
0.000000	65856.000000
0.000000	65856.000000
0.000000	65856.000000
0.000000	65856.000000
0.000000	65856.000000
0.000000	65856.000000
0.000000	65856.000000
0.000000	65856.000000
0.000000	65856.000000
0.000000	65856.000000
0.000000	65856.000000
0.000000	65857.000000
0.000000	65857.000000
0.000000	65857.000000
0.000000	65857.000000
0.000000	65857.000000
0.000000	65857.000000
0.000000	65857.000000
0.000000	65857.000000
0.000000	65857.000000
0.000000	65857.000000
0.000000	65857.000000
0.000000	65857.000000
0.000000	65857.000000
0.000000	65857.000000
0.000000	65857.000000
0.000000	65857.000000
0.000000	65857.000000
0.000000	65858.000000
0.000000	65858.000000
0.000000	65858.000000
0.000000	65858.000000
0.000000	65858.000000
0.000000	65858.000000
0.000000	65858.000000
0.000000	65858.000000
0.000000	65858.000000
0.000000	65858.000000
0.000000	65858.000000
0.000000	65858.000000
0.000000	65858.000000
0.000000	65858.000000
0.000000	65858.000000
0.000000	65858.000000
0.000000	65858.000000
0.000000	65859.000000
0.000000	65859.000000
0.000000	65859.000000
0.000000	65859.000000
0.000000	65859.000000
0.000000	65859.000000
0.000000	65859.000000
0.000000	65859.000000
0.000000	65859.000000
0.000000	65859.000000
0.000000	65859.000000
0.000000	65859.000000
0.000000	65859.000000
0.000000	65859.000000
0.000000	65859.000000
0.000000	65859.000000
0.000000	65859.000000
0.000000	65900.000000
0.000000	65900.000000
0.000000	65900.000000
0.000000	65900.000000
0.000000	65900.000000
0.000000	65900.000000
0.000000	65900.000000
0.000000	65900.000000
0.000000	65900.000000
0.000000	65900.000000
0.000000	65900.000000
0.000000	65900.000000
0.000000	65900.000000
0.000000	65900.000000
0.000000	65900.000000
0.000000	65900.000000
0.000000	65900.000000
0.000000	65901.000000
0.000000	65901.000000
0.000000	65901.000000
0.000000	65901.000000
0.000000	65901.000000
0.000000	65901.000000
0.000000	65901.000000
0.000000	65901.000000
0.000000	65901.000000
0.000000	65901.000000
0.000000	65901.000000
0.000000	65901.000000
0.000000	65901.000000
0.000000	65901.000000
0.000000	65901.000000
0.000000	65901.000000
0.000000	65901.000000
0.000000	65902.000000
0.000000	65902.000000
0.000000	65902.000000
0.000000	65902.000000
0.000000	65902.000000
0.000000	65902.000000
0.000000	65902.000000
0.000000	65902.000000
0.000000	65902.000000
0.000000	65902.000000
0.000000	65902.000000
0.000000	65902.000000
0.000000	65902.000000
0.000000	65902.000000
0.000000	65902.000000
0.000000	65902.000000
0.000000	65902.000000
0.000000	65903.000000
0.000000	65903.000000
0.000000	65903.000000
0.000000	65903.000000
0.000000	65903.000000
0.000000	65903.000000
0.000000	65903.000000
0.000000	65903.000000
0.000000	65903.000000
0.000000	65903.000000
0.000000	65903.000000
0.000000	65903.000000
0.000000	65903.000000
0.000000	65903.000000
0.000000	65903.000000
0.000000	65903.000000
0.000000	65903.000000
0.000000	65904.000000
0.000000	65904.000000
0.000000	65904.000000
0.000000	65904.000000
0.000000	65904.000000
0.000000	65904.000000
0.000000	65904.000000
0.000000	65904.000000
0.000000	65904.000000
0.000000	65904.000000
0.000000	65904.000000
0.000000	65904.000000
0.000000	65904.000000
0.000000	65904.000000
0.000000	65904.000000
0.000000	65904.000000
0.000000	65904.000000
0.000000	65904.000000
0.000000	65905.000000
0.000000	65905.000000
0.000000	65905.000000
0.000000	65905.000000
0.000000	65905.000000
0.000000	65905.000000
0.000000	65905.000000
0.000000	65905.000000
0.000000	65905.000000
0.000000	65905.000000
0.000000	65905.000000
0.000000	65905.000000
0.000000	65905.000000
0.000000	65905.000000
0.000000	65905.000000
0.000000	65905.000000
0.000000	65905.000000
0.000000	65906.000000
0.000000	65906.000000
0.000000	65906.000000
0.000000	65906.000000
0.000000	65906.000000
0.000000	65906.000000
0.000000	65906.000000
0.000000	65906.000000
0.000000	65906.000000
0.000000	65906.000000
0.000000	65906.000000
0.000000	65906.000000
0.000000	65906.000000
0.000000	65906.000000
0.000000	65906.000000
0.000000	65906.000000
0.000000	65906.000000
0.000000	65907.000000
0.000000	65907.000000
0.000000	65907.000000
0.000000	65907.000000
0.000000	65907.000000
0.000000	65907.000000
0.000000	65907.000000
0.000000	65907.000000
0.000000	65907.000000
0.000000	65907.000000
0.000000	65907.000000
0.000000	65907.000000
0.000000	65907.000000
0.000000	65907.000000
0.000000	65907.000000
0.000000	65907.000000
0.000000	65907.000000
0.000000	65908.000000
0.000000	65908.000000
0.000000	65908.000000
0.000000	65908.000000
0.000000	65908.000000
0.000000	65908.000000
0.000000	65908.000000
0.000000	65908.000000
0.000000	65908.000000
0.000000	65908.000000
0.000000	65908.000000
0.000000	65908.000000
0.000000	65908.000000
0.000000	65908.000000
0.000000	65908.000000
0.000000	65908.000000
0.000000	65908.000000
0.000000	65909.000000
0.000000	65909.000000
0.000000	65909.000000
0.000000	65909.000000
0.000000	65909.000000
0.000000	65909.000000
0.000000	65909.000000
0.000000	65909.000000
0.000000	65909.000000
0.000000	65909.000000
0.000000	65909.000000
0.000000	65909.000000
0.000000	65909.000000
0.000000	65909.000000
0.000000	65909.000000
0.000000	65909.000000
0.000000	65909.000000
0.000000	65910.000000
0.000000	65910.000000
0.000000	65910.000000
0.000000	65910.000000
0.000000	65910.000000
0.000000	65910.000000
0.000000	65910.000000
0.000000	65910.000000
0.000000	65910.000000
0.000000	65910.000000
0.000000	65910.000000
0.000000	65910.000000
0.000000	65910.000000
0.000000	65910.000000
0.000000	65910.000000
0.000000	65910.000000
0.000000	65910.000000
0.000000	65911.000000
0.000000	65911.000000
0.000000	65911.000000
0.000000	65911.000000
0.000000	65911.000000
0.000000	65911.000000
0.000000	65911.000000
0.000000	65911.000000
0.000000	65911.000000
0.000000	65911.000000
0.000000	65911.000000
0.000000	65911.000000
0.000000	65911.000000
0.000000	65911.000000
0.000000	65911.000000
0.000000	65911.000000
0.000000	65911.000000
0.000000	65912.000000
0.000000	65912.000000
0.000000	65912.000000
0.000000	65912.000000
0.000000	65912.000000
0.000000	65912.000000
0.000000	65912.000000
0.000000	65912.000000
0.000000	65912.000000
0.000000	65912.000000
0.000000	65912.000000
0.000000	65912.000000
0.000000	65912.000000
0.000000	65912.000000
0.000000	65912.000000
0.000000	65912.000000
0.000000	65912.000000
0.000000	65913.000000
0.000000	65913.000000
0.000000	65913.000000
0.000000	65913.000000
0.000000	65913.000000
0.000000	65913.000000
0.000000	65913.000000
0.000000	65913.000000
0.000000	65913.000000
0.000000	65913.000000
0.000000	65913.000000
0.000000	65913.000000
0.000000	65913.000000
0.000000	65913.000000
0.000000	65913.000000
0.000000	65913.000000
0.000000	65913.000000
0.000000	65914.000000
0.000000	65914.000000
0.000000	65914.000000
0.000000	65914.000000
0.000000	65914.000000
0.000000	65914.000000
0.000000	65914.000000
0.000000	65914.000000
0.000000	65914.000000
0.000000	65914.000000
0.000000	65914.000000
0.000000	65914.000000
0.000000	65914.000000
0.000000	65914.000000
0.000000	65914.000000
0.000000	65914.000000
0.000000	65914.000000
0.000000	65915.000000
0.000000	65915.000000
0.000000	65915.000000
0.000000	65915.000000
0.000000	65915.000000
0.000000	65915.000000
0.000000	65915.000000
0.000000	65915.000000
0.000000	65915.000000
0.000000	65915.000000
0.000000	65915.000000
0.000000	65915.000000
0.000000	65915.000000
0.000000	65915.000000
0.000000	65915.000000
0.000000	65915.000000
0.000000	65915.000000
0.000000	65916.000000
0.000000	65916.000000
0.000000	65916.000000
0.000000	65916.000000
0.000000	65916.000000
0.000000	65916.000000
0.000000	65916.000000
0.000000	65916.000000
0.000000	65916.000000
0.000000	65916.000000
0.000000	65916.000000
0.000000	65916.000000
0.000000	65916.000000
0.000000	65916.000000
0.000000	65916.000000
0.000000	65916.000000
0.000000	65916.000000
0.000000	65917.000000
0.000000	65917.000000
0.000000	65917.000000
0.000000	65917.000000
0.000000	65917.000000
0.000000	65917.000000
0.000000	65917.000000
0.000000	65917.000000
0.000000	65917.000000
0.000000	65917.000000
0.000000	65917.000000
0.000000	65917.000000
0.000000	65917.000000
0.000000	65917.000000
0.000000	65917.000000
0.000000	65917.000000
0.000000	65917.000000
0.000000	65918.000000
0.000000	65918.000000
0.000000	65918.000000
0.000000	65918.000000
0.000000	65918.000000
0.000000	65918.000000
0.000000	65918.000000
0.000000	65918.000000
0.000000	65918.000000
0.000000	65918.000000
0.000000	65918.000000
0.000000	65918.000000
0.000000	65918.000000
0.000000	65918.000000
0.000000	65918.000000
0.000000	65918.000000
0.000000	65918.000000
0.000000	65919.000000
0.000000	65919.000000
0.000000	65919.000000
0.000000	65919.000000
0.000000	65919.000000
0.000000	65919.000000
0.000000	65919.000000
0.000000	65919.000000
0.000000	65919.000000
0.000000	65919.000000
0.000000	65919.000000
0.000000	65919.000000
0.000000	65919.000000
0.000000	65919.000000
0.000000	65919.000000
0.000000	65919.000000
0.000000	65919.000000
0.000000	65919.000000
0.000000	65920.000000
0.000000	65920.000000
0.000000	65920.000000
0.000000	65920.000000
0.000000	65920.000000
0.000000	65920.000000
0.000000	65920.000000
0.000000	65920.000000
0.000000	65920.000000
0.000000	65920.000000
0.000000	65920.000000
0.000000	65920.000000
0.000000	65920.000000
0.000000	65920.000000
0.000000	65920.000000
0.000000	65920.000000
0.000000	65920.000000
0.000000	65921.000000
0.000000	65921.000000
0.000000	65921.000000
0.000000	65921.000000
0.000000	65921.000000
0.000000	65921.000000
0.000000	65921.000000
0.000000	65921.000000
0.000000	65921.000000
0.000000	65921.000000
0.000000	65921.000000
0.000000	65921.000000
0.000000	65921.000000
0.000000	65921.000000
0.000000	65921.000000
0.000000	65921.000000
0.000000	65921.000000
0.000000	65922.000000
0.000000	65922.000000
0.000000	65922.000000
0.000000	65922.000000
0.000000	65922.000000
0.000000	65922.000000
0.000000	65922.000000
0.000000	65922.000000
0.000000	65922.000000
0.000000	65922.000000
0.000000	65922.000000
0.000000	65922.000000
0.000000	65922.000000
0.000000	65922.000000
0.000000	65922.000000
0.000000	65922.000000
0.000000	65922.000000
0.000000	65923.000000
0.000000	65923.000000
0.000000	65923.000000
0.000000	65923.000000
0.000000	65923.000000
0.000000	65923.000000
0.000000	65923.000000
0.000000	65923.000000
0.000000	65923.000000
0.000000	65923.000000
0.000000	65923.000000
0.000000	65923.000000
0.000000	65923.000000
0.000000	65923.000000
0.000000	65923.000000
0.000000	65923.000000
0.000000	65923.000000
0.000000	65924.000000
0.000000	65924.000000
0.000000	65924.000000
0.000000	65924.000000
0.000000	65924.000000
0.000000	65924.000000
0.000000	65924.000000
0.000000	65924.000000
0.000000	65924.000000
0.000000	65924.000000
0.000000	65924.000000
0.000000	65924.000000
0.000000	65924.000000
0.000000	65924.000000
0.000000	65924.000000
0.000000	65924.000000
0.000000	65924.000000
0.000000	65925.000000
0.000000	65925.000000
0.000000	65925.000000
0.000000	65925.000000
0.000000	65925.000000
0.000000	65925.000000
0.000000	65925.000000
0.000000	65925.000000
0.000000	65925.000000
0.000000	65925.000000
0.000000	65925.000000
0.000000	65925.000000
0.000000	65925.000000
0.000000	65925.000000
0.000000	65925.000000
0.000000	65925.000000
0.000000	65925.000000
0.000000	65926.000000
0.000000	65926.000000
0.000000	65926.000000
0.000000	65926.000000
0.000000	65926.000000
0.000000	65926.000000
0.000000	65926.000000
0.000000	65926.000000
0.000000	65926.000000
0.000000	65926.000000
0.000000	65926.000000
0.000000	65926.000000
0.000000	65926.000000
0.000000	65926.000000
0.000000	65926.000000
0.000000	65926.000000
0.000000	65926.000000
0.000000	65927.000000
0.000000	65927.000000
0.000000	65927.000000
0.000000	65927.000000
0.000000	65927.000000
0.000000	65927.000000
0.000000	65927.000000
0.000000	65927.000000
0.000000	65927.000000
0.000000	65927.000000
0.000000	65927.000000
0.000000	65927.000000
0.000000	65927.000000
0.000000	65927.000000
0.000000	65927.000000
0.000000	65927.000000
0.000000	65927.000000
0.000000	65928.000000
0.000000	65928.000000
0.000000	65928.000000
0.000000	65928.000000
0.000000	65928.000000
0.000000	65928.000000
0.000000	65928.000000
0.000000	65928.000000
0.000000	65928.000000
0.000000	65928.000000
0.000000	65928.000000
0.000000	65928.000000
0.000000	65928.000000
0.000000	65928.000000
0.000000	65928.000000
0.000000	65928.000000
0.000000	65928.000000
0.000000	65929.000000
0.000000	65929.000000
0.000000	65929.000000
0.000000	65929.000000
0.000000	65929.000000
0.000000	65929.000000
0.000000	65929.000000
0.000000	65929.000000
0.000000	65929.000000
0.000000	65929.000000
0.000000	65929.000000
0.000000	65929.000000
0.000000	65929.000000
0.000000	65929.000000
0.000000	65929.000000
0.000000	65929.000000
0.000000	65929.000000
0.000000	65930.000000
0.000000	65930.000000
0.000000	65930.000000
0.000000	65930.000000
0.000000	65930.000000
0.000000	65930.000000
0.000000	65930.000000
0.000000	65930.000000
0.000000	65930.000000
0.000000	65930.000000
0.000000	65930.000000
0.000000	65930.000000
0.000000	65930.000000
0.000000	65930.000000
0.000000	65930.000000
0.000000	65930.000000
0.000000	65930.000000
0.000000	65931.000000
0.000000	65931.000000
0.000000	65931.000000
0.000000	65931.000000
0.000000	65931.000000
0.000000	65931.000000
0.000000	65931.000000
0.000000	65931.000000
0.000000	65931.000000
0.000000	65931.000000
0.000000	65931.000000
0.000000	65931.000000
0.000000	65931.000000
0.000000	65931.000000
0.000000	65931.000000
0.000000	65931.000000
0.000000	65931.000000
0.000000	65932.000000
0.000000	65932.000000
0.000000	65932.000000
0.000000	65932.000000
0.000000	65932.000000
0.000000	65932.000000
0.000000	65932.000000
0.000000	65932.000000
0.000000	65932.000000
0.000000	65932.000000
0.000000	65932.000000
0.000000	65932.000000
0.000000	65932.000000
0.000000	65932.000000
0.000000	65932.000000
0.000000	65932.000000
0.000000	65932.000000
0.000000	65933.000000
0.000000	65933.000000
0.000000	65933.000000
0.000000	65933.000000
0.000000	65933.000000
0.000000	65933.000000
0.000000	65933.000000
0.000000	65933.000000
0.000000	65933.000000
0.000000	65933.000000
0.000000	65933.000000
0.000000	65933.000000
0.000000	65933.000000
0.000000	65933.000000
0.000000	65933.000000
0.000000	65933.000000
0.000000	65933.000000
0.000000	65934.000000
0.000000	65934.000000
0.000000	65934.000000
0.000000	65934.000000
0.000000	65934.000000
0.000000	65934.000000
0.000000	65934.000000
0.000000	65934.000000
0.000000	65934.000000
0.000000	65934.000000
0.000000	65934.000000
0.000000	65934.000000
0.000000	65934.000000
0.000000	65934.000000
0.000000	65934.000000
0.000000	65934.000000
0.000000	65934.000000
0.000000	65935.000000
0.000000	65935.000000
0.000000	65935.000000
0.000000	65935.000000
0.000000	65935.000000
0.000000	65935.000000
0.000000	65935.000000
0.000000	65935.000000
0.000000	65935.000000
0.000000	65935.000000
0.000000	65935.000000
0.000000	65935.000000
0.000000	65935.000000
0.000000	65935.000000
0.000000	65935.000000
0.000000	65935.000000
0.000000	65935.000000
0.000000	65935.000000
0.000000	65936.000000
0.000000	65936.000000
0.000000	65936.000000
0.000000	65936.000000
0.000000	65936.000000
0.000000	65936.000000
0.000000	65936.000000
0.000000	65936.000000
0.000000	65936.000000
0.000000	65936.000000
0.000000	65936.000000
0.000000	65936.000000
0.000000	65936.000000
0.000000	65936.000000
0.000000	65936.000000
0.000000	65936.000000
0.000000	65936.000000
0.000000	65937.000000
0.000000	65937.000000
0.000000	65937.000000
0.000000	65937.000000
0.000000	65937.000000
0.000000	65937.000000
0.000000	65937.000000
0.000000	65937.000000
0.000000	65937.000000
0.000000	65937.000000
0.000000	65937.000000
0.000000	65937.000000
0.000000	65937.000000
0.000000	65937.000000
0.000000	65937.000000
0.000000	65937.000000
0.000000	65937.000000
0.000000	65938.000000
0.000000	65938.000000
0.000000	65938.000000
0.000000	65938.000000
0.000000	65938.000000
0.000000	65938.000000
0.000000	65938.000000
0.000000	65938.000000
0.000000	65938.000000
0.000000	65938.000000
0.000000	65938.000000
0.000000	65938.000000
0.000000	65938.000000
0.000000	65938.000000
0.000000	65938.000000
0.000000	65938.000000
0.000000	65938.000000
0.000000	65939.000000
0.000000	65939.000000
0.000000	65939.000000
0.000000	65939.000000
0.000000	65939.000000
0.000000	65939.000000
0.000000	65939.000000
0.000000	65939.000000
0.000000	65939.000000
0.000000	65939.000000
0.000000	65939.000000
0.000000	65939.000000
0.000000	65939.000000
0.000000	65939.000000
0.000000	65939.000000
0.000000	65939.000000
0.000000	65939.000000
0.000000	65940.000000
0.000000	65940.000000
0.000000	65940.000000
0.000000	65940.000000
0.000000	65940.000000
0.000000	65940.000000
0.000000	65940.000000
0.000000	65940.000000
0.000000	65940.000000
0.000000	65940.000000
0.000000	65940.000000
0.000000	65940.000000
0.000000	65940.000000
0.000000	65940.000000
0.000000	65940.000000
0.000000	65940.000000
0.000000	65940.000000
0.000000	65941.000000
0.000000	65941.000000
0.000000	65941.000000
0.000000	65941.000000
0.000000	65941.000000
0.000000	65941.000000
0.000000	65941.000000
0.000000	65941.000000
0.000000	65941.000000
0.000000	65941.000000
0.000000	65941.000000
0.000000	65941.000000
0.000000	65941.000000
0.000000	65941.000000
0.000000	65941.000000
0.000000	65941.000000
0.000000	65941.000000
0.000000	65942.000000
0.000000	65942.000000
0.000000	65942.000000
0.000000	65942.000000
0.000000	65942.000000
0.000000	65942.000000
0.000000	65942.000000
0.000000	65942.000000
0.000000	65942.000000
0.000000	65942.000000
0.000000	65942.000000
0.000000	65942.000000
0.000000	65942.000000
0.000000	65942.000000
0.000000	65942.000000
0.000000	65942.000000
0.000000	65942.000000
0.000000	65943.000000
0.000000	65943.000000
0.000000	65943.000000
0.000000	65943.000000
0.000000	65943.000000
0.000000	65943.000000
0.000000	65943.000000
0.000000	65943.000000
0.000000	65943.000000
0.000000	65943.000000
0.000000	65943.000000
0.000000	65943.000000
0.000000	65943.000000
0.000000	65943.000000
0.000000	65943.000000
0.000000	65943.000000
0.000000	65943.000000
0.000000	65944.000000
0.000000	65944.000000
0.000000	65944.000000
0.000000	65944.000000
0.000000	65944.000000
0.000000	65944.000000
0.000000	65944.000000
0.000000	65944.000000
0.000000	65944.000000
0.000000	65944.000000
0.000000	65944.000000
0.000000	65944.000000
0.000000	65944.000000
0.000000	65944.000000
0.000000	65944.000000
0.000000	65944.000000
0.000000	65944.000000
0.000000	65945.000000
0.000000	65945.000000
0.000000	65945.000000
0.000000	65945.000000
0.000000	65945.000000
0.000000	65945.000000
0.000000	65945.000000
0.000000	65945.000000
0.000000	65945.000000
0.000000	65945.000000
0.000000	65945.000000
0.000000	65945.000000
0.000000	65945.000000
0.000000	65945.000000
0.000000	65945.000000
0.000000	65945.000000
0.000000	65945.000000
0.000000	65946.000000
0.000000	65946.000000
0.000000	65946.000000
0.000000	65946.000000
0.000000	65946.000000
0.000000	65946.000000
0.000000	65946.000000
0.000000	65946.000000
0.000000	65946.000000
0.000000	65946.000000
0.000000	65946.000000
0.000000	65946.000000
0.000000	65946.000000
0.000000	65946.000000
0.000000	65946.000000
0.000000	65946.000000
0.000000	65946.000000
0.000000	65947.000000
0.000000	65947.000000
0.000000	65947.000000
0.000000	65947.000000
0.000000	65947.000000
0.000000	65947.000000
0.000000	65947.000000
0.000000	65947.000000
0.000000	65947.000000
0.000000	65947.000000
0.000000	65947.000000
0.000000	65947.000000
0.000000	65947.000000
0.000000	65947.000000
0.000000	65947.000000
0.000000	65947.000000
0.000000	65947.000000
0.000000	65948.000000
0.000000	65948.000000
0.000000	65948.000000
0.000000	65948.000000
0.000000	65948.000000
0.000000	65948.000000
0.000000	65948.000000
0.000000	65948.000000
0.000000	65948.000000
0.000000	65948.000000
0.000000	65948.000000
0.000000	65948.000000
0.000000	65948.000000
0.000000	65948.000000
0.000000	65948.000000
0.000000	65948.000000
0.000000	65948.000000
0.000000	65949.000000
0.000000	65949.000000
0.000000	65949.000000
0.000000	65949.000000
0.000000	65949.000000
0.000000	65949.000000
0.000000	65949.000000
0.000000	65949.000000
0.000000	65949.000000
0.000000	65949.000000
0.000000	65949.000000
0.000000	65949.000000
0.000000	65949.000000
0.000000	65949.000000
0.000000	65949.000000
0.000000	65949.000000
0.000000	65949.000000
0.000000	65949.000000
0.000000	65950.000000
0.000000	65950.000000
0.000000	65950.000000
0.000000	65950.000000
0.000000	65950.000000
0.000000	65950.000000
0.000000	65950.000000
0.000000	65950.000000
0.000000	65950.000000
0.000000	65950.000000
0.000000	65950.000000
0.000000	65950.000000
0.000000	65950.000000
0.000000	65950.000000
0.000000	65950.000000
0.000000	65950.000000
0.000000	65950.000000
0.000000	65951.000000
0.000000	65951.000000
0.000000	65951.000000
0.000000	65951.000000
0.000000	65951.000000
0.000000	65951.000000
0.000000	65951.000000
0.000000	65951.000000
0.000000	65951.000000
0.000000	65951.000000
0.000000	65951.000000
0.000000	65951.000000
0.000000	65951.000000
0.000000	65951.000000
0.000000	65951.000000
0.000000	65951.000000
0.000000	65951.000000
0.000000	65952.000000
0.000000	65952.000000
0.000000	65952.000000
0.000000	65952.000000
0.000000	65952.000000
0.000000	65952.000000
0.000000	65952.000000
0.000000	65952.000000
0.000000	65952.000000
0.000000	65952.000000
0.000000	65952.000000
0.000000	65952.000000
0.000000	65952.000000
0.000000	65952.000000
0.000000	65952.000000
0.000000	65952.000000
0.000000	65952.000000
0.000000	65953.000000
0.000000	65953.000000
0.000000	65953.000000
0.000000	65953.000000
0.000000	65953.000000
0.000000	65953.000000
0.000000	65953.000000
0.000000	65953.000000
0.000000	65953.000000
0.000000	65953.000000
0.000000	65953.000000
0.000000	65953.000000
0.000000	65953.000000
0.000000	65953.000000
0.000000	65953.000000
0.000000	65953.000000
0.000000	65953.000000
0.000000	65954.000000
0.000000	65954.000000
0.000000	65954.000000
0.000000	65954.000000
0.000000	65954.000000
0.000000	65954.000000
0.000000	65954.000000
0.000000	65954.000000
0.000000	65954.000000
0.000000	65954.000000
0.000000	65954.000000
0.000000	65954.000000
0.000000	65954.000000
0.000000	65954.000000
0.000000	65954.000000
0.000000	65954.000000
0.000000	65954.000000
0.000000	65955.000000
0.000000	65955.000000
0.000000	65955.000000
0.000000	65955.000000
0.000000	65955.000000
0.000000	65955.000000
0.000000	65955.000000
0.000000	65955.000000
0.000000	65955.000000
0.000000	65955.000000
0.000000	65955.000000
0.000000	65955.000000
0.000000	65955.000000
0.000000	65955.000000
0.000000	65955.000000
0.000000	65955.000000
0.000000	65955.000000
0.000000	65956.000000
0.000000	65956.000000
0.000000	65956.000000
0.000000	65956.000000
0.000000	65956.000000
0.000000	65956.000000
0.000000	65956.000000
0.000000	65956.000000
0.000000	65956.000000
0.000000	65956.000000
0.000000	65956.000000
0.000000	65956.000000
0.000000	65956.000000
0.000000	65956.000000
0.000000	65956.000000
0.000000	65956.000000
0.000000	65956.000000
0.000000	65957.000000
0.000000	65957.000000
0.000000	65957.000000
0.000000	65957.000000
0.000000	65957.000000
0.000000	65957.000000
0.000000	65957.000000
0.000000	65957.000000
0.000000	65957.000000
0.000000	65957.000000
0.000000	65957.000000
0.000000	65957.000000
0.000000	65957.000000
0.000000	65957.000000
0.000000	65957.000000
0.000000	65957.000000
0.000000	65957.000000
0.000000	65958.000000
0.000000	65958.000000
0.000000	65958.000000
0.000000	65958.000000
0.000000	65958.000000
0.000000	65958.000000
0.000000	65958.000000
0.000000	65958.000000
0.000000	65958.000000
0.000000	65958.000000
0.000000	65958.000000
0.000000	65958.000000
0.000000	65958.000000
0.000000	65958.000000
0.000000	65958.000000
0.000000	65958.000000
0.000000	65958.000000
0.000000	65959.000000
0.000000	65959.000000
0.000000	65959.000000
0.000000	65959.000000
0.000000	65959.000000
0.000000	65959.000000
0.000000	65959.000000
0.000000	65959.000000
0.000000	65959.000000
0.000000	65959.000000
0.000000	65959.000000
0.000000	65959.000000
0.000000	65959.000000
0.000000	65959.000000
0.000000	65959.000000
0.000000	65959.000000
0.000000	65959.000000
0.000000	70000.000000
0.000000	70000.000000
0.000000	70000.000000
0.000000	70000.000000
0.000000	70000.000000
0.000000	70000.000000
0.000000	70000.000000
0.000000	70000.000000
0.000000	70000.000000
0.000000	70000.000000
0.000000	70000.000000
0.000000	70000.000000
0.000000	70000.000000
0.000000	70000.000000
0.000000	70000.000000
0.000000	70000.000000
0.000000	70000.000000
0.000000	70001.000000
0.000000	70001.000000
0.000000	70001.000000
0.000000	70001.000000
0.000000	70001.000000
0.000000	70001.000000
0.000000	70001.000000
0.000000	70001.000000
0.000000	70001.000000
0.000000	70001.000000
0.000000	70001.000000
0.000000	70001.000000
0.000000	70001.000000
0.000000	70001.000000
0.000000	70001.000000
0.000000	70001.000000
0.000000	70001.000000
0.000000	70002.000000
0.000000	70002.000000
0.000000	70002.000000
0.000000	70002.000000
0.000000	70002.000000
0.000000	70002.000000
0.000000	70002.000000
0.000000	70002.000000
0.000000	70002.000000
0.000000	70002.000000
0.000000	70002.000000
0.000000	70002.000000
0.000000	70002.000000
0.000000	70002.000000
0.000000	70002.000000
0.000000	70002.000000
0.000000	70002.000000
0.000000	70003.000000
0.000000	70003.000000
0.000000	70003.000000
0.000000	70003.000000
0.000000	70003.000000
0.000000	70003.000000
0.000000	70003.000000
0.000000	70003.000000
0.000000	70003.000000
0.000000	70003.000000
0.000000	70003.000000
0.000000	70003.000000
0.000000	70003.000000
0.000000	70003.000000
0.000000	70003.000000
0.000000	70003.000000
0.000000	70003.000000
0.000000	70004.000000
0.000000	70004.000000
0.000000	70004.000000
0.000000	70004.000000
0.000000	70004.000000
0.000000	70004.000000
0.000000	70004.000000
0.000000	70004.000000
0.000000	70004.000000
0.000000	70004.000000
0.000000	70004.000000
0.000000	70004.000000
0.000000	70004.000000
0.000000	70004.000000
0.000000	70004.000000
0.000000	70004.000000
0.000000	70004.000000
0.000000	70004.000000
0.000000	70005.000000
0.000000	70005.000000
0.000000	70005.000000
0.000000	70005.000000
0.000000	70005.000000
0.000000	70005.000000
0.000000	70005.000000
0.000000	70005.000000
0.000000	70005.000000
0.000000	70005.000000
0.000000	70005.000000
0.000000	70005.000000
0.000000	70005.000000
0.000000	70005.000000
0.000000	70005.000000
0.000000	70005.000000
0.000000	70005.000000
0.000000	70006.000000
0.000000	70006.000000
0.000000	70006.000000
0.000000	70006.000000
0.000000	70006.000000
0.000000	70006.000000
0.000000	70006.000000
0.000000	70006.000000
0.000000	70006.000000
0.000000	70006.000000
0.000000	70006.000000
0.000000	70006.000000
0.000000	70006.000000
0.000000	70006.000000
0.000000	70006.000000
0.000000	70006.000000
0.000000	70006.000000
0.000000	70007.000000
0.000000	70007.000000
0.000000	70007.000000
0.000000	70007.000000
0.000000	70007.000000
0.000000	70007.000000
0.000000	70007.000000
0.000000	70007.000000
0.000000	70007.000000
0.000000	70007.000000
0.000000	70007.000000
0.000000	70007.000000
0.000000	70007.000000
0.000000	70007.000000
0.000000	70007.000000
0.000000	70007.000000
0.000000	70007.000000
0.000000	70008.000000
0.000000	70008.000000
0.000000	70008.000000
0.000000	70008.000000
0.000000	70008.000000
0.000000	70008.000000
0.000000	70008.000000
0.000000	70008.000000
0.000000	70008.000000
0.000000	70008.000000
0.000000	70008.000000
0.000000	70008.000000
0.000000	70008.000000
0.000000	70008.000000
0.000000	70008.000000
0.000000	70008.000000
0.000000	70008.000000
0.000000	70009.000000
0.000000	70009.000000
0.000000	70009.000000
0.000000	70009.000000
0.000000	70009.000000
0.000000	70009.000000
0.000000	70009.000000
0.000000	70009.000000
0.000000	70009.000000
0.000000	70009.000000
0.000000	70009.000000
0.000000	70009.000000
0.000000	70009.000000
0.000000	70009.000000
0.000000	70009.000000
0.000000	70009.000000
0.000000	70009.000000
0.000000	70010.000000
0.000000	70010.000000
0.000000	70010.000000
0.000000	70010.000000
0.000000	70010.000000
0.000000	70010.000000
0.000000	70010.000000
0.000000	70010.000000
0.000000	70010.000000
0.000000	70010.000000
0.000000	70010.000000
0.000000	70010.000000
0.000000	70010.000000
0.000000	70010.000000
0.000000	70010.000000
0.000000	70010.000000
0.000000	70010.000000
0.000000	70011.000000
0.000000	70011.000000
0.000000	70011.000000
0.000000	70011.000000
0.000000	70011.000000
0.000000	70011.000000
0.000000	70011.000000
0.000000	70011.000000
0.000000	70011.000000
0.000000	70011.000000
0.000000	70011.000000
0.000000	70011.000000
0.000000	70011.000000
0.000000	70011.000000
0.000000	70011.000000
0.000000	70011.000000
0.000000	70011.000000
0.000000	70012.000000
0.000000	70012.000000
0.000000	70012.000000
0.000000	70012.000000
0.000000	70012.000000
0.000000	70012.000000
0.000000	70012.000000
0.000000	70012.000000
0.000000	70012.000000
0.000000	70012.000000
0.000000	70012.000000
0.000000	70012.000000
0.000000	70012.000000
0.000000	70012.000000
0.000000	70012.000000
0.000000	70012.000000
0.000000	70012.000000
0.000000	70013.000000
0.000000	70013.000000
0.000000	70013.000000
0.000000	70013.000000
0.000000	70013.000000
0.000000	70013.000000
0.000000	70013.000000
0.000000	70013.000000
0.000000	70013.000000
0.000000	70013.000000
0.000000	70013.000000
0.000000	70013.000000
0.000000	70013.000000
0.000000	70013.000000
0.000000	70013.000000
0.000000	70013.000000
0.000000	70013.000000
0.000000	70014.000000
0.000000	70014.000000
0.000000	70014.000000
0.000000	70014.000000
0.000000	70014.000000
0.000000	70014.000000
0.000000	70014.000000
0.000000	70014.000000
0.000000	70014.000000
0.000000	70014.000000
0.000000	70014.000000
0.000000	70014.000000
0.000000	70014.000000
0.000000	70014.000000
0.000000	70014.000000
0.000000	70014.000000
0.000000	70014.000000
0.000000	70015.000000
0.000000	70015.000000
0.000000	70015.000000
0.000000	70015.000000
0.000000	70015.000000
0.000000	70015.000000
0.000000	70015.000000
0.000000	70015.000000
0.000000	70015.000000
0.000000	70015.000000
0.000000	70015.000000
0.000000	70015.000000
0.000000	70015.000000
0.000000	70015.000000
0.000000	70015.000000
0.000000	70015.000000
0.000000	70015.000000
0.000000	70016.000000
0.000000	70016.000000
0.000000	70016.000000
0.000000	70016.000000
0.000000	70016.000000
0.000000	70016.000000
0.000000	70016.000000
0.000000	70016.000000
0.000000	70016.000000
0.000000	70016.000000
0.000000	70016.000000
0.000000	70016.000000
0.000000	70016.000000
0.000000	70016.000000
0.000000	70016.000000
0.000000	70016.000000
0.000000	70016.000000
0.000000	70017.000000
0.000000	70017.000000
0.000000	70017.000000
0.000000	70017.000000
0.000000	70017.000000
0.000000	70017.000000
0.000000	70017.000000
0.000000	70017.000000
0.000000	70017.000000
0.000000	70017.000000
0.000000	70017.000000
0.000000	70017.000000
0.000000	70017.000000
0.000000	70017.000000
0.000000	70017.000000
0.000000	70017.000000
0.000000	70017.000000
0.000000	70018.000000
0.000000	70018.000000
0.000000	70018.000000
0.000000	70018.000000
0.000000	70018.000000
0.000000	70018.000000
0.000000	70018.000000
0.000000	70018.000000
0.000000	70018.000000
0.000000	70018.000000
0.000000	70018.000000
0.000000	70018.000000
0.000000	70018.000000
0.000000	70018.000000
0.000000	70018.000000
0.000000	70018.000000
0.000000	70018.000000
0.000000	70019.000000
0.000000	70019.000000
0.000000	70019.000000
0.000000	70019.000000
0.000000	70019.000000
0.000000	70019.000000
0.000000	70019.000000
0.000000	70019.000000
0.000000	70019.000000
0.000000	70019.000000
0.000000	70019.000000
0.000000	70019.000000
0.000000	70019.000000
0.000000	70019.000000
0.000000	70019.000000
0.000000	70019.000000
0.000000	70019.000000
0.000000	70019.000000
0.000000	70020.000000
0.000000	70020.000000
0.000000	70020.000000
0.000000	70020.000000
0.000000	70020.000000
0.000000	70020.000000
0.000000	70020.000000
0.000000	70020.000000
0.000000	70020.000000
0.000000	70020.000000
0.000000	70020.000000
0.000000	70020.000000
0.000000	70020.000000
0.000000	70020.000000
0.000000	70020.000000
0.000000	70020.000000
0.000000	70020.000000
0.000000	70021.000000
0.000000	70021.000000
0.000000	70021.000000
0.000000	70021.000000
0.000000	70021.000000
0.000000	70021.000000
0.000000	70021.000000
0.000000	70021.000000
0.000000	70021.000000
0.000000	70021.000000
0.000000	70021.000000
0.000000	70021.000000
0.000000	70021.000000
0.000000	70021.000000
0.000000	70021.000000
0.000000	70021.000000
0.000000	70021.000000
0.000000	70022.000000
0.000000	70022.000000
0.000000	70022.000000
0.000000	70022.000000
0.000000	70022.000000
0.000000	70022.000000
0.000000	70022.000000
0.000000	70022.000000
0.000000	70022.000000
0.000000	70022.000000
0.000000	70022.000000
0.000000	70022.000000
0.000000	70022.000000
0.000000	70022.000000
0.000000	70022.000000
0.000000	70022.000000
0.000000	70023.000000
0.000000	70023.000000
0.000000	70023.000000
0.000000	70023.000000
0.000000	70023.000000
0.000000	70023.000000
0.000000	70023.000000
0.000000	70023.000000
0.000000	70023.000000
0.000000	70023.000000
0.000000	70023.000000
0.000000	70023.000000
0.000000	70023.000000
0.000000	70023.000000
0.000000	70023.000000
0.000000	70023.000000
0.000000	70023.000000
0.000000	70023.000000
0.000000	70024.000000
0.000000	70024.000000
0.000000	70024.000000
0.000000	70024.000000
0.000000	70024.000000
0.000000	70024.000000
0.000000	70024.000000
0.000000	70024.000000
0.000000	70024.000000
0.000000	70024.000000
0.000000	70024.000000
0.000000	70024.000000
0.000000	70024.000000
0.000000	70024.000000
0.000000	70024.000000
0.000000	70024.000000
0.000000	70024.000000
0.000000	70025.000000
0.000000	70025.000000
0.000000	70025.000000
0.000000	70025.000000
0.000000	70025.000000
0.000000	70025.000000
0.000000	70025.000000
0.000000	70025.000000
0.000000	70025.000000
0.000000	70025.000000
0.000000	70025.000000
0.000000	70025.000000
0.000000	70025.000000
0.000000	70025.000000
0.000000	70025.000000
0.000000	70025.000000
0.000000	70025.000000
0.000000	70026.000000
0.000000	70026.000000
0.000000	70026.000000
0.000000	70026.000000
0.000000	70026.000000
0.000000	70026.000000
0.000000	70026.000000
0.000000	70026.000000
0.000000	70026.000000
0.000000	70026.000000
0.000000	70026.000000
0.000000	70026.000000
0.000000	70026.000000
0.000000	70026.000000
0.000000	70026.000000
0.000000	70026.000000
0.000000	70026.000000
0.000000	70027.000000
0.000000	70027.000000
0.000000	70027.000000
0.000000	70027.000000
0.000000	70027.000000
0.000000	70027.000000
0.000000	70027.000000
0.000000	70027.000000
0.000000	70027.000000
0.000000	70027.000000
0.000000	70027.000000
0.000000	70027.000000
0.000000	70027.000000
0.000000	70027.000000
0.000000	70027.000000
0.000000	70027.000000
0.000000	70027.000000
0.000000	70028.000000
0.000000	70028.000000
0.000000	70028.000000
0.000000	70028.000000
0.000000	70028.000000
0.000000	70028.000000
0.000000	70028.000000
0.000000	70028.000000
0.000000	70028.000000
0.000000	70028.000000
0.000000	70028.000000
0.000000	70028.000000
0.000000	70028.000000
0.000000	70028.000000
0.000000	70028.000000
0.000000	70028.000000
0.000000	70028.000000
0.000000	70029.000000
0.000000	70029.000000
0.000000	70029.000000
0.000000	70029.000000
0.000000	70029.000000
0.000000	70029.000000
0.000000	70029.000000
0.000000	70029.000000
0.000000	70029.000000
0.000000	70029.000000
0.000000	70029.000000
0.000000	70029.000000
0.000000	70029.000000
0.000000	70029.000000
0.000000	70029.000000
0.000000	70029.000000
0.000000	70029.000000
0.000000	70030.000000
0.000000	70030.000000
0.000000	70030.000000
0.000000	70030.000000
0.000000	70030.000000
0.000000	70030.000000
0.000000	70030.000000
0.000000	70030.000000
0.000000	70030.000000
0.000000	70030.000000
0.000000	70030.000000
0.000000	70030.000000
0.000000	70030.000000
0.000000	70030.000000
0.000000	70030.000000
0.000000	70030.000000
0.000000	70030.000000
0.000000	70031.000000
0.000000	70031.000000
0.000000	70031.000000
0.000000	70031.000000
0.000000	70031.000000
0.000000	70031.000000
0.000000	70031.000000
0.000000	70031.000000
0.000000	70031.000000
0.000000	70031.000000
0.000000	70031.000000
0.000000	70031.000000
0.000000	70031.000000
0.000000	70031.000000
0.000000	70031.000000
0.000000	70031.000000
0.000000	70031.000000
0.000000	70032.000000
0.000000	70032.000000
0.000000	70032.000000
0.000000	70032.000000
0.000000	70032.000000
0.000000	70032.000000
0.000000	70032.000000
0.000000	70032.000000
0.000000	70032.000000
0.000000	70032.000000
0.000000	70032.000000
0.000000	70032.000000
0.000000	70032.000000
0.000000	70032.000000
0.000000	70032.000000
0.000000	70032.000000
0.000000	70032.000000
0.000000	70033.000000
0.000000	70033.000000
0.000000	70033.000000
0.000000	70033.000000
0.000000	70033.000000
0.000000	70033.000000
0.000000	70033.000000
0.000000	70033.000000
0.000000	70033.000000
0.000000	70033.000000
0.000000	70033.000000
0.000000	70033.000000
0.000000	70033.000000
0.000000	70033.000000
0.000000	70033.000000
0.000000	70033.000000
0.000000	70033.000000
0.000000	70034.000000
0.000000	70034.000000
0.000000	70034.000000
0.000000	70034.000000
0.000000	70034.000000
0.000000	70034.000000
0.000000	70034.000000
0.000000	70034.000000
0.000000	70034.000000
0.000000	70034.000000
0.000000	70034.000000
0.000000	70034.000000
0.000000	70034.000000
0.000000	70034.000000
0.000000	70034.000000
0.000000	70034.000000
0.000000	70034.000000
0.000000	70034.000000
0.000000	70035.000000
0.000000	70035.000000
0.000000	70035.000000
0.000000	70035.000000
0.000000	70035.000000
0.000000	70035.000000
0.000000	70035.000000
0.000000	70035.000000
0.000000	70035.000000
0.000000	70035.000000
0.000000	70035.000000
0.000000	70035.000000
0.000000	70035.000000
0.000000	70035.000000
0.000000	70035.000000
0.000000	70035.000000
0.000000	70035.000000
0.000000	70036.000000
0.000000	70036.000000
0.000000	70036.000000
0.000000	70036.000000
0.000000	70036.000000
0.000000	70036.000000
0.000000	70036.000000
0.000000	70036.000000
0.000000	70036.000000
0.000000	70036.000000
0.000000	70036.000000
0.000000	70036.000000
0.000000	70036.000000
0.000000	70036.000000
0.000000	70036.000000
0.000000	70036.000000
0.000000	70036.000000
0.000000	70037.000000
0.000000	70037.000000
0.000000	70037.000000
0.000000	70037.000000
0.000000	70037.000000
0.000000	70037.000000
0.000000	70037.000000
0.000000	70037.000000
0.000000	70037.000000
0.000000	70037.000000
0.000000	70037.000000
0.000000	70037.000000
0.000000	70037.000000
0.000000	70037.000000
0.000000	70037.000000
0.000000	70037.000000
0.000000	70037.000000
0.000000	70038.000000
0.000000	70038.000000
0.000000	70038.000000
0.000000	70038.000000
0.000000	70038.000000
0.000000	70038.000000
0.000000	70038.000000
0.000000	70038.000000
0.000000	70038.000000
0.000000	70038.000000
0.000000	70038.000000
0.000000	70038.000000
0.000000	70038.000000
0.000000	70038.000000
0.000000	70038.000000
0.000000	70038.000000
0.000000	70038.000000
0.000000	70039.000000
0.000000	70039.000000
0.000000	70039.000000
0.000000	70039.000000
0.000000	70039.000000
0.000000	70039.000000
0.000000	70039.000000
0.000000	70039.000000
0.000000	70039.000000
0.000000	70039.000000
0.000000	70039.000000
0.000000	70039.000000
0.000000	70039.000000
0.000000	70039.000000
0.000000	70039.000000
0.000000	70039.000000
0.000000	70039.000000
0.000000	70040.000000
0.000000	70040.000000
0.000000	70040.000000
0.000000	70040.000000
0.000000	70040.000000
0.000000	70040.000000
0.000000	70040.000000
0.000000	70040.000000
0.000000	70040.000000
0.000000	70040.000000
0.000000	70040.000000
0.000000	70040.000000
0.000000	70040.000000
0.000000	70040.000000
0.000000	70040.000000
0.000000	70040.000000
0.000000	70040.000000
0.000000	70041.000000
0.000000	70041.000000
0.000000	70041.000000
0.000000	70041.000000
0.000000	70041.000000
0.000000	70041.000000
0.000000	70041.000000
0.000000	70041.000000
0.000000	70041.000000
0.000000	70041.000000
0.000000	70041.000000
0.000000	70041.000000
0.000000	70041.000000
0.000000	70041.000000
0.000000	70041.000000
0.000000	70041.000000
0.000000	70041.000000
0.000000	70042.000000
0.000000	70042.000000
0.000000	70042.000000
0.000000	70042.000000
0.000000	70042.000000
0.000000	70042.000000
0.000000	70042.000000
0.000000	70042.000000
0.000000	70042.000000
0.000000	70042.000000
0.000000	70042.000000
0.000000	70042.000000
0.000000	70042.000000
0.000000	70042.000000
0.000000	70042.000000
0.000000	70042.000000
0.000000	70042.000000
0.000000	70043.000000
0.000000	70043.000000
0.000000	70043.000000
0.000000	70043.000000
0.000000	70043.000000
0.000000	70043.000000
0.000000	70043.000000
0.000000	70043.000000
0.000000	70043.000000
0.000000	70043.000000
0.000000	70043.000000
0.000000	70043.000000
0.000000	70043.000000
0.000000	70043.000000
0.000000	70043.000000
0.000000	70043.000000
0.000000	70043.000000
0.000000	70044.000000
0.000000	70044.000000
0.000000	70044.000000
0.000000	70044.000000
0.000000	70044.000000
0.000000	70044.000000
0.000000	70044.000000
0.000000	70044.000000
0.000000	70044.000000
0.000000	70044.000000
0.000000	70044.000000
0.000000	70044.000000
0.000000	70044.000000
0.000000	70044.000000
0.000000	70044.000000
0.000000	70044.000000
0.000000	70044.000000
0.000000	70045.000000
0.000000	70045.000000
0.000000	70045.000000
0.000000	70045.000000
0.000000	70045.000000
0.000000	70045.000000
0.000000	70045.000000
0.000000	70045.000000
0.000000	70045.000000
0.000000	70045.000000
0.000000	70045.000000
0.000000	70045.000000
0.000000	70045.000000
0.000000	70045.000000
0.000000	70045.000000
0.000000	70045.000000
0.000000	70045.000000
0.000000	70046.000000
0.000000	70046.000000
0.000000	70046.000000
0.000000	70046.000000
0.000000	70046.000000
0.000000	70046.000000
0.000000	70046.000000
0.000000	70046.000000
0.000000	70046.000000
0.000000	70046.000000
0.000000	70046.000000
0.000000	70046.000000
0.000000	70046.000000
0.000000	70046.000000
0.000000	70046.000000
0.000000	70046.000000
0.000000	70046.000000
0.000000	70047.000000
0.000000	70047.000000
0.000000	70047.000000
0.000000	70047.000000
0.000000	70047.000000
0.000000	70047.000000
0.000000	70047.000000
0.000000	70047.000000
0.000000	70047.000000
0.000000	70047.000000
0.000000	70047.000000
0.000000	70047.000000
0.000000	70047.000000
0.000000	70047.000000
0.000000	70047.000000
0.000000	70047.000000
0.000000	70047.000000
0.000000	70048.000000
0.000000	70048.000000
0.000000	70048.000000
0.000000	70048.000000
0.000000	70048.000000
0.000000	70048.000000
0.000000	70048.000000
0.000000	70048.000000
0.000000	70048.000000
0.000000	70048.000000
0.000000	70048.000000
0.000000	70048.000000
0.000000	70048.000000
0.000000	70048.000000
0.000000	70048.000000
0.000000	70048.000000
0.000000	70048.000000
0.000000	70049.000000
0.000000	70049.000000
0.000000	70049.000000
0.000000	70049.000000
0.000000	70049.000000
0.000000	70049.000000
0.000000	70049.000000
0.000000	70049.000000
0.000000	70049.000000
0.000000	70049.000000
0.000000	70049.000000
0.000000	70049.000000
0.000000	70049.000000
0.000000	70049.000000
0.000000	70049.000000
0.000000	70049.000000
0.000000	70049.000000
0.000000	70049.000000
0.000000	70050.000000
0.000000	70050.000000
0.000000	70050.000000
0.000000	70050.000000
0.000000	70050.000000
0.000000	70050.000000
0.000000	70050.000000
0.000000	70050.000000
0.000000	70050.000000
0.000000	70050.000000
0.000000	70050.000000
0.000000	70050.000000
0.000000	70050.000000
0.000000	70050.000000
0.000000	70050.000000
0.000000	70050.000000
0.000000	70050.000000
0.000000	70051.000000
0.000000	70051.000000
0.000000	70051.000000
0.000000	70051.000000
0.000000	70051.000000
0.000000	70051.000000
0.000000	70051.000000
0.000000	70051.000000
0.000000	70051.000000
0.000000	70051.000000
0.000000	70051.000000
0.000000	70051.000000
0.000000	70051.000000
0.000000	70051.000000
0.000000	70051.000000
0.000000	70051.000000
0.000000	70051.000000
0.000000	70052.000000
0.000000	70052.000000
0.000000	70052.000000
0.000000	70052.000000
0.000000	70052.000000
0.000000	70052.000000
0.000000	70052.000000
0.000000	70052.000000
0.000000	70052.000000
0.000000	70052.000000
0.000000	70052.000000
0.000000	70052.000000
0.000000	70052.000000
0.000000	70052.000000
0.000000	70052.000000
0.000000	70052.000000
0.000000	70052.000000
0.000000	70053.000000
0.000000	70053.000000
0.000000	70053.000000
0.000000	70053.000000
0.000000	70053.000000
0.000000	70053.000000
0.000000	70053.000000
0.000000	70053.000000
0.000000	70053.000000
0.000000	70053.000000
0.000000	70053.000000
0.000000	70053.000000
0.000000	70053.000000
0.000000	70053.000000
0.000000	70053.000000
0.000000	70053.000000
0.000000	70053.000000
0.000000	70054.000000
0.000000	70054.000000
0.000000	70054.000000
0.000000	70054.000000
0.000000	70054.000000
0.000000	70054.000000
0.000000	70054.000000
0.000000	70054.000000
0.000000	70054.000000
0.000000	70054.000000
0.000000	70054.000000
0.000000	70054.000000
0.000000	70054.000000
0.000000	70054.000000
0.000000	70054.000000
0.000000	70054.000000
0.000000	70054.000000
0.000000	70055.000000
0.000000	70055.000000
0.000000	70055.000000
0.000000	70055.000000
0.000000	70055.000000
0.000000	70055.000000
0.000000	70055.000000
0.000000	70055.000000
0.000000	70055.000000
0.000000	70055.000000
0.000000	70055.000000
0.000000	70055.000000
0.000000	70055.000000
0.000000	70055.000000
0.000000	70055.000000
0.000000	70055.000000
0.000000	70055.000000
0.000000	70056.000000
0.000000	70056.000000
0.000000	70056.000000
0.000000	70056.000000
0.000000	70056.000000
0.000000	70056.000000
0.000000	70056.000000
0.000000	70056.000000
0.000000	70056.000000
0.000000	70056.000000
0.000000	70056.000000
0.000000	70056.000000
0.000000	70056.000000
0.000000	70056.000000
0.000000	70056.000000
0.000000	70056.000000
0.000000	70056.000000
0.000000	70057.000000
0.000000	70057.000000
0.000000	70057.000000
0.000000	70057.000000
0.000000	70057.000000
0.000000	70057.000000
0.000000	70057.000000
0.000000	70057.000000
0.000000	70057.000000
0.000000	70057.000000
0.000000	70057.000000
0.000000	70057.000000
0.000000	70057.000000
0.000000	70057.000000
0.000000	70057.000000
0.000000	70057.000000
0.000000	70057.000000
0.000000	70058.000000
0.000000	70058.000000
0.000000	70058.000000
0.000000	70058.000000
0.000000	70058.000000
0.000000	70058.000000
0.000000	70058.000000
0.000000	70058.000000
0.000000	70058.000000
0.000000	70058.000000
0.000000	70058.000000
0.000000	70058.000000
0.000000	70058.000000
0.000000	70058.000000
0.000000	70058.000000
0.000000	70058.000000
0.000000	70058.000000
0.000000	70059.000000
0.000000	70059.000000
0.000000	70059.000000
0.000000	70059.000000
0.000000	70059.000000
0.000000	70059.000000
0.000000	70059.000000
0.000000	70059.000000
0.000000	70059.000000
0.000000	70059.000000
0.000000	70059.000000
0.000000	70059.000000
0.000000	70059.000000
0.000000	70059.000000
0.000000	70059.000000
0.000000	70059.000000
0.000000	70059.000000
0.000000	70100.000000
0.000000	70100.000000
0.000000	70100.000000
0.000000	70100.000000
0.000000	70100.000000
0.000000	70100.000000
0.000000	70100.000000
0.000000	70100.000000
0.000000	70100.000000
0.000000	70100.000000
0.000000	70100.000000
0.000000	70100.000000
0.000000	70100.000000
0.000000	70100.000000
0.000000	70100.000000
0.000000	70100.000000
0.000000	70100.000000
0.000000	70101.000000
0.000000	70101.000000
0.000000	70101.000000
0.000000	70101.000000
0.000000	70101.000000
0.000000	70101.000000
0.000000	70101.000000
0.000000	70101.000000
0.000000	70101.000000
0.000000	70101.000000
0.000000	70101.000000
0.000000	70101.000000
0.000000	70101.000000
0.000000	70101.000000
0.000000	70101.000000
0.000000	70101.000000
0.000000	70101.000000
0.000000	70102.000000
0.000000	70102.000000
0.000000	70102.000000
0.000000	70102.000000
0.000000	70102.000000
0.000000	70102.000000
0.000000	70102.000000
0.000000	70102.000000
0.000000	70102.000000
0.000000	70102.000000
0.000000	70102.000000
0.000000	70102.000000
0.000000	70102.000000
0.000000	70102.000000
0.000000	70102.000000
0.000000	70102.000000
0.000000	70102.000000
0.000000	70103.000000
0.000000	70103.000000
0.000000	70103.000000
0.000000	70103.000000
0.000000	70103.000000
0.000000	70103.000000
0.000000	70103.000000
0.000000	70103.000000
0.000000	70103.000000
0.000000	70103.000000
0.000000	70103.000000
0.000000	70103.000000
0.000000	70103.000000
0.000000	70103.000000
0.000000	70103.000000
0.000000	70103.000000
0.000000	70103.000000
0.000000	70104.000000
0.000000	70104.000000
0.000000	70104.000000
0.000000	70104.000000
0.000000	70104.000000
0.000000	70104.000000
0.000000	70104.000000
0.000000	70104.000000
0.000000	70104.000000
0.000000	70104.000000
0.000000	70104.000000
0.000000	70104.000000
0.000000	70104.000000
0.000000	70104.000000
0.000000	70104.000000
0.000000	70104.000000
0.000000	70104.000000
0.000000	70104.000000
0.000000	70105.000000
0.000000	70105.000000
0.000000	70105.000000
0.000000	70105.000000
0.000000	70105.000000
0.000000	70105.000000
0.000000	70105.000000
0.000000	70105.000000
0.000000	70105.000000
0.000000	70105.000000
0.000000	70105.000000
0.000000	70105.000000
0.000000	70105.000000
0.000000	70105.000000
0.000000	70105.000000
0.000000	70105.000000
0.000000	70105.000000
0.000000	70106.000000
0.000000	70106.000000
0.000000	70106.000000
0.000000	70106.000000
0.000000	70106.000000
0.000000	70106.000000
0.000000	70106.000000
