0.000000	70706.000000
0.000000	70706.000000
0.000000	70706.000000
0.000000	70706.000000
0.000000	70706.000000
0.000000	70706.000000
0.000000	70706.000000
0.000000	70706.000000
0.000000	70706.000000
0.000000	70706.000000
0.000000	70707.000000
0.000000	70707.000000
0.000000	70707.000000
0.000000	70707.000000
0.000000	70707.000000
0.000000	70707.000000
0.000000	70707.000000
0.000000	70707.000000
0.000000	70707.000000
0.000000	70707.000000
0.000000	70707.000000
0.000000	70707.000000
0.000000	70707.000000
0.000000	70707.000000
0.000000	70707.000000
0.000000	70707.000000
0.000000	70707.000000
0.000000	70708.000000
0.000000	70708.000000
0.000000	70708.000000
0.000000	70708.000000
0.000000	70708.000000
0.000000	70708.000000
0.000000	70708.000000
0.000000	70708.000000
0.000000	70708.000000
0.000000	70708.000000
0.000000	70708.000000
0.000000	70708.000000
0.000000	70708.000000
0.000000	70708.000000
0.000000	70708.000000
0.000000	70708.000000
0.000000	70708.000000
0.000000	70709.000000
0.000000	70709.000000
0.000000	70709.000000
0.000000	70709.000000
0.000000	70709.000000
0.000000	70709.000000
0.000000	70709.000000
0.000000	70709.000000
0.000000	70709.000000
0.000000	70709.000000
0.000000	70709.000000
0.000000	70709.000000
0.000000	70709.000000
0.000000	70709.000000
0.000000	70709.000000
0.000000	70709.000000
0.000000	70709.000000
0.000000	70710.000000
0.000000	70710.000000
0.000000	70710.000000
0.000000	70710.000000
0.000000	70710.000000
0.000000	70710.000000
0.000000	70710.000000
0.000000	70710.000000
0.000000	70710.000000
0.000000	70710.000000
0.000000	70710.000000
0.000000	70710.000000
0.000000	70710.000000
0.000000	70710.000000
0.000000	70710.000000
0.000000	70710.000000
0.000000	70710.000000
0.000000	70711.000000
0.000000	70711.000000
0.000000	70711.000000
0.000000	70711.000000
0.000000	70711.000000
0.000000	70711.000000
0.000000	70711.000000
0.000000	70711.000000
0.000000	70711.000000
0.000000	70711.000000
0.000000	70711.000000
0.000000	70711.000000
0.000000	70711.000000
0.000000	70711.000000
0.000000	70711.000000
0.000000	70711.000000
0.000000	70711.000000
0.000000	70712.000000
0.000000	70712.000000
0.000000	70712.000000
0.000000	70712.000000
0.000000	70712.000000
0.000000	70712.000000
0.000000	70712.000000
0.000000	70712.000000
0.000000	70712.000000
0.000000	70712.000000
0.000000	70712.000000
0.000000	70712.000000
0.000000	70712.000000
0.000000	70712.000000
0.000000	70712.000000
0.000000	70712.000000
0.000000	70712.000000
0.000000	70713.000000
0.000000	70713.000000
0.000000	70713.000000
0.000000	70713.000000
0.000000	70713.000000
0.000000	70713.000000
0.000000	70713.000000
0.000000	70713.000000
0.000000	70713.000000
0.000000	70713.000000
0.000000	70713.000000
0.000000	70713.000000
0.000000	70713.000000
0.000000	70713.000000
0.000000	70713.000000
0.000000	70713.000000
0.000000	70713.000000
0.000000	70714.000000
0.000000	70714.000000
0.000000	70714.000000
0.000000	70714.000000
0.000000	70714.000000
0.000000	70714.000000
0.000000	70714.000000
0.000000	70714.000000
0.000000	70714.000000
0.000000	70714.000000
0.000000	70714.000000
0.000000	70714.000000
0.000000	70714.000000
0.000000	70714.000000
0.000000	70714.000000
0.000000	70714.000000
0.000000	70714.000000
0.000000	70715.000000
0.000000	70715.000000
0.000000	70715.000000
0.000000	70715.000000
0.000000	70715.000000
0.000000	70715.000000
0.000000	70715.000000
0.000000	70715.000000
0.000000	70715.000000
0.000000	70715.000000
0.000000	70715.000000
0.000000	70715.000000
0.000000	70715.000000
0.000000	70715.000000
0.000000	70715.000000
0.000000	70715.000000
0.000000	70715.000000
0.000000	70716.000000
0.000000	70716.000000
0.000000	70716.000000
0.000000	70716.000000
0.000000	70716.000000
0.000000	70716.000000
0.000000	70716.000000
0.000000	70716.000000
0.000000	70716.000000
0.000000	70716.000000
0.000000	70716.000000
0.000000	70716.000000
0.000000	70716.000000
0.000000	70716.000000
0.000000	70716.000000
0.000000	70716.000000
0.000000	70716.000000
0.000000	70717.000000
0.000000	70717.000000
0.000000	70717.000000
0.000000	70717.000000
0.000000	70717.000000
0.000000	70717.000000
0.000000	70717.000000
0.000000	70717.000000
0.000000	70717.000000
0.000000	70717.000000
0.000000	70717.000000
0.000000	70717.000000
0.000000	70717.000000
0.000000	70717.000000
0.000000	70717.000000
0.000000	70717.000000
0.000000	70717.000000
0.000000	70718.000000
0.000000	70718.000000
0.000000	70718.000000
0.000000	70718.000000
0.000000	70718.000000
0.000000	70718.000000
0.000000	70718.000000
0.000000	70718.000000
0.000000	70718.000000
0.000000	70718.000000
0.000000	70718.000000
0.000000	70718.000000
0.000000	70718.000000
0.000000	70718.000000
0.000000	70718.000000
0.000000	70718.000000
0.000000	70718.000000
0.000000	70718.000000
0.000000	70719.000000
0.000000	70719.000000
0.000000	70719.000000
0.000000	70719.000000
0.000000	70719.000000
0.000000	70719.000000
0.000000	70719.000000
0.000000	70719.000000
0.000000	70719.000000
0.000000	70719.000000
0.000000	70719.000000
0.000000	70719.000000
0.000000	70719.000000
0.000000	70719.000000
0.000000	70719.000000
0.000000	70719.000000
0.000000	70719.000000
0.000000	70720.000000
0.000000	70720.000000
0.000000	70720.000000
0.000000	70720.000000
0.000000	70720.000000
0.000000	70720.000000
0.000000	70720.000000
0.000000	70720.000000
0.000000	70720.000000
0.000000	70720.000000
0.000000	70720.000000
0.000000	70720.000000
0.000000	70720.000000
0.000000	70720.000000
0.000000	70720.000000
0.000000	70720.000000
0.000000	70720.000000
0.000000	70721.000000
0.000000	70721.000000
0.000000	70721.000000
0.000000	70721.000000
0.000000	70721.000000
0.000000	70721.000000
0.000000	70721.000000
0.000000	70721.000000
0.000000	70721.000000
0.000000	70721.000000
0.000000	70721.000000
0.000000	70721.000000
0.000000	70721.000000
0.000000	70721.000000
0.000000	70721.000000
0.000000	70721.000000
0.000000	70721.000000
0.000000	70722.000000
0.000000	70722.000000
0.000000	70722.000000
0.000000	70722.000000
0.000000	70722.000000
0.000000	70722.000000
0.000000	70722.000000
0.000000	70722.000000
0.000000	70722.000000
0.000000	70722.000000
0.000000	70722.000000
0.000000	70722.000000
0.000000	70722.000000
0.000000	70722.000000
0.000000	70722.000000
0.000000	70722.000000
0.000000	70722.000000
0.000000	70723.000000
0.000000	70723.000000
0.000000	70723.000000
0.000000	70723.000000
0.000000	70723.000000
0.000000	70723.000000
0.000000	70723.000000
0.000000	70723.000000
0.000000	70723.000000
0.000000	70723.000000
0.000000	70723.000000
0.000000	70723.000000
0.000000	70723.000000
0.000000	70723.000000
0.000000	70723.000000
0.000000	70723.000000
0.000000	70723.000000
0.000000	70724.000000
0.000000	70724.000000
0.000000	70724.000000
0.000000	70724.000000
0.000000	70724.000000
0.000000	70724.000000
0.000000	70724.000000
0.000000	70724.000000
0.000000	70724.000000
0.000000	70724.000000
0.000000	70724.000000
0.000000	70724.000000
0.000000	70724.000000
0.000000	70724.000000
0.000000	70724.000000
0.000000	70724.000000
0.000000	70724.000000
0.000000	70725.000000
0.000000	70725.000000
0.000000	70725.000000
0.000000	70725.000000
0.000000	70725.000000
0.000000	70725.000000
0.000000	70725.000000
0.000000	70725.000000
0.000000	70725.000000
0.000000	70725.000000
0.000000	70725.000000
0.000000	70725.000000
0.000000	70725.000000
0.000000	70725.000000
0.000000	70725.000000
0.000000	70725.000000
0.000000	70725.000000
0.000000	70726.000000
0.000000	70726.000000
0.000000	70726.000000
0.000000	70726.000000
0.000000	70726.000000
0.000000	70726.000000
0.000000	70726.000000
0.000000	70726.000000
0.000000	70726.000000
0.000000	70726.000000
0.000000	70726.000000
0.000000	70726.000000
0.000000	70726.000000
0.000000	70726.000000
0.000000	70726.000000
0.000000	70726.000000
0.000000	70726.000000
0.000000	70727.000000
0.000000	70727.000000
0.000000	70727.000000
0.000000	70727.000000
0.000000	70727.000000
0.000000	70727.000000
0.000000	70727.000000
0.000000	70727.000000
0.000000	70727.000000
0.000000	70727.000000
0.000000	70727.000000
0.000000	70727.000000
0.000000	70727.000000
0.000000	70727.000000
0.000000	70727.000000
0.000000	70727.000000
0.000000	70727.000000
0.000000	70728.000000
0.000000	70728.000000
0.000000	70728.000000
0.000000	70728.000000
0.000000	70728.000000
0.000000	70728.000000
0.000000	70728.000000
0.000000	70728.000000
0.000000	70728.000000
0.000000	70728.000000
0.000000	70728.000000
0.000000	70728.000000
0.000000	70728.000000
0.000000	70728.000000
0.000000	70728.000000
0.000000	70728.000000
0.000000	70728.000000
0.000000	70729.000000
0.000000	70729.000000
0.000000	70729.000000
0.000000	70729.000000
0.000000	70729.000000
0.000000	70729.000000
0.000000	70729.000000
0.000000	70729.000000
0.000000	70729.000000
0.000000	70729.000000
0.000000	70729.000000
0.000000	70729.000000
0.000000	70729.000000
0.000000	70729.000000
0.000000	70729.000000
0.000000	70729.000000
0.000000	70729.000000
0.000000	70730.000000
0.000000	70730.000000
0.000000	70730.000000
0.000000	70730.000000
0.000000	70730.000000
0.000000	70730.000000
0.000000	70730.000000
0.000000	70730.000000
0.000000	70730.000000
0.000000	70730.000000
0.000000	70730.000000
0.000000	70730.000000
0.000000	70730.000000
0.000000	70730.000000
0.000000	70730.000000
0.000000	70730.000000
0.000000	70730.000000
0.000000	70731.000000
0.000000	70731.000000
0.000000	70731.000000
0.000000	70731.000000
0.000000	70731.000000
0.000000	70731.000000
0.000000	70731.000000
0.000000	70731.000000
0.000000	70731.000000
0.000000	70731.000000
0.000000	70731.000000
0.000000	70731.000000
0.000000	70731.000000
0.000000	70731.000000
0.000000	70731.000000
0.000000	70731.000000
0.000000	70731.000000
0.000000	70732.000000
0.000000	70732.000000
0.000000	70732.000000
0.000000	70732.000000
0.000000	70732.000000
0.000000	70732.000000
0.000000	70732.000000
0.000000	70732.000000
0.000000	70732.000000
0.000000	70732.000000
0.000000	70732.000000
0.000000	70732.000000
0.000000	70732.000000
0.000000	70732.000000
0.000000	70732.000000
0.000000	70732.000000
0.000000	70732.000000
0.000000	70733.000000
0.000000	70733.000000
0.000000	70733.000000
0.000000	70733.000000
0.000000	70733.000000
0.000000	70733.000000
0.000000	70733.000000
0.000000	70733.000000
0.000000	70733.000000
0.000000	70733.000000
0.000000	70733.000000
0.000000	70733.000000
0.000000	70733.000000
0.000000	70733.000000
0.000000	70733.000000
0.000000	70733.000000
0.000000	70733.000000
0.000000	70734.000000
0.000000	70734.000000
0.000000	70734.000000
0.000000	70734.000000
0.000000	70734.000000
0.000000	70734.000000
0.000000	70734.000000
0.000000	70734.000000
0.000000	70734.000000
0.000000	70734.000000
0.000000	70734.000000
0.000000	70734.000000
0.000000	70734.000000
0.000000	70734.000000
0.000000	70734.000000
0.000000	70734.000000
0.000000	70734.000000
0.000000	70734.000000
0.000000	70735.000000
0.000000	70735.000000
0.000000	70735.000000
0.000000	70735.000000
0.000000	70735.000000
0.000000	70735.000000
0.000000	70735.000000
0.000000	70735.000000
0.000000	70735.000000
0.000000	70735.000000
0.000000	70735.000000
0.000000	70735.000000
0.000000	70735.000000
0.000000	70735.000000
0.000000	70735.000000
0.000000	70735.000000
0.000000	70735.000000
0.000000	70736.000000
0.000000	70736.000000
0.000000	70736.000000
0.000000	70736.000000
0.000000	70736.000000
0.000000	70736.000000
0.000000	70736.000000
0.000000	70736.000000
0.000000	70736.000000
0.000000	70736.000000
0.000000	70736.000000
0.000000	70736.000000
0.000000	70736.000000
0.000000	70736.000000
0.000000	70736.000000
0.000000	70736.000000
0.000000	70736.000000
0.000000	70737.000000
0.000000	70737.000000
0.000000	70737.000000
0.000000	70737.000000
0.000000	70737.000000
0.000000	70737.000000
0.000000	70737.000000
0.000000	70737.000000
0.000000	70737.000000
0.000000	70737.000000
0.000000	70737.000000
0.000000	70737.000000
0.000000	70737.000000
0.000000	70737.000000
0.000000	70737.000000
0.000000	70737.000000
0.000000	70737.000000
0.000000	70738.000000
0.000000	70738.000000
0.000000	70738.000000
0.000000	70738.000000
0.000000	70738.000000
0.000000	70738.000000
0.000000	70738.000000
0.000000	70738.000000
0.000000	70738.000000
0.000000	70738.000000
0.000000	70738.000000
0.000000	70738.000000
0.000000	70738.000000
0.000000	70738.000000
0.000000	70738.000000
0.000000	70738.000000
0.000000	70738.000000
0.000000	70739.000000
0.000000	70739.000000
0.000000	70739.000000
0.000000	70739.000000
0.000000	70739.000000
0.000000	70739.000000
0.000000	70739.000000
0.000000	70739.000000
0.000000	70739.000000
0.000000	70739.000000
0.000000	70739.000000
0.000000	70739.000000
0.000000	70739.000000
0.000000	70739.000000
0.000000	70739.000000
0.000000	70739.000000
0.000000	70739.000000
0.000000	70740.000000
0.000000	70740.000000
0.000000	70740.000000
0.000000	70740.000000
0.000000	70740.000000
0.000000	70740.000000
0.000000	70740.000000
0.000000	70740.000000
0.000000	70740.000000
0.000000	70740.000000
0.000000	70740.000000
0.000000	70740.000000
0.000000	70740.000000
0.000000	70740.000000
0.000000	70740.000000
0.000000	70740.000000
0.000000	70740.000000
0.000000	70741.000000
0.000000	70741.000000
0.000000	70741.000000
0.000000	70741.000000
0.000000	70741.000000
0.000000	70741.000000
0.000000	70741.000000
0.000000	70741.000000
0.000000	70741.000000
0.000000	70741.000000
0.000000	70741.000000
0.000000	70741.000000
0.000000	70741.000000
0.000000	70741.000000
0.000000	70741.000000
0.000000	70741.000000
0.000000	70741.000000
0.000000	70742.000000
0.000000	70742.000000
0.000000	70742.000000
0.000000	70742.000000
0.000000	70742.000000
0.000000	70742.000000
0.000000	70742.000000
0.000000	70742.000000
0.000000	70742.000000
0.000000	70742.000000
0.000000	70742.000000
0.000000	70742.000000
0.000000	70742.000000
0.000000	70742.000000
0.000000	70742.000000
0.000000	70742.000000
0.000000	70742.000000
0.000000	70743.000000
0.000000	70743.000000
0.000000	70743.000000
0.000000	70743.000000
0.000000	70743.000000
0.000000	70743.000000
0.000000	70743.000000
0.000000	70743.000000
0.000000	70743.000000
0.000000	70743.000000
0.000000	70743.000000
0.000000	70743.000000
0.000000	70743.000000
0.000000	70743.000000
0.000000	70743.000000
0.000000	70743.000000
0.000000	70743.000000
0.000000	70744.000000
0.000000	70744.000000
0.000000	70744.000000
0.000000	70744.000000
0.000000	70744.000000
0.000000	70744.000000
0.000000	70744.000000
0.000000	70744.000000
0.000000	70744.000000
0.000000	70744.000000
0.000000	70744.000000
0.000000	70744.000000
0.000000	70744.000000
0.000000	70744.000000
0.000000	70744.000000
0.000000	70744.000000
0.000000	70744.000000
0.000000	70745.000000
0.000000	70745.000000
0.000000	70745.000000
0.000000	70745.000000
0.000000	70745.000000
0.000000	70745.000000
0.000000	70745.000000
0.000000	70745.000000
0.000000	70745.000000
0.000000	70745.000000
0.000000	70745.000000
0.000000	70745.000000
0.000000	70745.000000
0.000000	70745.000000
0.000000	70745.000000
0.000000	70745.000000
0.000000	70745.000000
0.000000	70746.000000
0.000000	70746.000000
0.000000	70746.000000
0.000000	70746.000000
0.000000	70746.000000
0.000000	70746.000000
0.000000	70746.000000
0.000000	70746.000000
0.000000	70746.000000
0.000000	70746.000000
0.000000	70746.000000
0.000000	70746.000000
0.000000	70746.000000
0.000000	70746.000000
0.000000	70746.000000
0.000000	70746.000000
0.000000	70746.000000
0.000000	70747.000000
0.000000	70747.000000
0.000000	70747.000000
0.000000	70747.000000
0.000000	70747.000000
0.000000	70747.000000
0.000000	70747.000000
0.000000	70747.000000
0.000000	70747.000000
0.000000	70747.000000
0.000000	70747.000000
0.000000	70747.000000
0.000000	70747.000000
0.000000	70747.000000
0.000000	70747.000000
0.000000	70747.000000
0.000000	70747.000000
0.000000	70748.000000
0.000000	70748.000000
0.000000	70748.000000
0.000000	70748.000000
0.000000	70748.000000
0.000000	70748.000000
0.000000	70748.000000
0.000000	70748.000000
0.000000	70748.000000
0.000000	70748.000000
0.000000	70748.000000
0.000000	70748.000000
0.000000	70748.000000
0.000000	70748.000000
0.000000	70748.000000
0.000000	70748.000000
0.000000	70748.000000
0.000000	70748.000000
0.000000	70749.000000
0.000000	70749.000000
0.000000	70749.000000
0.000000	70749.000000
0.000000	70749.000000
0.000000	70749.000000
0.000000	70749.000000
0.000000	70749.000000
0.000000	70749.000000
0.000000	70749.000000
0.000000	70749.000000
0.000000	70749.000000
0.000000	70749.000000
0.000000	70749.000000
0.000000	70749.000000
0.000000	70749.000000
0.000000	70749.000000
0.000000	70750.000000
0.000000	70750.000000
0.000000	70750.000000
0.000000	70750.000000
0.000000	70750.000000
0.000000	70750.000000
0.000000	70750.000000
0.000000	70750.000000
0.000000	70750.000000
0.000000	70750.000000
0.000000	70750.000000
0.000000	70750.000000
0.000000	70750.000000
0.000000	70750.000000
0.000000	70750.000000
0.000000	70750.000000
0.000000	70750.000000
0.000000	70751.000000
0.000000	70751.000000
0.000000	70751.000000
0.000000	70751.000000
0.000000	70751.000000
0.000000	70751.000000
0.000000	70751.000000
0.000000	70751.000000
0.000000	70751.000000
0.000000	70751.000000
0.000000	70751.000000
0.000000	70751.000000
0.000000	70751.000000
0.000000	70751.000000
0.000000	70751.000000
0.000000	70751.000000
0.000000	70751.000000
0.000000	70752.000000
0.000000	70752.000000
0.000000	70752.000000
0.000000	70752.000000
0.000000	70752.000000
0.000000	70752.000000
0.000000	70752.000000
0.000000	70752.000000
0.000000	70752.000000
0.000000	70752.000000
0.000000	70752.000000
0.000000	70752.000000
0.000000	70752.000000
0.000000	70752.000000
0.000000	70752.000000
0.000000	70752.000000
0.000000	70752.000000
0.000000	70753.000000
0.000000	70753.000000
0.000000	70753.000000
0.000000	70753.000000
0.000000	70753.000000
0.000000	70753.000000
0.000000	70753.000000
0.000000	70753.000000
0.000000	70753.000000
0.000000	70753.000000
0.000000	70753.000000
0.000000	70753.000000
0.000000	70753.000000
0.000000	70753.000000
0.000000	70753.000000
0.000000	70753.000000
0.000000	70753.000000
0.000000	70754.000000
0.000000	70754.000000
0.000000	70754.000000
0.000000	70754.000000
0.000000	70754.000000
0.000000	70754.000000
0.000000	70754.000000
0.000000	70754.000000
0.000000	70754.000000
0.000000	70754.000000
0.000000	70754.000000
0.000000	70754.000000
0.000000	70754.000000
0.000000	70754.000000
0.000000	70754.000000
0.000000	70754.000000
0.000000	70754.000000
0.000000	70755.000000
0.000000	70755.000000
0.000000	70755.000000
0.000000	70755.000000
0.000000	70755.000000
0.000000	70755.000000
0.000000	70755.000000
0.000000	70755.000000
0.000000	70755.000000
0.000000	70755.000000
0.000000	70755.000000
0.000000	70755.000000
0.000000	70755.000000
0.000000	70755.000000
0.000000	70755.000000
0.000000	70755.000000
0.000000	70755.000000
0.000000	70756.000000
0.000000	70756.000000
0.000000	70756.000000
0.000000	70756.000000
0.000000	70756.000000
0.000000	70756.000000
0.000000	70756.000000
0.000000	70756.000000
0.000000	70756.000000
0.000000	70756.000000
0.000000	70756.000000
0.000000	70756.000000
0.000000	70756.000000
0.000000	70756.000000
0.000000	70756.000000
0.000000	70756.000000
0.000000	70756.000000
0.000000	70757.000000
0.000000	70757.000000
0.000000	70757.000000
0.000000	70757.000000
0.000000	70757.000000
0.000000	70757.000000
0.000000	70757.000000
0.000000	70757.000000
0.000000	70757.000000
0.000000	70757.000000
0.000000	70757.000000
0.000000	70757.000000
0.000000	70757.000000
0.000000	70757.000000
0.000000	70757.000000
0.000000	70757.000000
0.000000	70757.000000
0.000000	70758.000000
0.000000	70758.000000
0.000000	70758.000000
0.000000	70758.000000
0.000000	70758.000000
0.000000	70758.000000
0.000000	70758.000000
0.000000	70758.000000
0.000000	70758.000000
0.000000	70758.000000
0.000000	70758.000000
0.000000	70758.000000
0.000000	70758.000000
0.000000	70758.000000
0.000000	70758.000000
0.000000	70758.000000
0.000000	70758.000000
0.000000	70759.000000
0.000000	70759.000000
0.000000	70759.000000
0.000000	70759.000000
0.000000	70759.000000
0.000000	70759.000000
0.000000	70759.000000
0.000000	70759.000000
0.000000	70759.000000
0.000000	70759.000000
0.000000	70759.000000
0.000000	70759.000000
0.000000	70759.000000
0.000000	70759.000000
0.000000	70759.000000
0.000000	70759.000000
0.000000	70759.000000
0.000000	70800.000000
0.000000	70800.000000
0.000000	70800.000000
0.000000	70800.000000
0.000000	70800.000000
0.000000	70800.000000
0.000000	70800.000000
0.000000	70800.000000
0.000000	70800.000000
0.000000	70800.000000
0.000000	70800.000000
0.000000	70800.000000
0.000000	70800.000000
0.000000	70800.000000
0.000000	70800.000000
0.000000	70800.000000
0.000000	70800.000000
0.000000	70801.000000
0.000000	70801.000000
0.000000	70801.000000
0.000000	70801.000000
0.000000	70801.000000
0.000000	70801.000000
0.000000	70801.000000
0.000000	70801.000000
0.000000	70801.000000
0.000000	70801.000000
0.000000	70801.000000
0.000000	70801.000000
0.000000	70801.000000
0.000000	70801.000000
0.000000	70801.000000
0.000000	70801.000000
0.000000	70801.000000
0.000000	70802.000000
0.000000	70802.000000
0.000000	70802.000000
0.000000	70802.000000
0.000000	70802.000000
0.000000	70802.000000
0.000000	70802.000000
0.000000	70802.000000
0.000000	70802.000000
0.000000	70802.000000
0.000000	70802.000000
0.000000	70802.000000
0.000000	70802.000000
0.000000	70802.000000
0.000000	70802.000000
0.000000	70802.000000
0.000000	70802.000000
0.000000	70803.000000
0.000000	70803.000000
0.000000	70803.000000
0.000000	70803.000000
0.000000	70803.000000
0.000000	70803.000000
0.000000	70803.000000
0.000000	70803.000000
0.000000	70803.000000
0.000000	70803.000000
0.000000	70803.000000
0.000000	70803.000000
0.000000	70803.000000
0.000000	70803.000000
0.000000	70803.000000
0.000000	70803.000000
0.000000	70803.000000
0.000000	70804.000000
0.000000	70804.000000
0.000000	70804.000000
0.000000	70804.000000
0.000000	70804.000000
0.000000	70804.000000
0.000000	70804.000000
0.000000	70804.000000
0.000000	70804.000000
0.000000	70804.000000
0.000000	70804.000000
0.000000	70804.000000
0.000000	70804.000000
0.000000	70804.000000
0.000000	70804.000000
0.000000	70804.000000
0.000000	70804.000000
0.000000	70804.000000
0.000000	70805.000000
0.000000	70805.000000
0.000000	70805.000000
0.000000	70805.000000
0.000000	70805.000000
0.000000	70805.000000
0.000000	70805.000000
0.000000	70805.000000
0.000000	70805.000000
0.000000	70805.000000
0.000000	70805.000000
0.000000	70805.000000
0.000000	70805.000000
0.000000	70805.000000
0.000000	70805.000000
0.000000	70805.000000
0.000000	70805.000000
0.000000	70806.000000
0.000000	70806.000000
0.000000	70806.000000
0.000000	70806.000000
0.000000	70806.000000
0.000000	70806.000000
0.000000	70806.000000
0.000000	70806.000000
0.000000	70806.000000
0.000000	70806.000000
0.000000	70806.000000
0.000000	70806.000000
0.000000	70806.000000
0.000000	70806.000000
0.000000	70806.000000
0.000000	70806.000000
0.000000	70806.000000
0.000000	70807.000000
0.000000	70807.000000
0.000000	70807.000000
0.000000	70807.000000
0.000000	70807.000000
0.000000	70807.000000
0.000000	70807.000000
0.000000	70807.000000
0.000000	70807.000000
0.000000	70807.000000
0.000000	70807.000000
0.000000	70807.000000
0.000000	70807.000000
0.000000	70807.000000
0.000000	70807.000000
0.000000	70807.000000
0.000000	70807.000000
0.000000	70808.000000
0.000000	70808.000000
0.000000	70808.000000
0.000000	70808.000000
0.000000	70808.000000
0.000000	70808.000000
0.000000	70808.000000
0.000000	70808.000000
0.000000	70808.000000
0.000000	70808.000000
0.000000	70808.000000
0.000000	70808.000000
0.000000	70808.000000
0.000000	70808.000000
0.000000	70808.000000
0.000000	70808.000000
0.000000	70808.000000
0.000000	70809.000000
0.000000	70809.000000
0.000000	70809.000000
0.000000	70809.000000
0.000000	70809.000000
0.000000	70809.000000
0.000000	70809.000000
0.000000	70809.000000
0.000000	70809.000000
0.000000	70809.000000
0.000000	70809.000000
0.000000	70809.000000
0.000000	70809.000000
0.000000	70809.000000
0.000000	70809.000000
0.000000	70809.000000
0.000000	70809.000000
0.000000	70810.000000
0.000000	70810.000000
0.000000	70810.000000
0.000000	70810.000000
0.000000	70810.000000
0.000000	70810.000000
0.000000	70810.000000
0.000000	70810.000000
0.000000	70810.000000
0.000000	70810.000000
0.000000	70810.000000
0.000000	70810.000000
0.000000	70810.000000
0.000000	70810.000000
0.000000	70810.000000
0.000000	70810.000000
0.000000	70810.000000
0.000000	70811.000000
0.000000	70811.000000
0.000000	70811.000000
0.000000	70811.000000
0.000000	70811.000000
0.000000	70811.000000
0.000000	70811.000000
0.000000	70811.000000
0.000000	70811.000000
0.000000	70811.000000
0.000000	70811.000000
0.000000	70811.000000
0.000000	70811.000000
0.000000	70811.000000
0.000000	70811.000000
0.000000	70811.000000
0.000000	70811.000000
0.000000	70812.000000
0.000000	70812.000000
0.000000	70812.000000
0.000000	70812.000000
0.000000	70812.000000
0.000000	70812.000000
0.000000	70812.000000
0.000000	70812.000000
0.000000	70812.000000
0.000000	70812.000000
0.000000	70812.000000
0.000000	70812.000000
0.000000	70812.000000
0.000000	70812.000000
0.000000	70812.000000
0.000000	70812.000000
0.000000	70812.000000
0.000000	70813.000000
0.000000	70813.000000
0.000000	70813.000000
0.000000	70813.000000
0.000000	70813.000000
0.000000	70813.000000
0.000000	70813.000000
0.000000	70813.000000
0.000000	70813.000000
0.000000	70813.000000
0.000000	70813.000000
0.000000	70813.000000
0.000000	70813.000000
0.000000	70813.000000
0.000000	70813.000000
0.000000	70813.000000
0.000000	70813.000000
0.000000	70814.000000
0.000000	70814.000000
0.000000	70814.000000
0.000000	70814.000000
0.000000	70814.000000
0.000000	70814.000000
0.000000	70814.000000
0.000000	70814.000000
0.000000	70814.000000
0.000000	70814.000000
0.000000	70814.000000
0.000000	70814.000000
0.000000	70814.000000
0.000000	70814.000000
0.000000	70814.000000
0.000000	70814.000000
0.000000	70814.000000
0.000000	70815.000000
0.000000	70815.000000
0.000000	70815.000000
0.000000	70815.000000
0.000000	70815.000000
0.000000	70815.000000
0.000000	70815.000000
0.000000	70815.000000
0.000000	70815.000000
0.000000	70815.000000
0.000000	70815.000000
0.000000	70815.000000
0.000000	70815.000000
0.000000	70815.000000
0.000000	70815.000000
0.000000	70815.000000
0.000000	70815.000000
0.000000	70816.000000
0.000000	70816.000000
0.000000	70816.000000
0.000000	70816.000000
0.000000	70816.000000
0.000000	70816.000000
0.000000	70816.000000
0.000000	70816.000000
0.000000	70816.000000
0.000000	70816.000000
0.000000	70816.000000
0.000000	70816.000000
0.000000	70816.000000
0.000000	70816.000000
0.000000	70816.000000
0.000000	70816.000000
0.000000	70816.000000
0.000000	70817.000000
0.000000	70817.000000
0.000000	70817.000000
0.000000	70817.000000
0.000000	70817.000000
0.000000	70817.000000
0.000000	70817.000000
0.000000	70817.000000
0.000000	70817.000000
0.000000	70817.000000
0.000000	70817.000000
0.000000	70817.000000
0.000000	70817.000000
0.000000	70817.000000
0.000000	70817.000000
0.000000	70817.000000
0.000000	70817.000000
0.000000	70818.000000
0.000000	70818.000000
0.000000	70818.000000
0.000000	70818.000000
0.000000	70818.000000
0.000000	70818.000000
0.000000	70818.000000
0.000000	70818.000000
0.000000	70818.000000
0.000000	70818.000000
0.000000	70818.000000
0.000000	70818.000000
0.000000	70818.000000
0.000000	70818.000000
0.000000	70818.000000
0.000000	70818.000000
0.000000	70818.000000
0.000000	70819.000000
0.000000	70819.000000
0.000000	70819.000000
0.000000	70819.000000
0.000000	70819.000000
0.000000	70819.000000
0.000000	70819.000000
0.000000	70819.000000
0.000000	70819.000000
0.000000	70819.000000
0.000000	70819.000000
0.000000	70819.000000
0.000000	70819.000000
0.000000	70819.000000
0.000000	70819.000000
0.000000	70819.000000
0.000000	70819.000000
0.000000	70819.000000
0.000000	70820.000000
0.000000	70820.000000
0.000000	70820.000000
0.000000	70820.000000
0.000000	70820.000000
0.000000	70820.000000
0.000000	70820.000000
0.000000	70820.000000
0.000000	70820.000000
0.000000	70820.000000
0.000000	70820.000000
0.000000	70820.000000
0.000000	70820.000000
0.000000	70820.000000
0.000000	70820.000000
0.000000	70820.000000
0.000000	70820.000000
0.000000	70821.000000
0.000000	70821.000000
0.000000	70821.000000
0.000000	70821.000000
0.000000	70821.000000
0.000000	70821.000000
0.000000	70821.000000
0.000000	70821.000000
0.000000	70821.000000
0.000000	70821.000000
0.000000	70821.000000
0.000000	70821.000000
0.000000	70821.000000
0.000000	70821.000000
0.000000	70821.000000
0.000000	70821.000000
0.000000	70821.000000
0.000000	70822.000000
0.000000	70822.000000
0.000000	70822.000000
0.000000	70822.000000
0.000000	70822.000000
0.000000	70822.000000
0.000000	70822.000000
0.000000	70822.000000
0.000000	70822.000000
0.000000	70822.000000
0.000000	70822.000000
0.000000	70822.000000
0.000000	70822.000000
0.000000	70822.000000
0.000000	70822.000000
0.000000	70822.000000
0.000000	70822.000000
0.000000	70823.000000
0.000000	70823.000000
0.000000	70823.000000
0.000000	70823.000000
0.000000	70823.000000
0.000000	70823.000000
0.000000	70823.000000
0.000000	70823.000000
0.000000	70823.000000
0.000000	70823.000000
0.000000	70823.000000
0.000000	70823.000000
0.000000	70823.000000
0.000000	70823.000000
0.000000	70823.000000
0.000000	70823.000000
0.000000	70823.000000
0.000000	70824.000000
0.000000	70824.000000
0.000000	70824.000000
0.000000	70824.000000
0.000000	70824.000000
0.000000	70824.000000
0.000000	70824.000000
0.000000	70824.000000
0.000000	70824.000000
0.000000	70824.000000
0.000000	70824.000000
0.000000	70824.000000
0.000000	70824.000000
0.000000	70824.000000
0.000000	70824.000000
0.000000	70824.000000
0.000000	70824.000000
0.000000	70825.000000
0.000000	70825.000000
0.000000	70825.000000
0.000000	70825.000000
0.000000	70825.000000
0.000000	70825.000000
0.000000	70825.000000
0.000000	70825.000000
0.000000	70825.000000
0.000000	70825.000000
0.000000	70825.000000
0.000000	70825.000000
0.000000	70825.000000
0.000000	70825.000000
0.000000	70825.000000
0.000000	70825.000000
0.000000	70825.000000
0.000000	70826.000000
0.000000	70826.000000
0.000000	70826.000000
0.000000	70826.000000
0.000000	70826.000000
0.000000	70826.000000
0.000000	70826.000000
0.000000	70826.000000
0.000000	70826.000000
0.000000	70826.000000
0.000000	70826.000000
0.000000	70826.000000
0.000000	70826.000000
0.000000	70826.000000
0.000000	70826.000000
0.000000	70826.000000
0.000000	70826.000000
0.000000	70827.000000
0.000000	70827.000000
0.000000	70827.000000
0.000000	70827.000000
0.000000	70827.000000
0.000000	70827.000000
0.000000	70827.000000
0.000000	70827.000000
0.000000	70827.000000
0.000000	70827.000000
0.000000	70827.000000
0.000000	70827.000000
0.000000	70827.000000
0.000000	70827.000000
0.000000	70827.000000
0.000000	70827.000000
0.000000	70827.000000
0.000000	70828.000000
0.000000	70828.000000
0.000000	70828.000000
0.000000	70828.000000
0.000000	70828.000000
0.000000	70828.000000
0.000000	70828.000000
0.000000	70828.000000
0.000000	70828.000000
0.000000	70828.000000
0.000000	70828.000000
0.000000	70828.000000
0.000000	70828.000000
0.000000	70828.000000
0.000000	70828.000000
0.000000	70828.000000
0.000000	70828.000000
0.000000	70829.000000
0.000000	70829.000000
0.000000	70829.000000
0.000000	70829.000000
0.000000	70829.000000
0.000000	70829.000000
0.000000	70829.000000
0.000000	70829.000000
0.000000	70829.000000
0.000000	70829.000000
0.000000	70829.000000
0.000000	70829.000000
0.000000	70829.000000
0.000000	70829.000000
0.000000	70829.000000
0.000000	70829.000000
0.000000	70829.000000
0.000000	70830.000000
0.000000	70830.000000
0.000000	70830.000000
0.000000	70830.000000
0.000000	70830.000000
0.000000	70830.000000
0.000000	70830.000000
0.000000	70830.000000
0.000000	70830.000000
0.000000	70830.000000
0.000000	70830.000000
0.000000	70830.000000
0.000000	70830.000000
0.000000	70830.000000
0.000000	70830.000000
0.000000	70830.000000
0.000000	70830.000000
0.000000	70831.000000
0.000000	70831.000000
0.000000	70831.000000
0.000000	70831.000000
0.000000	70831.000000
0.000000	70831.000000
0.000000	70831.000000
0.000000	70831.000000
0.000000	70831.000000
0.000000	70831.000000
0.000000	70831.000000
0.000000	70831.000000
0.000000	70831.000000
0.000000	70831.000000
0.000000	70831.000000
0.000000	70831.000000
0.000000	70831.000000
0.000000	70832.000000
0.000000	70832.000000
0.000000	70832.000000
0.000000	70832.000000
0.000000	70832.000000
0.000000	70832.000000
0.000000	70832.000000
0.000000	70832.000000
0.000000	70832.000000
0.000000	70832.000000
0.000000	70832.000000
0.000000	70832.000000
0.000000	70832.000000
0.000000	70832.000000
0.000000	70832.000000
0.000000	70832.000000
0.000000	70832.000000
0.000000	70833.000000
0.000000	70833.000000
0.000000	70833.000000
0.000000	70833.000000
0.000000	70833.000000
0.000000	70833.000000
0.000000	70833.000000
0.000000	70833.000000
0.000000	70833.000000
0.000000	70833.000000
0.000000	70833.000000
0.000000	70833.000000
0.000000	70833.000000
0.000000	70833.000000
0.000000	70833.000000
0.000000	70833.000000
0.000000	70833.000000
0.000000	70833.000000
0.000000	70834.000000
0.000000	70834.000000
0.000000	70834.000000
0.000000	70834.000000
0.000000	70834.000000
0.000000	70834.000000
0.000000	70834.000000
0.000000	70834.000000
0.000000	70834.000000
0.000000	70834.000000
0.000000	70834.000000
0.000000	70834.000000
0.000000	70834.000000
0.000000	70834.000000
0.000000	70834.000000
0.000000	70834.000000
0.000000	70834.000000
0.000000	70835.000000
0.000000	70835.000000
0.000000	70835.000000
0.000000	70835.000000
0.000000	70835.000000
0.000000	70835.000000
0.000000	70835.000000
0.000000	70835.000000
0.000000	70835.000000
0.000000	70835.000000
0.000000	70835.000000
0.000000	70835.000000
0.000000	70835.000000
0.000000	70835.000000
0.000000	70835.000000
0.000000	70835.000000
0.000000	70835.000000
0.000000	70836.000000
0.000000	70836.000000
0.000000	70836.000000
0.000000	70836.000000
0.000000	70836.000000
0.000000	70836.000000
0.000000	70836.000000
0.000000	70836.000000
0.000000	70836.000000
0.000000	70836.000000
0.000000	70836.000000
0.000000	70836.000000
0.000000	70836.000000
0.000000	70836.000000
0.000000	70836.000000
0.000000	70836.000000
0.000000	70836.000000
0.000000	70837.000000
0.000000	70837.000000
0.000000	70837.000000
0.000000	70837.000000
0.000000	70837.000000
0.000000	70837.000000
0.000000	70837.000000
0.000000	70837.000000
0.000000	70837.000000
0.000000	70837.000000
0.000000	70837.000000
0.000000	70837.000000
0.000000	70837.000000
0.000000	70837.000000
0.000000	70837.000000
0.000000	70837.000000
0.000000	70837.000000
0.000000	70838.000000
0.000000	70838.000000
0.000000	70838.000000
0.000000	70838.000000
0.000000	70838.000000
0.000000	70838.000000
0.000000	70838.000000
0.000000	70838.000000
0.000000	70838.000000
0.000000	70838.000000
0.000000	70838.000000
0.000000	70838.000000
0.000000	70838.000000
0.000000	70838.000000
0.000000	70838.000000
0.000000	70838.000000
0.000000	70838.000000
0.000000	70839.000000
0.000000	70839.000000
0.000000	70839.000000
0.000000	70839.000000
0.000000	70839.000000
0.000000	70839.000000
0.000000	70839.000000
0.000000	70839.000000
0.000000	70839.000000
0.000000	70839.000000
0.000000	70839.000000
0.000000	70839.000000
0.000000	70839.000000
0.000000	70839.000000
0.000000	70839.000000
0.000000	70839.000000
0.000000	70839.000000
0.000000	70840.000000
0.000000	70840.000000
0.000000	70840.000000
0.000000	70840.000000
0.000000	70840.000000
0.000000	70840.000000
0.000000	70840.000000
0.000000	70840.000000
0.000000	70840.000000
0.000000	70840.000000
0.000000	70840.000000
0.000000	70840.000000
0.000000	70840.000000
0.000000	70840.000000
0.000000	70840.000000
0.000000	70840.000000
0.000000	70840.000000
0.000000	70841.000000
0.000000	70841.000000
0.000000	70841.000000
0.000000	70841.000000
0.000000	70841.000000
0.000000	70841.000000
0.000000	70841.000000
0.000000	70841.000000
0.000000	70841.000000
0.000000	70841.000000
0.000000	70841.000000
0.000000	70841.000000
0.000000	70841.000000
0.000000	70841.000000
0.000000	70841.000000
0.000000	70841.000000
0.000000	70841.000000
0.000000	70842.000000
0.000000	70842.000000
0.000000	70842.000000
0.000000	70842.000000
0.000000	70842.000000
0.000000	70842.000000
0.000000	70842.000000
0.000000	70842.000000
0.000000	70842.000000
0.000000	70842.000000
0.000000	70842.000000
0.000000	70842.000000
0.000000	70842.000000
0.000000	70842.000000
0.000000	70842.000000
0.000000	70842.000000
0.000000	70842.000000
0.000000	70843.000000
0.000000	70843.000000
0.000000	70843.000000
0.000000	70843.000000
0.000000	70843.000000
0.000000	70843.000000
0.000000	70843.000000
0.000000	70843.000000
0.000000	70843.000000
0.000000	70843.000000
0.000000	70843.000000
0.000000	70843.000000
0.000000	70843.000000
0.000000	70843.000000
0.000000	70843.000000
0.000000	70843.000000
0.000000	70843.000000
0.000000	70844.000000
0.000000	70844.000000
0.000000	70844.000000
0.000000	70844.000000
0.000000	70844.000000
0.000000	70844.000000
0.000000	70844.000000
0.000000	70844.000000
0.000000	70844.000000
0.000000	70844.000000
0.000000	70844.000000
0.000000	70844.000000
0.000000	70844.000000
0.000000	70844.000000
0.000000	70844.000000
0.000000	70844.000000
0.000000	70844.000000
0.000000	70845.000000
0.000000	70845.000000
0.000000	70845.000000
0.000000	70845.000000
0.000000	70845.000000
0.000000	70845.000000
0.000000	70845.000000
0.000000	70845.000000
0.000000	70845.000000
0.000000	70845.000000
0.000000	70845.000000
0.000000	70845.000000
0.000000	70845.000000
0.000000	70845.000000
0.000000	70845.000000
0.000000	70845.000000
0.000000	70845.000000
0.000000	70846.000000
0.000000	70846.000000
0.000000	70846.000000
0.000000	70846.000000
0.000000	70846.000000
0.000000	70846.000000
0.000000	70846.000000
0.000000	70846.000000
0.000000	70846.000000
0.000000	70846.000000
0.000000	70846.000000
0.000000	70846.000000
0.000000	70846.000000
0.000000	70846.000000
0.000000	70846.000000
0.000000	70846.000000
0.000000	70846.000000
0.000000	70847.000000
0.000000	70847.000000
0.000000	70847.000000
0.000000	70847.000000
0.000000	70847.000000
0.000000	70847.000000
0.000000	70847.000000
0.000000	70847.000000
0.000000	70847.000000
0.000000	70847.000000
0.000000	70847.000000
0.000000	70847.000000
0.000000	70847.000000
0.000000	70847.000000
0.000000	70847.000000
0.000000	70847.000000
0.000000	70847.000000
0.000000	70848.000000
0.000000	70848.000000
0.000000	70848.000000
0.000000	70848.000000
0.000000	70848.000000
0.000000	70848.000000
0.000000	70848.000000
0.000000	70848.000000
0.000000	70848.000000
0.000000	70848.000000
0.000000	70848.000000
0.000000	70848.000000
0.000000	70848.000000
0.000000	70848.000000
0.000000	70848.000000
0.000000	70848.000000
0.000000	70848.000000
0.000000	70848.000000
0.000000	70849.000000
0.000000	70849.000000
0.000000	70849.000000
0.000000	70849.000000
0.000000	70849.000000
0.000000	70849.000000
0.000000	70849.000000
0.000000	70849.000000
0.000000	70849.000000
0.000000	70849.000000
0.000000	70849.000000
0.000000	70849.000000
0.000000	70849.000000
0.000000	70849.000000
0.000000	70849.000000
0.000000	70849.000000
0.000000	70849.000000
0.000000	70850.000000
0.000000	70850.000000
0.000000	70850.000000
0.000000	70850.000000
0.000000	70850.000000
0.000000	70850.000000
0.000000	70850.000000
0.000000	70850.000000
0.000000	70850.000000
0.000000	70850.000000
0.000000	70850.000000
0.000000	70850.000000
0.000000	70850.000000
0.000000	70850.000000
0.000000	70850.000000
0.000000	70850.000000
0.000000	70850.000000
0.000000	70851.000000
0.000000	70851.000000
0.000000	70851.000000
0.000000	70851.000000
0.000000	70851.000000
0.000000	70851.000000
0.000000	70851.000000
0.000000	70851.000000
0.000000	70851.000000
0.000000	70851.000000
0.000000	70851.000000
0.000000	70851.000000
0.000000	70851.000000
0.000000	70851.000000
0.000000	70851.000000
0.000000	70851.000000
0.000000	70851.000000
0.000000	70852.000000
0.000000	70852.000000
0.000000	70852.000000
0.000000	70852.000000
0.000000	70852.000000
0.000000	70852.000000
0.000000	70852.000000
0.000000	70852.000000
0.000000	70852.000000
0.000000	70852.000000
0.000000	70852.000000
0.000000	70852.000000
0.000000	70852.000000
0.000000	70852.000000
0.000000	70852.000000
0.000000	70852.000000
0.000000	70852.000000
0.000000	70853.000000
0.000000	70853.000000
0.000000	70853.000000
0.000000	70853.000000
0.000000	70853.000000
0.000000	70853.000000
0.000000	70853.000000
0.000000	70853.000000
0.000000	70853.000000
0.000000	70853.000000
0.000000	70853.000000
0.000000	70853.000000
0.000000	70853.000000
0.000000	70853.000000
0.000000	70853.000000
0.000000	70853.000000
0.000000	70853.000000
0.000000	70854.000000
0.000000	70854.000000
0.000000	70854.000000
0.000000	70854.000000
0.000000	70854.000000
0.000000	70854.000000
0.000000	70854.000000
0.000000	70854.000000
0.000000	70854.000000
0.000000	70854.000000
0.000000	70854.000000
0.000000	70854.000000
0.000000	70854.000000
0.000000	70854.000000
0.000000	70854.000000
0.000000	70854.000000
0.000000	70854.000000
0.000000	70855.000000
0.000000	70855.000000
0.000000	70855.000000
0.000000	70855.000000
0.000000	70855.000000
0.000000	70855.000000
0.000000	70855.000000
0.000000	70855.000000
0.000000	70855.000000
0.000000	70855.000000
0.000000	70855.000000
0.000000	70855.000000
0.000000	70855.000000
0.000000	70855.000000
0.000000	70855.000000
0.000000	70855.000000
0.000000	70855.000000
0.000000	70856.000000
0.000000	70856.000000
0.000000	70856.000000
0.000000	70856.000000
0.000000	70856.000000
0.000000	70856.000000
0.000000	70856.000000
0.000000	70856.000000
0.000000	70856.000000
0.000000	70856.000000
0.000000	70856.000000
0.000000	70856.000000
0.000000	70856.000000
0.000000	70856.000000
0.000000	70856.000000
0.000000	70856.000000
0.000000	70856.000000
0.000000	70857.000000
0.000000	70857.000000
0.000000	70857.000000
0.000000	70857.000000
0.000000	70857.000000
0.000000	70857.000000
0.000000	70857.000000
0.000000	70857.000000
0.000000	70857.000000
0.000000	70857.000000
0.000000	70857.000000
0.000000	70857.000000
0.000000	70857.000000
0.000000	70857.000000
0.000000	70857.000000
0.000000	70857.000000
0.000000	70857.000000
0.000000	70858.000000
0.000000	70858.000000
0.000000	70858.000000
0.000000	70858.000000
0.000000	70858.000000
0.000000	70858.000000
0.000000	70858.000000
0.000000	70858.000000
0.000000	70858.000000
0.000000	70858.000000
0.000000	70858.000000
0.000000	70858.000000
0.000000	70858.000000
0.000000	70858.000000
0.000000	70858.000000
0.000000	70858.000000
0.000000	70858.000000
0.000000	70859.000000
0.000000	70859.000000
0.000000	70859.000000
0.000000	70859.000000
0.000000	70859.000000
0.000000	70859.000000
0.000000	70859.000000
0.000000	70859.000000
0.000000	70859.000000
0.000000	70859.000000
0.000000	70859.000000
0.000000	70859.000000
0.000000	70859.000000
0.000000	70859.000000
0.000000	70859.000000
0.000000	70859.000000
0.000000	70859.000000
0.000000	70900.000000
0.000000	70900.000000
0.000000	70900.000000
0.000000	70900.000000
0.000000	70900.000000
0.000000	70900.000000
0.000000	70900.000000
0.000000	70900.000000
0.000000	70900.000000
0.000000	70900.000000
0.000000	70900.000000
0.000000	70900.000000
0.000000	70900.000000
0.000000	70900.000000
0.000000	70900.000000
0.000000	70900.000000
0.000000	70900.000000
0.000000	70901.000000
0.000000	70901.000000
0.000000	70901.000000
0.000000	70901.000000
0.000000	70901.000000
0.000000	70901.000000
0.000000	70901.000000
0.000000	70901.000000
0.000000	70901.000000
0.000000	70901.000000
0.000000	70901.000000
0.000000	70901.000000
0.000000	70901.000000
0.000000	70901.000000
0.000000	70901.000000
0.000000	70901.000000
0.000000	70901.000000
0.000000	70902.000000
0.000000	70902.000000
0.000000	70902.000000
0.000000	70902.000000
0.000000	70902.000000
0.000000	70902.000000
0.000000	70902.000000
0.000000	70902.000000
0.000000	70902.000000
0.000000	70902.000000
0.000000	70902.000000
0.000000	70902.000000
0.000000	70902.000000
0.000000	70902.000000
0.000000	70902.000000
0.000000	70902.000000
0.000000	70902.000000
0.000000	70903.000000
0.000000	70903.000000
0.000000	70903.000000
0.000000	70903.000000
0.000000	70903.000000
0.000000	70903.000000
0.000000	70903.000000
0.000000	70903.000000
0.000000	70903.000000
0.000000	70903.000000
0.000000	70903.000000
0.000000	70903.000000
0.000000	70903.000000
0.000000	70903.000000
0.000000	70903.000000
0.000000	70903.000000
0.000000	70903.000000
0.000000	70903.000000
0.000000	70904.000000
0.000000	70904.000000
0.000000	70904.000000
0.000000	70904.000000
0.000000	70904.000000
0.000000	70904.000000
0.000000	70904.000000
0.000000	70904.000000
0.000000	70904.000000
0.000000	70904.000000
0.000000	70904.000000
0.000000	70904.000000
0.000000	70904.000000
0.000000	70904.000000
0.000000	70904.000000
0.000000	70904.000000
0.000000	70904.000000
0.000000	70905.000000
0.000000	70905.000000
0.000000	70905.000000
0.000000	70905.000000
0.000000	70905.000000
0.000000	70905.000000
0.000000	70905.000000
0.000000	70905.000000
0.000000	70905.000000
0.000000	70905.000000
0.000000	70905.000000
0.000000	70905.000000
0.000000	70905.000000
0.000000	70905.000000
0.000000	70905.000000
0.000000	70905.000000
0.000000	70905.000000
0.000000	70906.000000
0.000000	70906.000000
0.000000	70906.000000
0.000000	70906.000000
0.000000	70906.000000
0.000000	70906.000000
0.000000	70906.000000
0.000000	70906.000000
0.000000	70906.000000
0.000000	70906.000000
0.000000	70906.000000
0.000000	70906.000000
0.000000	70906.000000
0.000000	70906.000000
0.000000	70906.000000
0.000000	70906.000000
0.000000	70906.000000
0.000000	70907.000000
0.000000	70907.000000
0.000000	70907.000000
0.000000	70907.000000
0.000000	70907.000000
0.000000	70907.000000
0.000000	70907.000000
0.000000	70907.000000
0.000000	70907.000000
0.000000	70907.000000
0.000000	70907.000000
0.000000	70907.000000
0.000000	70907.000000
0.000000	70907.000000
0.000000	70907.000000
0.000000	70907.000000
0.000000	70907.000000
0.000000	70908.000000
0.000000	70908.000000
0.000000	70908.000000
0.000000	70908.000000
0.000000	70908.000000
0.000000	70908.000000
0.000000	70908.000000
0.000000	70908.000000
0.000000	70908.000000
0.000000	70908.000000
0.000000	70908.000000
0.000000	70908.000000
0.000000	70908.000000
0.000000	70908.000000
0.000000	70908.000000
0.000000	70908.000000
0.000000	70908.000000
0.000000	70909.000000
0.000000	70909.000000
0.000000	70909.000000
0.000000	70909.000000
0.000000	70909.000000
0.000000	70909.000000
0.000000	70909.000000
0.000000	70909.000000
0.000000	70909.000000
0.000000	70909.000000
0.000000	70909.000000
0.000000	70909.000000
0.000000	70909.000000
0.000000	70909.000000
0.000000	70909.000000
0.000000	70909.000000
0.000000	70909.000000
0.000000	70910.000000
0.000000	70910.000000
0.000000	70910.000000
0.000000	70910.000000
0.000000	70910.000000
0.000000	70910.000000
0.000000	70910.000000
0.000000	70910.000000
0.000000	70910.000000
0.000000	70910.000000
0.000000	70910.000000
0.000000	70910.000000
0.000000	70910.000000
0.000000	70910.000000
0.000000	70910.000000
0.000000	70910.000000
0.000000	70910.000000
0.000000	70911.000000
0.000000	70911.000000
0.000000	70911.000000
0.000000	70911.000000
0.000000	70911.000000
0.000000	70911.000000
0.000000	70911.000000
0.000000	70911.000000
0.000000	70911.000000
0.000000	70911.000000
0.000000	70911.000000
0.000000	70911.000000
0.000000	70911.000000
0.000000	70911.000000
0.000000	70911.000000
0.000000	70911.000000
0.000000	70911.000000
0.000000	70912.000000
0.000000	70912.000000
0.000000	70912.000000
0.000000	70912.000000
0.000000	70912.000000
0.000000	70912.000000
0.000000	70912.000000
0.000000	70912.000000
0.000000	70912.000000
0.000000	70912.000000
0.000000	70912.000000
0.000000	70912.000000
0.000000	70912.000000
0.000000	70912.000000
0.000000	70912.000000
0.000000	70912.000000
0.000000	70912.000000
0.000000	70913.000000
0.000000	70913.000000
0.000000	70913.000000
0.000000	70913.000000
0.000000	70913.000000
0.000000	70913.000000
0.000000	70913.000000
0.000000	70913.000000
0.000000	70913.000000
0.000000	70913.000000
0.000000	70913.000000
0.000000	70913.000000
0.000000	70913.000000
0.000000	70913.000000
0.000000	70913.000000
0.000000	70913.000000
0.000000	70913.000000
0.000000	70914.000000
0.000000	70914.000000
0.000000	70914.000000
0.000000	70914.000000
0.000000	70914.000000
0.000000	70914.000000
0.000000	70914.000000
0.000000	70914.000000
0.000000	70914.000000
0.000000	70914.000000
0.000000	70914.000000
0.000000	70914.000000
0.000000	70914.000000
0.000000	70914.000000
0.000000	70914.000000
0.000000	70914.000000
0.000000	70914.000000
0.000000	70915.000000
0.000000	70915.000000
0.000000	70915.000000
0.000000	70915.000000
0.000000	70915.000000
0.000000	70915.000000
0.000000	70915.000000
0.000000	70915.000000
0.000000	70915.000000
0.000000	70915.000000
0.000000	70915.000000
0.000000	70915.000000
0.000000	70915.000000
0.000000	70915.000000
0.000000	70915.000000
0.000000	70915.000000
0.000000	70915.000000
0.000000	70916.000000
0.000000	70916.000000
0.000000	70916.000000
0.000000	70916.000000
0.000000	70916.000000
0.000000	70916.000000
0.000000	70916.000000
0.000000	70916.000000
0.000000	70916.000000
0.000000	70916.000000
0.000000	70916.000000
0.000000	70916.000000
0.000000	70916.000000
0.000000	70916.000000
0.000000	70916.000000
0.000000	70916.000000
0.000000	70916.000000
0.000000	70917.000000
0.000000	70917.000000
0.000000	70917.000000
0.000000	70917.000000
0.000000	70917.000000
0.000000	70917.000000
0.000000	70917.000000
0.000000	70917.000000
0.000000	70917.000000
0.000000	70917.000000
0.000000	70917.000000
0.000000	70917.000000
0.000000	70917.000000
0.000000	70917.000000
0.000000	70917.000000
0.000000	70917.000000
0.000000	70917.000000
0.000000	70918.000000
0.000000	70918.000000
0.000000	70918.000000
0.000000	70918.000000
0.000000	70918.000000
0.000000	70918.000000
0.000000	70918.000000
0.000000	70918.000000
0.000000	70918.000000
0.000000	70918.000000
0.000000	70918.000000
0.000000	70918.000000
0.000000	70918.000000
0.000000	70918.000000
0.000000	70918.000000
0.000000	70918.000000
0.000000	70918.000000
0.000000	70918.000000
0.000000	70919.000000
0.000000	70919.000000
0.000000	70919.000000
0.000000	70919.000000
0.000000	70919.000000
0.000000	70919.000000
0.000000	70919.000000
0.000000	70919.000000
0.000000	70919.000000
0.000000	70919.000000
0.000000	70919.000000
0.000000	70919.000000
0.000000	70919.000000
0.000000	70919.000000
0.000000	70919.000000
0.000000	70919.000000
0.000000	70919.000000
0.000000	70920.000000
0.000000	70920.000000
0.000000	70920.000000
0.000000	70920.000000
0.000000	70920.000000
0.000000	70920.000000
0.000000	70920.000000
0.000000	70920.000000
0.000000	70920.000000
0.000000	70920.000000
0.000000	70920.000000
0.000000	70920.000000
0.000000	70920.000000
0.000000	70920.000000
0.000000	70920.000000
0.000000	70920.000000
0.000000	70920.000000
0.000000	70921.000000
0.000000	70921.000000
0.000000	70921.000000
0.000000	70921.000000
0.000000	70921.000000
0.000000	70921.000000
0.000000	70921.000000
0.000000	70921.000000
0.000000	70921.000000
0.000000	70921.000000
0.000000	70921.000000
0.000000	70921.000000
0.000000	70921.000000
0.000000	70921.000000
0.000000	70921.000000
0.000000	70921.000000
0.000000	70921.000000
0.000000	70922.000000
0.000000	70922.000000
0.000000	70922.000000
0.000000	70922.000000
0.000000	70922.000000
0.000000	70922.000000
0.000000	70922.000000
0.000000	70922.000000
0.000000	70922.000000
0.000000	70922.000000
0.000000	70922.000000
0.000000	70922.000000
0.000000	70922.000000
0.000000	70922.000000
0.000000	70922.000000
0.000000	70922.000000
0.000000	70922.000000
0.000000	70923.000000
0.000000	70923.000000
0.000000	70923.000000
0.000000	70923.000000
0.000000	70923.000000
0.000000	70923.000000
0.000000	70923.000000
0.000000	70923.000000
0.000000	70923.000000
0.000000	70923.000000
0.000000	70923.000000
0.000000	70923.000000
0.000000	70923.000000
0.000000	70923.000000
0.000000	70923.000000
0.000000	70923.000000
0.000000	70923.000000
0.000000	70924.000000
0.000000	70924.000000
0.000000	70924.000000
0.000000	70924.000000
0.000000	70924.000000
0.000000	70924.000000
0.000000	70924.000000
0.000000	70924.000000
0.000000	70924.000000
0.000000	70924.000000
0.000000	70924.000000
0.000000	70924.000000
0.000000	70924.000000
0.000000	70924.000000
0.000000	70924.000000
0.000000	70924.000000
0.000000	70924.000000
0.000000	70925.000000
0.000000	70925.000000
0.000000	70925.000000
0.000000	70925.000000
0.000000	70925.000000
0.000000	70925.000000
0.000000	70925.000000
0.000000	70925.000000
0.000000	70925.000000
0.000000	70925.000000
0.000000	70925.000000
0.000000	70925.000000
0.000000	70925.000000
0.000000	70925.000000
0.000000	70925.000000
0.000000	70925.000000
0.000000	70925.000000
0.000000	70926.000000
0.000000	70926.000000
0.000000	70926.000000
0.000000	70926.000000
0.000000	70926.000000
0.000000	70926.000000
0.000000	70926.000000
0.000000	70926.000000
0.000000	70926.000000
0.000000	70926.000000
0.000000	70926.000000
0.000000	70926.000000
0.000000	70926.000000
0.000000	70926.000000
0.000000	70926.000000
0.000000	70926.000000
0.000000	70926.000000
0.000000	70927.000000
0.000000	70927.000000
0.000000	70927.000000
0.000000	70927.000000
0.000000	70927.000000
0.000000	70927.000000
0.000000	70927.000000
0.000000	70927.000000
0.000000	70927.000000
0.000000	70927.000000
0.000000	70927.000000
0.000000	70927.000000
0.000000	70927.000000
0.000000	70927.000000
0.000000	70927.000000
0.000000	70927.000000
0.000000	70927.000000
0.000000	70928.000000
0.000000	70928.000000
0.000000	70928.000000
0.000000	70928.000000
0.000000	70928.000000
0.000000	70928.000000
0.000000	70928.000000
0.000000	70928.000000
0.000000	70928.000000
0.000000	70928.000000
0.000000	70928.000000
0.000000	70928.000000
0.000000	70928.000000
0.000000	70928.000000
0.000000	70928.000000
0.000000	70928.000000
0.000000	70928.000000
0.000000	70929.000000
0.000000	70929.000000
0.000000	70929.000000
0.000000	70929.000000
0.000000	70929.000000
0.000000	70929.000000
0.000000	70929.000000
0.000000	70929.000000
0.000000	70929.000000
0.000000	70929.000000
0.000000	70929.000000
0.000000	70929.000000
0.000000	70929.000000
0.000000	70929.000000
0.000000	70929.000000
0.000000	70929.000000
0.000000	70929.000000
0.000000	70930.000000
0.000000	70930.000000
0.000000	70930.000000
0.000000	70930.000000
0.000000	70930.000000
0.000000	70930.000000
0.000000	70930.000000
0.000000	70930.000000
0.000000	70930.000000
0.000000	70930.000000
0.000000	70930.000000
0.000000	70930.000000
0.000000	70930.000000
0.000000	70930.000000
0.000000	70930.000000
0.000000	70930.000000
0.000000	70930.000000
0.000000	70931.000000
0.000000	70931.000000
0.000000	70931.000000
0.000000	70931.000000
0.000000	70931.000000
0.000000	70931.000000
0.000000	70931.000000
0.000000	70931.000000
0.000000	70931.000000
0.000000	70931.000000
0.000000	70931.000000
0.000000	70931.000000
0.000000	70931.000000
0.000000	70931.000000
0.000000	70931.000000
0.000000	70931.000000
0.000000	70931.000000
0.000000	70932.000000
0.000000	70932.000000
0.000000	70932.000000
0.000000	70932.000000
0.000000	70932.000000
0.000000	70932.000000
0.000000	70932.000000
0.000000	70932.000000
0.000000	70932.000000
0.000000	70932.000000
0.000000	70932.000000
0.000000	70932.000000
0.000000	70932.000000
0.000000	70932.000000
0.000000	70932.000000
0.000000	70932.000000
0.000000	70932.000000
0.000000	70933.000000
0.000000	70933.000000
0.000000	70933.000000
0.000000	70933.000000
0.000000	70933.000000
0.000000	70933.000000
0.000000	70933.000000
0.000000	70933.000000
0.000000	70933.000000
0.000000	70933.000000
0.000000	70933.000000
0.000000	70933.000000
0.000000	70933.000000
0.000000	70933.000000
0.000000	70933.000000
0.000000	70933.000000
0.000000	70933.000000
0.000000	70933.000000
0.000000	70934.000000
0.000000	70934.000000
0.000000	70934.000000
0.000000	70934.000000
0.000000	70934.000000
0.000000	70934.000000
0.000000	70934.000000
0.000000	70934.000000
0.000000	70934.000000
0.000000	70934.000000
0.000000	70934.000000
0.000000	70934.000000
0.000000	70934.000000
0.000000	70934.000000
0.000000	70934.000000
0.000000	70934.000000
0.000000	70934.000000
0.000000	70935.000000
0.000000	70935.000000
0.000000	70935.000000
0.000000	70935.000000
0.000000	70935.000000
0.000000	70935.000000
0.000000	70935.000000
0.000000	70935.000000
0.000000	70935.000000
0.000000	70935.000000
0.000000	70935.000000
0.000000	70935.000000
0.000000	70935.000000
0.000000	70935.000000
0.000000	70935.000000
0.000000	70935.000000
0.000000	70935.000000
0.000000	70936.000000
0.000000	70936.000000
0.000000	70936.000000
0.000000	70936.000000
0.000000	70936.000000
0.000000	70936.000000
0.000000	70936.000000
0.000000	70936.000000
0.000000	70936.000000
0.000000	70936.000000
0.000000	70936.000000
0.000000	70936.000000
0.000000	70936.000000
0.000000	70936.000000
0.000000	70936.000000
0.000000	70936.000000
0.000000	70936.000000
0.000000	70937.000000
0.000000	70937.000000
0.000000	70937.000000
0.000000	70937.000000
0.000000	70937.000000
0.000000	70937.000000
0.000000	70937.000000
0.000000	70937.000000
0.000000	70937.000000
0.000000	70937.000000
0.000000	70937.000000
0.000000	70937.000000
0.000000	70937.000000
0.000000	70937.000000
0.000000	70937.000000
0.000000	70937.000000
0.000000	70937.000000
0.000000	70938.000000
0.000000	70938.000000
0.000000	70938.000000
0.000000	70938.000000
0.000000	70938.000000
0.000000	70938.000000
0.000000	70938.000000
0.000000	70938.000000
0.000000	70938.000000
0.000000	70938.000000
0.000000	70938.000000
0.000000	70938.000000
0.000000	70938.000000
0.000000	70938.000000
0.000000	70938.000000
0.000000	70938.000000
0.000000	70938.000000
0.000000	70939.000000
0.000000	70939.000000
0.000000	70939.000000
0.000000	70939.000000
0.000000	70939.000000
0.000000	70939.000000
0.000000	70939.000000
0.000000	70939.000000
0.000000	70939.000000
0.000000	70939.000000
0.000000	70939.000000
0.000000	70939.000000
0.000000	70939.000000
0.000000	70939.000000
0.000000	70939.000000
0.000000	70939.000000
0.000000	70939.000000
0.000000	70940.000000
0.000000	70940.000000
0.000000	70940.000000
0.000000	70940.000000
0.000000	70940.000000
0.000000	70940.000000
0.000000	70940.000000
0.000000	70940.000000
0.000000	70940.000000
0.000000	70940.000000
0.000000	70940.000000
0.000000	70940.000000
0.000000	70940.000000
0.000000	70940.000000
0.000000	70940.000000
0.000000	70940.000000
0.000000	70940.000000
0.000000	70941.000000
0.000000	70941.000000
0.000000	70941.000000
0.000000	70941.000000
0.000000	70941.000000
0.000000	70941.000000
0.000000	70941.000000
0.000000	70941.000000
0.000000	70941.000000
0.000000	70941.000000
0.000000	70941.000000
0.000000	70941.000000
0.000000	70941.000000
0.000000	70941.000000
0.000000	70941.000000
0.000000	70941.000000
0.000000	70941.000000
0.000000	70942.000000
0.000000	70942.000000
0.000000	70942.000000
0.000000	70942.000000
0.000000	70942.000000
0.000000	70942.000000
0.000000	70942.000000
0.000000	70942.000000
0.000000	70942.000000
0.000000	70942.000000
0.000000	70942.000000
0.000000	70942.000000
0.000000	70942.000000
0.000000	70942.000000
0.000000	70942.000000
0.000000	70942.000000
0.000000	70942.000000
0.000000	70943.000000
0.000000	70943.000000
0.000000	70943.000000
0.000000	70943.000000
0.000000	70943.000000
0.000000	70943.000000
0.000000	70943.000000
0.000000	70943.000000
0.000000	70943.000000
0.000000	70943.000000
0.000000	70943.000000
0.000000	70943.000000
0.000000	70943.000000
0.000000	70943.000000
0.000000	70943.000000
0.000000	70943.000000
0.000000	70943.000000
0.000000	70944.000000
0.000000	70944.000000
0.000000	70944.000000
0.000000	70944.000000
0.000000	70944.000000
0.000000	70944.000000
0.000000	70944.000000
0.000000	70944.000000
0.000000	70944.000000
0.000000	70944.000000
0.000000	70944.000000
0.000000	70944.000000
0.000000	70944.000000
0.000000	70944.000000
0.000000	70944.000000
0.000000	70944.000000
0.000000	70944.000000
0.000000	70945.000000
0.000000	70945.000000
0.000000	70945.000000
0.000000	70945.000000
0.000000	70945.000000
0.000000	70945.000000
0.000000	70945.000000
0.000000	70945.000000
0.000000	70945.000000
0.000000	70945.000000
0.000000	70945.000000
0.000000	70945.000000
0.000000	70945.000000
0.000000	70945.000000
0.000000	70945.000000
0.000000	70945.000000
0.000000	70945.000000
0.000000	70946.000000
0.000000	70946.000000
0.000000	70946.000000
0.000000	70946.000000
0.000000	70946.000000
0.000000	70946.000000
0.000000	70946.000000
0.000000	70946.000000
0.000000	70946.000000
0.000000	70946.000000
0.000000	70946.000000
0.000000	70946.000000
0.000000	70946.000000
0.000000	70946.000000
0.000000	70946.000000
0.000000	70946.000000
0.000000	70946.000000
0.000000	70947.000000
0.000000	70947.000000
0.000000	70947.000000
0.000000	70947.000000
0.000000	70947.000000
0.000000	70947.000000
0.000000	70947.000000
0.000000	70947.000000
0.000000	70947.000000
0.000000	70947.000000
0.000000	70947.000000
0.000000	70947.000000
0.000000	70947.000000
0.000000	70947.000000
0.000000	70947.000000
0.000000	70947.000000
0.000000	70947.000000
0.000000	70948.000000
0.000000	70948.000000
0.000000	70948.000000
0.000000	70948.000000
0.000000	70948.000000
0.000000	70948.000000
0.000000	70948.000000
0.000000	70948.000000
0.000000	70948.000000
0.000000	70948.000000
0.000000	70948.000000
0.000000	70948.000000
0.000000	70948.000000
0.000000	70948.000000
0.000000	70948.000000
0.000000	70948.000000
0.000000	70948.000000
0.000000	70948.000000
0.000000	70949.000000
0.000000	70949.000000
0.000000	70949.000000
0.000000	70949.000000
0.000000	70949.000000
0.000000	70949.000000
0.000000	70949.000000
0.000000	70949.000000
0.000000	70949.000000
0.000000	70949.000000
0.000000	70949.000000
0.000000	70949.000000
0.000000	70949.000000
0.000000	70949.000000
0.000000	70949.000000
0.000000	70949.000000
0.000000	70949.000000
0.000000	70950.000000
0.000000	70950.000000
0.000000	70950.000000
0.000000	70950.000000
0.000000	70950.000000
0.000000	70950.000000
0.000000	70950.000000
0.000000	70950.000000
0.000000	70950.000000
0.000000	70950.000000
0.000000	70950.000000
0.000000	70950.000000
0.000000	70950.000000
0.000000	70950.000000
0.000000	70950.000000
0.000000	70950.000000
0.000000	70950.000000
0.000000	70951.000000
0.000000	70951.000000
0.000000	70951.000000
0.000000	70951.000000
0.000000	70951.000000
0.000000	70951.000000
0.000000	70951.000000
0.000000	70951.000000
0.000000	70951.000000
0.000000	70951.000000
0.000000	70951.000000
0.000000	70951.000000
0.000000	70951.000000
0.000000	70951.000000
0.000000	70951.000000
0.000000	70951.000000
0.000000	70951.000000
0.000000	70952.000000
0.000000	70952.000000
0.000000	70952.000000
0.000000	70952.000000
0.000000	70952.000000
0.000000	70952.000000
0.000000	70952.000000
0.000000	70952.000000
0.000000	70952.000000
0.000000	70952.000000
0.000000	70952.000000
0.000000	70952.000000
0.000000	70952.000000
0.000000	70952.000000
0.000000	70952.000000
0.000000	70952.000000
0.000000	70952.000000
0.000000	70953.000000
0.000000	70953.000000
0.000000	70953.000000
0.000000	70953.000000
0.000000	70953.000000
0.000000	70953.000000
0.000000	70953.000000
0.000000	70953.000000
0.000000	70953.000000
0.000000	70953.000000
0.000000	70953.000000
0.000000	70953.000000
0.000000	70953.000000
0.000000	70953.000000
0.000000	70953.000000
0.000000	70953.000000
0.000000	70953.000000
0.000000	70954.000000
0.000000	70954.000000
0.000000	70954.000000
0.000000	70954.000000
0.000000	70954.000000
0.000000	70954.000000
0.000000	70954.000000
0.000000	70954.000000
0.000000	70954.000000
0.000000	70954.000000
0.000000	70954.000000
0.000000	70954.000000
0.000000	70954.000000
0.000000	70954.000000
0.000000	70954.000000
0.000000	70954.000000
0.000000	70954.000000
0.000000	70955.000000
0.000000	70955.000000
0.000000	70955.000000
0.000000	70955.000000
0.000000	70955.000000
0.000000	70955.000000
0.000000	70955.000000
0.000000	70955.000000
0.000000	70955.000000
0.000000	70955.000000
0.000000	70955.000000
0.000000	70955.000000
0.000000	70955.000000
0.000000	70955.000000
0.000000	70955.000000
0.000000	70955.000000
0.000000	70955.000000
0.000000	70956.000000
0.000000	70956.000000
0.000000	70956.000000
0.000000	70956.000000
0.000000	70956.000000
0.000000	70956.000000
0.000000	70956.000000
0.000000	70956.000000
0.000000	70956.000000
0.000000	70956.000000
0.000000	70956.000000
0.000000	70956.000000
0.000000	70956.000000
0.000000	70956.000000
0.000000	70956.000000
0.000000	70956.000000
0.000000	70956.000000
0.000000	70957.000000
0.000000	70957.000000
0.000000	70957.000000
0.000000	70957.000000
0.000000	70957.000000
0.000000	70957.000000
0.000000	70957.000000
0.000000	70957.000000
0.000000	70957.000000
0.000000	70957.000000
0.000000	70957.000000
0.000000	70957.000000
0.000000	70957.000000
0.000000	70957.000000
0.000000	70957.000000
0.000000	70957.000000
0.000000	70957.000000
0.000000	70958.000000
0.000000	70958.000000
0.000000	70958.000000
0.000000	70958.000000
0.000000	70958.000000
0.000000	70958.000000
0.000000	70958.000000
0.000000	70958.000000
0.000000	70958.000000
0.000000	70958.000000
0.000000	70958.000000
0.000000	70958.000000
0.000000	70958.000000
0.000000	70958.000000
0.000000	70958.000000
0.000000	70958.000000
0.000000	70958.000000
0.000000	70959.000000
0.000000	70959.000000
0.000000	70959.000000
0.000000	70959.000000
0.000000	70959.000000
0.000000	70959.000000
0.000000	70959.000000
0.000000	70959.000000
0.000000	70959.000000
0.000000	70959.000000
0.000000	70959.000000
0.000000	70959.000000
0.000000	70959.000000
0.000000	70959.000000
0.000000	70959.000000
0.000000	70959.000000
0.000000	70959.000000
0.000000	71000.000000
0.000000	71000.000000
0.000000	71000.000000
0.000000	71000.000000
0.000000	71000.000000
0.000000	71000.000000
0.000000	71000.000000
0.000000	71000.000000
0.000000	71000.000000
0.000000	71000.000000
0.000000	71000.000000
0.000000	71000.000000
0.000000	71000.000000
0.000000	71000.000000
0.000000	71000.000000
0.000000	71000.000000
0.000000	71000.000000
0.000000	71001.000000
0.000000	71001.000000
0.000000	71001.000000
0.000000	71001.000000
0.000000	71001.000000
0.000000	71001.000000
0.000000	71001.000000
0.000000	71001.000000
0.000000	71001.000000
0.000000	71001.000000
0.000000	71001.000000
0.000000	71001.000000
0.000000	71001.000000
0.000000	71001.000000
0.000000	71001.000000
0.000000	71001.000000
0.000000	71001.000000
0.000000	71002.000000
0.000000	71002.000000
0.000000	71002.000000
0.000000	71002.000000
0.000000	71002.000000
0.000000	71002.000000
0.000000	71002.000000
0.000000	71002.000000
0.000000	71002.000000
0.000000	71002.000000
0.000000	71002.000000
0.000000	71002.000000
0.000000	71002.000000
0.000000	71002.000000
0.000000	71002.000000
0.000000	71002.000000
0.000000	71002.000000
0.000000	71003.000000
0.000000	71003.000000
0.000000	71003.000000
0.000000	71003.000000
0.000000	71003.000000
0.000000	71003.000000
0.000000	71003.000000
0.000000	71003.000000
0.000000	71003.000000
0.000000	71003.000000
0.000000	71003.000000
0.000000	71003.000000
0.000000	71003.000000
0.000000	71003.000000
0.000000	71003.000000
0.000000	71003.000000
0.000000	71003.000000
0.000000	71003.000000
0.000000	71004.000000
0.000000	71004.000000
0.000000	71004.000000
0.000000	71004.000000
0.000000	71004.000000
0.000000	71004.000000
0.000000	71004.000000
0.000000	71004.000000
0.000000	71004.000000
0.000000	71004.000000
0.000000	71004.000000
0.000000	71004.000000
0.000000	71004.000000
0.000000	71004.000000
0.000000	71004.000000
0.000000	71004.000000
0.000000	71004.000000
0.000000	71005.000000
0.000000	71005.000000
0.000000	71005.000000
0.000000	71005.000000
0.000000	71005.000000
0.000000	71005.000000
0.000000	71005.000000
0.000000	71005.000000
0.000000	71005.000000
0.000000	71005.000000
0.000000	71005.000000
0.000000	71005.000000
0.000000	71005.000000
0.000000	71005.000000
0.000000	71005.000000
0.000000	71005.000000
0.000000	71005.000000
0.000000	71006.000000
0.000000	71006.000000
0.000000	71006.000000
0.000000	71006.000000
0.000000	71006.000000
0.000000	71006.000000
0.000000	71006.000000
