0.000000	64006.000000
0.000000	64006.000000
0.000000	64006.000000
0.000000	64006.000000
0.000000	64006.000000
0.000000	64006.000000
0.000000	64006.000000
0.000000	64006.000000
0.000000	64006.000000
0.000000	64007.000000
0.000000	64007.000000
0.000000	64007.000000
0.000000	64007.000000
0.000000	64007.000000
0.000000	64007.000000
0.000000	64007.000000
0.000000	64007.000000
0.000000	64007.000000
0.000000	64007.000000
0.000000	64007.000000
0.000000	64007.000000
0.000000	64007.000000
0.000000	64007.000000
0.000000	64007.000000
0.000000	64007.000000
0.000000	64007.000000
0.000000	64008.000000
0.000000	64008.000000
0.000000	64008.000000
0.000000	64008.000000
0.000000	64008.000000
0.000000	64008.000000
0.000000	64008.000000
0.000000	64008.000000
0.000000	64008.000000
0.000000	64008.000000
0.000000	64008.000000
0.000000	64008.000000
0.000000	64008.000000
0.000000	64008.000000
0.000000	64008.000000
0.000000	64008.000000
0.000000	64008.000000
0.000000	64008.000000
0.000000	64009.000000
0.000000	64009.000000
0.000000	64009.000000
0.000000	64009.000000
0.000000	64009.000000
0.000000	64009.000000
0.000000	64009.000000
0.000000	64009.000000
0.000000	64009.000000
0.000000	64009.000000
0.000000	64009.000000
0.000000	64009.000000
0.000000	64009.000000
0.000000	64009.000000
0.000000	64009.000000
0.000000	64009.000000
0.000000	64009.000000
0.000000	64010.000000
0.000000	64010.000000
0.000000	64010.000000
0.000000	64010.000000
0.000000	64010.000000
0.000000	64010.000000
0.000000	64010.000000
0.000000	64010.000000
0.000000	64010.000000
0.000000	64010.000000
0.000000	64010.000000
0.000000	64010.000000
0.000000	64010.000000
0.000000	64010.000000
0.000000	64010.000000
0.000000	64010.000000
0.000000	64010.000000
0.000000	64011.000000
0.000000	64011.000000
0.000000	64011.000000
0.000000	64011.000000
0.000000	64011.000000
0.000000	64011.000000
0.000000	64011.000000
0.000000	64011.000000
0.000000	64011.000000
0.000000	64011.000000
0.000000	64011.000000
0.000000	64011.000000
0.000000	64011.000000
0.000000	64011.000000
0.000000	64011.000000
0.000000	64011.000000
0.000000	64011.000000
0.000000	64012.000000
0.000000	64012.000000
0.000000	64012.000000
0.000000	64012.000000
0.000000	64012.000000
0.000000	64012.000000
0.000000	64012.000000
0.000000	64012.000000
0.000000	64012.000000
0.000000	64012.000000
0.000000	64012.000000
0.000000	64012.000000
0.000000	64012.000000
0.000000	64012.000000
0.000000	64012.000000
0.000000	64012.000000
0.000000	64012.000000
0.000000	64013.000000
0.000000	64013.000000
0.000000	64013.000000
0.000000	64013.000000
0.000000	64013.000000
0.000000	64013.000000
0.000000	64013.000000
0.000000	64013.000000
0.000000	64013.000000
0.000000	64013.000000
0.000000	64013.000000
0.000000	64013.000000
0.000000	64013.000000
0.000000	64013.000000
0.000000	64013.000000
0.000000	64013.000000
0.000000	64013.000000
0.000000	64014.000000
0.000000	64014.000000
0.000000	64014.000000
0.000000	64014.000000
0.000000	64014.000000
0.000000	64014.000000
0.000000	64014.000000
0.000000	64014.000000
0.000000	64014.000000
0.000000	64014.000000
0.000000	64014.000000
0.000000	64014.000000
0.000000	64014.000000
0.000000	64014.000000
0.000000	64014.000000
0.000000	64014.000000
0.000000	64014.000000
0.000000	64015.000000
0.000000	64015.000000
0.000000	64015.000000
0.000000	64015.000000
0.000000	64015.000000
0.000000	64015.000000
0.000000	64015.000000
0.000000	64015.000000
0.000000	64015.000000
0.000000	64015.000000
0.000000	64015.000000
0.000000	64015.000000
0.000000	64015.000000
0.000000	64015.000000
0.000000	64015.000000
0.000000	64015.000000
0.000000	64015.000000
0.000000	64016.000000
0.000000	64016.000000
0.000000	64016.000000
0.000000	64016.000000
0.000000	64016.000000
0.000000	64016.000000
0.000000	64016.000000
0.000000	64016.000000
0.000000	64016.000000
0.000000	64016.000000
0.000000	64016.000000
0.000000	64016.000000
0.000000	64016.000000
0.000000	64016.000000
0.000000	64016.000000
0.000000	64016.000000
0.000000	64016.000000
0.000000	64017.000000
0.000000	64017.000000
0.000000	64017.000000
0.000000	64017.000000
0.000000	64017.000000
0.000000	64017.000000
0.000000	64017.000000
0.000000	64017.000000
0.000000	64017.000000
0.000000	64017.000000
0.000000	64017.000000
0.000000	64017.000000
0.000000	64017.000000
0.000000	64017.000000
0.000000	64017.000000
0.000000	64017.000000
0.000000	64017.000000
0.000000	64018.000000
0.000000	64018.000000
0.000000	64018.000000
0.000000	64018.000000
0.000000	64018.000000
0.000000	64018.000000
0.000000	64018.000000
0.000000	64018.000000
0.000000	64018.000000
0.000000	64018.000000
0.000000	64018.000000
0.000000	64018.000000
0.000000	64018.000000
0.000000	64018.000000
0.000000	64018.000000
0.000000	64018.000000
0.000000	64018.000000
0.000000	64019.000000
0.000000	64019.000000
0.000000	64019.000000
0.000000	64019.000000
0.000000	64019.000000
0.000000	64019.000000
0.000000	64019.000000
0.000000	64019.000000
0.000000	64019.000000
0.000000	64019.000000
0.000000	64019.000000
0.000000	64019.000000
0.000000	64019.000000
0.000000	64019.000000
0.000000	64019.000000
0.000000	64019.000000
0.000000	64019.000000
0.000000	64020.000000
0.000000	64020.000000
0.000000	64020.000000
0.000000	64020.000000
0.000000	64020.000000
0.000000	64020.000000
0.000000	64020.000000
0.000000	64020.000000
0.000000	64020.000000
0.000000	64020.000000
0.000000	64020.000000
0.000000	64020.000000
0.000000	64020.000000
0.000000	64020.000000
0.000000	64020.000000
0.000000	64020.000000
0.000000	64020.000000
0.000000	64021.000000
0.000000	64021.000000
0.000000	64021.000000
0.000000	64021.000000
0.000000	64021.000000
0.000000	64021.000000
0.000000	64021.000000
0.000000	64021.000000
0.000000	64021.000000
0.000000	64021.000000
0.000000	64021.000000
0.000000	64021.000000
0.000000	64021.000000
0.000000	64021.000000
0.000000	64021.000000
0.000000	64021.000000
0.000000	64021.000000
0.000000	64022.000000
0.000000	64022.000000
0.000000	64022.000000
0.000000	64022.000000
0.000000	64022.000000
0.000000	64022.000000
0.000000	64022.000000
0.000000	64022.000000
0.000000	64022.000000
0.000000	64022.000000
0.000000	64022.000000
0.000000	64022.000000
0.000000	64022.000000
0.000000	64022.000000
0.000000	64022.000000
0.000000	64022.000000
0.000000	64022.000000
0.000000	64022.000000
0.000000	64023.000000
0.000000	64023.000000
0.000000	64023.000000
0.000000	64023.000000
0.000000	64023.000000
0.000000	64023.000000
0.000000	64023.000000
0.000000	64023.000000
0.000000	64023.000000
0.000000	64023.000000
0.000000	64023.000000
0.000000	64023.000000
0.000000	64023.000000
0.000000	64023.000000
0.000000	64023.000000
0.000000	64023.000000
0.000000	64023.000000
0.000000	64024.000000
0.000000	64024.000000
0.000000	64024.000000
0.000000	64024.000000
0.000000	64024.000000
0.000000	64024.000000
0.000000	64024.000000
0.000000	64024.000000
0.000000	64024.000000
0.000000	64024.000000
0.000000	64024.000000
0.000000	64024.000000
0.000000	64024.000000
0.000000	64024.000000
0.000000	64024.000000
0.000000	64024.000000
0.000000	64024.000000
0.000000	64025.000000
0.000000	64025.000000
0.000000	64025.000000
0.000000	64025.000000
0.000000	64025.000000
0.000000	64025.000000
0.000000	64025.000000
0.000000	64025.000000
0.000000	64025.000000
0.000000	64025.000000
0.000000	64025.000000
0.000000	64025.000000
0.000000	64025.000000
0.000000	64025.000000
0.000000	64025.000000
0.000000	64025.000000
0.000000	64025.000000
0.000000	64026.000000
0.000000	64026.000000
0.000000	64026.000000
0.000000	64026.000000
0.000000	64026.000000
0.000000	64026.000000
0.000000	64026.000000
0.000000	64026.000000
0.000000	64026.000000
0.000000	64026.000000
0.000000	64026.000000
0.000000	64026.000000
0.000000	64026.000000
0.000000	64026.000000
0.000000	64026.000000
0.000000	64026.000000
0.000000	64026.000000
0.000000	64027.000000
0.000000	64027.000000
0.000000	64027.000000
0.000000	64027.000000
0.000000	64027.000000
0.000000	64027.000000
0.000000	64027.000000
0.000000	64027.000000
0.000000	64027.000000
0.000000	64027.000000
0.000000	64027.000000
0.000000	64027.000000
0.000000	64027.000000
0.000000	64027.000000
0.000000	64027.000000
0.000000	64027.000000
0.000000	64027.000000
0.000000	64028.000000
0.000000	64028.000000
0.000000	64028.000000
0.000000	64028.000000
0.000000	64028.000000
0.000000	64028.000000
0.000000	64028.000000
0.000000	64028.000000
0.000000	64028.000000
0.000000	64028.000000
0.000000	64028.000000
0.000000	64028.000000
0.000000	64028.000000
0.000000	64028.000000
0.000000	64028.000000
0.000000	64028.000000
0.000000	64028.000000
0.000000	64029.000000
0.000000	64029.000000
0.000000	64029.000000
0.000000	64029.000000
0.000000	64029.000000
0.000000	64029.000000
0.000000	64029.000000
0.000000	64029.000000
0.000000	64029.000000
0.000000	64029.000000
0.000000	64029.000000
0.000000	64029.000000
0.000000	64029.000000
0.000000	64029.000000
0.000000	64029.000000
0.000000	64029.000000
0.000000	64029.000000
0.000000	64030.000000
0.000000	64030.000000
0.000000	64030.000000
0.000000	64030.000000
0.000000	64030.000000
0.000000	64030.000000
0.000000	64030.000000
0.000000	64030.000000
0.000000	64030.000000
0.000000	64030.000000
0.000000	64030.000000
0.000000	64030.000000
0.000000	64030.000000
0.000000	64030.000000
0.000000	64030.000000
0.000000	64030.000000
0.000000	64030.000000
0.000000	64031.000000
0.000000	64031.000000
0.000000	64031.000000
0.000000	64031.000000
0.000000	64031.000000
0.000000	64031.000000
0.000000	64031.000000
0.000000	64031.000000
0.000000	64031.000000
0.000000	64031.000000
0.000000	64031.000000
0.000000	64031.000000
0.000000	64031.000000
0.000000	64031.000000
0.000000	64031.000000
0.000000	64031.000000
0.000000	64031.000000
0.000000	64032.000000
0.000000	64032.000000
0.000000	64032.000000
0.000000	64032.000000
0.000000	64032.000000
0.000000	64032.000000
0.000000	64032.000000
0.000000	64032.000000
0.000000	64032.000000
0.000000	64032.000000
0.000000	64032.000000
0.000000	64032.000000
0.000000	64032.000000
0.000000	64032.000000
0.000000	64032.000000
0.000000	64032.000000
0.000000	64032.000000
0.000000	64033.000000
0.000000	64033.000000
0.000000	64033.000000
0.000000	64033.000000
0.000000	64033.000000
0.000000	64033.000000
0.000000	64033.000000
0.000000	64033.000000
0.000000	64033.000000
0.000000	64033.000000
0.000000	64033.000000
0.000000	64033.000000
0.000000	64033.000000
0.000000	64033.000000
0.000000	64033.000000
0.000000	64033.000000
0.000000	64033.000000
0.000000	64034.000000
0.000000	64034.000000
0.000000	64034.000000
0.000000	64034.000000
0.000000	64034.000000
0.000000	64034.000000
0.000000	64034.000000
0.000000	64034.000000
0.000000	64034.000000
0.000000	64034.000000
0.000000	64034.000000
0.000000	64034.000000
0.000000	64034.000000
0.000000	64034.000000
0.000000	64034.000000
0.000000	64034.000000
0.000000	64034.000000
0.000000	64035.000000
0.000000	64035.000000
0.000000	64035.000000
0.000000	64035.000000
0.000000	64035.000000
0.000000	64035.000000
0.000000	64035.000000
0.000000	64035.000000
0.000000	64035.000000
0.000000	64035.000000
0.000000	64035.000000
0.000000	64035.000000
0.000000	64035.000000
0.000000	64035.000000
0.000000	64035.000000
0.000000	64035.000000
0.000000	64035.000000
0.000000	64036.000000
0.000000	64036.000000
0.000000	64036.000000
0.000000	64036.000000
0.000000	64036.000000
0.000000	64036.000000
0.000000	64036.000000
0.000000	64036.000000
0.000000	64036.000000
0.000000	64036.000000
0.000000	64036.000000
0.000000	64036.000000
0.000000	64036.000000
0.000000	64036.000000
0.000000	64036.000000
0.000000	64036.000000
0.000000	64036.000000
0.000000	64037.000000
0.000000	64037.000000
0.000000	64037.000000
0.000000	64037.000000
0.000000	64037.000000
0.000000	64037.000000
0.000000	64037.000000
0.000000	64037.000000
0.000000	64037.000000
0.000000	64037.000000
0.000000	64037.000000
0.000000	64037.000000
0.000000	64037.000000
0.000000	64037.000000
0.000000	64037.000000
0.000000	64037.000000
0.000000	64037.000000
0.000000	64038.000000
0.000000	64038.000000
0.000000	64038.000000
0.000000	64038.000000
0.000000	64038.000000
0.000000	64038.000000
0.000000	64038.000000
0.000000	64038.000000
0.000000	64038.000000
0.000000	64038.000000
0.000000	64038.000000
0.000000	64038.000000
0.000000	64038.000000
0.000000	64038.000000
0.000000	64038.000000
0.000000	64038.000000
0.000000	64038.000000
0.000000	64038.000000
0.000000	64039.000000
0.000000	64039.000000
0.000000	64039.000000
0.000000	64039.000000
0.000000	64039.000000
0.000000	64039.000000
0.000000	64039.000000
0.000000	64039.000000
0.000000	64039.000000
0.000000	64039.000000
0.000000	64039.000000
0.000000	64039.000000
0.000000	64039.000000
0.000000	64039.000000
0.000000	64039.000000
0.000000	64039.000000
0.000000	64039.000000
0.000000	64040.000000
0.000000	64040.000000
0.000000	64040.000000
0.000000	64040.000000
0.000000	64040.000000
0.000000	64040.000000
0.000000	64040.000000
0.000000	64040.000000
0.000000	64040.000000
0.000000	64040.000000
0.000000	64040.000000
0.000000	64040.000000
0.000000	64040.000000
0.000000	64040.000000
0.000000	64040.000000
0.000000	64040.000000
0.000000	64040.000000
0.000000	64041.000000
0.000000	64041.000000
0.000000	64041.000000
0.000000	64041.000000
0.000000	64041.000000
0.000000	64041.000000
0.000000	64041.000000
0.000000	64041.000000
0.000000	64041.000000
0.000000	64041.000000
0.000000	64041.000000
0.000000	64041.000000
0.000000	64041.000000
0.000000	64041.000000
0.000000	64041.000000
0.000000	64041.000000
0.000000	64041.000000
0.000000	64042.000000
0.000000	64042.000000
0.000000	64042.000000
0.000000	64042.000000
0.000000	64042.000000
0.000000	64042.000000
0.000000	64042.000000
0.000000	64042.000000
0.000000	64042.000000
0.000000	64042.000000
0.000000	64042.000000
0.000000	64042.000000
0.000000	64042.000000
0.000000	64042.000000
0.000000	64042.000000
0.000000	64042.000000
0.000000	64042.000000
0.000000	64043.000000
0.000000	64043.000000
0.000000	64043.000000
0.000000	64043.000000
0.000000	64043.000000
0.000000	64043.000000
0.000000	64043.000000
0.000000	64043.000000
0.000000	64043.000000
0.000000	64043.000000
0.000000	64043.000000
0.000000	64043.000000
0.000000	64043.000000
0.000000	64043.000000
0.000000	64043.000000
0.000000	64043.000000
0.000000	64043.000000
0.000000	64044.000000
0.000000	64044.000000
0.000000	64044.000000
0.000000	64044.000000
0.000000	64044.000000
0.000000	64044.000000
0.000000	64044.000000
0.000000	64044.000000
0.000000	64044.000000
0.000000	64044.000000
0.000000	64044.000000
0.000000	64044.000000
0.000000	64044.000000
0.000000	64044.000000
0.000000	64044.000000
0.000000	64044.000000
0.000000	64044.000000
0.000000	64045.000000
0.000000	64045.000000
0.000000	64045.000000
0.000000	64045.000000
0.000000	64045.000000
0.000000	64045.000000
0.000000	64045.000000
0.000000	64045.000000
0.000000	64045.000000
0.000000	64045.000000
0.000000	64045.000000
0.000000	64045.000000
0.000000	64045.000000
0.000000	64045.000000
0.000000	64045.000000
0.000000	64045.000000
0.000000	64045.000000
0.000000	64046.000000
0.000000	64046.000000
0.000000	64046.000000
0.000000	64046.000000
0.000000	64046.000000
0.000000	64046.000000
0.000000	64046.000000
0.000000	64046.000000
0.000000	64046.000000
0.000000	64046.000000
0.000000	64046.000000
0.000000	64046.000000
0.000000	64046.000000
0.000000	64046.000000
0.000000	64046.000000
0.000000	64046.000000
0.000000	64046.000000
0.000000	64047.000000
0.000000	64047.000000
0.000000	64047.000000
0.000000	64047.000000
0.000000	64047.000000
0.000000	64047.000000
0.000000	64047.000000
0.000000	64047.000000
0.000000	64047.000000
0.000000	64047.000000
0.000000	64047.000000
0.000000	64047.000000
0.000000	64047.000000
0.000000	64047.000000
0.000000	64047.000000
0.000000	64047.000000
0.000000	64047.000000
0.000000	64048.000000
0.000000	64048.000000
0.000000	64048.000000
0.000000	64048.000000
0.000000	64048.000000
0.000000	64048.000000
0.000000	64048.000000
0.000000	64048.000000
0.000000	64048.000000
0.000000	64048.000000
0.000000	64048.000000
0.000000	64048.000000
0.000000	64048.000000
0.000000	64048.000000
0.000000	64048.000000
0.000000	64048.000000
0.000000	64048.000000
0.000000	64049.000000
0.000000	64049.000000
0.000000	64049.000000
0.000000	64049.000000
0.000000	64049.000000
0.000000	64049.000000
0.000000	64049.000000
0.000000	64049.000000
0.000000	64049.000000
0.000000	64049.000000
0.000000	64049.000000
0.000000	64049.000000
0.000000	64049.000000
0.000000	64049.000000
0.000000	64049.000000
0.000000	64049.000000
0.000000	64049.000000
0.000000	64050.000000
0.000000	64050.000000
0.000000	64050.000000
0.000000	64050.000000
0.000000	64050.000000
0.000000	64050.000000
0.000000	64050.000000
0.000000	64050.000000
0.000000	64050.000000
0.000000	64050.000000
0.000000	64050.000000
0.000000	64050.000000
0.000000	64050.000000
0.000000	64050.000000
0.000000	64050.000000
0.000000	64050.000000
0.000000	64050.000000
0.000000	64051.000000
0.000000	64051.000000
0.000000	64051.000000
0.000000	64051.000000
0.000000	64051.000000
0.000000	64051.000000
0.000000	64051.000000
0.000000	64051.000000
0.000000	64051.000000
0.000000	64051.000000
0.000000	64051.000000
0.000000	64051.000000
0.000000	64051.000000
0.000000	64051.000000
0.000000	64051.000000
0.000000	64051.000000
0.000000	64051.000000
0.000000	64052.000000
0.000000	64052.000000
0.000000	64052.000000
0.000000	64052.000000
0.000000	64052.000000
0.000000	64052.000000
0.000000	64052.000000
0.000000	64052.000000
0.000000	64052.000000
0.000000	64052.000000
0.000000	64052.000000
0.000000	64052.000000
0.000000	64052.000000
0.000000	64052.000000
0.000000	64052.000000
0.000000	64052.000000
0.000000	64052.000000
0.000000	64052.000000
0.000000	64053.000000
0.000000	64053.000000
0.000000	64053.000000
0.000000	64053.000000
0.000000	64053.000000
0.000000	64053.000000
0.000000	64053.000000
0.000000	64053.000000
0.000000	64053.000000
0.000000	64053.000000
0.000000	64053.000000
0.000000	64053.000000
0.000000	64053.000000
0.000000	64053.000000
0.000000	64053.000000
0.000000	64053.000000
0.000000	64053.000000
0.000000	64054.000000
0.000000	64054.000000
0.000000	64054.000000
0.000000	64054.000000
0.000000	64054.000000
0.000000	64054.000000
0.000000	64054.000000
0.000000	64054.000000
0.000000	64054.000000
0.000000	64054.000000
0.000000	64054.000000
0.000000	64054.000000
0.000000	64054.000000
0.000000	64054.000000
0.000000	64054.000000
0.000000	64054.000000
0.000000	64054.000000
0.000000	64055.000000
0.000000	64055.000000
0.000000	64055.000000
0.000000	64055.000000
0.000000	64055.000000
0.000000	64055.000000
0.000000	64055.000000
0.000000	64055.000000
0.000000	64055.000000
0.000000	64055.000000
0.000000	64055.000000
0.000000	64055.000000
0.000000	64055.000000
0.000000	64055.000000
0.000000	64055.000000
0.000000	64055.000000
0.000000	64055.000000
0.000000	64056.000000
0.000000	64056.000000
0.000000	64056.000000
0.000000	64056.000000
0.000000	64056.000000
0.000000	64056.000000
0.000000	64056.000000
0.000000	64056.000000
0.000000	64056.000000
0.000000	64056.000000
0.000000	64056.000000
0.000000	64056.000000
0.000000	64056.000000
0.000000	64056.000000
0.000000	64056.000000
0.000000	64056.000000
0.000000	64056.000000
0.000000	64057.000000
0.000000	64057.000000
0.000000	64057.000000
0.000000	64057.000000
0.000000	64057.000000
0.000000	64057.000000
0.000000	64057.000000
0.000000	64057.000000
0.000000	64057.000000
0.000000	64057.000000
0.000000	64057.000000
0.000000	64057.000000
0.000000	64057.000000
0.000000	64057.000000
0.000000	64057.000000
0.000000	64057.000000
0.000000	64057.000000
0.000000	64058.000000
0.000000	64058.000000
0.000000	64058.000000
0.000000	64058.000000
0.000000	64058.000000
0.000000	64058.000000
0.000000	64058.000000
0.000000	64058.000000
0.000000	64058.000000
0.000000	64058.000000
0.000000	64058.000000
0.000000	64058.000000
0.000000	64058.000000
0.000000	64058.000000
0.000000	64058.000000
0.000000	64058.000000
0.000000	64058.000000
0.000000	64059.000000
0.000000	64059.000000
0.000000	64059.000000
0.000000	64059.000000
0.000000	64059.000000
0.000000	64059.000000
0.000000	64059.000000
0.000000	64059.000000
0.000000	64059.000000
0.000000	64059.000000
0.000000	64059.000000
0.000000	64059.000000
0.000000	64059.000000
0.000000	64059.000000
0.000000	64059.000000
0.000000	64059.000000
0.000000	64059.000000
0.000000	64100.000000
0.000000	64100.000000
0.000000	64100.000000
0.000000	64100.000000
0.000000	64100.000000
0.000000	64100.000000
0.000000	64100.000000
0.000000	64100.000000
0.000000	64100.000000
0.000000	64100.000000
0.000000	64100.000000
0.000000	64100.000000
0.000000	64100.000000
0.000000	64100.000000
0.000000	64100.000000
0.000000	64100.000000
0.000000	64100.000000
0.000000	64101.000000
0.000000	64101.000000
0.000000	64101.000000
0.000000	64101.000000
0.000000	64101.000000
0.000000	64101.000000
0.000000	64101.000000
0.000000	64101.000000
0.000000	64101.000000
0.000000	64101.000000
0.000000	64101.000000
0.000000	64101.000000
0.000000	64101.000000
0.000000	64101.000000
0.000000	64101.000000
0.000000	64101.000000
0.000000	64101.000000
0.000000	64102.000000
0.000000	64102.000000
0.000000	64102.000000
0.000000	64102.000000
0.000000	64102.000000
0.000000	64102.000000
0.000000	64102.000000
0.000000	64102.000000
0.000000	64102.000000
0.000000	64102.000000
0.000000	64102.000000
0.000000	64102.000000
0.000000	64102.000000
0.000000	64102.000000
0.000000	64102.000000
0.000000	64102.000000
0.000000	64102.000000
0.000000	64103.000000
0.000000	64103.000000
0.000000	64103.000000
0.000000	64103.000000
0.000000	64103.000000
0.000000	64103.000000
0.000000	64103.000000
0.000000	64103.000000
0.000000	64103.000000
0.000000	64103.000000
0.000000	64103.000000
0.000000	64103.000000
0.000000	64103.000000
0.000000	64103.000000
0.000000	64103.000000
0.000000	64103.000000
0.000000	64103.000000
0.000000	64104.000000
0.000000	64104.000000
0.000000	64104.000000
0.000000	64104.000000
0.000000	64104.000000
0.000000	64104.000000
0.000000	64104.000000
0.000000	64104.000000
0.000000	64104.000000
0.000000	64104.000000
0.000000	64104.000000
0.000000	64104.000000
0.000000	64104.000000
0.000000	64104.000000
0.000000	64104.000000
0.000000	64104.000000
0.000000	64104.000000
0.000000	64105.000000
0.000000	64105.000000
0.000000	64105.000000
0.000000	64105.000000
0.000000	64105.000000
0.000000	64105.000000
0.000000	64105.000000
0.000000	64105.000000
0.000000	64105.000000
0.000000	64105.000000
0.000000	64105.000000
0.000000	64105.000000
0.000000	64105.000000
0.000000	64105.000000
0.000000	64105.000000
0.000000	64105.000000
0.000000	64105.000000
0.000000	64106.000000
0.000000	64106.000000
0.000000	64106.000000
0.000000	64106.000000
0.000000	64106.000000
0.000000	64106.000000
0.000000	64106.000000
0.000000	64106.000000
0.000000	64106.000000
0.000000	64106.000000
0.000000	64106.000000
0.000000	64106.000000
0.000000	64106.000000
0.000000	64106.000000
0.000000	64106.000000
0.000000	64106.000000
0.000000	64106.000000
0.000000	64107.000000
0.000000	64107.000000
0.000000	64107.000000
0.000000	64107.000000
0.000000	64107.000000
0.000000	64107.000000
0.000000	64107.000000
0.000000	64107.000000
0.000000	64107.000000
0.000000	64107.000000
0.000000	64107.000000
0.000000	64107.000000
0.000000	64107.000000
0.000000	64107.000000
0.000000	64107.000000
0.000000	64107.000000
0.000000	64107.000000
0.000000	64108.000000
0.000000	64108.000000
0.000000	64108.000000
0.000000	64108.000000
0.000000	64108.000000
0.000000	64108.000000
0.000000	64108.000000
0.000000	64108.000000
0.000000	64108.000000
0.000000	64108.000000
0.000000	64108.000000
0.000000	64108.000000
0.000000	64108.000000
0.000000	64108.000000
0.000000	64108.000000
0.000000	64108.000000
0.000000	64108.000000
0.000000	64108.000000
0.000000	64109.000000
0.000000	64109.000000
0.000000	64109.000000
0.000000	64109.000000
0.000000	64109.000000
0.000000	64109.000000
0.000000	64109.000000
0.000000	64109.000000
0.000000	64109.000000
0.000000	64109.000000
0.000000	64109.000000
0.000000	64109.000000
0.000000	64109.000000
0.000000	64109.000000
0.000000	64109.000000
0.000000	64109.000000
0.000000	64109.000000
0.000000	64110.000000
0.000000	64110.000000
0.000000	64110.000000
0.000000	64110.000000
0.000000	64110.000000
0.000000	64110.000000
0.000000	64110.000000
0.000000	64110.000000
0.000000	64110.000000
0.000000	64110.000000
0.000000	64110.000000
0.000000	64110.000000
0.000000	64110.000000
0.000000	64110.000000
0.000000	64110.000000
0.000000	64110.000000
0.000000	64110.000000
0.000000	64111.000000
0.000000	64111.000000
0.000000	64111.000000
0.000000	64111.000000
0.000000	64111.000000
0.000000	64111.000000
0.000000	64111.000000
0.000000	64111.000000
0.000000	64111.000000
0.000000	64111.000000
0.000000	64111.000000
0.000000	64111.000000
0.000000	64111.000000
0.000000	64111.000000
0.000000	64111.000000
0.000000	64111.000000
0.000000	64111.000000
0.000000	64112.000000
0.000000	64112.000000
0.000000	64112.000000
0.000000	64112.000000
0.000000	64112.000000
0.000000	64112.000000
0.000000	64112.000000
0.000000	64112.000000
0.000000	64112.000000
0.000000	64112.000000
0.000000	64112.000000
0.000000	64112.000000
0.000000	64112.000000
0.000000	64112.000000
0.000000	64112.000000
0.000000	64112.000000
0.000000	64112.000000
0.000000	64113.000000
0.000000	64113.000000
0.000000	64113.000000
0.000000	64113.000000
0.000000	64113.000000
0.000000	64113.000000
0.000000	64113.000000
0.000000	64113.000000
0.000000	64113.000000
0.000000	64113.000000
0.000000	64113.000000
0.000000	64113.000000
0.000000	64113.000000
0.000000	64113.000000
0.000000	64113.000000
0.000000	64113.000000
0.000000	64113.000000
0.000000	64114.000000
0.000000	64114.000000
0.000000	64114.000000
0.000000	64114.000000
0.000000	64114.000000
0.000000	64114.000000
0.000000	64114.000000
0.000000	64114.000000
0.000000	64114.000000
0.000000	64114.000000
0.000000	64114.000000
0.000000	64114.000000
0.000000	64114.000000
0.000000	64114.000000
0.000000	64114.000000
0.000000	64114.000000
0.000000	64114.000000
0.000000	64115.000000
0.000000	64115.000000
0.000000	64115.000000
0.000000	64115.000000
0.000000	64115.000000
0.000000	64115.000000
0.000000	64115.000000
0.000000	64115.000000
0.000000	64115.000000
0.000000	64115.000000
0.000000	64115.000000
0.000000	64115.000000
0.000000	64115.000000
0.000000	64115.000000
0.000000	64115.000000
0.000000	64115.000000
0.000000	64115.000000
0.000000	64116.000000
0.000000	64116.000000
0.000000	64116.000000
0.000000	64116.000000
0.000000	64116.000000
0.000000	64116.000000
0.000000	64116.000000
0.000000	64116.000000
0.000000	64116.000000
0.000000	64116.000000
0.000000	64116.000000
0.000000	64116.000000
0.000000	64116.000000
0.000000	64116.000000
0.000000	64116.000000
0.000000	64116.000000
0.000000	64116.000000
0.000000	64117.000000
0.000000	64117.000000
0.000000	64117.000000
0.000000	64117.000000
0.000000	64117.000000
0.000000	64117.000000
0.000000	64117.000000
0.000000	64117.000000
0.000000	64117.000000
0.000000	64117.000000
0.000000	64117.000000
0.000000	64117.000000
0.000000	64117.000000
0.000000	64117.000000
0.000000	64117.000000
0.000000	64117.000000
0.000000	64117.000000
0.000000	64118.000000
0.000000	64118.000000
0.000000	64118.000000
0.000000	64118.000000
0.000000	64118.000000
0.000000	64118.000000
0.000000	64118.000000
0.000000	64118.000000
0.000000	64118.000000
0.000000	64118.000000
0.000000	64118.000000
0.000000	64118.000000
0.000000	64118.000000
0.000000	64118.000000
0.000000	64118.000000
0.000000	64118.000000
0.000000	64118.000000
0.000000	64119.000000
0.000000	64119.000000
0.000000	64119.000000
0.000000	64119.000000
0.000000	64119.000000
0.000000	64119.000000
0.000000	64119.000000
0.000000	64119.000000
0.000000	64119.000000
0.000000	64119.000000
0.000000	64119.000000
0.000000	64119.000000
0.000000	64119.000000
0.000000	64119.000000
0.000000	64119.000000
0.000000	64119.000000
0.000000	64119.000000
0.000000	64120.000000
0.000000	64120.000000
0.000000	64120.000000
0.000000	64120.000000
0.000000	64120.000000
0.000000	64120.000000
0.000000	64120.000000
0.000000	64120.000000
0.000000	64120.000000
0.000000	64120.000000
0.000000	64120.000000
0.000000	64120.000000
0.000000	64120.000000
0.000000	64120.000000
0.000000	64120.000000
0.000000	64120.000000
0.000000	64120.000000
0.000000	64121.000000
0.000000	64121.000000
0.000000	64121.000000
0.000000	64121.000000
0.000000	64121.000000
0.000000	64121.000000
0.000000	64121.000000
0.000000	64121.000000
0.000000	64121.000000
0.000000	64121.000000
0.000000	64121.000000
0.000000	64121.000000
0.000000	64121.000000
0.000000	64121.000000
0.000000	64121.000000
0.000000	64121.000000
0.000000	64121.000000
0.000000	64122.000000
0.000000	64122.000000
0.000000	64122.000000
0.000000	64122.000000
0.000000	64122.000000
0.000000	64122.000000
0.000000	64122.000000
0.000000	64122.000000
0.000000	64122.000000
0.000000	64122.000000
0.000000	64122.000000
0.000000	64122.000000
0.000000	64122.000000
0.000000	64122.000000
0.000000	64122.000000
0.000000	64122.000000
0.000000	64122.000000
0.000000	64122.000000
0.000000	64123.000000
0.000000	64123.000000
0.000000	64123.000000
0.000000	64123.000000
0.000000	64123.000000
0.000000	64123.000000
0.000000	64123.000000
0.000000	64123.000000
0.000000	64123.000000
0.000000	64123.000000
0.000000	64123.000000
0.000000	64123.000000
0.000000	64123.000000
0.000000	64123.000000
0.000000	64123.000000
0.000000	64123.000000
0.000000	64123.000000
0.000000	64124.000000
0.000000	64124.000000
0.000000	64124.000000
0.000000	64124.000000
0.000000	64124.000000
0.000000	64124.000000
0.000000	64124.000000
0.000000	64124.000000
0.000000	64124.000000
0.000000	64124.000000
0.000000	64124.000000
0.000000	64124.000000
0.000000	64124.000000
0.000000	64124.000000
0.000000	64124.000000
0.000000	64124.000000
0.000000	64124.000000
0.000000	64125.000000
0.000000	64125.000000
0.000000	64125.000000
0.000000	64125.000000
0.000000	64125.000000
0.000000	64125.000000
0.000000	64125.000000
0.000000	64125.000000
0.000000	64125.000000
0.000000	64125.000000
0.000000	64125.000000
0.000000	64125.000000
0.000000	64125.000000
0.000000	64125.000000
0.000000	64125.000000
0.000000	64125.000000
0.000000	64125.000000
0.000000	64126.000000
0.000000	64126.000000
0.000000	64126.000000
0.000000	64126.000000
0.000000	64126.000000
0.000000	64126.000000
0.000000	64126.000000
0.000000	64126.000000
0.000000	64126.000000
0.000000	64126.000000
0.000000	64126.000000
0.000000	64126.000000
0.000000	64126.000000
0.000000	64126.000000
0.000000	64126.000000
0.000000	64126.000000
0.000000	64126.000000
0.000000	64127.000000
0.000000	64127.000000
0.000000	64127.000000
0.000000	64127.000000
0.000000	64127.000000
0.000000	64127.000000
0.000000	64127.000000
0.000000	64127.000000
0.000000	64127.000000
0.000000	64127.000000
0.000000	64127.000000
0.000000	64127.000000
0.000000	64127.000000
0.000000	64127.000000
0.000000	64127.000000
0.000000	64127.000000
0.000000	64127.000000
0.000000	64128.000000
0.000000	64128.000000
0.000000	64128.000000
0.000000	64128.000000
0.000000	64128.000000
0.000000	64128.000000
0.000000	64128.000000
0.000000	64128.000000
0.000000	64128.000000
0.000000	64128.000000
0.000000	64128.000000
0.000000	64128.000000
0.000000	64128.000000
0.000000	64128.000000
0.000000	64128.000000
0.000000	64128.000000
0.000000	64128.000000
0.000000	64129.000000
0.000000	64129.000000
0.000000	64129.000000
0.000000	64129.000000
0.000000	64129.000000
0.000000	64129.000000
0.000000	64129.000000
0.000000	64129.000000
0.000000	64129.000000
0.000000	64129.000000
0.000000	64129.000000
0.000000	64129.000000
0.000000	64129.000000
0.000000	64129.000000
0.000000	64129.000000
0.000000	64129.000000
0.000000	64129.000000
0.000000	64130.000000
0.000000	64130.000000
0.000000	64130.000000
0.000000	64130.000000
0.000000	64130.000000
0.000000	64130.000000
0.000000	64130.000000
0.000000	64130.000000
0.000000	64130.000000
0.000000	64130.000000
0.000000	64130.000000
0.000000	64130.000000
0.000000	64130.000000
0.000000	64130.000000
0.000000	64130.000000
0.000000	64130.000000
0.000000	64130.000000
0.000000	64131.000000
0.000000	64131.000000
0.000000	64131.000000
0.000000	64131.000000
0.000000	64131.000000
0.000000	64131.000000
0.000000	64131.000000
0.000000	64131.000000
0.000000	64131.000000
0.000000	64131.000000
0.000000	64131.000000
0.000000	64131.000000
0.000000	64131.000000
0.000000	64131.000000
0.000000	64131.000000
0.000000	64131.000000
0.000000	64131.000000
0.000000	64132.000000
0.000000	64132.000000
0.000000	64132.000000
0.000000	64132.000000
0.000000	64132.000000
0.000000	64132.000000
0.000000	64132.000000
0.000000	64132.000000
0.000000	64132.000000
0.000000	64132.000000
0.000000	64132.000000
0.000000	64132.000000
0.000000	64132.000000
0.000000	64132.000000
0.000000	64132.000000
0.000000	64132.000000
0.000000	64132.000000
0.000000	64133.000000
0.000000	64133.000000
0.000000	64133.000000
0.000000	64133.000000
0.000000	64133.000000
0.000000	64133.000000
0.000000	64133.000000
0.000000	64133.000000
0.000000	64133.000000
0.000000	64133.000000
0.000000	64133.000000
0.000000	64133.000000
0.000000	64133.000000
0.000000	64133.000000
0.000000	64133.000000
0.000000	64133.000000
0.000000	64133.000000
0.000000	64134.000000
0.000000	64134.000000
0.000000	64134.000000
0.000000	64134.000000
0.000000	64134.000000
0.000000	64134.000000
0.000000	64134.000000
0.000000	64134.000000
0.000000	64134.000000
0.000000	64134.000000
0.000000	64134.000000
0.000000	64134.000000
0.000000	64134.000000
0.000000	64134.000000
0.000000	64134.000000
0.000000	64134.000000
0.000000	64134.000000
0.000000	64135.000000
0.000000	64135.000000
0.000000	64135.000000
0.000000	64135.000000
0.000000	64135.000000
0.000000	64135.000000
0.000000	64135.000000
0.000000	64135.000000
0.000000	64135.000000
0.000000	64135.000000
0.000000	64135.000000
0.000000	64135.000000
0.000000	64135.000000
0.000000	64135.000000
0.000000	64135.000000
0.000000	64135.000000
0.000000	64135.000000
0.000000	64136.000000
0.000000	64136.000000
0.000000	64136.000000
0.000000	64136.000000
0.000000	64136.000000
0.000000	64136.000000
0.000000	64136.000000
0.000000	64136.000000
0.000000	64136.000000
0.000000	64136.000000
0.000000	64136.000000
0.000000	64136.000000
0.000000	64136.000000
0.000000	64136.000000
0.000000	64136.000000
0.000000	64136.000000
0.000000	64136.000000
0.000000	64137.000000
0.000000	64137.000000
0.000000	64137.000000
0.000000	64137.000000
0.000000	64137.000000
0.000000	64137.000000
0.000000	64137.000000
0.000000	64137.000000
0.000000	64137.000000
0.000000	64137.000000
0.000000	64137.000000
0.000000	64137.000000
0.000000	64137.000000
0.000000	64137.000000
0.000000	64137.000000
0.000000	64137.000000
0.000000	64137.000000
0.000000	64137.000000
0.000000	64138.000000
0.000000	64138.000000
0.000000	64138.000000
0.000000	64138.000000
0.000000	64138.000000
0.000000	64138.000000
0.000000	64138.000000
0.000000	64138.000000
0.000000	64138.000000
0.000000	64138.000000
0.000000	64138.000000
0.000000	64138.000000
0.000000	64138.000000
0.000000	64138.000000
0.000000	64138.000000
0.000000	64138.000000
0.000000	64138.000000
0.000000	64139.000000
0.000000	64139.000000
0.000000	64139.000000
0.000000	64139.000000
0.000000	64139.000000
0.000000	64139.000000
0.000000	64139.000000
0.000000	64139.000000
0.000000	64139.000000
0.000000	64139.000000
0.000000	64139.000000
0.000000	64139.000000
0.000000	64139.000000
0.000000	64139.000000
0.000000	64139.000000
0.000000	64139.000000
0.000000	64139.000000
0.000000	64140.000000
0.000000	64140.000000
0.000000	64140.000000
0.000000	64140.000000
0.000000	64140.000000
0.000000	64140.000000
0.000000	64140.000000
0.000000	64140.000000
0.000000	64140.000000
0.000000	64140.000000
0.000000	64140.000000
0.000000	64140.000000
0.000000	64140.000000
0.000000	64140.000000
0.000000	64140.000000
0.000000	64140.000000
0.000000	64140.000000
0.000000	64141.000000
0.000000	64141.000000
0.000000	64141.000000
0.000000	64141.000000
0.000000	64141.000000
0.000000	64141.000000
0.000000	64141.000000
0.000000	64141.000000
0.000000	64141.000000
0.000000	64141.000000
0.000000	64141.000000
0.000000	64141.000000
0.000000	64141.000000
0.000000	64141.000000
0.000000	64141.000000
0.000000	64141.000000
0.000000	64141.000000
0.000000	64142.000000
0.000000	64142.000000
0.000000	64142.000000
0.000000	64142.000000
0.000000	64142.000000
0.000000	64142.000000
0.000000	64142.000000
0.000000	64142.000000
0.000000	64142.000000
0.000000	64142.000000
0.000000	64142.000000
0.000000	64142.000000
0.000000	64142.000000
0.000000	64142.000000
0.000000	64142.000000
0.000000	64142.000000
0.000000	64142.000000
0.000000	64143.000000
0.000000	64143.000000
0.000000	64143.000000
0.000000	64143.000000
0.000000	64143.000000
0.000000	64143.000000
0.000000	64143.000000
0.000000	64143.000000
0.000000	64143.000000
0.000000	64143.000000
0.000000	64143.000000
0.000000	64143.000000
0.000000	64143.000000
0.000000	64143.000000
0.000000	64143.000000
0.000000	64143.000000
0.000000	64143.000000
0.000000	64144.000000
0.000000	64144.000000
0.000000	64144.000000
0.000000	64144.000000
0.000000	64144.000000
0.000000	64144.000000
0.000000	64144.000000
0.000000	64144.000000
0.000000	64144.000000
0.000000	64144.000000
0.000000	64144.000000
0.000000	64144.000000
0.000000	64144.000000
0.000000	64144.000000
0.000000	64144.000000
0.000000	64144.000000
0.000000	64144.000000
0.000000	64145.000000
0.000000	64145.000000
0.000000	64145.000000
0.000000	64145.000000
0.000000	64145.000000
0.000000	64145.000000
0.000000	64145.000000
0.000000	64145.000000
0.000000	64145.000000
0.000000	64145.000000
0.000000	64145.000000
0.000000	64145.000000
0.000000	64145.000000
0.000000	64145.000000
0.000000	64145.000000
0.000000	64145.000000
0.000000	64145.000000
0.000000	64146.000000
0.000000	64146.000000
0.000000	64146.000000
0.000000	64146.000000
0.000000	64146.000000
0.000000	64146.000000
0.000000	64146.000000
0.000000	64146.000000
0.000000	64146.000000
0.000000	64146.000000
0.000000	64146.000000
0.000000	64146.000000
0.000000	64146.000000
0.000000	64146.000000
0.000000	64146.000000
0.000000	64146.000000
0.000000	64146.000000
0.000000	64147.000000
0.000000	64147.000000
0.000000	64147.000000
0.000000	64147.000000
0.000000	64147.000000
0.000000	64147.000000
0.000000	64147.000000
0.000000	64147.000000
0.000000	64147.000000
0.000000	64147.000000
0.000000	64147.000000
0.000000	64147.000000
0.000000	64147.000000
0.000000	64147.000000
0.000000	64147.000000
0.000000	64147.000000
0.000000	64147.000000
0.000000	64148.000000
0.000000	64148.000000
0.000000	64148.000000
0.000000	64148.000000
0.000000	64148.000000
0.000000	64148.000000
0.000000	64148.000000
0.000000	64148.000000
0.000000	64148.000000
0.000000	64148.000000
0.000000	64148.000000
0.000000	64148.000000
0.000000	64148.000000
0.000000	64148.000000
0.000000	64148.000000
0.000000	64148.000000
0.000000	64148.000000
0.000000	64149.000000
0.000000	64149.000000
0.000000	64149.000000
0.000000	64149.000000
0.000000	64149.000000
0.000000	64149.000000
0.000000	64149.000000
0.000000	64149.000000
0.000000	64149.000000
0.000000	64149.000000
0.000000	64149.000000
0.000000	64149.000000
0.000000	64149.000000
0.000000	64149.000000
0.000000	64149.000000
0.000000	64149.000000
0.000000	64149.000000
0.000000	64150.000000
0.000000	64150.000000
0.000000	64150.000000
0.000000	64150.000000
0.000000	64150.000000
0.000000	64150.000000
0.000000	64150.000000
0.000000	64150.000000
0.000000	64150.000000
0.000000	64150.000000
0.000000	64150.000000
0.000000	64150.000000
0.000000	64150.000000
0.000000	64150.000000
0.000000	64150.000000
0.000000	64150.000000
0.000000	64150.000000
0.000000	64151.000000
0.000000	64151.000000
0.000000	64151.000000
0.000000	64151.000000
0.000000	64151.000000
0.000000	64151.000000
0.000000	64151.000000
0.000000	64151.000000
0.000000	64151.000000
0.000000	64151.000000
0.000000	64151.000000
0.000000	64151.000000
0.000000	64151.000000
0.000000	64151.000000
0.000000	64151.000000
0.000000	64151.000000
0.000000	64151.000000
0.000000	64152.000000
0.000000	64152.000000
0.000000	64152.000000
0.000000	64152.000000
0.000000	64152.000000
0.000000	64152.000000
0.000000	64152.000000
0.000000	64152.000000
0.000000	64152.000000
0.000000	64152.000000
0.000000	64152.000000
0.000000	64152.000000
0.000000	64152.000000
0.000000	64152.000000
0.000000	64152.000000
0.000000	64152.000000
0.000000	64152.000000
0.000000	64152.000000
0.000000	64153.000000
0.000000	64153.000000
0.000000	64153.000000
0.000000	64153.000000
0.000000	64153.000000
0.000000	64153.000000
0.000000	64153.000000
0.000000	64153.000000
0.000000	64153.000000
0.000000	64153.000000
0.000000	64153.000000
0.000000	64153.000000
0.000000	64153.000000
0.000000	64153.000000
0.000000	64153.000000
0.000000	64153.000000
0.000000	64153.000000
0.000000	64154.000000
0.000000	64154.000000
0.000000	64154.000000
0.000000	64154.000000
0.000000	64154.000000
0.000000	64154.000000
0.000000	64154.000000
0.000000	64154.000000
0.000000	64154.000000
0.000000	64154.000000
0.000000	64154.000000
0.000000	64154.000000
0.000000	64154.000000
0.000000	64154.000000
0.000000	64154.000000
0.000000	64154.000000
0.000000	64154.000000
0.000000	64155.000000
0.000000	64155.000000
0.000000	64155.000000
0.000000	64155.000000
0.000000	64155.000000
0.000000	64155.000000
0.000000	64155.000000
0.000000	64155.000000
0.000000	64155.000000
0.000000	64155.000000
0.000000	64155.000000
0.000000	64155.000000
0.000000	64155.000000
0.000000	64155.000000
0.000000	64155.000000
0.000000	64155.000000
0.000000	64155.000000
0.000000	64156.000000
0.000000	64156.000000
0.000000	64156.000000
0.000000	64156.000000
0.000000	64156.000000
0.000000	64156.000000
0.000000	64156.000000
0.000000	64156.000000
0.000000	64156.000000
0.000000	64156.000000
0.000000	64156.000000
0.000000	64156.000000
0.000000	64156.000000
0.000000	64156.000000
0.000000	64156.000000
0.000000	64156.000000
0.000000	64156.000000
0.000000	64157.000000
0.000000	64157.000000
0.000000	64157.000000
0.000000	64157.000000
0.000000	64157.000000
0.000000	64157.000000
0.000000	64157.000000
0.000000	64157.000000
0.000000	64157.000000
0.000000	64157.000000
0.000000	64157.000000
0.000000	64157.000000
0.000000	64157.000000
0.000000	64157.000000
0.000000	64157.000000
0.000000	64157.000000
0.000000	64157.000000
0.000000	64158.000000
0.000000	64158.000000
0.000000	64158.000000
0.000000	64158.000000
0.000000	64158.000000
0.000000	64158.000000
0.000000	64158.000000
0.000000	64158.000000
0.000000	64158.000000
0.000000	64158.000000
0.000000	64158.000000
0.000000	64158.000000
0.000000	64158.000000
0.000000	64158.000000
0.000000	64158.000000
0.000000	64158.000000
0.000000	64158.000000
0.000000	64159.000000
0.000000	64159.000000
0.000000	64159.000000
0.000000	64159.000000
0.000000	64159.000000
0.000000	64159.000000
0.000000	64159.000000
0.000000	64159.000000
0.000000	64159.000000
0.000000	64159.000000
0.000000	64159.000000
0.000000	64159.000000
0.000000	64159.000000
0.000000	64159.000000
0.000000	64159.000000
0.000000	64159.000000
0.000000	64159.000000
0.000000	64200.000000
0.000000	64200.000000
0.000000	64200.000000
0.000000	64200.000000
0.000000	64200.000000
0.000000	64200.000000
0.000000	64200.000000
0.000000	64200.000000
0.000000	64200.000000
0.000000	64200.000000
0.000000	64200.000000
0.000000	64200.000000
0.000000	64200.000000
0.000000	64200.000000
0.000000	64200.000000
0.000000	64200.000000
0.000000	64200.000000
0.000000	64201.000000
0.000000	64201.000000
0.000000	64201.000000
0.000000	64201.000000
0.000000	64201.000000
0.000000	64201.000000
0.000000	64201.000000
0.000000	64201.000000
0.000000	64201.000000
0.000000	64201.000000
0.000000	64201.000000
0.000000	64201.000000
0.000000	64201.000000
0.000000	64201.000000
0.000000	64201.000000
0.000000	64201.000000
0.000000	64201.000000
0.000000	64202.000000
0.000000	64202.000000
0.000000	64202.000000
0.000000	64202.000000
0.000000	64202.000000
0.000000	64202.000000
0.000000	64202.000000
0.000000	64202.000000
0.000000	64202.000000
0.000000	64202.000000
0.000000	64202.000000
0.000000	64202.000000
0.000000	64202.000000
0.000000	64202.000000
0.000000	64202.000000
0.000000	64202.000000
0.000000	64202.000000
0.000000	64203.000000
0.000000	64203.000000
0.000000	64203.000000
0.000000	64203.000000
0.000000	64203.000000
0.000000	64203.000000
0.000000	64203.000000
0.000000	64203.000000
0.000000	64203.000000
0.000000	64203.000000
0.000000	64203.000000
0.000000	64203.000000
0.000000	64203.000000
0.000000	64203.000000
0.000000	64203.000000
0.000000	64203.000000
0.000000	64203.000000
0.000000	64204.000000
0.000000	64204.000000
0.000000	64204.000000
0.000000	64204.000000
0.000000	64204.000000
0.000000	64204.000000
0.000000	64204.000000
0.000000	64204.000000
0.000000	64204.000000
0.000000	64204.000000
0.000000	64204.000000
0.000000	64204.000000
0.000000	64204.000000
0.000000	64204.000000
0.000000	64204.000000
0.000000	64204.000000
0.000000	64204.000000
0.000000	64205.000000
0.000000	64205.000000
0.000000	64205.000000
0.000000	64205.000000
0.000000	64205.000000
0.000000	64205.000000
0.000000	64205.000000
0.000000	64205.000000
0.000000	64205.000000
0.000000	64205.000000
0.000000	64205.000000
0.000000	64205.000000
0.000000	64205.000000
0.000000	64205.000000
0.000000	64205.000000
0.000000	64205.000000
0.000000	64205.000000
0.000000	64206.000000
0.000000	64206.000000
0.000000	64206.000000
0.000000	64206.000000
0.000000	64206.000000
0.000000	64206.000000
0.000000	64206.000000
0.000000	64206.000000
0.000000	64206.000000
0.000000	64206.000000
0.000000	64206.000000
0.000000	64206.000000
0.000000	64206.000000
0.000000	64206.000000
0.000000	64206.000000
0.000000	64206.000000
0.000000	64206.000000
0.000000	64207.000000
0.000000	64207.000000
0.000000	64207.000000
0.000000	64207.000000
0.000000	64207.000000
0.000000	64207.000000
0.000000	64207.000000
0.000000	64207.000000
0.000000	64207.000000
0.000000	64207.000000
0.000000	64207.000000
0.000000	64207.000000
0.000000	64207.000000
0.000000	64207.000000
0.000000	64207.000000
0.000000	64207.000000
0.000000	64207.000000
0.000000	64207.000000
0.000000	64208.000000
0.000000	64208.000000
0.000000	64208.000000
0.000000	64208.000000
0.000000	64208.000000
0.000000	64208.000000
0.000000	64208.000000
0.000000	64208.000000
0.000000	64208.000000
0.000000	64208.000000
0.000000	64208.000000
0.000000	64208.000000
0.000000	64208.000000
0.000000	64208.000000
0.000000	64208.000000
0.000000	64208.000000
0.000000	64208.000000
0.000000	64209.000000
0.000000	64209.000000
0.000000	64209.000000
0.000000	64209.000000
0.000000	64209.000000
0.000000	64209.000000
0.000000	64209.000000
0.000000	64209.000000
0.000000	64209.000000
0.000000	64209.000000
0.000000	64209.000000
0.000000	64209.000000
0.000000	64209.000000
0.000000	64209.000000
0.000000	64209.000000
0.000000	64209.000000
0.000000	64209.000000
0.000000	64210.000000
0.000000	64210.000000
0.000000	64210.000000
0.000000	64210.000000
0.000000	64210.000000
0.000000	64210.000000
0.000000	64210.000000
0.000000	64210.000000
0.000000	64210.000000
0.000000	64210.000000
0.000000	64210.000000
0.000000	64210.000000
0.000000	64210.000000
0.000000	64210.000000
0.000000	64210.000000
0.000000	64210.000000
0.000000	64210.000000
0.000000	64211.000000
0.000000	64211.000000
0.000000	64211.000000
0.000000	64211.000000
0.000000	64211.000000
0.000000	64211.000000
0.000000	64211.000000
0.000000	64211.000000
0.000000	64211.000000
0.000000	64211.000000
0.000000	64211.000000
0.000000	64211.000000
0.000000	64211.000000
0.000000	64211.000000
0.000000	64211.000000
0.000000	64211.000000
0.000000	64211.000000
0.000000	64212.000000
0.000000	64212.000000
0.000000	64212.000000
0.000000	64212.000000
0.000000	64212.000000
0.000000	64212.000000
0.000000	64212.000000
0.000000	64212.000000
0.000000	64212.000000
0.000000	64212.000000
0.000000	64212.000000
0.000000	64212.000000
0.000000	64212.000000
0.000000	64212.000000
0.000000	64212.000000
0.000000	64212.000000
0.000000	64212.000000
0.000000	64213.000000
0.000000	64213.000000
0.000000	64213.000000
0.000000	64213.000000
0.000000	64213.000000
0.000000	64213.000000
0.000000	64213.000000
0.000000	64213.000000
0.000000	64213.000000
0.000000	64213.000000
0.000000	64213.000000
0.000000	64213.000000
0.000000	64213.000000
0.000000	64213.000000
0.000000	64213.000000
0.000000	64213.000000
0.000000	64213.000000
0.000000	64214.000000
0.000000	64214.000000
0.000000	64214.000000
0.000000	64214.000000
0.000000	64214.000000
0.000000	64214.000000
0.000000	64214.000000
0.000000	64214.000000
0.000000	64214.000000
0.000000	64214.000000
0.000000	64214.000000
0.000000	64214.000000
0.000000	64214.000000
0.000000	64214.000000
0.000000	64214.000000
0.000000	64214.000000
0.000000	64214.000000
0.000000	64215.000000
0.000000	64215.000000
0.000000	64215.000000
0.000000	64215.000000
0.000000	64215.000000
0.000000	64215.000000
0.000000	64215.000000
0.000000	64215.000000
0.000000	64215.000000
0.000000	64215.000000
0.000000	64215.000000
0.000000	64215.000000
0.000000	64215.000000
0.000000	64215.000000
0.000000	64215.000000
0.000000	64215.000000
0.000000	64215.000000
0.000000	64216.000000
0.000000	64216.000000
0.000000	64216.000000
0.000000	64216.000000
0.000000	64216.000000
0.000000	64216.000000
0.000000	64216.000000
0.000000	64216.000000
0.000000	64216.000000
0.000000	64216.000000
0.000000	64216.000000
0.000000	64216.000000
0.000000	64216.000000
0.000000	64216.000000
0.000000	64216.000000
0.000000	64216.000000
0.000000	64216.000000
0.000000	64217.000000
0.000000	64217.000000
0.000000	64217.000000
0.000000	64217.000000
0.000000	64217.000000
0.000000	64217.000000
0.000000	64217.000000
0.000000	64217.000000
0.000000	64217.000000
0.000000	64217.000000
0.000000	64217.000000
0.000000	64217.000000
0.000000	64217.000000
0.000000	64217.000000
0.000000	64217.000000
0.000000	64217.000000
0.000000	64217.000000
0.000000	64218.000000
0.000000	64218.000000
0.000000	64218.000000
0.000000	64218.000000
0.000000	64218.000000
0.000000	64218.000000
0.000000	64218.000000
0.000000	64218.000000
0.000000	64218.000000
0.000000	64218.000000
0.000000	64218.000000
0.000000	64218.000000
0.000000	64218.000000
0.000000	64218.000000
0.000000	64218.000000
0.000000	64218.000000
0.000000	64218.000000
0.000000	64219.000000
0.000000	64219.000000
0.000000	64219.000000
0.000000	64219.000000
0.000000	64219.000000
0.000000	64219.000000
0.000000	64219.000000
0.000000	64219.000000
0.000000	64219.000000
0.000000	64219.000000
0.000000	64219.000000
0.000000	64219.000000
0.000000	64219.000000
0.000000	64219.000000
0.000000	64219.000000
0.000000	64219.000000
0.000000	64219.000000
0.000000	64220.000000
0.000000	64220.000000
0.000000	64220.000000
0.000000	64220.000000
0.000000	64220.000000
0.000000	64220.000000
0.000000	64220.000000
0.000000	64220.000000
0.000000	64220.000000
0.000000	64220.000000
0.000000	64220.000000
0.000000	64220.000000
0.000000	64220.000000
0.000000	64220.000000
0.000000	64220.000000
0.000000	64220.000000
0.000000	64220.000000
0.000000	64221.000000
0.000000	64221.000000
0.000000	64221.000000
0.000000	64221.000000
0.000000	64221.000000
0.000000	64221.000000
0.000000	64221.000000
0.000000	64221.000000
0.000000	64221.000000
0.000000	64221.000000
0.000000	64221.000000
0.000000	64221.000000
0.000000	64221.000000
0.000000	64221.000000
0.000000	64221.000000
0.000000	64221.000000
0.000000	64221.000000
0.000000	64222.000000
0.000000	64222.000000
0.000000	64222.000000
0.000000	64222.000000
0.000000	64222.000000
0.000000	64222.000000
0.000000	64222.000000
0.000000	64222.000000
0.000000	64222.000000
0.000000	64222.000000
0.000000	64222.000000
0.000000	64222.000000
0.000000	64222.000000
0.000000	64222.000000
0.000000	64222.000000
0.000000	64222.000000
0.000000	64222.000000
0.000000	64222.000000
0.000000	64223.000000
0.000000	64223.000000
0.000000	64223.000000
0.000000	64223.000000
0.000000	64223.000000
0.000000	64223.000000
0.000000	64223.000000
0.000000	64223.000000
0.000000	64223.000000
0.000000	64223.000000
0.000000	64223.000000
0.000000	64223.000000
0.000000	64223.000000
0.000000	64223.000000
0.000000	64223.000000
0.000000	64223.000000
0.000000	64223.000000
0.000000	64224.000000
0.000000	64224.000000
0.000000	64224.000000
0.000000	64224.000000
0.000000	64224.000000
0.000000	64224.000000
0.000000	64224.000000
0.000000	64224.000000
0.000000	64224.000000
0.000000	64224.000000
0.000000	64224.000000
0.000000	64224.000000
0.000000	64224.000000
0.000000	64224.000000
0.000000	64224.000000
0.000000	64224.000000
0.000000	64224.000000
0.000000	64225.000000
0.000000	64225.000000
0.000000	64225.000000
0.000000	64225.000000
0.000000	64225.000000
0.000000	64225.000000
0.000000	64225.000000
0.000000	64225.000000
0.000000	64225.000000
0.000000	64225.000000
0.000000	64225.000000
0.000000	64225.000000
0.000000	64225.000000
0.000000	64225.000000
0.000000	64225.000000
0.000000	64225.000000
0.000000	64225.000000
0.000000	64226.000000
0.000000	64226.000000
0.000000	64226.000000
0.000000	64226.000000
0.000000	64226.000000
0.000000	64226.000000
0.000000	64226.000000
0.000000	64226.000000
0.000000	64226.000000
0.000000	64226.000000
0.000000	64226.000000
0.000000	64226.000000
0.000000	64226.000000
0.000000	64226.000000
0.000000	64226.000000
0.000000	64226.000000
0.000000	64226.000000
0.000000	64227.000000
0.000000	64227.000000
0.000000	64227.000000
0.000000	64227.000000
0.000000	64227.000000
0.000000	64227.000000
0.000000	64227.000000
0.000000	64227.000000
0.000000	64227.000000
0.000000	64227.000000
0.000000	64227.000000
0.000000	64227.000000
0.000000	64227.000000
0.000000	64227.000000
0.000000	64227.000000
0.000000	64227.000000
0.000000	64227.000000
0.000000	64228.000000
0.000000	64228.000000
0.000000	64228.000000
0.000000	64228.000000
0.000000	64228.000000
0.000000	64228.000000
0.000000	64228.000000
0.000000	64228.000000
0.000000	64228.000000
0.000000	64228.000000
0.000000	64228.000000
0.000000	64228.000000
0.000000	64228.000000
0.000000	64228.000000
0.000000	64228.000000
0.000000	64228.000000
0.000000	64228.000000
0.000000	64229.000000
0.000000	64229.000000
0.000000	64229.000000
0.000000	64229.000000
0.000000	64229.000000
0.000000	64229.000000
0.000000	64229.000000
0.000000	64229.000000
0.000000	64229.000000
0.000000	64229.000000
0.000000	64229.000000
0.000000	64229.000000
0.000000	64229.000000
0.000000	64229.000000
0.000000	64229.000000
0.000000	64229.000000
0.000000	64229.000000
0.000000	64230.000000
0.000000	64230.000000
0.000000	64230.000000
0.000000	64230.000000
0.000000	64230.000000
0.000000	64230.000000
0.000000	64230.000000
0.000000	64230.000000
0.000000	64230.000000
0.000000	64230.000000
0.000000	64230.000000
0.000000	64230.000000
0.000000	64230.000000
0.000000	64230.000000
0.000000	64230.000000
0.000000	64230.000000
0.000000	64230.000000
0.000000	64231.000000
0.000000	64231.000000
0.000000	64231.000000
0.000000	64231.000000
0.000000	64231.000000
0.000000	64231.000000
0.000000	64231.000000
0.000000	64231.000000
0.000000	64231.000000
0.000000	64231.000000
0.000000	64231.000000
0.000000	64231.000000
0.000000	64231.000000
0.000000	64231.000000
0.000000	64231.000000
0.000000	64231.000000
0.000000	64231.000000
0.000000	64232.000000
0.000000	64232.000000
0.000000	64232.000000
0.000000	64232.000000
0.000000	64232.000000
0.000000	64232.000000
0.000000	64232.000000
0.000000	64232.000000
0.000000	64232.000000
0.000000	64232.000000
0.000000	64232.000000
0.000000	64232.000000
0.000000	64232.000000
0.000000	64232.000000
0.000000	64232.000000
0.000000	64232.000000
0.000000	64232.000000
0.000000	64233.000000
0.000000	64233.000000
0.000000	64233.000000
0.000000	64233.000000
0.000000	64233.000000
0.000000	64233.000000
0.000000	64233.000000
0.000000	64233.000000
0.000000	64233.000000
0.000000	64233.000000
0.000000	64233.000000
0.000000	64233.000000
0.000000	64233.000000
0.000000	64233.000000
0.000000	64233.000000
0.000000	64233.000000
0.000000	64233.000000
0.000000	64234.000000
0.000000	64234.000000
0.000000	64234.000000
0.000000	64234.000000
0.000000	64234.000000
0.000000	64234.000000
0.000000	64234.000000
0.000000	64234.000000
0.000000	64234.000000
0.000000	64234.000000
0.000000	64234.000000
0.000000	64234.000000
0.000000	64234.000000
0.000000	64234.000000
0.000000	64234.000000
0.000000	64234.000000
0.000000	64234.000000
0.000000	64235.000000
0.000000	64235.000000
0.000000	64235.000000
0.000000	64235.000000
0.000000	64235.000000
0.000000	64235.000000
0.000000	64235.000000
0.000000	64235.000000
0.000000	64235.000000
0.000000	64235.000000
0.000000	64235.000000
0.000000	64235.000000
0.000000	64235.000000
0.000000	64235.000000
0.000000	64235.000000
0.000000	64235.000000
0.000000	64235.000000
0.000000	64236.000000
0.000000	64236.000000
0.000000	64236.000000
0.000000	64236.000000
0.000000	64236.000000
0.000000	64236.000000
0.000000	64236.000000
0.000000	64236.000000
0.000000	64236.000000
0.000000	64236.000000
0.000000	64236.000000
0.000000	64236.000000
0.000000	64236.000000
0.000000	64236.000000
0.000000	64236.000000
0.000000	64236.000000
0.000000	64236.000000
0.000000	64237.000000
0.000000	64237.000000
0.000000	64237.000000
0.000000	64237.000000
0.000000	64237.000000
0.000000	64237.000000
0.000000	64237.000000
0.000000	64237.000000
0.000000	64237.000000
0.000000	64237.000000
0.000000	64237.000000
0.000000	64237.000000
0.000000	64237.000000
0.000000	64237.000000
0.000000	64237.000000
0.000000	64237.000000
0.000000	64237.000000
0.000000	64238.000000
0.000000	64238.000000
0.000000	64238.000000
0.000000	64238.000000
0.000000	64238.000000
0.000000	64238.000000
0.000000	64238.000000
0.000000	64238.000000
0.000000	64238.000000
0.000000	64238.000000
0.000000	64238.000000
0.000000	64238.000000
0.000000	64238.000000
0.000000	64238.000000
0.000000	64238.000000
0.000000	64238.000000
0.000000	64238.000000
0.000000	64238.000000
0.000000	64239.000000
0.000000	64239.000000
0.000000	64239.000000
0.000000	64239.000000
0.000000	64239.000000
0.000000	64239.000000
0.000000	64239.000000
0.000000	64239.000000
0.000000	64239.000000
0.000000	64239.000000
0.000000	64239.000000
0.000000	64239.000000
0.000000	64239.000000
0.000000	64239.000000
0.000000	64239.000000
0.000000	64239.000000
0.000000	64239.000000
0.000000	64240.000000
0.000000	64240.000000
0.000000	64240.000000
0.000000	64240.000000
0.000000	64240.000000
0.000000	64240.000000
0.000000	64240.000000
0.000000	64240.000000
0.000000	64240.000000
0.000000	64240.000000
0.000000	64240.000000
0.000000	64240.000000
0.000000	64240.000000
0.000000	64240.000000
0.000000	64240.000000
0.000000	64240.000000
0.000000	64240.000000
0.000000	64241.000000
0.000000	64241.000000
0.000000	64241.000000
0.000000	64241.000000
0.000000	64241.000000
0.000000	64241.000000
0.000000	64241.000000
0.000000	64241.000000
0.000000	64241.000000
0.000000	64241.000000
0.000000	64241.000000
0.000000	64241.000000
0.000000	64241.000000
0.000000	64241.000000
0.000000	64241.000000
0.000000	64241.000000
0.000000	64241.000000
0.000000	64242.000000
0.000000	64242.000000
0.000000	64242.000000
0.000000	64242.000000
0.000000	64242.000000
0.000000	64242.000000
0.000000	64242.000000
0.000000	64242.000000
0.000000	64242.000000
0.000000	64242.000000
0.000000	64242.000000
0.000000	64242.000000
0.000000	64242.000000
0.000000	64242.000000
0.000000	64242.000000
0.000000	64242.000000
0.000000	64242.000000
0.000000	64243.000000
0.000000	64243.000000
0.000000	64243.000000
0.000000	64243.000000
0.000000	64243.000000
0.000000	64243.000000
0.000000	64243.000000
0.000000	64243.000000
0.000000	64243.000000
0.000000	64243.000000
0.000000	64243.000000
0.000000	64243.000000
0.000000	64243.000000
0.000000	64243.000000
0.000000	64243.000000
0.000000	64243.000000
0.000000	64243.000000
0.000000	64244.000000
0.000000	64244.000000
0.000000	64244.000000
0.000000	64244.000000
0.000000	64244.000000
0.000000	64244.000000
0.000000	64244.000000
0.000000	64244.000000
0.000000	64244.000000
0.000000	64244.000000
0.000000	64244.000000
0.000000	64244.000000
0.000000	64244.000000
0.000000	64244.000000
0.000000	64244.000000
0.000000	64244.000000
0.000000	64244.000000
0.000000	64245.000000
0.000000	64245.000000
0.000000	64245.000000
0.000000	64245.000000
0.000000	64245.000000
0.000000	64245.000000
0.000000	64245.000000
0.000000	64245.000000
0.000000	64245.000000
0.000000	64245.000000
0.000000	64245.000000
0.000000	64245.000000
0.000000	64245.000000
0.000000	64245.000000
0.000000	64245.000000
0.000000	64245.000000
0.000000	64245.000000
0.000000	64246.000000
0.000000	64246.000000
0.000000	64246.000000
0.000000	64246.000000
0.000000	64246.000000
0.000000	64246.000000
0.000000	64246.000000
0.000000	64246.000000
0.000000	64246.000000
0.000000	64246.000000
0.000000	64246.000000
0.000000	64246.000000
0.000000	64246.000000
0.000000	64246.000000
0.000000	64246.000000
0.000000	64246.000000
0.000000	64246.000000
0.000000	64247.000000
0.000000	64247.000000
0.000000	64247.000000
0.000000	64247.000000
0.000000	64247.000000
0.000000	64247.000000
0.000000	64247.000000
0.000000	64247.000000
0.000000	64247.000000
0.000000	64247.000000
0.000000	64247.000000
0.000000	64247.000000
0.000000	64247.000000
0.000000	64247.000000
0.000000	64247.000000
0.000000	64247.000000
0.000000	64247.000000
0.000000	64248.000000
0.000000	64248.000000
0.000000	64248.000000
0.000000	64248.000000
0.000000	64248.000000
0.000000	64248.000000
0.000000	64248.000000
0.000000	64248.000000
0.000000	64248.000000
0.000000	64248.000000
0.000000	64248.000000
0.000000	64248.000000
0.000000	64248.000000
0.000000	64248.000000
0.000000	64248.000000
0.000000	64248.000000
0.000000	64248.000000
0.000000	64249.000000
0.000000	64249.000000
0.000000	64249.000000
0.000000	64249.000000
0.000000	64249.000000
0.000000	64249.000000
0.000000	64249.000000
0.000000	64249.000000
0.000000	64249.000000
0.000000	64249.000000
0.000000	64249.000000
0.000000	64249.000000
0.000000	64249.000000
0.000000	64249.000000
0.000000	64249.000000
0.000000	64249.000000
0.000000	64249.000000
0.000000	64250.000000
0.000000	64250.000000
0.000000	64250.000000
0.000000	64250.000000
0.000000	64250.000000
0.000000	64250.000000
0.000000	64250.000000
0.000000	64250.000000
0.000000	64250.000000
0.000000	64250.000000
0.000000	64250.000000
0.000000	64250.000000
0.000000	64250.000000
0.000000	64250.000000
0.000000	64250.000000
0.000000	64250.000000
0.000000	64250.000000
0.000000	64251.000000
0.000000	64251.000000
0.000000	64251.000000
0.000000	64251.000000
0.000000	64251.000000
0.000000	64251.000000
0.000000	64251.000000
0.000000	64251.000000
0.000000	64251.000000
0.000000	64251.000000
0.000000	64251.000000
0.000000	64251.000000
0.000000	64251.000000
0.000000	64251.000000
0.000000	64251.000000
0.000000	64251.000000
0.000000	64251.000000
0.000000	64252.000000
0.000000	64252.000000
0.000000	64252.000000
0.000000	64252.000000
0.000000	64252.000000
0.000000	64252.000000
0.000000	64252.000000
0.000000	64252.000000
0.000000	64252.000000
0.000000	64252.000000
0.000000	64252.000000
0.000000	64252.000000
0.000000	64252.000000
0.000000	64252.000000
0.000000	64252.000000
0.000000	64252.000000
0.000000	64252.000000
0.000000	64252.000000
0.000000	64253.000000
0.000000	64253.000000
0.000000	64253.000000
0.000000	64253.000000
0.000000	64253.000000
0.000000	64253.000000
0.000000	64253.000000
0.000000	64253.000000
0.000000	64253.000000
0.000000	64253.000000
0.000000	64253.000000
0.000000	64253.000000
0.000000	64253.000000
0.000000	64253.000000
0.000000	64253.000000
0.000000	64253.000000
0.000000	64253.000000
0.000000	64254.000000
0.000000	64254.000000
0.000000	64254.000000
0.000000	64254.000000
0.000000	64254.000000
0.000000	64254.000000
0.000000	64254.000000
0.000000	64254.000000
0.000000	64254.000000
0.000000	64254.000000
0.000000	64254.000000
0.000000	64254.000000
0.000000	64254.000000
0.000000	64254.000000
0.000000	64254.000000
0.000000	64254.000000
0.000000	64254.000000
0.000000	64255.000000
0.000000	64255.000000
0.000000	64255.000000
0.000000	64255.000000
0.000000	64255.000000
0.000000	64255.000000
0.000000	64255.000000
0.000000	64255.000000
0.000000	64255.000000
0.000000	64255.000000
0.000000	64255.000000
0.000000	64255.000000
0.000000	64255.000000
0.000000	64255.000000
0.000000	64255.000000
0.000000	64255.000000
0.000000	64255.000000
0.000000	64256.000000
0.000000	64256.000000
0.000000	64256.000000
0.000000	64256.000000
0.000000	64256.000000
0.000000	64256.000000
0.000000	64256.000000
0.000000	64256.000000
0.000000	64256.000000
0.000000	64256.000000
0.000000	64256.000000
0.000000	64256.000000
0.000000	64256.000000
0.000000	64256.000000
0.000000	64256.000000
0.000000	64256.000000
0.000000	64256.000000
0.000000	64257.000000
0.000000	64257.000000
0.000000	64257.000000
0.000000	64257.000000
0.000000	64257.000000
0.000000	64257.000000
0.000000	64257.000000
0.000000	64257.000000
0.000000	64257.000000
0.000000	64257.000000
0.000000	64257.000000
0.000000	64257.000000
0.000000	64257.000000
0.000000	64257.000000
0.000000	64257.000000
0.000000	64257.000000
0.000000	64257.000000
0.000000	64258.000000
0.000000	64258.000000
0.000000	64258.000000
0.000000	64258.000000
0.000000	64258.000000
0.000000	64258.000000
0.000000	64258.000000
0.000000	64258.000000
0.000000	64258.000000
0.000000	64258.000000
0.000000	64258.000000
0.000000	64258.000000
0.000000	64258.000000
0.000000	64258.000000
0.000000	64258.000000
0.000000	64258.000000
0.000000	64258.000000
0.000000	64259.000000
0.000000	64259.000000
0.000000	64259.000000
0.000000	64259.000000
0.000000	64259.000000
0.000000	64259.000000
0.000000	64259.000000
0.000000	64259.000000
0.000000	64259.000000
0.000000	64259.000000
0.000000	64259.000000
0.000000	64259.000000
0.000000	64259.000000
0.000000	64259.000000
0.000000	64259.000000
0.000000	64259.000000
0.000000	64259.000000
0.000000	64300.000000
0.000000	64300.000000
0.000000	64300.000000
0.000000	64300.000000
0.000000	64300.000000
0.000000	64300.000000
0.000000	64300.000000
0.000000	64300.000000
0.000000	64300.000000
0.000000	64300.000000
0.000000	64300.000000
0.000000	64300.000000
0.000000	64300.000000
0.000000	64300.000000
0.000000	64300.000000
0.000000	64300.000000
0.000000	64300.000000
0.000000	64301.000000
0.000000	64301.000000
0.000000	64301.000000
0.000000	64301.000000
0.000000	64301.000000
0.000000	64301.000000
0.000000	64301.000000
0.000000	64301.000000
0.000000	64301.000000
0.000000	64301.000000
0.000000	64301.000000
0.000000	64301.000000
0.000000	64301.000000
0.000000	64301.000000
0.000000	64301.000000
0.000000	64301.000000
0.000000	64301.000000
0.000000	64302.000000
0.000000	64302.000000
0.000000	64302.000000
0.000000	64302.000000
0.000000	64302.000000
0.000000	64302.000000
0.000000	64302.000000
0.000000	64302.000000
0.000000	64302.000000
0.000000	64302.000000
0.000000	64302.000000
0.000000	64302.000000
0.000000	64302.000000
0.000000	64302.000000
0.000000	64302.000000
0.000000	64302.000000
0.000000	64302.000000
0.000000	64303.000000
0.000000	64303.000000
0.000000	64303.000000
0.000000	64303.000000
0.000000	64303.000000
0.000000	64303.000000
0.000000	64303.000000
0.000000	64303.000000
0.000000	64303.000000
0.000000	64303.000000
0.000000	64303.000000
0.000000	64303.000000
0.000000	64303.000000
0.000000	64303.000000
0.000000	64303.000000
0.000000	64303.000000
0.000000	64303.000000
0.000000	64304.000000
0.000000	64304.000000
0.000000	64304.000000
0.000000	64304.000000
0.000000	64304.000000
0.000000	64304.000000
0.000000	64304.000000
0.000000	64304.000000
0.000000	64304.000000
0.000000	64304.000000
0.000000	64304.000000
0.000000	64304.000000
0.000000	64304.000000
0.000000	64304.000000
0.000000	64304.000000
0.000000	64304.000000
0.000000	64304.000000
0.000000	64305.000000
0.000000	64305.000000
0.000000	64305.000000
0.000000	64305.000000
0.000000	64305.000000
0.000000	64305.000000
0.000000	64305.000000
0.000000	64305.000000
0.000000	64305.000000
0.000000	64305.000000
0.000000	64305.000000
0.000000	64305.000000
0.000000	64305.000000
0.000000	64305.000000
0.000000	64305.000000
0.000000	64305.000000
0.000000	64305.000000
0.000000	64306.000000
0.000000	64306.000000
0.000000	64306.000000
0.000000	64306.000000
0.000000	64306.000000
0.000000	64306.000000
0.000000	64306.000000
0.000000	64306.000000
