0.000000	64606.000000
0.000000	64606.000000
0.000000	64606.000000
0.000000	64606.000000
0.000000	64606.000000
0.000000	64606.000000
0.000000	64606.000000
0.000000	64606.000000
0.000000	64606.000000
0.000000	64606.000000
0.000000	64607.000000
0.000000	64607.000000
0.000000	64607.000000
0.000000	64607.000000
0.000000	64607.000000
0.000000	64607.000000
0.000000	64607.000000
0.000000	64607.000000
0.000000	64607.000000
0.000000	64607.000000
0.000000	64607.000000
0.000000	64607.000000
0.000000	64607.000000
0.000000	64607.000000
0.000000	64607.000000
0.000000	64607.000000
0.000000	64607.000000
0.000000	64608.000000
0.000000	64608.000000
0.000000	64608.000000
0.000000	64608.000000
0.000000	64608.000000
0.000000	64608.000000
0.000000	64608.000000
0.000000	64608.000000
0.000000	64608.000000
0.000000	64608.000000
0.000000	64608.000000
0.000000	64608.000000
0.000000	64608.000000
0.000000	64608.000000
0.000000	64608.000000
0.000000	64608.000000
0.000000	64608.000000
0.000000	64609.000000
0.000000	64609.000000
0.000000	64609.000000
0.000000	64609.000000
0.000000	64609.000000
0.000000	64609.000000
0.000000	64609.000000
0.000000	64609.000000
0.000000	64609.000000
0.000000	64609.000000
0.000000	64609.000000
0.000000	64609.000000
0.000000	64609.000000
0.000000	64609.000000
0.000000	64609.000000
0.000000	64609.000000
0.000000	64609.000000
0.000000	64610.000000
0.000000	64610.000000
0.000000	64610.000000
0.000000	64610.000000
0.000000	64610.000000
0.000000	64610.000000
0.000000	64610.000000
0.000000	64610.000000
0.000000	64610.000000
0.000000	64610.000000
0.000000	64610.000000
0.000000	64610.000000
0.000000	64610.000000
0.000000	64610.000000
0.000000	64610.000000
0.000000	64610.000000
0.000000	64610.000000
0.000000	64611.000000
0.000000	64611.000000
0.000000	64611.000000
0.000000	64611.000000
0.000000	64611.000000
0.000000	64611.000000
0.000000	64611.000000
0.000000	64611.000000
0.000000	64611.000000
0.000000	64611.000000
0.000000	64611.000000
0.000000	64611.000000
0.000000	64611.000000
0.000000	64611.000000
0.000000	64611.000000
0.000000	64611.000000
0.000000	64611.000000
0.000000	64612.000000
0.000000	64612.000000
0.000000	64612.000000
0.000000	64612.000000
0.000000	64612.000000
0.000000	64612.000000
0.000000	64612.000000
0.000000	64612.000000
0.000000	64612.000000
0.000000	64612.000000
0.000000	64612.000000
0.000000	64612.000000
0.000000	64612.000000
0.000000	64612.000000
0.000000	64612.000000
0.000000	64612.000000
0.000000	64612.000000
0.000000	64613.000000
0.000000	64613.000000
0.000000	64613.000000
0.000000	64613.000000
0.000000	64613.000000
0.000000	64613.000000
0.000000	64613.000000
0.000000	64613.000000
0.000000	64613.000000
0.000000	64613.000000
0.000000	64613.000000
0.000000	64613.000000
0.000000	64613.000000
0.000000	64613.000000
0.000000	64613.000000
0.000000	64613.000000
0.000000	64613.000000
0.000000	64614.000000
0.000000	64614.000000
0.000000	64614.000000
0.000000	64614.000000
0.000000	64614.000000
0.000000	64614.000000
0.000000	64614.000000
0.000000	64614.000000
0.000000	64614.000000
0.000000	64614.000000
0.000000	64614.000000
0.000000	64614.000000
0.000000	64614.000000
0.000000	64614.000000
0.000000	64614.000000
0.000000	64614.000000
0.000000	64614.000000
0.000000	64615.000000
0.000000	64615.000000
0.000000	64615.000000
0.000000	64615.000000
0.000000	64615.000000
0.000000	64615.000000
0.000000	64615.000000
0.000000	64615.000000
0.000000	64615.000000
0.000000	64615.000000
0.000000	64615.000000
0.000000	64615.000000
0.000000	64615.000000
0.000000	64615.000000
0.000000	64615.000000
0.000000	64615.000000
0.000000	64615.000000
0.000000	64616.000000
0.000000	64616.000000
0.000000	64616.000000
0.000000	64616.000000
0.000000	64616.000000
0.000000	64616.000000
0.000000	64616.000000
0.000000	64616.000000
0.000000	64616.000000
0.000000	64616.000000
0.000000	64616.000000
0.000000	64616.000000
0.000000	64616.000000
0.000000	64616.000000
0.000000	64616.000000
0.000000	64616.000000
0.000000	64616.000000
0.000000	64617.000000
0.000000	64617.000000
0.000000	64617.000000
0.000000	64617.000000
0.000000	64617.000000
0.000000	64617.000000
0.000000	64617.000000
0.000000	64617.000000
0.000000	64617.000000
0.000000	64617.000000
0.000000	64617.000000
0.000000	64617.000000
0.000000	64617.000000
0.000000	64617.000000
0.000000	64617.000000
0.000000	64617.000000
0.000000	64617.000000
0.000000	64618.000000
0.000000	64618.000000
0.000000	64618.000000
0.000000	64618.000000
0.000000	64618.000000
0.000000	64618.000000
0.000000	64618.000000
0.000000	64618.000000
0.000000	64618.000000
0.000000	64618.000000
0.000000	64618.000000
0.000000	64618.000000
0.000000	64618.000000
0.000000	64618.000000
0.000000	64618.000000
0.000000	64618.000000
0.000000	64618.000000
0.000000	64619.000000
0.000000	64619.000000
0.000000	64619.000000
0.000000	64619.000000
0.000000	64619.000000
0.000000	64619.000000
0.000000	64619.000000
0.000000	64619.000000
0.000000	64619.000000
0.000000	64619.000000
0.000000	64619.000000
0.000000	64619.000000
0.000000	64619.000000
0.000000	64619.000000
0.000000	64619.000000
0.000000	64619.000000
0.000000	64619.000000
0.000000	64620.000000
0.000000	64620.000000
0.000000	64620.000000
0.000000	64620.000000
0.000000	64620.000000
0.000000	64620.000000
0.000000	64620.000000
0.000000	64620.000000
0.000000	64620.000000
0.000000	64620.000000
0.000000	64620.000000
0.000000	64620.000000
0.000000	64620.000000
0.000000	64620.000000
0.000000	64620.000000
0.000000	64620.000000
0.000000	64620.000000
0.000000	64621.000000
0.000000	64621.000000
0.000000	64621.000000
0.000000	64621.000000
0.000000	64621.000000
0.000000	64621.000000
0.000000	64621.000000
0.000000	64621.000000
0.000000	64621.000000
0.000000	64621.000000
0.000000	64621.000000
0.000000	64621.000000
0.000000	64621.000000
0.000000	64621.000000
0.000000	64621.000000
0.000000	64621.000000
0.000000	64621.000000
0.000000	64622.000000
0.000000	64622.000000
0.000000	64622.000000
0.000000	64622.000000
0.000000	64622.000000
0.000000	64622.000000
0.000000	64622.000000
0.000000	64622.000000
0.000000	64622.000000
0.000000	64622.000000
0.000000	64622.000000
0.000000	64622.000000
0.000000	64622.000000
0.000000	64622.000000
0.000000	64622.000000
0.000000	64622.000000
0.000000	64622.000000
0.000000	64622.000000
0.000000	64623.000000
0.000000	64623.000000
0.000000	64623.000000
0.000000	64623.000000
0.000000	64623.000000
0.000000	64623.000000
0.000000	64623.000000
0.000000	64623.000000
0.000000	64623.000000
0.000000	64623.000000
0.000000	64623.000000
0.000000	64623.000000
0.000000	64623.000000
0.000000	64623.000000
0.000000	64623.000000
0.000000	64623.000000
0.000000	64623.000000
0.000000	64624.000000
0.000000	64624.000000
0.000000	64624.000000
0.000000	64624.000000
0.000000	64624.000000
0.000000	64624.000000
0.000000	64624.000000
0.000000	64624.000000
0.000000	64624.000000
0.000000	64624.000000
0.000000	64624.000000
0.000000	64624.000000
0.000000	64624.000000
0.000000	64624.000000
0.000000	64624.000000
0.000000	64624.000000
0.000000	64624.000000
0.000000	64625.000000
0.000000	64625.000000
0.000000	64625.000000
0.000000	64625.000000
0.000000	64625.000000
0.000000	64625.000000
0.000000	64625.000000
0.000000	64625.000000
0.000000	64625.000000
0.000000	64625.000000
0.000000	64625.000000
0.000000	64625.000000
0.000000	64625.000000
0.000000	64625.000000
0.000000	64625.000000
0.000000	64625.000000
0.000000	64625.000000
0.000000	64626.000000
0.000000	64626.000000
0.000000	64626.000000
0.000000	64626.000000
0.000000	64626.000000
0.000000	64626.000000
0.000000	64626.000000
0.000000	64626.000000
0.000000	64626.000000
0.000000	64626.000000
0.000000	64626.000000
0.000000	64626.000000
0.000000	64626.000000
0.000000	64626.000000
0.000000	64626.000000
0.000000	64626.000000
0.000000	64626.000000
0.000000	64627.000000
0.000000	64627.000000
0.000000	64627.000000
0.000000	64627.000000
0.000000	64627.000000
0.000000	64627.000000
0.000000	64627.000000
0.000000	64627.000000
0.000000	64627.000000
0.000000	64627.000000
0.000000	64627.000000
0.000000	64627.000000
0.000000	64627.000000
0.000000	64627.000000
0.000000	64627.000000
0.000000	64627.000000
0.000000	64627.000000
0.000000	64628.000000
0.000000	64628.000000
0.000000	64628.000000
0.000000	64628.000000
0.000000	64628.000000
0.000000	64628.000000
0.000000	64628.000000
0.000000	64628.000000
0.000000	64628.000000
0.000000	64628.000000
0.000000	64628.000000
0.000000	64628.000000
0.000000	64628.000000
0.000000	64628.000000
0.000000	64628.000000
0.000000	64628.000000
0.000000	64628.000000
0.000000	64629.000000
0.000000	64629.000000
0.000000	64629.000000
0.000000	64629.000000
0.000000	64629.000000
0.000000	64629.000000
0.000000	64629.000000
0.000000	64629.000000
0.000000	64629.000000
0.000000	64629.000000
0.000000	64629.000000
0.000000	64629.000000
0.000000	64629.000000
0.000000	64629.000000
0.000000	64629.000000
0.000000	64629.000000
0.000000	64629.000000
0.000000	64630.000000
0.000000	64630.000000
0.000000	64630.000000
0.000000	64630.000000
0.000000	64630.000000
0.000000	64630.000000
0.000000	64630.000000
0.000000	64630.000000
0.000000	64630.000000
0.000000	64630.000000
0.000000	64630.000000
0.000000	64630.000000
0.000000	64630.000000
0.000000	64630.000000
0.000000	64630.000000
0.000000	64630.000000
0.000000	64630.000000
0.000000	64631.000000
0.000000	64631.000000
0.000000	64631.000000
0.000000	64631.000000
0.000000	64631.000000
0.000000	64631.000000
0.000000	64631.000000
0.000000	64631.000000
0.000000	64631.000000
0.000000	64631.000000
0.000000	64631.000000
0.000000	64631.000000
0.000000	64631.000000
0.000000	64631.000000
0.000000	64631.000000
0.000000	64631.000000
0.000000	64631.000000
0.000000	64632.000000
0.000000	64632.000000
0.000000	64632.000000
0.000000	64632.000000
0.000000	64632.000000
0.000000	64632.000000
0.000000	64632.000000
0.000000	64632.000000
0.000000	64632.000000
0.000000	64632.000000
0.000000	64632.000000
0.000000	64632.000000
0.000000	64632.000000
0.000000	64632.000000
0.000000	64632.000000
0.000000	64632.000000
0.000000	64632.000000
0.000000	64633.000000
0.000000	64633.000000
0.000000	64633.000000
0.000000	64633.000000
0.000000	64633.000000
0.000000	64633.000000
0.000000	64633.000000
0.000000	64633.000000
0.000000	64633.000000
0.000000	64633.000000
0.000000	64633.000000
0.000000	64633.000000
0.000000	64633.000000
0.000000	64633.000000
0.000000	64633.000000
0.000000	64633.000000
0.000000	64633.000000
0.000000	64634.000000
0.000000	64634.000000
0.000000	64634.000000
0.000000	64634.000000
0.000000	64634.000000
0.000000	64634.000000
0.000000	64634.000000
0.000000	64634.000000
0.000000	64634.000000
0.000000	64634.000000
0.000000	64634.000000
0.000000	64634.000000
0.000000	64634.000000
0.000000	64634.000000
0.000000	64634.000000
0.000000	64634.000000
0.000000	64634.000000
0.000000	64635.000000
0.000000	64635.000000
0.000000	64635.000000
0.000000	64635.000000
0.000000	64635.000000
0.000000	64635.000000
0.000000	64635.000000
0.000000	64635.000000
0.000000	64635.000000
0.000000	64635.000000
0.000000	64635.000000
0.000000	64635.000000
0.000000	64635.000000
0.000000	64635.000000
0.000000	64635.000000
0.000000	64635.000000
0.000000	64635.000000
0.000000	64636.000000
0.000000	64636.000000
0.000000	64636.000000
0.000000	64636.000000
0.000000	64636.000000
0.000000	64636.000000
0.000000	64636.000000
0.000000	64636.000000
0.000000	64636.000000
0.000000	64636.000000
0.000000	64636.000000
0.000000	64636.000000
0.000000	64636.000000
0.000000	64636.000000
0.000000	64636.000000
0.000000	64636.000000
0.000000	64636.000000
0.000000	64636.000000
0.000000	64637.000000
0.000000	64637.000000
0.000000	64637.000000
0.000000	64637.000000
0.000000	64637.000000
0.000000	64637.000000
0.000000	64637.000000
0.000000	64637.000000
0.000000	64637.000000
0.000000	64637.000000
0.000000	64637.000000
0.000000	64637.000000
0.000000	64637.000000
0.000000	64637.000000
0.000000	64637.000000
0.000000	64637.000000
0.000000	64637.000000
0.000000	64638.000000
0.000000	64638.000000
0.000000	64638.000000
0.000000	64638.000000
0.000000	64638.000000
0.000000	64638.000000
0.000000	64638.000000
0.000000	64638.000000
0.000000	64638.000000
0.000000	64638.000000
0.000000	64638.000000
0.000000	64638.000000
0.000000	64638.000000
0.000000	64638.000000
0.000000	64638.000000
0.000000	64638.000000
0.000000	64638.000000
0.000000	64639.000000
0.000000	64639.000000
0.000000	64639.000000
0.000000	64639.000000
0.000000	64639.000000
0.000000	64639.000000
0.000000	64639.000000
0.000000	64639.000000
0.000000	64639.000000
0.000000	64639.000000
0.000000	64639.000000
0.000000	64639.000000
0.000000	64639.000000
0.000000	64639.000000
0.000000	64639.000000
0.000000	64639.000000
0.000000	64639.000000
0.000000	64640.000000
0.000000	64640.000000
0.000000	64640.000000
0.000000	64640.000000
0.000000	64640.000000
0.000000	64640.000000
0.000000	64640.000000
0.000000	64640.000000
0.000000	64640.000000
0.000000	64640.000000
0.000000	64640.000000
0.000000	64640.000000
0.000000	64640.000000
0.000000	64640.000000
0.000000	64640.000000
0.000000	64640.000000
0.000000	64640.000000
0.000000	64641.000000
0.000000	64641.000000
0.000000	64641.000000
0.000000	64641.000000
0.000000	64641.000000
0.000000	64641.000000
0.000000	64641.000000
0.000000	64641.000000
0.000000	64641.000000
0.000000	64641.000000
0.000000	64641.000000
0.000000	64641.000000
0.000000	64641.000000
0.000000	64641.000000
0.000000	64641.000000
0.000000	64641.000000
0.000000	64641.000000
0.000000	64642.000000
0.000000	64642.000000
0.000000	64642.000000
0.000000	64642.000000
0.000000	64642.000000
0.000000	64642.000000
0.000000	64642.000000
0.000000	64642.000000
0.000000	64642.000000
0.000000	64642.000000
0.000000	64642.000000
0.000000	64642.000000
0.000000	64642.000000
0.000000	64642.000000
0.000000	64642.000000
0.000000	64642.000000
0.000000	64642.000000
0.000000	64643.000000
0.000000	64643.000000
0.000000	64643.000000
0.000000	64643.000000
0.000000	64643.000000
0.000000	64643.000000
0.000000	64643.000000
0.000000	64643.000000
0.000000	64643.000000
0.000000	64643.000000
0.000000	64643.000000
0.000000	64643.000000
0.000000	64643.000000
0.000000	64643.000000
0.000000	64643.000000
0.000000	64643.000000
0.000000	64643.000000
0.000000	64644.000000
0.000000	64644.000000
0.000000	64644.000000
0.000000	64644.000000
0.000000	64644.000000
0.000000	64644.000000
0.000000	64644.000000
0.000000	64644.000000
0.000000	64644.000000
0.000000	64644.000000
0.000000	64644.000000
0.000000	64644.000000
0.000000	64644.000000
0.000000	64644.000000
0.000000	64644.000000
0.000000	64644.000000
0.000000	64644.000000
0.000000	64645.000000
0.000000	64645.000000
0.000000	64645.000000
0.000000	64645.000000
0.000000	64645.000000
0.000000	64645.000000
0.000000	64645.000000
0.000000	64645.000000
0.000000	64645.000000
0.000000	64645.000000
0.000000	64645.000000
0.000000	64645.000000
0.000000	64645.000000
0.000000	64645.000000
0.000000	64645.000000
0.000000	64645.000000
0.000000	64645.000000
0.000000	64646.000000
0.000000	64646.000000
0.000000	64646.000000
0.000000	64646.000000
0.000000	64646.000000
0.000000	64646.000000
0.000000	64646.000000
0.000000	64646.000000
0.000000	64646.000000
0.000000	64646.000000
0.000000	64646.000000
0.000000	64646.000000
0.000000	64646.000000
0.000000	64646.000000
0.000000	64646.000000
0.000000	64646.000000
0.000000	64646.000000
0.000000	64647.000000
0.000000	64647.000000
0.000000	64647.000000
0.000000	64647.000000
0.000000	64647.000000
0.000000	64647.000000
0.000000	64647.000000
0.000000	64647.000000
0.000000	64647.000000
0.000000	64647.000000
0.000000	64647.000000
0.000000	64647.000000
0.000000	64647.000000
0.000000	64647.000000
0.000000	64647.000000
0.000000	64647.000000
0.000000	64647.000000
0.000000	64648.000000
0.000000	64648.000000
0.000000	64648.000000
0.000000	64648.000000
0.000000	64648.000000
0.000000	64648.000000
0.000000	64648.000000
0.000000	64648.000000
0.000000	64648.000000
0.000000	64648.000000
0.000000	64648.000000
0.000000	64648.000000
0.000000	64648.000000
0.000000	64648.000000
0.000000	64648.000000
0.000000	64648.000000
0.000000	64648.000000
0.000000	64649.000000
0.000000	64649.000000
0.000000	64649.000000
0.000000	64649.000000
0.000000	64649.000000
0.000000	64649.000000
0.000000	64649.000000
0.000000	64649.000000
0.000000	64649.000000
0.000000	64649.000000
0.000000	64649.000000
0.000000	64649.000000
0.000000	64649.000000
0.000000	64649.000000
0.000000	64649.000000
0.000000	64649.000000
0.000000	64649.000000
0.000000	64650.000000
0.000000	64650.000000
0.000000	64650.000000
0.000000	64650.000000
0.000000	64650.000000
0.000000	64650.000000
0.000000	64650.000000
0.000000	64650.000000
0.000000	64650.000000
0.000000	64650.000000
0.000000	64650.000000
0.000000	64650.000000
0.000000	64650.000000
0.000000	64650.000000
0.000000	64650.000000
0.000000	64650.000000
0.000000	64650.000000
0.000000	64651.000000
0.000000	64651.000000
0.000000	64651.000000
0.000000	64651.000000
0.000000	64651.000000
0.000000	64651.000000
0.000000	64651.000000
0.000000	64651.000000
0.000000	64651.000000
0.000000	64651.000000
0.000000	64651.000000
0.000000	64651.000000
0.000000	64651.000000
0.000000	64651.000000
0.000000	64651.000000
0.000000	64651.000000
0.000000	64651.000000
0.000000	64651.000000
0.000000	64652.000000
0.000000	64652.000000
0.000000	64652.000000
0.000000	64652.000000
0.000000	64652.000000
0.000000	64652.000000
0.000000	64652.000000
0.000000	64652.000000
0.000000	64652.000000
0.000000	64652.000000
0.000000	64652.000000
0.000000	64652.000000
0.000000	64652.000000
0.000000	64652.000000
0.000000	64652.000000
0.000000	64652.000000
0.000000	64652.000000
0.000000	64653.000000
0.000000	64653.000000
0.000000	64653.000000
0.000000	64653.000000
0.000000	64653.000000
0.000000	64653.000000
0.000000	64653.000000
0.000000	64653.000000
0.000000	64653.000000
0.000000	64653.000000
0.000000	64653.000000
0.000000	64653.000000
0.000000	64653.000000
0.000000	64653.000000
0.000000	64653.000000
0.000000	64653.000000
0.000000	64653.000000
0.000000	64654.000000
0.000000	64654.000000
0.000000	64654.000000
0.000000	64654.000000
0.000000	64654.000000
0.000000	64654.000000
0.000000	64654.000000
0.000000	64654.000000
0.000000	64654.000000
0.000000	64654.000000
0.000000	64654.000000
0.000000	64654.000000
0.000000	64654.000000
0.000000	64654.000000
0.000000	64654.000000
0.000000	64654.000000
0.000000	64654.000000
0.000000	64655.000000
0.000000	64655.000000
0.000000	64655.000000
0.000000	64655.000000
0.000000	64655.000000
0.000000	64655.000000
0.000000	64655.000000
0.000000	64655.000000
0.000000	64655.000000
0.000000	64655.000000
0.000000	64655.000000
0.000000	64655.000000
0.000000	64655.000000
0.000000	64655.000000
0.000000	64655.000000
0.000000	64655.000000
0.000000	64655.000000
0.000000	64656.000000
0.000000	64656.000000
0.000000	64656.000000
0.000000	64656.000000
0.000000	64656.000000
0.000000	64656.000000
0.000000	64656.000000
0.000000	64656.000000
0.000000	64656.000000
0.000000	64656.000000
0.000000	64656.000000
0.000000	64656.000000
0.000000	64656.000000
0.000000	64656.000000
0.000000	64656.000000
0.000000	64656.000000
0.000000	64656.000000
0.000000	64657.000000
0.000000	64657.000000
0.000000	64657.000000
0.000000	64657.000000
0.000000	64657.000000
0.000000	64657.000000
0.000000	64657.000000
0.000000	64657.000000
0.000000	64657.000000
0.000000	64657.000000
0.000000	64657.000000
0.000000	64657.000000
0.000000	64657.000000
0.000000	64657.000000
0.000000	64657.000000
0.000000	64657.000000
0.000000	64657.000000
0.000000	64658.000000
0.000000	64658.000000
0.000000	64658.000000
0.000000	64658.000000
0.000000	64658.000000
0.000000	64658.000000
0.000000	64658.000000
0.000000	64658.000000
0.000000	64658.000000
0.000000	64658.000000
0.000000	64658.000000
0.000000	64658.000000
0.000000	64658.000000
0.000000	64658.000000
0.000000	64658.000000
0.000000	64658.000000
0.000000	64658.000000
0.000000	64659.000000
0.000000	64659.000000
0.000000	64659.000000
0.000000	64659.000000
0.000000	64659.000000
0.000000	64659.000000
0.000000	64659.000000
0.000000	64659.000000
0.000000	64659.000000
0.000000	64659.000000
0.000000	64659.000000
0.000000	64659.000000
0.000000	64659.000000
0.000000	64659.000000
0.000000	64659.000000
0.000000	64659.000000
0.000000	64659.000000
0.000000	64700.000000
0.000000	64700.000000
0.000000	64700.000000
0.000000	64700.000000
0.000000	64700.000000
0.000000	64700.000000
0.000000	64700.000000
0.000000	64700.000000
0.000000	64700.000000
0.000000	64700.000000
0.000000	64700.000000
0.000000	64700.000000
0.000000	64700.000000
0.000000	64700.000000
0.000000	64700.000000
0.000000	64700.000000
0.000000	64700.000000
0.000000	64701.000000
0.000000	64701.000000
0.000000	64701.000000
0.000000	64701.000000
0.000000	64701.000000
0.000000	64701.000000
0.000000	64701.000000
0.000000	64701.000000
0.000000	64701.000000
0.000000	64701.000000
0.000000	64701.000000
0.000000	64701.000000
0.000000	64701.000000
0.000000	64701.000000
0.000000	64701.000000
0.000000	64701.000000
0.000000	64701.000000
0.000000	64702.000000
0.000000	64702.000000
0.000000	64702.000000
0.000000	64702.000000
0.000000	64702.000000
0.000000	64702.000000
0.000000	64702.000000
0.000000	64702.000000
0.000000	64702.000000
0.000000	64702.000000
0.000000	64702.000000
0.000000	64702.000000
0.000000	64702.000000
0.000000	64702.000000
0.000000	64702.000000
0.000000	64702.000000
0.000000	64702.000000
0.000000	64703.000000
0.000000	64703.000000
0.000000	64703.000000
0.000000	64703.000000
0.000000	64703.000000
0.000000	64703.000000
0.000000	64703.000000
0.000000	64703.000000
0.000000	64703.000000
0.000000	64703.000000
0.000000	64703.000000
0.000000	64703.000000
0.000000	64703.000000
0.000000	64703.000000
0.000000	64703.000000
0.000000	64703.000000
0.000000	64703.000000
0.000000	64704.000000
0.000000	64704.000000
0.000000	64704.000000
0.000000	64704.000000
0.000000	64704.000000
0.000000	64704.000000
0.000000	64704.000000
0.000000	64704.000000
0.000000	64704.000000
0.000000	64704.000000
0.000000	64704.000000
0.000000	64704.000000
0.000000	64704.000000
0.000000	64704.000000
0.000000	64704.000000
0.000000	64704.000000
0.000000	64704.000000
0.000000	64705.000000
0.000000	64705.000000
0.000000	64705.000000
0.000000	64705.000000
0.000000	64705.000000
0.000000	64705.000000
0.000000	64705.000000
0.000000	64705.000000
0.000000	64705.000000
0.000000	64705.000000
0.000000	64705.000000
0.000000	64705.000000
0.000000	64705.000000
0.000000	64705.000000
0.000000	64705.000000
0.000000	64705.000000
0.000000	64705.000000
0.000000	64706.000000
0.000000	64706.000000
0.000000	64706.000000
0.000000	64706.000000
0.000000	64706.000000
0.000000	64706.000000
0.000000	64706.000000
0.000000	64706.000000
0.000000	64706.000000
0.000000	64706.000000
0.000000	64706.000000
0.000000	64706.000000
0.000000	64706.000000
0.000000	64706.000000
0.000000	64706.000000
0.000000	64706.000000
0.000000	64706.000000
0.000000	64706.000000
0.000000	64707.000000
0.000000	64707.000000
0.000000	64707.000000
0.000000	64707.000000
0.000000	64707.000000
0.000000	64707.000000
0.000000	64707.000000
0.000000	64707.000000
0.000000	64707.000000
0.000000	64707.000000
0.000000	64707.000000
0.000000	64707.000000
0.000000	64707.000000
0.000000	64707.000000
0.000000	64707.000000
0.000000	64707.000000
0.000000	64707.000000
0.000000	64708.000000
0.000000	64708.000000
0.000000	64708.000000
0.000000	64708.000000
0.000000	64708.000000
0.000000	64708.000000
0.000000	64708.000000
0.000000	64708.000000
0.000000	64708.000000
0.000000	64708.000000
0.000000	64708.000000
0.000000	64708.000000
0.000000	64708.000000
0.000000	64708.000000
0.000000	64708.000000
0.000000	64708.000000
0.000000	64708.000000
0.000000	64709.000000
0.000000	64709.000000
0.000000	64709.000000
0.000000	64709.000000
0.000000	64709.000000
0.000000	64709.000000
0.000000	64709.000000
0.000000	64709.000000
0.000000	64709.000000
0.000000	64709.000000
0.000000	64709.000000
0.000000	64709.000000
0.000000	64709.000000
0.000000	64709.000000
0.000000	64709.000000
0.000000	64709.000000
0.000000	64709.000000
0.000000	64710.000000
0.000000	64710.000000
0.000000	64710.000000
0.000000	64710.000000
0.000000	64710.000000
0.000000	64710.000000
0.000000	64710.000000
0.000000	64710.000000
0.000000	64710.000000
0.000000	64710.000000
0.000000	64710.000000
0.000000	64710.000000
0.000000	64710.000000
0.000000	64710.000000
0.000000	64710.000000
0.000000	64710.000000
0.000000	64710.000000
0.000000	64711.000000
0.000000	64711.000000
0.000000	64711.000000
0.000000	64711.000000
0.000000	64711.000000
0.000000	64711.000000
0.000000	64711.000000
0.000000	64711.000000
0.000000	64711.000000
0.000000	64711.000000
0.000000	64711.000000
0.000000	64711.000000
0.000000	64711.000000
0.000000	64711.000000
0.000000	64711.000000
0.000000	64711.000000
0.000000	64711.000000
0.000000	64712.000000
0.000000	64712.000000
0.000000	64712.000000
0.000000	64712.000000
0.000000	64712.000000
0.000000	64712.000000
0.000000	64712.000000
0.000000	64712.000000
0.000000	64712.000000
0.000000	64712.000000
0.000000	64712.000000
0.000000	64712.000000
0.000000	64712.000000
0.000000	64712.000000
0.000000	64712.000000
0.000000	64712.000000
0.000000	64712.000000
0.000000	64713.000000
0.000000	64713.000000
0.000000	64713.000000
0.000000	64713.000000
0.000000	64713.000000
0.000000	64713.000000
0.000000	64713.000000
0.000000	64713.000000
0.000000	64713.000000
0.000000	64713.000000
0.000000	64713.000000
0.000000	64713.000000
0.000000	64713.000000
0.000000	64713.000000
0.000000	64713.000000
0.000000	64713.000000
0.000000	64713.000000
0.000000	64714.000000
0.000000	64714.000000
0.000000	64714.000000
0.000000	64714.000000
0.000000	64714.000000
0.000000	64714.000000
0.000000	64714.000000
0.000000	64714.000000
0.000000	64714.000000
0.000000	64714.000000
0.000000	64714.000000
0.000000	64714.000000
0.000000	64714.000000
0.000000	64714.000000
0.000000	64714.000000
0.000000	64714.000000
0.000000	64714.000000
0.000000	64715.000000
0.000000	64715.000000
0.000000	64715.000000
0.000000	64715.000000
0.000000	64715.000000
0.000000	64715.000000
0.000000	64715.000000
0.000000	64715.000000
0.000000	64715.000000
0.000000	64715.000000
0.000000	64715.000000
0.000000	64715.000000
0.000000	64715.000000
0.000000	64715.000000
0.000000	64715.000000
0.000000	64715.000000
0.000000	64715.000000
0.000000	64716.000000
0.000000	64716.000000
0.000000	64716.000000
0.000000	64716.000000
0.000000	64716.000000
0.000000	64716.000000
0.000000	64716.000000
0.000000	64716.000000
0.000000	64716.000000
0.000000	64716.000000
0.000000	64716.000000
0.000000	64716.000000
0.000000	64716.000000
0.000000	64716.000000
0.000000	64716.000000
0.000000	64716.000000
0.000000	64716.000000
0.000000	64717.000000
0.000000	64717.000000
0.000000	64717.000000
0.000000	64717.000000
0.000000	64717.000000
0.000000	64717.000000
0.000000	64717.000000
0.000000	64717.000000
0.000000	64717.000000
0.000000	64717.000000
0.000000	64717.000000
0.000000	64717.000000
0.000000	64717.000000
0.000000	64717.000000
0.000000	64717.000000
0.000000	64717.000000
0.000000	64717.000000
0.000000	64718.000000
0.000000	64718.000000
0.000000	64718.000000
0.000000	64718.000000
0.000000	64718.000000
0.000000	64718.000000
0.000000	64718.000000
0.000000	64718.000000
0.000000	64718.000000
0.000000	64718.000000
0.000000	64718.000000
0.000000	64718.000000
0.000000	64718.000000
0.000000	64718.000000
0.000000	64718.000000
0.000000	64718.000000
0.000000	64718.000000
0.000000	64719.000000
0.000000	64719.000000
0.000000	64719.000000
0.000000	64719.000000
0.000000	64719.000000
0.000000	64719.000000
0.000000	64719.000000
0.000000	64719.000000
0.000000	64719.000000
0.000000	64719.000000
0.000000	64719.000000
0.000000	64719.000000
0.000000	64719.000000
0.000000	64719.000000
0.000000	64719.000000
0.000000	64719.000000
0.000000	64719.000000
0.000000	64720.000000
0.000000	64720.000000
0.000000	64720.000000
0.000000	64720.000000
0.000000	64720.000000
0.000000	64720.000000
0.000000	64720.000000
0.000000	64720.000000
0.000000	64720.000000
0.000000	64720.000000
0.000000	64720.000000
0.000000	64720.000000
0.000000	64720.000000
0.000000	64720.000000
0.000000	64720.000000
0.000000	64720.000000
0.000000	64720.000000
0.000000	64721.000000
0.000000	64721.000000
0.000000	64721.000000
0.000000	64721.000000
0.000000	64721.000000
0.000000	64721.000000
0.000000	64721.000000
0.000000	64721.000000
0.000000	64721.000000
0.000000	64721.000000
0.000000	64721.000000
0.000000	64721.000000
0.000000	64721.000000
0.000000	64721.000000
0.000000	64721.000000
0.000000	64721.000000
0.000000	64721.000000
0.000000	64721.000000
0.000000	64722.000000
0.000000	64722.000000
0.000000	64722.000000
0.000000	64722.000000
0.000000	64722.000000
0.000000	64722.000000
0.000000	64722.000000
0.000000	64722.000000
0.000000	64722.000000
0.000000	64722.000000
0.000000	64722.000000
0.000000	64722.000000
0.000000	64722.000000
0.000000	64722.000000
0.000000	64722.000000
0.000000	64722.000000
0.000000	64722.000000
0.000000	64723.000000
0.000000	64723.000000
0.000000	64723.000000
0.000000	64723.000000
0.000000	64723.000000
0.000000	64723.000000
0.000000	64723.000000
0.000000	64723.000000
0.000000	64723.000000
0.000000	64723.000000
0.000000	64723.000000
0.000000	64723.000000
0.000000	64723.000000
0.000000	64723.000000
0.000000	64723.000000
0.000000	64723.000000
0.000000	64723.000000
0.000000	64724.000000
0.000000	64724.000000
0.000000	64724.000000
0.000000	64724.000000
0.000000	64724.000000
0.000000	64724.000000
0.000000	64724.000000
0.000000	64724.000000
0.000000	64724.000000
0.000000	64724.000000
0.000000	64724.000000
0.000000	64724.000000
0.000000	64724.000000
0.000000	64724.000000
0.000000	64724.000000
0.000000	64724.000000
0.000000	64724.000000
0.000000	64725.000000
0.000000	64725.000000
0.000000	64725.000000
0.000000	64725.000000
0.000000	64725.000000
0.000000	64725.000000
0.000000	64725.000000
0.000000	64725.000000
0.000000	64725.000000
0.000000	64725.000000
0.000000	64725.000000
0.000000	64725.000000
0.000000	64725.000000
0.000000	64725.000000
0.000000	64725.000000
0.000000	64725.000000
0.000000	64725.000000
0.000000	64726.000000
0.000000	64726.000000
0.000000	64726.000000
0.000000	64726.000000
0.000000	64726.000000
0.000000	64726.000000
0.000000	64726.000000
0.000000	64726.000000
0.000000	64726.000000
0.000000	64726.000000
0.000000	64726.000000
0.000000	64726.000000
0.000000	64726.000000
0.000000	64726.000000
0.000000	64726.000000
0.000000	64726.000000
0.000000	64726.000000
0.000000	64727.000000
0.000000	64727.000000
0.000000	64727.000000
0.000000	64727.000000
0.000000	64727.000000
0.000000	64727.000000
0.000000	64727.000000
0.000000	64727.000000
0.000000	64727.000000
0.000000	64727.000000
0.000000	64727.000000
0.000000	64727.000000
0.000000	64727.000000
0.000000	64727.000000
0.000000	64727.000000
0.000000	64727.000000
0.000000	64727.000000
0.000000	64728.000000
0.000000	64728.000000
0.000000	64728.000000
0.000000	64728.000000
0.000000	64728.000000
0.000000	64728.000000
0.000000	64728.000000
0.000000	64728.000000
0.000000	64728.000000
0.000000	64728.000000
0.000000	64728.000000
0.000000	64728.000000
0.000000	64728.000000
0.000000	64728.000000
0.000000	64728.000000
0.000000	64728.000000
0.000000	64728.000000
0.000000	64729.000000
0.000000	64729.000000
0.000000	64729.000000
0.000000	64729.000000
0.000000	64729.000000
0.000000	64729.000000
0.000000	64729.000000
0.000000	64729.000000
0.000000	64729.000000
0.000000	64729.000000
0.000000	64729.000000
0.000000	64729.000000
0.000000	64729.000000
0.000000	64729.000000
0.000000	64729.000000
0.000000	64729.000000
0.000000	64729.000000
0.000000	64730.000000
0.000000	64730.000000
0.000000	64730.000000
0.000000	64730.000000
0.000000	64730.000000
0.000000	64730.000000
0.000000	64730.000000
0.000000	64730.000000
0.000000	64730.000000
0.000000	64730.000000
0.000000	64730.000000
0.000000	64730.000000
0.000000	64730.000000
0.000000	64730.000000
0.000000	64730.000000
0.000000	64730.000000
0.000000	64730.000000
0.000000	64731.000000
0.000000	64731.000000
0.000000	64731.000000
0.000000	64731.000000
0.000000	64731.000000
0.000000	64731.000000
0.000000	64731.000000
0.000000	64731.000000
0.000000	64731.000000
0.000000	64731.000000
0.000000	64731.000000
0.000000	64731.000000
0.000000	64731.000000
0.000000	64731.000000
0.000000	64731.000000
0.000000	64731.000000
0.000000	64731.000000
0.000000	64732.000000
0.000000	64732.000000
0.000000	64732.000000
0.000000	64732.000000
0.000000	64732.000000
0.000000	64732.000000
0.000000	64732.000000
0.000000	64732.000000
0.000000	64732.000000
0.000000	64732.000000
0.000000	64732.000000
0.000000	64732.000000
0.000000	64732.000000
0.000000	64732.000000
0.000000	64732.000000
0.000000	64732.000000
0.000000	64732.000000
0.000000	64733.000000
0.000000	64733.000000
0.000000	64733.000000
0.000000	64733.000000
0.000000	64733.000000
0.000000	64733.000000
0.000000	64733.000000
0.000000	64733.000000
0.000000	64733.000000
0.000000	64733.000000
0.000000	64733.000000
0.000000	64733.000000
0.000000	64733.000000
0.000000	64733.000000
0.000000	64733.000000
0.000000	64733.000000
0.000000	64733.000000
0.000000	64734.000000
0.000000	64734.000000
0.000000	64734.000000
0.000000	64734.000000
0.000000	64734.000000
0.000000	64734.000000
0.000000	64734.000000
0.000000	64734.000000
0.000000	64734.000000
0.000000	64734.000000
0.000000	64734.000000
0.000000	64734.000000
0.000000	64734.000000
0.000000	64734.000000
0.000000	64734.000000
0.000000	64734.000000
0.000000	64734.000000
0.000000	64735.000000
0.000000	64735.000000
0.000000	64735.000000
0.000000	64735.000000
0.000000	64735.000000
0.000000	64735.000000
0.000000	64735.000000
0.000000	64735.000000
0.000000	64735.000000
0.000000	64735.000000
0.000000	64735.000000
0.000000	64735.000000
0.000000	64735.000000
0.000000	64735.000000
0.000000	64735.000000
0.000000	64735.000000
0.000000	64735.000000
0.000000	64736.000000
0.000000	64736.000000
0.000000	64736.000000
0.000000	64736.000000
0.000000	64736.000000
0.000000	64736.000000
0.000000	64736.000000
0.000000	64736.000000
0.000000	64736.000000
0.000000	64736.000000
0.000000	64736.000000
0.000000	64736.000000
0.000000	64736.000000
0.000000	64736.000000
0.000000	64736.000000
0.000000	64736.000000
0.000000	64736.000000
0.000000	64736.000000
0.000000	64737.000000
0.000000	64737.000000
0.000000	64737.000000
0.000000	64737.000000
0.000000	64737.000000
0.000000	64737.000000
0.000000	64737.000000
0.000000	64737.000000
0.000000	64737.000000
0.000000	64737.000000
0.000000	64737.000000
0.000000	64737.000000
0.000000	64737.000000
0.000000	64737.000000
0.000000	64737.000000
0.000000	64737.000000
0.000000	64737.000000
0.000000	64738.000000
0.000000	64738.000000
0.000000	64738.000000
0.000000	64738.000000
0.000000	64738.000000
0.000000	64738.000000
0.000000	64738.000000
0.000000	64738.000000
0.000000	64738.000000
0.000000	64738.000000
0.000000	64738.000000
0.000000	64738.000000
0.000000	64738.000000
0.000000	64738.000000
0.000000	64738.000000
0.000000	64738.000000
0.000000	64738.000000
0.000000	64739.000000
0.000000	64739.000000
0.000000	64739.000000
0.000000	64739.000000
0.000000	64739.000000
0.000000	64739.000000
0.000000	64739.000000
0.000000	64739.000000
0.000000	64739.000000
0.000000	64739.000000
0.000000	64739.000000
0.000000	64739.000000
0.000000	64739.000000
0.000000	64739.000000
0.000000	64739.000000
0.000000	64739.000000
0.000000	64739.000000
0.000000	64740.000000
0.000000	64740.000000
0.000000	64740.000000
0.000000	64740.000000
0.000000	64740.000000
0.000000	64740.000000
0.000000	64740.000000
0.000000	64740.000000
0.000000	64740.000000
0.000000	64740.000000
0.000000	64740.000000
0.000000	64740.000000
0.000000	64740.000000
0.000000	64740.000000
0.000000	64740.000000
0.000000	64740.000000
0.000000	64740.000000
0.000000	64741.000000
0.000000	64741.000000
0.000000	64741.000000
0.000000	64741.000000
0.000000	64741.000000
0.000000	64741.000000
0.000000	64741.000000
0.000000	64741.000000
0.000000	64741.000000
0.000000	64741.000000
0.000000	64741.000000
0.000000	64741.000000
0.000000	64741.000000
0.000000	64741.000000
0.000000	64741.000000
0.000000	64741.000000
0.000000	64741.000000
0.000000	64742.000000
0.000000	64742.000000
0.000000	64742.000000
0.000000	64742.000000
0.000000	64742.000000
0.000000	64742.000000
0.000000	64742.000000
0.000000	64742.000000
0.000000	64742.000000
0.000000	64742.000000
0.000000	64742.000000
0.000000	64742.000000
0.000000	64742.000000
0.000000	64742.000000
0.000000	64742.000000
0.000000	64742.000000
0.000000	64742.000000
0.000000	64743.000000
0.000000	64743.000000
0.000000	64743.000000
0.000000	64743.000000
0.000000	64743.000000
0.000000	64743.000000
0.000000	64743.000000
0.000000	64743.000000
0.000000	64743.000000
0.000000	64743.000000
0.000000	64743.000000
0.000000	64743.000000
0.000000	64743.000000
0.000000	64743.000000
0.000000	64743.000000
0.000000	64743.000000
0.000000	64743.000000
0.000000	64744.000000
0.000000	64744.000000
0.000000	64744.000000
0.000000	64744.000000
0.000000	64744.000000
0.000000	64744.000000
0.000000	64744.000000
0.000000	64744.000000
0.000000	64744.000000
0.000000	64744.000000
0.000000	64744.000000
0.000000	64744.000000
0.000000	64744.000000
0.000000	64744.000000
0.000000	64744.000000
0.000000	64744.000000
0.000000	64744.000000
0.000000	64745.000000
0.000000	64745.000000
0.000000	64745.000000
0.000000	64745.000000
0.000000	64745.000000
0.000000	64745.000000
0.000000	64745.000000
0.000000	64745.000000
0.000000	64745.000000
0.000000	64745.000000
0.000000	64745.000000
0.000000	64745.000000
0.000000	64745.000000
0.000000	64745.000000
0.000000	64745.000000
0.000000	64745.000000
0.000000	64745.000000
0.000000	64746.000000
0.000000	64746.000000
0.000000	64746.000000
0.000000	64746.000000
0.000000	64746.000000
0.000000	64746.000000
0.000000	64746.000000
0.000000	64746.000000
0.000000	64746.000000
0.000000	64746.000000
0.000000	64746.000000
0.000000	64746.000000
0.000000	64746.000000
0.000000	64746.000000
0.000000	64746.000000
0.000000	64746.000000
0.000000	64746.000000
0.000000	64747.000000
0.000000	64747.000000
0.000000	64747.000000
0.000000	64747.000000
0.000000	64747.000000
0.000000	64747.000000
0.000000	64747.000000
0.000000	64747.000000
0.000000	64747.000000
0.000000	64747.000000
0.000000	64747.000000
0.000000	64747.000000
0.000000	64747.000000
0.000000	64747.000000
0.000000	64747.000000
0.000000	64747.000000
0.000000	64747.000000
0.000000	64748.000000
0.000000	64748.000000
0.000000	64748.000000
0.000000	64748.000000
0.000000	64748.000000
0.000000	64748.000000
0.000000	64748.000000
0.000000	64748.000000
0.000000	64748.000000
0.000000	64748.000000
0.000000	64748.000000
0.000000	64748.000000
0.000000	64748.000000
0.000000	64748.000000
0.000000	64748.000000
0.000000	64748.000000
0.000000	64748.000000
0.000000	64749.000000
0.000000	64749.000000
0.000000	64749.000000
0.000000	64749.000000
0.000000	64749.000000
0.000000	64749.000000
0.000000	64749.000000
0.000000	64749.000000
0.000000	64749.000000
0.000000	64749.000000
0.000000	64749.000000
0.000000	64749.000000
0.000000	64749.000000
0.000000	64749.000000
0.000000	64749.000000
0.000000	64749.000000
0.000000	64749.000000
0.000000	64750.000000
0.000000	64750.000000
0.000000	64750.000000
0.000000	64750.000000
0.000000	64750.000000
0.000000	64750.000000
0.000000	64750.000000
0.000000	64750.000000
0.000000	64750.000000
0.000000	64750.000000
0.000000	64750.000000
0.000000	64750.000000
0.000000	64750.000000
0.000000	64750.000000
0.000000	64750.000000
0.000000	64750.000000
0.000000	64750.000000
0.000000	64751.000000
0.000000	64751.000000
0.000000	64751.000000
0.000000	64751.000000
0.000000	64751.000000
0.000000	64751.000000
0.000000	64751.000000
0.000000	64751.000000
0.000000	64751.000000
0.000000	64751.000000
0.000000	64751.000000
0.000000	64751.000000
0.000000	64751.000000
0.000000	64751.000000
0.000000	64751.000000
0.000000	64751.000000
0.000000	64751.000000
0.000000	64751.000000
0.000000	64752.000000
0.000000	64752.000000
0.000000	64752.000000
0.000000	64752.000000
0.000000	64752.000000
0.000000	64752.000000
0.000000	64752.000000
0.000000	64752.000000
0.000000	64752.000000
0.000000	64752.000000
0.000000	64752.000000
0.000000	64752.000000
0.000000	64752.000000
0.000000	64752.000000
0.000000	64752.000000
0.000000	64752.000000
0.000000	64752.000000
0.000000	64753.000000
0.000000	64753.000000
0.000000	64753.000000
0.000000	64753.000000
0.000000	64753.000000
0.000000	64753.000000
0.000000	64753.000000
0.000000	64753.000000
0.000000	64753.000000
0.000000	64753.000000
0.000000	64753.000000
0.000000	64753.000000
0.000000	64753.000000
0.000000	64753.000000
0.000000	64753.000000
0.000000	64753.000000
0.000000	64753.000000
0.000000	64754.000000
0.000000	64754.000000
0.000000	64754.000000
0.000000	64754.000000
0.000000	64754.000000
0.000000	64754.000000
0.000000	64754.000000
0.000000	64754.000000
0.000000	64754.000000
0.000000	64754.000000
0.000000	64754.000000
0.000000	64754.000000
0.000000	64754.000000
0.000000	64754.000000
0.000000	64754.000000
0.000000	64754.000000
0.000000	64754.000000
0.000000	64755.000000
0.000000	64755.000000
0.000000	64755.000000
0.000000	64755.000000
0.000000	64755.000000
0.000000	64755.000000
0.000000	64755.000000
0.000000	64755.000000
0.000000	64755.000000
0.000000	64755.000000
0.000000	64755.000000
0.000000	64755.000000
0.000000	64755.000000
0.000000	64755.000000
0.000000	64755.000000
0.000000	64755.000000
0.000000	64755.000000
0.000000	64756.000000
0.000000	64756.000000
0.000000	64756.000000
0.000000	64756.000000
0.000000	64756.000000
0.000000	64756.000000
0.000000	64756.000000
0.000000	64756.000000
0.000000	64756.000000
0.000000	64756.000000
0.000000	64756.000000
0.000000	64756.000000
0.000000	64756.000000
0.000000	64756.000000
0.000000	64756.000000
0.000000	64756.000000
0.000000	64756.000000
0.000000	64757.000000
0.000000	64757.000000
0.000000	64757.000000
0.000000	64757.000000
0.000000	64757.000000
0.000000	64757.000000
0.000000	64757.000000
0.000000	64757.000000
0.000000	64757.000000
0.000000	64757.000000
0.000000	64757.000000
0.000000	64757.000000
0.000000	64757.000000
0.000000	64757.000000
0.000000	64757.000000
0.000000	64757.000000
0.000000	64757.000000
0.000000	64758.000000
0.000000	64758.000000
0.000000	64758.000000
0.000000	64758.000000
0.000000	64758.000000
0.000000	64758.000000
0.000000	64758.000000
0.000000	64758.000000
0.000000	64758.000000
0.000000	64758.000000
0.000000	64758.000000
0.000000	64758.000000
0.000000	64758.000000
0.000000	64758.000000
0.000000	64758.000000
0.000000	64758.000000
0.000000	64758.000000
0.000000	64759.000000
0.000000	64759.000000
0.000000	64759.000000
0.000000	64759.000000
0.000000	64759.000000
0.000000	64759.000000
0.000000	64759.000000
0.000000	64759.000000
0.000000	64759.000000
0.000000	64759.000000
0.000000	64759.000000
0.000000	64759.000000
0.000000	64759.000000
0.000000	64759.000000
0.000000	64759.000000
0.000000	64759.000000
0.000000	64759.000000
0.000000	64800.000000
0.000000	64800.000000
0.000000	64800.000000
0.000000	64800.000000
0.000000	64800.000000
0.000000	64800.000000
0.000000	64800.000000
0.000000	64800.000000
0.000000	64800.000000
0.000000	64800.000000
0.000000	64800.000000
0.000000	64800.000000
0.000000	64800.000000
0.000000	64800.000000
0.000000	64800.000000
0.000000	64800.000000
0.000000	64800.000000
0.000000	64801.000000
0.000000	64801.000000
0.000000	64801.000000
0.000000	64801.000000
0.000000	64801.000000
0.000000	64801.000000
0.000000	64801.000000
0.000000	64801.000000
0.000000	64801.000000
0.000000	64801.000000
0.000000	64801.000000
0.000000	64801.000000
0.000000	64801.000000
0.000000	64801.000000
0.000000	64801.000000
0.000000	64801.000000
0.000000	64801.000000
0.000000	64802.000000
0.000000	64802.000000
0.000000	64802.000000
0.000000	64802.000000
0.000000	64802.000000
0.000000	64802.000000
0.000000	64802.000000
0.000000	64802.000000
0.000000	64802.000000
0.000000	64802.000000
0.000000	64802.000000
0.000000	64802.000000
0.000000	64802.000000
0.000000	64802.000000
0.000000	64802.000000
0.000000	64802.000000
0.000000	64802.000000
0.000000	64803.000000
0.000000	64803.000000
0.000000	64803.000000
0.000000	64803.000000
0.000000	64803.000000
0.000000	64803.000000
0.000000	64803.000000
0.000000	64803.000000
0.000000	64803.000000
0.000000	64803.000000
0.000000	64803.000000
0.000000	64803.000000
0.000000	64803.000000
0.000000	64803.000000
0.000000	64803.000000
0.000000	64803.000000
0.000000	64803.000000
0.000000	64804.000000
0.000000	64804.000000
0.000000	64804.000000
0.000000	64804.000000
0.000000	64804.000000
0.000000	64804.000000
0.000000	64804.000000
0.000000	64804.000000
0.000000	64804.000000
0.000000	64804.000000
0.000000	64804.000000
0.000000	64804.000000
0.000000	64804.000000
0.000000	64804.000000
0.000000	64804.000000
0.000000	64804.000000
0.000000	64804.000000
0.000000	64805.000000
0.000000	64805.000000
0.000000	64805.000000
0.000000	64805.000000
0.000000	64805.000000
0.000000	64805.000000
0.000000	64805.000000
0.000000	64805.000000
0.000000	64805.000000
0.000000	64805.000000
0.000000	64805.000000
0.000000	64805.000000
0.000000	64805.000000
0.000000	64805.000000
0.000000	64805.000000
0.000000	64805.000000
0.000000	64805.000000
0.000000	64805.000000
0.000000	64806.000000
0.000000	64806.000000
0.000000	64806.000000
0.000000	64806.000000
0.000000	64806.000000
0.000000	64806.000000
0.000000	64806.000000
0.000000	64806.000000
0.000000	64806.000000
0.000000	64806.000000
0.000000	64806.000000
0.000000	64806.000000
0.000000	64806.000000
0.000000	64806.000000
0.000000	64806.000000
0.000000	64806.000000
0.000000	64806.000000
0.000000	64807.000000
0.000000	64807.000000
0.000000	64807.000000
0.000000	64807.000000
0.000000	64807.000000
0.000000	64807.000000
0.000000	64807.000000
0.000000	64807.000000
0.000000	64807.000000
0.000000	64807.000000
0.000000	64807.000000
0.000000	64807.000000
0.000000	64807.000000
0.000000	64807.000000
0.000000	64807.000000
0.000000	64807.000000
0.000000	64807.000000
0.000000	64808.000000
0.000000	64808.000000
0.000000	64808.000000
0.000000	64808.000000
0.000000	64808.000000
0.000000	64808.000000
0.000000	64808.000000
0.000000	64808.000000
0.000000	64808.000000
0.000000	64808.000000
0.000000	64808.000000
0.000000	64808.000000
0.000000	64808.000000
0.000000	64808.000000
0.000000	64808.000000
0.000000	64808.000000
0.000000	64808.000000
0.000000	64809.000000
0.000000	64809.000000
0.000000	64809.000000
0.000000	64809.000000
0.000000	64809.000000
0.000000	64809.000000
0.000000	64809.000000
0.000000	64809.000000
0.000000	64809.000000
0.000000	64809.000000
0.000000	64809.000000
0.000000	64809.000000
0.000000	64809.000000
0.000000	64809.000000
0.000000	64809.000000
0.000000	64809.000000
0.000000	64809.000000
0.000000	64810.000000
0.000000	64810.000000
0.000000	64810.000000
0.000000	64810.000000
0.000000	64810.000000
0.000000	64810.000000
0.000000	64810.000000
0.000000	64810.000000
0.000000	64810.000000
0.000000	64810.000000
0.000000	64810.000000
0.000000	64810.000000
0.000000	64810.000000
0.000000	64810.000000
0.000000	64810.000000
0.000000	64810.000000
0.000000	64810.000000
0.000000	64811.000000
0.000000	64811.000000
0.000000	64811.000000
0.000000	64811.000000
0.000000	64811.000000
0.000000	64811.000000
0.000000	64811.000000
0.000000	64811.000000
0.000000	64811.000000
0.000000	64811.000000
0.000000	64811.000000
0.000000	64811.000000
0.000000	64811.000000
0.000000	64811.000000
0.000000	64811.000000
0.000000	64811.000000
0.000000	64811.000000
0.000000	64812.000000
0.000000	64812.000000
0.000000	64812.000000
0.000000	64812.000000
0.000000	64812.000000
0.000000	64812.000000
0.000000	64812.000000
0.000000	64812.000000
0.000000	64812.000000
0.000000	64812.000000
0.000000	64812.000000
0.000000	64812.000000
0.000000	64812.000000
0.000000	64812.000000
0.000000	64812.000000
0.000000	64812.000000
0.000000	64812.000000
0.000000	64813.000000
0.000000	64813.000000
0.000000	64813.000000
0.000000	64813.000000
0.000000	64813.000000
0.000000	64813.000000
0.000000	64813.000000
0.000000	64813.000000
0.000000	64813.000000
0.000000	64813.000000
0.000000	64813.000000
0.000000	64813.000000
0.000000	64813.000000
0.000000	64813.000000
0.000000	64813.000000
0.000000	64813.000000
0.000000	64813.000000
0.000000	64814.000000
0.000000	64814.000000
0.000000	64814.000000
0.000000	64814.000000
0.000000	64814.000000
0.000000	64814.000000
0.000000	64814.000000
0.000000	64814.000000
0.000000	64814.000000
0.000000	64814.000000
0.000000	64814.000000
0.000000	64814.000000
0.000000	64814.000000
0.000000	64814.000000
0.000000	64814.000000
0.000000	64814.000000
0.000000	64814.000000
0.000000	64815.000000
0.000000	64815.000000
0.000000	64815.000000
0.000000	64815.000000
0.000000	64815.000000
0.000000	64815.000000
0.000000	64815.000000
0.000000	64815.000000
0.000000	64815.000000
0.000000	64815.000000
0.000000	64815.000000
0.000000	64815.000000
0.000000	64815.000000
0.000000	64815.000000
0.000000	64815.000000
0.000000	64815.000000
0.000000	64815.000000
0.000000	64816.000000
0.000000	64816.000000
0.000000	64816.000000
0.000000	64816.000000
0.000000	64816.000000
0.000000	64816.000000
0.000000	64816.000000
0.000000	64816.000000
0.000000	64816.000000
0.000000	64816.000000
0.000000	64816.000000
0.000000	64816.000000
0.000000	64816.000000
0.000000	64816.000000
0.000000	64816.000000
0.000000	64816.000000
0.000000	64816.000000
0.000000	64817.000000
0.000000	64817.000000
0.000000	64817.000000
0.000000	64817.000000
0.000000	64817.000000
0.000000	64817.000000
0.000000	64817.000000
0.000000	64817.000000
0.000000	64817.000000
0.000000	64817.000000
0.000000	64817.000000
0.000000	64817.000000
0.000000	64817.000000
0.000000	64817.000000
0.000000	64817.000000
0.000000	64817.000000
0.000000	64817.000000
0.000000	64818.000000
0.000000	64818.000000
0.000000	64818.000000
0.000000	64818.000000
0.000000	64818.000000
0.000000	64818.000000
0.000000	64818.000000
0.000000	64818.000000
0.000000	64818.000000
0.000000	64818.000000
0.000000	64818.000000
0.000000	64818.000000
0.000000	64818.000000
0.000000	64818.000000
0.000000	64818.000000
0.000000	64818.000000
0.000000	64818.000000
0.000000	64819.000000
0.000000	64819.000000
0.000000	64819.000000
0.000000	64819.000000
0.000000	64819.000000
0.000000	64819.000000
0.000000	64819.000000
0.000000	64819.000000
0.000000	64819.000000
0.000000	64819.000000
0.000000	64819.000000
0.000000	64819.000000
0.000000	64819.000000
0.000000	64819.000000
0.000000	64819.000000
0.000000	64819.000000
0.000000	64819.000000
0.000000	64820.000000
0.000000	64820.000000
0.000000	64820.000000
0.000000	64820.000000
0.000000	64820.000000
0.000000	64820.000000
0.000000	64820.000000
0.000000	64820.000000
0.000000	64820.000000
0.000000	64820.000000
0.000000	64820.000000
0.000000	64820.000000
0.000000	64820.000000
0.000000	64820.000000
0.000000	64820.000000
0.000000	64820.000000
0.000000	64820.000000
0.000000	64820.000000
0.000000	64821.000000
0.000000	64821.000000
0.000000	64821.000000
0.000000	64821.000000
0.000000	64821.000000
0.000000	64821.000000
0.000000	64821.000000
0.000000	64821.000000
0.000000	64821.000000
0.000000	64821.000000
0.000000	64821.000000
0.000000	64821.000000
0.000000	64821.000000
0.000000	64821.000000
0.000000	64821.000000
0.000000	64821.000000
0.000000	64821.000000
0.000000	64822.000000
0.000000	64822.000000
0.000000	64822.000000
0.000000	64822.000000
0.000000	64822.000000
0.000000	64822.000000
0.000000	64822.000000
0.000000	64822.000000
0.000000	64822.000000
0.000000	64822.000000
0.000000	64822.000000
0.000000	64822.000000
0.000000	64822.000000
0.000000	64822.000000
0.000000	64822.000000
0.000000	64822.000000
0.000000	64822.000000
0.000000	64823.000000
0.000000	64823.000000
0.000000	64823.000000
0.000000	64823.000000
0.000000	64823.000000
0.000000	64823.000000
0.000000	64823.000000
0.000000	64823.000000
0.000000	64823.000000
0.000000	64823.000000
0.000000	64823.000000
0.000000	64823.000000
0.000000	64823.000000
0.000000	64823.000000
0.000000	64823.000000
0.000000	64823.000000
0.000000	64823.000000
0.000000	64824.000000
0.000000	64824.000000
0.000000	64824.000000
0.000000	64824.000000
0.000000	64824.000000
0.000000	64824.000000
0.000000	64824.000000
0.000000	64824.000000
0.000000	64824.000000
0.000000	64824.000000
0.000000	64824.000000
0.000000	64824.000000
0.000000	64824.000000
0.000000	64824.000000
0.000000	64824.000000
0.000000	64824.000000
0.000000	64824.000000
0.000000	64825.000000
0.000000	64825.000000
0.000000	64825.000000
0.000000	64825.000000
0.000000	64825.000000
0.000000	64825.000000
0.000000	64825.000000
0.000000	64825.000000
0.000000	64825.000000
0.000000	64825.000000
0.000000	64825.000000
0.000000	64825.000000
0.000000	64825.000000
0.000000	64825.000000
0.000000	64825.000000
0.000000	64825.000000
0.000000	64825.000000
0.000000	64826.000000
0.000000	64826.000000
0.000000	64826.000000
0.000000	64826.000000
0.000000	64826.000000
0.000000	64826.000000
0.000000	64826.000000
0.000000	64826.000000
0.000000	64826.000000
0.000000	64826.000000
0.000000	64826.000000
0.000000	64826.000000
0.000000	64826.000000
0.000000	64826.000000
0.000000	64826.000000
0.000000	64826.000000
0.000000	64826.000000
0.000000	64827.000000
0.000000	64827.000000
0.000000	64827.000000
0.000000	64827.000000
0.000000	64827.000000
0.000000	64827.000000
0.000000	64827.000000
0.000000	64827.000000
0.000000	64827.000000
0.000000	64827.000000
0.000000	64827.000000
0.000000	64827.000000
0.000000	64827.000000
0.000000	64827.000000
0.000000	64827.000000
0.000000	64827.000000
0.000000	64827.000000
0.000000	64828.000000
0.000000	64828.000000
0.000000	64828.000000
0.000000	64828.000000
0.000000	64828.000000
0.000000	64828.000000
0.000000	64828.000000
0.000000	64828.000000
0.000000	64828.000000
0.000000	64828.000000
0.000000	64828.000000
0.000000	64828.000000
0.000000	64828.000000
0.000000	64828.000000
0.000000	64828.000000
0.000000	64828.000000
0.000000	64828.000000
0.000000	64829.000000
0.000000	64829.000000
0.000000	64829.000000
0.000000	64829.000000
0.000000	64829.000000
0.000000	64829.000000
0.000000	64829.000000
0.000000	64829.000000
0.000000	64829.000000
0.000000	64829.000000
0.000000	64829.000000
0.000000	64829.000000
0.000000	64829.000000
0.000000	64829.000000
0.000000	64829.000000
0.000000	64829.000000
0.000000	64829.000000
0.000000	64830.000000
0.000000	64830.000000
0.000000	64830.000000
0.000000	64830.000000
0.000000	64830.000000
0.000000	64830.000000
0.000000	64830.000000
0.000000	64830.000000
0.000000	64830.000000
0.000000	64830.000000
0.000000	64830.000000
0.000000	64830.000000
0.000000	64830.000000
0.000000	64830.000000
0.000000	64830.000000
0.000000	64830.000000
0.000000	64830.000000
0.000000	64831.000000
0.000000	64831.000000
0.000000	64831.000000
0.000000	64831.000000
0.000000	64831.000000
0.000000	64831.000000
0.000000	64831.000000
0.000000	64831.000000
0.000000	64831.000000
0.000000	64831.000000
0.000000	64831.000000
0.000000	64831.000000
0.000000	64831.000000
0.000000	64831.000000
0.000000	64831.000000
0.000000	64831.000000
0.000000	64831.000000
0.000000	64832.000000
0.000000	64832.000000
0.000000	64832.000000
0.000000	64832.000000
0.000000	64832.000000
0.000000	64832.000000
0.000000	64832.000000
0.000000	64832.000000
0.000000	64832.000000
0.000000	64832.000000
0.000000	64832.000000
0.000000	64832.000000
0.000000	64832.000000
0.000000	64832.000000
0.000000	64832.000000
0.000000	64832.000000
0.000000	64832.000000
0.000000	64833.000000
0.000000	64833.000000
0.000000	64833.000000
0.000000	64833.000000
0.000000	64833.000000
0.000000	64833.000000
0.000000	64833.000000
0.000000	64833.000000
0.000000	64833.000000
0.000000	64833.000000
0.000000	64833.000000
0.000000	64833.000000
0.000000	64833.000000
0.000000	64833.000000
0.000000	64833.000000
0.000000	64833.000000
0.000000	64833.000000
0.000000	64834.000000
0.000000	64834.000000
0.000000	64834.000000
0.000000	64834.000000
0.000000	64834.000000
0.000000	64834.000000
0.000000	64834.000000
0.000000	64834.000000
0.000000	64834.000000
0.000000	64834.000000
0.000000	64834.000000
0.000000	64834.000000
0.000000	64834.000000
0.000000	64834.000000
0.000000	64834.000000
0.000000	64834.000000
0.000000	64834.000000
0.000000	64835.000000
0.000000	64835.000000
0.000000	64835.000000
0.000000	64835.000000
0.000000	64835.000000
0.000000	64835.000000
0.000000	64835.000000
0.000000	64835.000000
0.000000	64835.000000
0.000000	64835.000000
0.000000	64835.000000
0.000000	64835.000000
0.000000	64835.000000
0.000000	64835.000000
0.000000	64835.000000
0.000000	64835.000000
0.000000	64835.000000
0.000000	64836.000000
0.000000	64836.000000
0.000000	64836.000000
0.000000	64836.000000
0.000000	64836.000000
0.000000	64836.000000
0.000000	64836.000000
0.000000	64836.000000
0.000000	64836.000000
0.000000	64836.000000
0.000000	64836.000000
0.000000	64836.000000
0.000000	64836.000000
0.000000	64836.000000
0.000000	64836.000000
0.000000	64836.000000
0.000000	64836.000000
0.000000	64836.000000
0.000000	64837.000000
0.000000	64837.000000
0.000000	64837.000000
0.000000	64837.000000
0.000000	64837.000000
0.000000	64837.000000
0.000000	64837.000000
0.000000	64837.000000
0.000000	64837.000000
0.000000	64837.000000
0.000000	64837.000000
0.000000	64837.000000
0.000000	64837.000000
0.000000	64837.000000
0.000000	64837.000000
0.000000	64837.000000
0.000000	64837.000000
0.000000	64838.000000
0.000000	64838.000000
0.000000	64838.000000
0.000000	64838.000000
0.000000	64838.000000
0.000000	64838.000000
0.000000	64838.000000
0.000000	64838.000000
0.000000	64838.000000
0.000000	64838.000000
0.000000	64838.000000
0.000000	64838.000000
0.000000	64838.000000
0.000000	64838.000000
0.000000	64838.000000
0.000000	64838.000000
0.000000	64838.000000
0.000000	64839.000000
0.000000	64839.000000
0.000000	64839.000000
0.000000	64839.000000
0.000000	64839.000000
0.000000	64839.000000
0.000000	64839.000000
0.000000	64839.000000
0.000000	64839.000000
0.000000	64839.000000
0.000000	64839.000000
0.000000	64839.000000
0.000000	64839.000000
0.000000	64839.000000
0.000000	64839.000000
0.000000	64839.000000
0.000000	64839.000000
0.000000	64840.000000
0.000000	64840.000000
0.000000	64840.000000
0.000000	64840.000000
0.000000	64840.000000
0.000000	64840.000000
0.000000	64840.000000
0.000000	64840.000000
0.000000	64840.000000
0.000000	64840.000000
0.000000	64840.000000
0.000000	64840.000000
0.000000	64840.000000
0.000000	64840.000000
0.000000	64840.000000
0.000000	64840.000000
0.000000	64840.000000
0.000000	64841.000000
0.000000	64841.000000
0.000000	64841.000000
0.000000	64841.000000
0.000000	64841.000000
0.000000	64841.000000
0.000000	64841.000000
0.000000	64841.000000
0.000000	64841.000000
0.000000	64841.000000
0.000000	64841.000000
0.000000	64841.000000
0.000000	64841.000000
0.000000	64841.000000
0.000000	64841.000000
0.000000	64841.000000
0.000000	64841.000000
0.000000	64842.000000
0.000000	64842.000000
0.000000	64842.000000
0.000000	64842.000000
0.000000	64842.000000
0.000000	64842.000000
0.000000	64842.000000
0.000000	64842.000000
0.000000	64842.000000
0.000000	64842.000000
0.000000	64842.000000
0.000000	64842.000000
0.000000	64842.000000
0.000000	64842.000000
0.000000	64842.000000
0.000000	64842.000000
0.000000	64842.000000
0.000000	64843.000000
0.000000	64843.000000
0.000000	64843.000000
0.000000	64843.000000
0.000000	64843.000000
0.000000	64843.000000
0.000000	64843.000000
0.000000	64843.000000
0.000000	64843.000000
0.000000	64843.000000
0.000000	64843.000000
0.000000	64843.000000
0.000000	64843.000000
0.000000	64843.000000
0.000000	64843.000000
0.000000	64843.000000
0.000000	64843.000000
0.000000	64844.000000
0.000000	64844.000000
0.000000	64844.000000
0.000000	64844.000000
0.000000	64844.000000
0.000000	64844.000000
0.000000	64844.000000
0.000000	64844.000000
0.000000	64844.000000
0.000000	64844.000000
0.000000	64844.000000
0.000000	64844.000000
0.000000	64844.000000
0.000000	64844.000000
0.000000	64844.000000
0.000000	64844.000000
0.000000	64844.000000
0.000000	64845.000000
0.000000	64845.000000
0.000000	64845.000000
0.000000	64845.000000
0.000000	64845.000000
0.000000	64845.000000
0.000000	64845.000000
0.000000	64845.000000
0.000000	64845.000000
0.000000	64845.000000
0.000000	64845.000000
0.000000	64845.000000
0.000000	64845.000000
0.000000	64845.000000
0.000000	64845.000000
0.000000	64845.000000
0.000000	64845.000000
0.000000	64846.000000
0.000000	64846.000000
0.000000	64846.000000
0.000000	64846.000000
0.000000	64846.000000
0.000000	64846.000000
0.000000	64846.000000
0.000000	64846.000000
0.000000	64846.000000
0.000000	64846.000000
0.000000	64846.000000
0.000000	64846.000000
0.000000	64846.000000
0.000000	64846.000000
0.000000	64846.000000
0.000000	64846.000000
0.000000	64846.000000
0.000000	64847.000000
0.000000	64847.000000
0.000000	64847.000000
0.000000	64847.000000
0.000000	64847.000000
0.000000	64847.000000
0.000000	64847.000000
0.000000	64847.000000
0.000000	64847.000000
0.000000	64847.000000
0.000000	64847.000000
0.000000	64847.000000
0.000000	64847.000000
0.000000	64847.000000
0.000000	64847.000000
0.000000	64847.000000
0.000000	64847.000000
0.000000	64848.000000
0.000000	64848.000000
0.000000	64848.000000
0.000000	64848.000000
0.000000	64848.000000
0.000000	64848.000000
0.000000	64848.000000
0.000000	64848.000000
0.000000	64848.000000
0.000000	64848.000000
0.000000	64848.000000
0.000000	64848.000000
0.000000	64848.000000
0.000000	64848.000000
0.000000	64848.000000
0.000000	64848.000000
0.000000	64848.000000
0.000000	64849.000000
0.000000	64849.000000
0.000000	64849.000000
0.000000	64849.000000
0.000000	64849.000000
0.000000	64849.000000
0.000000	64849.000000
0.000000	64849.000000
0.000000	64849.000000
0.000000	64849.000000
0.000000	64849.000000
0.000000	64849.000000
0.000000	64849.000000
0.000000	64849.000000
0.000000	64849.000000
0.000000	64849.000000
0.000000	64849.000000
0.000000	64850.000000
0.000000	64850.000000
0.000000	64850.000000
0.000000	64850.000000
0.000000	64850.000000
0.000000	64850.000000
0.000000	64850.000000
0.000000	64850.000000
0.000000	64850.000000
0.000000	64850.000000
0.000000	64850.000000
0.000000	64850.000000
0.000000	64850.000000
0.000000	64850.000000
0.000000	64850.000000
0.000000	64850.000000
0.000000	64850.000000
0.000000	64851.000000
0.000000	64851.000000
0.000000	64851.000000
0.000000	64851.000000
0.000000	64851.000000
0.000000	64851.000000
0.000000	64851.000000
0.000000	64851.000000
0.000000	64851.000000
0.000000	64851.000000
0.000000	64851.000000
0.000000	64851.000000
0.000000	64851.000000
0.000000	64851.000000
0.000000	64851.000000
0.000000	64851.000000
0.000000	64851.000000
0.000000	64851.000000
0.000000	64852.000000
0.000000	64852.000000
0.000000	64852.000000
0.000000	64852.000000
0.000000	64852.000000
0.000000	64852.000000
0.000000	64852.000000
0.000000	64852.000000
0.000000	64852.000000
0.000000	64852.000000
0.000000	64852.000000
0.000000	64852.000000
0.000000	64852.000000
0.000000	64852.000000
0.000000	64852.000000
0.000000	64852.000000
0.000000	64852.000000
0.000000	64853.000000
0.000000	64853.000000
0.000000	64853.000000
0.000000	64853.000000
0.000000	64853.000000
0.000000	64853.000000
0.000000	64853.000000
0.000000	64853.000000
0.000000	64853.000000
0.000000	64853.000000
0.000000	64853.000000
0.000000	64853.000000
0.000000	64853.000000
0.000000	64853.000000
0.000000	64853.000000
0.000000	64853.000000
0.000000	64853.000000
0.000000	64854.000000
0.000000	64854.000000
0.000000	64854.000000
0.000000	64854.000000
0.000000	64854.000000
0.000000	64854.000000
0.000000	64854.000000
0.000000	64854.000000
0.000000	64854.000000
0.000000	64854.000000
0.000000	64854.000000
0.000000	64854.000000
0.000000	64854.000000
0.000000	64854.000000
0.000000	64854.000000
0.000000	64854.000000
0.000000	64854.000000
0.000000	64855.000000
0.000000	64855.000000
0.000000	64855.000000
0.000000	64855.000000
0.000000	64855.000000
0.000000	64855.000000
0.000000	64855.000000
0.000000	64855.000000
0.000000	64855.000000
0.000000	64855.000000
0.000000	64855.000000
0.000000	64855.000000
0.000000	64855.000000
0.000000	64855.000000
0.000000	64855.000000
0.000000	64855.000000
0.000000	64855.000000
0.000000	64856.000000
0.000000	64856.000000
0.000000	64856.000000
0.000000	64856.000000
0.000000	64856.000000
0.000000	64856.000000
0.000000	64856.000000
0.000000	64856.000000
0.000000	64856.000000
0.000000	64856.000000
0.000000	64856.000000
0.000000	64856.000000
0.000000	64856.000000
0.000000	64856.000000
0.000000	64856.000000
0.000000	64856.000000
0.000000	64856.000000
0.000000	64857.000000
0.000000	64857.000000
0.000000	64857.000000
0.000000	64857.000000
0.000000	64857.000000
0.000000	64857.000000
0.000000	64857.000000
0.000000	64857.000000
0.000000	64857.000000
0.000000	64857.000000
0.000000	64857.000000
0.000000	64857.000000
0.000000	64857.000000
0.000000	64857.000000
0.000000	64857.000000
0.000000	64857.000000
0.000000	64857.000000
0.000000	64858.000000
0.000000	64858.000000
0.000000	64858.000000
0.000000	64858.000000
0.000000	64858.000000
0.000000	64858.000000
0.000000	64858.000000
0.000000	64858.000000
0.000000	64858.000000
0.000000	64858.000000
0.000000	64858.000000
0.000000	64858.000000
0.000000	64858.000000
0.000000	64858.000000
0.000000	64858.000000
0.000000	64858.000000
0.000000	64858.000000
0.000000	64859.000000
0.000000	64859.000000
0.000000	64859.000000
0.000000	64859.000000
0.000000	64859.000000
0.000000	64859.000000
0.000000	64859.000000
0.000000	64859.000000
0.000000	64859.000000
0.000000	64859.000000
0.000000	64859.000000
0.000000	64859.000000
0.000000	64859.000000
0.000000	64859.000000
0.000000	64859.000000
0.000000	64859.000000
0.000000	64859.000000
0.000000	64900.000000
0.000000	64900.000000
0.000000	64900.000000
0.000000	64900.000000
0.000000	64900.000000
0.000000	64900.000000
0.000000	64900.000000
0.000000	64900.000000
0.000000	64900.000000
0.000000	64900.000000
0.000000	64900.000000
0.000000	64900.000000
0.000000	64900.000000
0.000000	64900.000000
0.000000	64900.000000
0.000000	64900.000000
0.000000	64900.000000
0.000000	64901.000000
0.000000	64901.000000
0.000000	64901.000000
0.000000	64901.000000
0.000000	64901.000000
0.000000	64901.000000
0.000000	64901.000000
0.000000	64901.000000
0.000000	64901.000000
0.000000	64901.000000
0.000000	64901.000000
0.000000	64901.000000
0.000000	64901.000000
0.000000	64901.000000
0.000000	64901.000000
0.000000	64901.000000
0.000000	64901.000000
0.000000	64902.000000
0.000000	64902.000000
0.000000	64902.000000
0.000000	64902.000000
0.000000	64902.000000
0.000000	64902.000000
0.000000	64902.000000
0.000000	64902.000000
0.000000	64902.000000
0.000000	64902.000000
0.000000	64902.000000
0.000000	64902.000000
0.000000	64902.000000
0.000000	64902.000000
0.000000	64902.000000
0.000000	64902.000000
0.000000	64902.000000
0.000000	64903.000000
0.000000	64903.000000
0.000000	64903.000000
0.000000	64903.000000
0.000000	64903.000000
0.000000	64903.000000
0.000000	64903.000000
0.000000	64903.000000
0.000000	64903.000000
0.000000	64903.000000
0.000000	64903.000000
0.000000	64903.000000
0.000000	64903.000000
0.000000	64903.000000
0.000000	64903.000000
0.000000	64903.000000
0.000000	64903.000000
0.000000	64904.000000
0.000000	64904.000000
0.000000	64904.000000
0.000000	64904.000000
0.000000	64904.000000
0.000000	64904.000000
0.000000	64904.000000
0.000000	64904.000000
0.000000	64904.000000
0.000000	64904.000000
0.000000	64904.000000
0.000000	64904.000000
0.000000	64904.000000
0.000000	64904.000000
0.000000	64904.000000
0.000000	64904.000000
0.000000	64904.000000
0.000000	64905.000000
0.000000	64905.000000
0.000000	64905.000000
0.000000	64905.000000
0.000000	64905.000000
0.000000	64905.000000
0.000000	64905.000000
0.000000	64905.000000
0.000000	64905.000000
0.000000	64905.000000
0.000000	64905.000000
0.000000	64905.000000
0.000000	64905.000000
0.000000	64905.000000
0.000000	64905.000000
0.000000	64905.000000
0.000000	64905.000000
0.000000	64906.000000
0.000000	64906.000000
0.000000	64906.000000
0.000000	64906.000000
0.000000	64906.000000
0.000000	64906.000000
0.000000	64906.000000
0.000000	64906.000000
