0.000000	124448.000000
0.000000	124448.000000
0.000000	124448.000000
0.000000	124448.000000
0.000000	124448.000000
0.000000	124448.000000
0.000000	124448.000000
0.000000	124448.000000
0.000000	124448.000000
0.000000	124448.000000
0.000000	124449.000000
0.000000	124449.000000
0.000000	124449.000000
0.000000	124449.000000
0.000000	124449.000000
0.000000	124449.000000
0.000000	124449.000000
0.000000	124449.000000
0.000000	124449.000000
0.000000	124449.000000
0.000000	124449.000000
0.000000	124449.000000
0.000000	124449.000000
0.000000	124449.000000
0.000000	124449.000000
0.000000	124449.000000
0.000000	124449.000000
0.000000	124450.000000
0.000000	124450.000000
0.000000	124450.000000
0.000000	124450.000000
0.000000	124450.000000
0.000000	124450.000000
0.000000	124450.000000
0.000000	124450.000000
0.000000	124450.000000
0.000000	124450.000000
0.000000	124450.000000
0.000000	124450.000000
0.000000	124450.000000
0.000000	124450.000000
0.000000	124450.000000
0.000000	124450.000000
0.000000	124450.000000
0.000000	124451.000000
0.000000	124451.000000
0.000000	124451.000000
0.000000	124451.000000
0.000000	124451.000000
0.000000	124451.000000
0.000000	124451.000000
0.000000	124451.000000
0.000000	124451.000000
0.000000	124451.000000
0.000000	124451.000000
0.000000	124451.000000
0.000000	124451.000000
0.000000	124451.000000
0.000000	124451.000000
0.000000	124451.000000
0.000000	124451.000000
0.000000	124452.000000
0.000000	124452.000000
0.000000	124452.000000
0.000000	124452.000000
0.000000	124452.000000
0.000000	124452.000000
0.000000	124452.000000
0.000000	124452.000000
0.000000	124452.000000
0.000000	124452.000000
0.000000	124452.000000
0.000000	124452.000000
0.000000	124452.000000
0.000000	124452.000000
0.000000	124452.000000
0.000000	124452.000000
0.000000	124452.000000
0.000000	124453.000000
0.000000	124453.000000
0.000000	124453.000000
0.000000	124453.000000
0.000000	124453.000000
0.000000	124453.000000
0.000000	124453.000000
0.000000	124453.000000
0.000000	124453.000000
0.000000	124453.000000
0.000000	124453.000000
0.000000	124453.000000
0.000000	124453.000000
0.000000	124453.000000
0.000000	124453.000000
0.000000	124453.000000
0.000000	124453.000000
0.000000	124454.000000
0.000000	124454.000000
0.000000	124454.000000
0.000000	124454.000000
0.000000	124454.000000
0.000000	124454.000000
0.000000	124454.000000
0.000000	124454.000000
0.000000	124454.000000
0.000000	124454.000000
0.000000	124454.000000
0.000000	124454.000000
0.000000	124454.000000
0.000000	124454.000000
0.000000	124454.000000
0.000000	124454.000000
0.000000	124454.000000
0.000000	124455.000000
0.000000	124455.000000
0.000000	124455.000000
0.000000	124455.000000
0.000000	124455.000000
0.000000	124455.000000
0.000000	124455.000000
0.000000	124455.000000
0.000000	124455.000000
0.000000	124455.000000
0.000000	124455.000000
0.000000	124455.000000
0.000000	124455.000000
0.000000	124455.000000
0.000000	124455.000000
0.000000	124455.000000
0.000000	124455.000000
0.000000	124456.000000
0.000000	124456.000000
0.000000	124456.000000
0.000000	124456.000000
0.000000	124456.000000
0.000000	124456.000000
0.000000	124456.000000
0.000000	124456.000000
0.000000	124456.000000
0.000000	124456.000000
0.000000	124456.000000
0.000000	124456.000000
0.000000	124456.000000
0.000000	124456.000000
0.000000	124456.000000
0.000000	124456.000000
0.000000	124456.000000
0.000000	124457.000000
0.000000	124457.000000
0.000000	124457.000000
0.000000	124457.000000
0.000000	124457.000000
0.000000	124457.000000
0.000000	124457.000000
0.000000	124457.000000
0.000000	124457.000000
0.000000	124457.000000
0.000000	124457.000000
0.000000	124457.000000
0.000000	124457.000000
0.000000	124457.000000
0.000000	124457.000000
0.000000	124457.000000
0.000000	124457.000000
0.000000	124458.000000
0.000000	124458.000000
0.000000	124458.000000
0.000000	124458.000000
0.000000	124458.000000
0.000000	124458.000000
0.000000	124458.000000
0.000000	124458.000000
0.000000	124458.000000
0.000000	124458.000000
0.000000	124458.000000
0.000000	124458.000000
0.000000	124458.000000
0.000000	124458.000000
0.000000	124458.000000
0.000000	124458.000000
0.000000	124458.000000
0.000000	124458.000000
0.000000	124459.000000
0.000000	124459.000000
0.000000	124459.000000
0.000000	124459.000000
0.000000	124459.000000
0.000000	124459.000000
0.000000	124459.000000
0.000000	124459.000000
0.000000	124459.000000
0.000000	124459.000000
0.000000	124459.000000
0.000000	124459.000000
0.000000	124459.000000
0.000000	124459.000000
0.000000	124459.000000
0.000000	124459.000000
0.000000	124459.000000
0.000000	124500.000000
0.000000	124500.000000
0.000000	124500.000000
0.000000	124500.000000
0.000000	124500.000000
0.000000	124500.000000
0.000000	124500.000000
0.000000	124500.000000
0.000000	124500.000000
0.000000	124500.000000
0.000000	124500.000000
0.000000	124500.000000
0.000000	124500.000000
0.000000	124500.000000
0.000000	124500.000000
0.000000	124500.000000
0.000000	124500.000000
0.000000	124501.000000
0.000000	124501.000000
0.000000	124501.000000
0.000000	124501.000000
0.000000	124501.000000
0.000000	124501.000000
0.000000	124501.000000
0.000000	124501.000000
0.000000	124501.000000
0.000000	124501.000000
0.000000	124501.000000
0.000000	124501.000000
0.000000	124501.000000
0.000000	124501.000000
0.000000	124501.000000
0.000000	124501.000000
0.000000	124501.000000
0.000000	124502.000000
0.000000	124502.000000
0.000000	124502.000000
0.000000	124502.000000
0.000000	124502.000000
0.000000	124502.000000
0.000000	124502.000000
0.000000	124502.000000
0.000000	124502.000000
0.000000	124502.000000
0.000000	124502.000000
0.000000	124502.000000
0.000000	124502.000000
0.000000	124502.000000
0.000000	124502.000000
0.000000	124502.000000
0.000000	124502.000000
0.000000	124503.000000
0.000000	124503.000000
0.000000	124503.000000
0.000000	124503.000000
0.000000	124503.000000
0.000000	124503.000000
0.000000	124503.000000
0.000000	124503.000000
0.000000	124503.000000
0.000000	124503.000000
0.000000	124503.000000
0.000000	124503.000000
0.000000	124503.000000
0.000000	124503.000000
0.000000	124503.000000
0.000000	124503.000000
0.000000	124503.000000
0.000000	124504.000000
0.000000	124504.000000
0.000000	124504.000000
0.000000	124504.000000
0.000000	124504.000000
0.000000	124504.000000
0.000000	124504.000000
0.000000	124504.000000
0.000000	124504.000000
0.000000	124504.000000
0.000000	124504.000000
0.000000	124504.000000
0.000000	124504.000000
0.000000	124504.000000
0.000000	124504.000000
0.000000	124504.000000
0.000000	124504.000000
0.000000	124505.000000
0.000000	124505.000000
0.000000	124505.000000
0.000000	124505.000000
0.000000	124505.000000
0.000000	124505.000000
0.000000	124505.000000
0.000000	124505.000000
0.000000	124505.000000
0.000000	124505.000000
0.000000	124505.000000
0.000000	124505.000000
0.000000	124505.000000
0.000000	124505.000000
0.000000	124505.000000
0.000000	124505.000000
0.000000	124505.000000
0.000000	124506.000000
0.000000	124506.000000
0.000000	124506.000000
0.000000	124506.000000
0.000000	124506.000000
0.000000	124506.000000
0.000000	124506.000000
0.000000	124506.000000
0.000000	124506.000000
0.000000	124506.000000
0.000000	124506.000000
0.000000	124506.000000
0.000000	124506.000000
0.000000	124506.000000
0.000000	124506.000000
0.000000	124506.000000
0.000000	124506.000000
0.000000	124507.000000
0.000000	124507.000000
0.000000	124507.000000
0.000000	124507.000000
0.000000	124507.000000
0.000000	124507.000000
0.000000	124507.000000
0.000000	124507.000000
0.000000	124507.000000
0.000000	124507.000000
0.000000	124507.000000
0.000000	124507.000000
0.000000	124507.000000
0.000000	124507.000000
0.000000	124507.000000
0.000000	124507.000000
0.000000	124507.000000
0.000000	124508.000000
0.000000	124508.000000
0.000000	124508.000000
0.000000	124508.000000
0.000000	124508.000000
0.000000	124508.000000
0.000000	124508.000000
0.000000	124508.000000
0.000000	124508.000000
0.000000	124508.000000
0.000000	124508.000000
0.000000	124508.000000
0.000000	124508.000000
0.000000	124508.000000
0.000000	124508.000000
0.000000	124508.000000
0.000000	124508.000000
0.000000	124509.000000
0.000000	124509.000000
0.000000	124509.000000
0.000000	124509.000000
0.000000	124509.000000
0.000000	124509.000000
0.000000	124509.000000
0.000000	124509.000000
0.000000	124509.000000
0.000000	124509.000000
0.000000	124509.000000
0.000000	124509.000000
0.000000	124509.000000
0.000000	124509.000000
0.000000	124509.000000
0.000000	124509.000000
0.000000	124509.000000
0.000000	124510.000000
0.000000	124510.000000
0.000000	124510.000000
0.000000	124510.000000
0.000000	124510.000000
0.000000	124510.000000
0.000000	124510.000000
0.000000	124510.000000
0.000000	124510.000000
0.000000	124510.000000
0.000000	124510.000000
0.000000	124510.000000
0.000000	124510.000000
0.000000	124510.000000
0.000000	124510.000000
0.000000	124510.000000
0.000000	124510.000000
0.000000	124511.000000
0.000000	124511.000000
0.000000	124511.000000
0.000000	124511.000000
0.000000	124511.000000
0.000000	124511.000000
0.000000	124511.000000
0.000000	124511.000000
0.000000	124511.000000
0.000000	124511.000000
0.000000	124511.000000
0.000000	124511.000000
0.000000	124511.000000
0.000000	124511.000000
0.000000	124511.000000
0.000000	124511.000000
0.000000	124511.000000
0.000000	124512.000000
0.000000	124512.000000
0.000000	124512.000000
0.000000	124512.000000
0.000000	124512.000000
0.000000	124512.000000
0.000000	124512.000000
0.000000	124512.000000
0.000000	124512.000000
0.000000	124512.000000
0.000000	124512.000000
0.000000	124512.000000
0.000000	124512.000000
0.000000	124512.000000
0.000000	124512.000000
0.000000	124512.000000
0.000000	124512.000000
0.000000	124513.000000
0.000000	124513.000000
0.000000	124513.000000
0.000000	124513.000000
0.000000	124513.000000
0.000000	124513.000000
0.000000	124513.000000
0.000000	124513.000000
0.000000	124513.000000
0.000000	124513.000000
0.000000	124513.000000
0.000000	124513.000000
0.000000	124513.000000
0.000000	124513.000000
0.000000	124513.000000
0.000000	124513.000000
0.000000	124513.000000
0.000000	124513.000000
0.000000	124514.000000
0.000000	124514.000000
0.000000	124514.000000
0.000000	124514.000000
0.000000	124514.000000
0.000000	124514.000000
0.000000	124514.000000
0.000000	124514.000000
0.000000	124514.000000
0.000000	124514.000000
0.000000	124514.000000
0.000000	124514.000000
0.000000	124514.000000
0.000000	124514.000000
0.000000	124514.000000
0.000000	124514.000000
0.000000	124514.000000
0.000000	124515.000000
0.000000	124515.000000
0.000000	124515.000000
0.000000	124515.000000
0.000000	124515.000000
0.000000	124515.000000
0.000000	124515.000000
0.000000	124515.000000
0.000000	124515.000000
0.000000	124515.000000
0.000000	124515.000000
0.000000	124515.000000
0.000000	124515.000000
0.000000	124515.000000
0.000000	124515.000000
0.000000	124515.000000
0.000000	124515.000000
0.000000	124516.000000
0.000000	124516.000000
0.000000	124516.000000
0.000000	124516.000000
0.000000	124516.000000
0.000000	124516.000000
0.000000	124516.000000
0.000000	124516.000000
0.000000	124516.000000
0.000000	124516.000000
0.000000	124516.000000
0.000000	124516.000000
0.000000	124516.000000
0.000000	124516.000000
0.000000	124516.000000
0.000000	124516.000000
0.000000	124516.000000
0.000000	124517.000000
0.000000	124517.000000
0.000000	124517.000000
0.000000	124517.000000
0.000000	124517.000000
0.000000	124517.000000
0.000000	124517.000000
0.000000	124517.000000
0.000000	124517.000000
0.000000	124517.000000
0.000000	124517.000000
0.000000	124517.000000
0.000000	124517.000000
0.000000	124517.000000
0.000000	124517.000000
0.000000	124517.000000
0.000000	124517.000000
0.000000	124518.000000
0.000000	124518.000000
0.000000	124518.000000
0.000000	124518.000000
0.000000	124518.000000
0.000000	124518.000000
0.000000	124518.000000
0.000000	124518.000000
0.000000	124518.000000
0.000000	124518.000000
0.000000	124518.000000
0.000000	124518.000000
0.000000	124518.000000
0.000000	124518.000000
0.000000	124518.000000
0.000000	124518.000000
0.000000	124518.000000
0.000000	124519.000000
0.000000	124519.000000
0.000000	124519.000000
0.000000	124519.000000
0.000000	124519.000000
0.000000	124519.000000
0.000000	124519.000000
0.000000	124519.000000
0.000000	124519.000000
0.000000	124519.000000
0.000000	124519.000000
0.000000	124519.000000
0.000000	124519.000000
0.000000	124519.000000
0.000000	124519.000000
0.000000	124519.000000
0.000000	124519.000000
0.000000	124520.000000
0.000000	124520.000000
0.000000	124520.000000
0.000000	124520.000000
0.000000	124520.000000
0.000000	124520.000000
0.000000	124520.000000
0.000000	124520.000000
0.000000	124520.000000
0.000000	124520.000000
0.000000	124520.000000
0.000000	124520.000000
0.000000	124520.000000
0.000000	124520.000000
0.000000	124520.000000
0.000000	124520.000000
0.000000	124520.000000
0.000000	124521.000000
0.000000	124521.000000
0.000000	124521.000000
0.000000	124521.000000
0.000000	124521.000000
0.000000	124521.000000
0.000000	124521.000000
0.000000	124521.000000
0.000000	124521.000000
0.000000	124521.000000
0.000000	124521.000000
0.000000	124521.000000
0.000000	124521.000000
0.000000	124521.000000
0.000000	124521.000000
0.000000	124521.000000
0.000000	124521.000000
0.000000	124522.000000
0.000000	124522.000000
0.000000	124522.000000
0.000000	124522.000000
0.000000	124522.000000
0.000000	124522.000000
0.000000	124522.000000
0.000000	124522.000000
0.000000	124522.000000
0.000000	124522.000000
0.000000	124522.000000
0.000000	124522.000000
0.000000	124522.000000
0.000000	124522.000000
0.000000	124522.000000
0.000000	124522.000000
0.000000	124522.000000
0.000000	124523.000000
0.000000	124523.000000
0.000000	124523.000000
0.000000	124523.000000
0.000000	124523.000000
0.000000	124523.000000
0.000000	124523.000000
0.000000	124523.000000
0.000000	124523.000000
0.000000	124523.000000
0.000000	124523.000000
0.000000	124523.000000
0.000000	124523.000000
0.000000	124523.000000
0.000000	124523.000000
0.000000	124523.000000
0.000000	124523.000000
0.000000	124524.000000
0.000000	124524.000000
0.000000	124524.000000
0.000000	124524.000000
0.000000	124524.000000
0.000000	124524.000000
0.000000	124524.000000
0.000000	124524.000000
0.000000	124524.000000
0.000000	124524.000000
0.000000	124524.000000
0.000000	124524.000000
0.000000	124524.000000
0.000000	124524.000000
0.000000	124524.000000
0.000000	124524.000000
0.000000	124524.000000
0.000000	124525.000000
0.000000	124525.000000
0.000000	124525.000000
0.000000	124525.000000
0.000000	124525.000000
0.000000	124525.000000
0.000000	124525.000000
0.000000	124525.000000
0.000000	124525.000000
0.000000	124525.000000
0.000000	124525.000000
0.000000	124525.000000
0.000000	124525.000000
0.000000	124525.000000
0.000000	124525.000000
0.000000	124525.000000
0.000000	124525.000000
0.000000	124526.000000
0.000000	124526.000000
0.000000	124526.000000
0.000000	124526.000000
0.000000	124526.000000
0.000000	124526.000000
0.000000	124526.000000
0.000000	124526.000000
0.000000	124526.000000
0.000000	124526.000000
0.000000	124526.000000
0.000000	124526.000000
0.000000	124526.000000
0.000000	124526.000000
0.000000	124526.000000
0.000000	124526.000000
0.000000	124526.000000
0.000000	124527.000000
0.000000	124527.000000
0.000000	124527.000000
0.000000	124527.000000
0.000000	124527.000000
0.000000	124527.000000
0.000000	124527.000000
0.000000	124527.000000
0.000000	124527.000000
0.000000	124527.000000
0.000000	124527.000000
0.000000	124527.000000
0.000000	124527.000000
0.000000	124527.000000
0.000000	124527.000000
0.000000	124527.000000
0.000000	124527.000000
0.000000	124528.000000
0.000000	124528.000000
0.000000	124528.000000
0.000000	124528.000000
0.000000	124528.000000
0.000000	124528.000000
0.000000	124528.000000
0.000000	124528.000000
0.000000	124528.000000
0.000000	124528.000000
0.000000	124528.000000
0.000000	124528.000000
0.000000	124528.000000
0.000000	124528.000000
0.000000	124528.000000
0.000000	124528.000000
0.000000	124528.000000
0.000000	124529.000000
0.000000	124529.000000
0.000000	124529.000000
0.000000	124529.000000
0.000000	124529.000000
0.000000	124529.000000
0.000000	124529.000000
0.000000	124529.000000
0.000000	124529.000000
0.000000	124529.000000
0.000000	124529.000000
0.000000	124529.000000
0.000000	124529.000000
0.000000	124529.000000
0.000000	124529.000000
0.000000	124529.000000
0.000000	124529.000000
0.000000	124529.000000
0.000000	124530.000000
0.000000	124530.000000
0.000000	124530.000000
0.000000	124530.000000
0.000000	124530.000000
0.000000	124530.000000
0.000000	124530.000000
0.000000	124530.000000
0.000000	124530.000000
0.000000	124530.000000
0.000000	124530.000000
0.000000	124530.000000
0.000000	124530.000000
0.000000	124530.000000
0.000000	124530.000000
0.000000	124530.000000
0.000000	124530.000000
0.000000	124531.000000
0.000000	124531.000000
0.000000	124531.000000
0.000000	124531.000000
0.000000	124531.000000
0.000000	124531.000000
0.000000	124531.000000
0.000000	124531.000000
0.000000	124531.000000
0.000000	124531.000000
0.000000	124531.000000
0.000000	124531.000000
0.000000	124531.000000
0.000000	124531.000000
0.000000	124531.000000
0.000000	124531.000000
0.000000	124531.000000
0.000000	124532.000000
0.000000	124532.000000
0.000000	124532.000000
0.000000	124532.000000
0.000000	124532.000000
0.000000	124532.000000
0.000000	124532.000000
0.000000	124532.000000
0.000000	124532.000000
0.000000	124532.000000
0.000000	124532.000000
0.000000	124532.000000
0.000000	124532.000000
0.000000	124532.000000
0.000000	124532.000000
0.000000	124532.000000
0.000000	124532.000000
0.000000	124533.000000
0.000000	124533.000000
0.000000	124533.000000
0.000000	124533.000000
0.000000	124533.000000
0.000000	124533.000000
0.000000	124533.000000
0.000000	124533.000000
0.000000	124533.000000
0.000000	124533.000000
0.000000	124533.000000
0.000000	124533.000000
0.000000	124533.000000
0.000000	124533.000000
0.000000	124533.000000
0.000000	124533.000000
0.000000	124533.000000
0.000000	124534.000000
0.000000	124534.000000
0.000000	124534.000000
0.000000	124534.000000
0.000000	124534.000000
0.000000	124534.000000
0.000000	124534.000000
0.000000	124534.000000
0.000000	124534.000000
0.000000	124534.000000
0.000000	124534.000000
0.000000	124534.000000
0.000000	124534.000000
0.000000	124534.000000
0.000000	124534.000000
0.000000	124534.000000
0.000000	124534.000000
0.000000	124535.000000
0.000000	124535.000000
0.000000	124535.000000
0.000000	124535.000000
0.000000	124535.000000
0.000000	124535.000000
0.000000	124535.000000
0.000000	124535.000000
0.000000	124535.000000
0.000000	124535.000000
0.000000	124535.000000
0.000000	124535.000000
0.000000	124535.000000
0.000000	124535.000000
0.000000	124535.000000
0.000000	124535.000000
0.000000	124535.000000
0.000000	124536.000000
0.000000	124536.000000
0.000000	124536.000000
0.000000	124536.000000
0.000000	124536.000000
0.000000	124536.000000
0.000000	124536.000000
0.000000	124536.000000
0.000000	124536.000000
0.000000	124536.000000
0.000000	124536.000000
0.000000	124536.000000
0.000000	124536.000000
0.000000	124536.000000
0.000000	124536.000000
0.000000	124536.000000
0.000000	124536.000000
0.000000	124537.000000
0.000000	124537.000000
0.000000	124537.000000
0.000000	124537.000000
0.000000	124537.000000
0.000000	124537.000000
0.000000	124537.000000
0.000000	124537.000000
0.000000	124537.000000
0.000000	124537.000000
0.000000	124537.000000
0.000000	124537.000000
0.000000	124537.000000
0.000000	124537.000000
0.000000	124537.000000
0.000000	124537.000000
0.000000	124537.000000
0.000000	124538.000000
0.000000	124538.000000
0.000000	124538.000000
0.000000	124538.000000
0.000000	124538.000000
0.000000	124538.000000
0.000000	124538.000000
0.000000	124538.000000
0.000000	124538.000000
0.000000	124538.000000
0.000000	124538.000000
0.000000	124538.000000
0.000000	124538.000000
0.000000	124538.000000
0.000000	124538.000000
0.000000	124538.000000
0.000000	124538.000000
0.000000	124539.000000
0.000000	124539.000000
0.000000	124539.000000
0.000000	124539.000000
0.000000	124539.000000
0.000000	124539.000000
0.000000	124539.000000
0.000000	124539.000000
0.000000	124539.000000
0.000000	124539.000000
0.000000	124539.000000
0.000000	124539.000000
0.000000	124539.000000
0.000000	124539.000000
0.000000	124539.000000
0.000000	124539.000000
0.000000	124539.000000
0.000000	124540.000000
0.000000	124540.000000
0.000000	124540.000000
0.000000	124540.000000
0.000000	124540.000000
0.000000	124540.000000
0.000000	124540.000000
0.000000	124540.000000
0.000000	124540.000000
0.000000	124540.000000
0.000000	124540.000000
0.000000	124540.000000
0.000000	124540.000000
0.000000	124540.000000
0.000000	124540.000000
0.000000	124540.000000
0.000000	124540.000000
0.000000	124541.000000
0.000000	124541.000000
0.000000	124541.000000
0.000000	124541.000000
0.000000	124541.000000
0.000000	124541.000000
0.000000	124541.000000
0.000000	124541.000000
0.000000	124541.000000
0.000000	124541.000000
0.000000	124541.000000
0.000000	124541.000000
0.000000	124541.000000
0.000000	124541.000000
0.000000	124541.000000
0.000000	124541.000000
0.000000	124541.000000
0.000000	124542.000000
0.000000	124542.000000
0.000000	124542.000000
0.000000	124542.000000
0.000000	124542.000000
0.000000	124542.000000
0.000000	124542.000000
0.000000	124542.000000
0.000000	124542.000000
0.000000	124542.000000
0.000000	124542.000000
0.000000	124542.000000
0.000000	124542.000000
0.000000	124542.000000
0.000000	124542.000000
0.000000	124542.000000
0.000000	124542.000000
0.000000	124543.000000
0.000000	124543.000000
0.000000	124543.000000
0.000000	124543.000000
0.000000	124543.000000
0.000000	124543.000000
0.000000	124543.000000
0.000000	124543.000000
0.000000	124543.000000
0.000000	124543.000000
0.000000	124543.000000
0.000000	124543.000000
0.000000	124543.000000
0.000000	124543.000000
0.000000	124543.000000
0.000000	124543.000000
0.000000	124543.000000
0.000000	124544.000000
0.000000	124544.000000
0.000000	124544.000000
0.000000	124544.000000
0.000000	124544.000000
0.000000	124544.000000
0.000000	124544.000000
0.000000	124544.000000
0.000000	124544.000000
0.000000	124544.000000
0.000000	124544.000000
0.000000	124544.000000
0.000000	124544.000000
0.000000	124544.000000
0.000000	124544.000000
0.000000	124544.000000
0.000000	124544.000000
0.000000	124544.000000
0.000000	124545.000000
0.000000	124545.000000
0.000000	124545.000000
0.000000	124545.000000
0.000000	124545.000000
0.000000	124545.000000
0.000000	124545.000000
0.000000	124545.000000
0.000000	124545.000000
0.000000	124545.000000
0.000000	124545.000000
0.000000	124545.000000
0.000000	124545.000000
0.000000	124545.000000
0.000000	124545.000000
0.000000	124545.000000
0.000000	124545.000000
0.000000	124546.000000
0.000000	124546.000000
0.000000	124546.000000
0.000000	124546.000000
0.000000	124546.000000
0.000000	124546.000000
0.000000	124546.000000
0.000000	124546.000000
0.000000	124546.000000
0.000000	124546.000000
0.000000	124546.000000
0.000000	124546.000000
0.000000	124546.000000
0.000000	124546.000000
0.000000	124546.000000
0.000000	124546.000000
0.000000	124546.000000
0.000000	124547.000000
0.000000	124547.000000
0.000000	124547.000000
0.000000	124547.000000
0.000000	124547.000000
0.000000	124547.000000
0.000000	124547.000000
0.000000	124547.000000
0.000000	124547.000000
0.000000	124547.000000
0.000000	124547.000000
0.000000	124547.000000
0.000000	124547.000000
0.000000	124547.000000
0.000000	124547.000000
0.000000	124547.000000
0.000000	124547.000000
0.000000	124548.000000
0.000000	124548.000000
0.000000	124548.000000
0.000000	124548.000000
0.000000	124548.000000
0.000000	124548.000000
0.000000	124548.000000
0.000000	124548.000000
0.000000	124548.000000
0.000000	124548.000000
0.000000	124548.000000
0.000000	124548.000000
0.000000	124548.000000
0.000000	124548.000000
0.000000	124548.000000
0.000000	124548.000000
0.000000	124548.000000
0.000000	124549.000000
0.000000	124549.000000
0.000000	124549.000000
0.000000	124549.000000
0.000000	124549.000000
0.000000	124549.000000
0.000000	124549.000000
0.000000	124549.000000
0.000000	124549.000000
0.000000	124549.000000
0.000000	124549.000000
0.000000	124549.000000
0.000000	124549.000000
0.000000	124549.000000
0.000000	124549.000000
0.000000	124549.000000
0.000000	124549.000000
0.000000	124550.000000
0.000000	124550.000000
0.000000	124550.000000
0.000000	124550.000000
0.000000	124550.000000
0.000000	124550.000000
0.000000	124550.000000
0.000000	124550.000000
0.000000	124550.000000
0.000000	124550.000000
0.000000	124550.000000
0.000000	124550.000000
0.000000	124550.000000
0.000000	124550.000000
0.000000	124550.000000
0.000000	124550.000000
0.000000	124550.000000
0.000000	124551.000000
0.000000	124551.000000
0.000000	124551.000000
0.000000	124551.000000
0.000000	124551.000000
0.000000	124551.000000
0.000000	124551.000000
0.000000	124551.000000
0.000000	124551.000000
0.000000	124551.000000
0.000000	124551.000000
0.000000	124551.000000
0.000000	124551.000000
0.000000	124551.000000
0.000000	124551.000000
0.000000	124551.000000
0.000000	124551.000000
0.000000	124552.000000
0.000000	124552.000000
0.000000	124552.000000
0.000000	124552.000000
0.000000	124552.000000
0.000000	124552.000000
0.000000	124552.000000
0.000000	124552.000000
0.000000	124552.000000
0.000000	124552.000000
0.000000	124552.000000
0.000000	124552.000000
0.000000	124552.000000
0.000000	124552.000000
0.000000	124552.000000
0.000000	124552.000000
0.000000	124552.000000
0.000000	124553.000000
0.000000	124553.000000
0.000000	124553.000000
0.000000	124553.000000
0.000000	124553.000000
0.000000	124553.000000
0.000000	124553.000000
0.000000	124553.000000
0.000000	124553.000000
0.000000	124553.000000
0.000000	124553.000000
0.000000	124553.000000
0.000000	124553.000000
0.000000	124553.000000
0.000000	124553.000000
0.000000	124553.000000
0.000000	124553.000000
0.000000	124554.000000
0.000000	124554.000000
0.000000	124554.000000
0.000000	124554.000000
0.000000	124554.000000
0.000000	124554.000000
0.000000	124554.000000
0.000000	124554.000000
0.000000	124554.000000
0.000000	124554.000000
0.000000	124554.000000
0.000000	124554.000000
0.000000	124554.000000
0.000000	124554.000000
0.000000	124554.000000
0.000000	124554.000000
0.000000	124554.000000
0.000000	124555.000000
0.000000	124555.000000
0.000000	124555.000000
0.000000	124555.000000
0.000000	124555.000000
0.000000	124555.000000
0.000000	124555.000000
0.000000	124555.000000
0.000000	124555.000000
0.000000	124555.000000
0.000000	124555.000000
0.000000	124555.000000
0.000000	124555.000000
0.000000	124555.000000
0.000000	124555.000000
0.000000	124555.000000
0.000000	124555.000000
0.000000	124556.000000
0.000000	124556.000000
0.000000	124556.000000
0.000000	124556.000000
0.000000	124556.000000
0.000000	124556.000000
0.000000	124556.000000
0.000000	124556.000000
0.000000	124556.000000
0.000000	124556.000000
0.000000	124556.000000
0.000000	124556.000000
0.000000	124556.000000
0.000000	124556.000000
0.000000	124556.000000
0.000000	124556.000000
0.000000	124556.000000
0.000000	124557.000000
0.000000	124557.000000
0.000000	124557.000000
0.000000	124557.000000
0.000000	124557.000000
0.000000	124557.000000
0.000000	124557.000000
0.000000	124557.000000
0.000000	124557.000000
0.000000	124557.000000
0.000000	124557.000000
0.000000	124557.000000
0.000000	124557.000000
0.000000	124557.000000
0.000000	124557.000000
0.000000	124557.000000
0.000000	124557.000000
0.000000	124558.000000
0.000000	124558.000000
0.000000	124558.000000
0.000000	124558.000000
0.000000	124558.000000
0.000000	124558.000000
0.000000	124558.000000
0.000000	124558.000000
0.000000	124558.000000
0.000000	124558.000000
0.000000	124558.000000
0.000000	124558.000000
0.000000	124558.000000
0.000000	124558.000000
0.000000	124558.000000
0.000000	124558.000000
0.000000	124558.000000
0.000000	124559.000000
0.000000	124559.000000
0.000000	124559.000000
0.000000	124559.000000
0.000000	124559.000000
0.000000	124559.000000
0.000000	124559.000000
0.000000	124559.000000
0.000000	124559.000000
0.000000	124559.000000
0.000000	124559.000000
0.000000	124559.000000
0.000000	124559.000000
0.000000	124559.000000
0.000000	124559.000000
0.000000	124559.000000
0.000000	124559.000000
0.000000	124559.000000
0.000000	124600.000000
0.000000	124600.000000
0.000000	124600.000000
0.000000	124600.000000
0.000000	124600.000000
0.000000	124600.000000
0.000000	124600.000000
0.000000	124600.000000
0.000000	124600.000000
0.000000	124600.000000
0.000000	124600.000000
0.000000	124600.000000
0.000000	124600.000000
0.000000	124600.000000
0.000000	124600.000000
0.000000	124600.000000
0.000000	124600.000000
0.000000	124601.000000
0.000000	124601.000000
0.000000	124601.000000
0.000000	124601.000000
0.000000	124601.000000
0.000000	124601.000000
0.000000	124601.000000
0.000000	124601.000000
0.000000	124601.000000
0.000000	124601.000000
0.000000	124601.000000
0.000000	124601.000000
0.000000	124601.000000
0.000000	124601.000000
0.000000	124601.000000
0.000000	124601.000000
0.000000	124601.000000
0.000000	124602.000000
0.000000	124602.000000
0.000000	124602.000000
0.000000	124602.000000
0.000000	124602.000000
0.000000	124602.000000
0.000000	124602.000000
0.000000	124602.000000
0.000000	124602.000000
0.000000	124602.000000
0.000000	124602.000000
0.000000	124602.000000
0.000000	124602.000000
0.000000	124602.000000
0.000000	124602.000000
0.000000	124602.000000
0.000000	124602.000000
0.000000	124603.000000
0.000000	124603.000000
0.000000	124603.000000
0.000000	124603.000000
0.000000	124603.000000
0.000000	124603.000000
0.000000	124603.000000
0.000000	124603.000000
0.000000	124603.000000
0.000000	124603.000000
0.000000	124603.000000
0.000000	124603.000000
0.000000	124603.000000
0.000000	124603.000000
0.000000	124603.000000
0.000000	124603.000000
0.000000	124603.000000
0.000000	124604.000000
0.000000	124604.000000
0.000000	124604.000000
0.000000	124604.000000
0.000000	124604.000000
0.000000	124604.000000
0.000000	124604.000000
0.000000	124604.000000
0.000000	124604.000000
0.000000	124604.000000
0.000000	124604.000000
0.000000	124604.000000
0.000000	124604.000000
0.000000	124604.000000
0.000000	124604.000000
0.000000	124604.000000
0.000000	124604.000000
0.000000	124605.000000
0.000000	124605.000000
0.000000	124605.000000
0.000000	124605.000000
0.000000	124605.000000
0.000000	124605.000000
0.000000	124605.000000
0.000000	124605.000000
0.000000	124605.000000
0.000000	124605.000000
0.000000	124605.000000
0.000000	124605.000000
0.000000	124605.000000
0.000000	124605.000000
0.000000	124605.000000
0.000000	124605.000000
0.000000	124605.000000
0.000000	124606.000000
0.000000	124606.000000
0.000000	124606.000000
0.000000	124606.000000
0.000000	124606.000000
0.000000	124606.000000
0.000000	124606.000000
0.000000	124606.000000
0.000000	124606.000000
0.000000	124606.000000
0.000000	124606.000000
0.000000	124606.000000
0.000000	124606.000000
0.000000	124606.000000
0.000000	124606.000000
0.000000	124606.000000
0.000000	124606.000000
0.000000	124607.000000
0.000000	124607.000000
0.000000	124607.000000
0.000000	124607.000000
0.000000	124607.000000
0.000000	124607.000000
0.000000	124607.000000
0.000000	124607.000000
0.000000	124607.000000
0.000000	124607.000000
0.000000	124607.000000
0.000000	124607.000000
0.000000	124607.000000
0.000000	124607.000000
0.000000	124607.000000
0.000000	124607.000000
0.000000	124607.000000
0.000000	124608.000000
0.000000	124608.000000
0.000000	124608.000000
0.000000	124608.000000
0.000000	124608.000000
0.000000	124608.000000
0.000000	124608.000000
0.000000	124608.000000
0.000000	124608.000000
0.000000	124608.000000
0.000000	124608.000000
0.000000	124608.000000
0.000000	124608.000000
0.000000	124608.000000
0.000000	124608.000000
0.000000	124608.000000
0.000000	124608.000000
0.000000	124609.000000
0.000000	124609.000000
0.000000	124609.000000
0.000000	124609.000000
0.000000	124609.000000
0.000000	124609.000000
0.000000	124609.000000
0.000000	124609.000000
0.000000	124609.000000
0.000000	124609.000000
0.000000	124609.000000
0.000000	124609.000000
0.000000	124609.000000
0.000000	124609.000000
0.000000	124609.000000
0.000000	124609.000000
0.000000	124609.000000
0.000000	124610.000000
0.000000	124610.000000
0.000000	124610.000000
0.000000	124610.000000
0.000000	124610.000000
0.000000	124610.000000
0.000000	124610.000000
0.000000	124610.000000
0.000000	124610.000000
0.000000	124610.000000
0.000000	124610.000000
0.000000	124610.000000
0.000000	124610.000000
0.000000	124610.000000
0.000000	124610.000000
0.000000	124610.000000
0.000000	124610.000000
0.000000	124611.000000
0.000000	124611.000000
0.000000	124611.000000
0.000000	124611.000000
0.000000	124611.000000
0.000000	124611.000000
0.000000	124611.000000
0.000000	124611.000000
0.000000	124611.000000
0.000000	124611.000000
0.000000	124611.000000
0.000000	124611.000000
0.000000	124611.000000
0.000000	124611.000000
0.000000	124611.000000
0.000000	124611.000000
0.000000	124611.000000
0.000000	124612.000000
0.000000	124612.000000
0.000000	124612.000000
0.000000	124612.000000
0.000000	124612.000000
0.000000	124612.000000
0.000000	124612.000000
0.000000	124612.000000
0.000000	124612.000000
0.000000	124612.000000
0.000000	124612.000000
0.000000	124612.000000
0.000000	124612.000000
0.000000	124612.000000
0.000000	124612.000000
0.000000	124612.000000
0.000000	124612.000000
0.000000	124613.000000
0.000000	124613.000000
0.000000	124613.000000
0.000000	124613.000000
0.000000	124613.000000
0.000000	124613.000000
0.000000	124613.000000
0.000000	124613.000000
0.000000	124613.000000
0.000000	124613.000000
0.000000	124613.000000
0.000000	124613.000000
0.000000	124613.000000
0.000000	124613.000000
0.000000	124613.000000
0.000000	124613.000000
0.000000	124613.000000
0.000000	124614.000000
0.000000	124614.000000
0.000000	124614.000000
0.000000	124614.000000
0.000000	124614.000000
0.000000	124614.000000
0.000000	124614.000000
0.000000	124614.000000
0.000000	124614.000000
0.000000	124614.000000
0.000000	124614.000000
0.000000	124614.000000
0.000000	124614.000000
0.000000	124614.000000
0.000000	124614.000000
0.000000	124614.000000
0.000000	124614.000000
0.000000	124614.000000
0.000000	124615.000000
0.000000	124615.000000
0.000000	124615.000000
0.000000	124615.000000
0.000000	124615.000000
0.000000	124615.000000
0.000000	124615.000000
0.000000	124615.000000
0.000000	124615.000000
0.000000	124615.000000
0.000000	124615.000000
0.000000	124615.000000
0.000000	124615.000000
0.000000	124615.000000
0.000000	124615.000000
0.000000	124615.000000
0.000000	124615.000000
0.000000	124616.000000
0.000000	124616.000000
0.000000	124616.000000
0.000000	124616.000000
0.000000	124616.000000
0.000000	124616.000000
0.000000	124616.000000
0.000000	124616.000000
0.000000	124616.000000
0.000000	124616.000000
0.000000	124616.000000
0.000000	124616.000000
0.000000	124616.000000
0.000000	124616.000000
0.000000	124616.000000
0.000000	124616.000000
0.000000	124616.000000
0.000000	124617.000000
0.000000	124617.000000
0.000000	124617.000000
0.000000	124617.000000
0.000000	124617.000000
0.000000	124617.000000
0.000000	124617.000000
0.000000	124617.000000
0.000000	124617.000000
0.000000	124617.000000
0.000000	124617.000000
0.000000	124617.000000
0.000000	124617.000000
0.000000	124617.000000
0.000000	124617.000000
0.000000	124617.000000
0.000000	124617.000000
0.000000	124618.000000
0.000000	124618.000000
0.000000	124618.000000
0.000000	124618.000000
0.000000	124618.000000
0.000000	124618.000000
0.000000	124618.000000
0.000000	124618.000000
0.000000	124618.000000
0.000000	124618.000000
0.000000	124618.000000
0.000000	124618.000000
0.000000	124618.000000
0.000000	124618.000000
0.000000	124618.000000
0.000000	124618.000000
0.000000	124618.000000
0.000000	124619.000000
0.000000	124619.000000
0.000000	124619.000000
0.000000	124619.000000
0.000000	124619.000000
0.000000	124619.000000
0.000000	124619.000000
0.000000	124619.000000
0.000000	124619.000000
0.000000	124619.000000
0.000000	124619.000000
0.000000	124619.000000
0.000000	124619.000000
0.000000	124619.000000
0.000000	124619.000000
0.000000	124619.000000
0.000000	124619.000000
0.000000	124620.000000
0.000000	124620.000000
0.000000	124620.000000
0.000000	124620.000000
0.000000	124620.000000
0.000000	124620.000000
0.000000	124620.000000
0.000000	124620.000000
0.000000	124620.000000
0.000000	124620.000000
0.000000	124620.000000
0.000000	124620.000000
0.000000	124620.000000
0.000000	124620.000000
0.000000	124620.000000
0.000000	124620.000000
0.000000	124620.000000
0.000000	124621.000000
0.000000	124621.000000
0.000000	124621.000000
0.000000	124621.000000
0.000000	124621.000000
0.000000	124621.000000
0.000000	124621.000000
0.000000	124621.000000
0.000000	124621.000000
0.000000	124621.000000
0.000000	124621.000000
0.000000	124621.000000
0.000000	124621.000000
0.000000	124621.000000
0.000000	124621.000000
0.000000	124621.000000
0.000000	124621.000000
0.000000	124622.000000
0.000000	124622.000000
0.000000	124622.000000
0.000000	124622.000000
0.000000	124622.000000
0.000000	124622.000000
0.000000	124622.000000
0.000000	124622.000000
0.000000	124622.000000
0.000000	124622.000000
0.000000	124622.000000
0.000000	124622.000000
0.000000	124622.000000
0.000000	124622.000000
0.000000	124622.000000
0.000000	124622.000000
0.000000	124622.000000
0.000000	124623.000000
0.000000	124623.000000
0.000000	124623.000000
0.000000	124623.000000
0.000000	124623.000000
0.000000	124623.000000
0.000000	124623.000000
0.000000	124623.000000
0.000000	124623.000000
0.000000	124623.000000
0.000000	124623.000000
0.000000	124623.000000
0.000000	124623.000000
0.000000	124623.000000
0.000000	124623.000000
0.000000	124623.000000
0.000000	124623.000000
0.000000	124624.000000
0.000000	124624.000000
0.000000	124624.000000
0.000000	124624.000000
0.000000	124624.000000
0.000000	124624.000000
0.000000	124624.000000
0.000000	124624.000000
0.000000	124624.000000
0.000000	124624.000000
0.000000	124624.000000
0.000000	124624.000000
0.000000	124624.000000
0.000000	124624.000000
0.000000	124624.000000
0.000000	124624.000000
0.000000	124624.000000
0.000000	124625.000000
0.000000	124625.000000
0.000000	124625.000000
0.000000	124625.000000
0.000000	124625.000000
0.000000	124625.000000
0.000000	124625.000000
0.000000	124625.000000
0.000000	124625.000000
0.000000	124625.000000
0.000000	124625.000000
0.000000	124625.000000
0.000000	124625.000000
0.000000	124625.000000
0.000000	124625.000000
0.000000	124625.000000
0.000000	124625.000000
0.000000	124626.000000
0.000000	124626.000000
0.000000	124626.000000
0.000000	124626.000000
0.000000	124626.000000
0.000000	124626.000000
0.000000	124626.000000
0.000000	124626.000000
0.000000	124626.000000
0.000000	124626.000000
0.000000	124626.000000
0.000000	124626.000000
0.000000	124626.000000
0.000000	124626.000000
0.000000	124626.000000
0.000000	124626.000000
0.000000	124626.000000
0.000000	124627.000000
0.000000	124627.000000
0.000000	124627.000000
0.000000	124627.000000
0.000000	124627.000000
0.000000	124627.000000
0.000000	124627.000000
0.000000	124627.000000
0.000000	124627.000000
0.000000	124627.000000
0.000000	124627.000000
0.000000	124627.000000
0.000000	124627.000000
0.000000	124627.000000
0.000000	124627.000000
0.000000	124627.000000
0.000000	124627.000000
0.000000	124628.000000
0.000000	124628.000000
0.000000	124628.000000
0.000000	124628.000000
0.000000	124628.000000
0.000000	124628.000000
0.000000	124628.000000
0.000000	124628.000000
0.000000	124628.000000
0.000000	124628.000000
0.000000	124628.000000
0.000000	124628.000000
0.000000	124628.000000
0.000000	124628.000000
0.000000	124628.000000
0.000000	124628.000000
0.000000	124628.000000
0.000000	124628.000000
0.000000	124629.000000
0.000000	124629.000000
0.000000	124629.000000
0.000000	124629.000000
0.000000	124629.000000
0.000000	124629.000000
0.000000	124629.000000
0.000000	124629.000000
0.000000	124629.000000
0.000000	124629.000000
0.000000	124629.000000
0.000000	124629.000000
0.000000	124629.000000
0.000000	124629.000000
0.000000	124629.000000
0.000000	124629.000000
0.000000	124629.000000
0.000000	124630.000000
0.000000	124630.000000
0.000000	124630.000000
0.000000	124630.000000
0.000000	124630.000000
0.000000	124630.000000
0.000000	124630.000000
0.000000	124630.000000
0.000000	124630.000000
0.000000	124630.000000
0.000000	124630.000000
0.000000	124630.000000
0.000000	124630.000000
0.000000	124630.000000
0.000000	124630.000000
0.000000	124630.000000
0.000000	124630.000000
0.000000	124631.000000
0.000000	124631.000000
0.000000	124631.000000
0.000000	124631.000000
0.000000	124631.000000
0.000000	124631.000000
0.000000	124631.000000
0.000000	124631.000000
0.000000	124631.000000
0.000000	124631.000000
0.000000	124631.000000
0.000000	124631.000000
0.000000	124631.000000
0.000000	124631.000000
0.000000	124631.000000
0.000000	124631.000000
0.000000	124631.000000
0.000000	124632.000000
0.000000	124632.000000
0.000000	124632.000000
0.000000	124632.000000
0.000000	124632.000000
0.000000	124632.000000
0.000000	124632.000000
0.000000	124632.000000
0.000000	124632.000000
0.000000	124632.000000
0.000000	124632.000000
0.000000	124632.000000
0.000000	124632.000000
0.000000	124632.000000
0.000000	124632.000000
0.000000	124632.000000
0.000000	124632.000000
0.000000	124633.000000
0.000000	124633.000000
0.000000	124633.000000
0.000000	124633.000000
0.000000	124633.000000
0.000000	124633.000000
0.000000	124633.000000
0.000000	124633.000000
0.000000	124633.000000
0.000000	124633.000000
0.000000	124633.000000
0.000000	124633.000000
0.000000	124633.000000
0.000000	124633.000000
0.000000	124633.000000
0.000000	124633.000000
0.000000	124633.000000
0.000000	124634.000000
0.000000	124634.000000
0.000000	124634.000000
0.000000	124634.000000
0.000000	124634.000000
0.000000	124634.000000
0.000000	124634.000000
0.000000	124634.000000
0.000000	124634.000000
0.000000	124634.000000
0.000000	124634.000000
0.000000	124634.000000
0.000000	124634.000000
0.000000	124634.000000
0.000000	124634.000000
0.000000	124634.000000
0.000000	124634.000000
0.000000	124635.000000
0.000000	124635.000000
0.000000	124635.000000
0.000000	124635.000000
0.000000	124635.000000
0.000000	124635.000000
0.000000	124635.000000
0.000000	124635.000000
0.000000	124635.000000
0.000000	124635.000000
0.000000	124635.000000
0.000000	124635.000000
0.000000	124635.000000
0.000000	124635.000000
0.000000	124635.000000
0.000000	124635.000000
0.000000	124635.000000
0.000000	124636.000000
0.000000	124636.000000
0.000000	124636.000000
0.000000	124636.000000
0.000000	124636.000000
0.000000	124636.000000
0.000000	124636.000000
0.000000	124636.000000
0.000000	124636.000000
0.000000	124636.000000
0.000000	124636.000000
0.000000	124636.000000
0.000000	124636.000000
0.000000	124636.000000
0.000000	124636.000000
0.000000	124636.000000
0.000000	124636.000000
0.000000	124637.000000
0.000000	124637.000000
0.000000	124637.000000
0.000000	124637.000000
0.000000	124637.000000
0.000000	124637.000000
0.000000	124637.000000
0.000000	124637.000000
0.000000	124637.000000
0.000000	124637.000000
0.000000	124637.000000
0.000000	124637.000000
0.000000	124637.000000
0.000000	124637.000000
0.000000	124637.000000
0.000000	124637.000000
0.000000	124637.000000
0.000000	124638.000000
0.000000	124638.000000
0.000000	124638.000000
0.000000	124638.000000
0.000000	124638.000000
0.000000	124638.000000
0.000000	124638.000000
0.000000	124638.000000
0.000000	124638.000000
0.000000	124638.000000
0.000000	124638.000000
0.000000	124638.000000
0.000000	124638.000000
0.000000	124638.000000
0.000000	124638.000000
0.000000	124638.000000
0.000000	124638.000000
0.000000	124639.000000
0.000000	124639.000000
0.000000	124639.000000
0.000000	124639.000000
0.000000	124639.000000
0.000000	124639.000000
0.000000	124639.000000
0.000000	124639.000000
0.000000	124639.000000
0.000000	124639.000000
0.000000	124639.000000
0.000000	124639.000000
0.000000	124639.000000
0.000000	124639.000000
0.000000	124639.000000
0.000000	124639.000000
0.000000	124639.000000
0.000000	124640.000000
0.000000	124640.000000
0.000000	124640.000000
0.000000	124640.000000
0.000000	124640.000000
0.000000	124640.000000
0.000000	124640.000000
0.000000	124640.000000
0.000000	124640.000000
0.000000	124640.000000
0.000000	124640.000000
0.000000	124640.000000
0.000000	124640.000000
0.000000	124640.000000
0.000000	124640.000000
0.000000	124640.000000
0.000000	124640.000000
0.000000	124641.000000
0.000000	124641.000000
0.000000	124641.000000
0.000000	124641.000000
0.000000	124641.000000
0.000000	124641.000000
0.000000	124641.000000
0.000000	124641.000000
0.000000	124641.000000
0.000000	124641.000000
0.000000	124641.000000
0.000000	124641.000000
0.000000	124641.000000
0.000000	124641.000000
0.000000	124641.000000
0.000000	124641.000000
0.000000	124641.000000
0.000000	124642.000000
0.000000	124642.000000
0.000000	124642.000000
0.000000	124642.000000
0.000000	124642.000000
0.000000	124642.000000
0.000000	124642.000000
0.000000	124642.000000
0.000000	124642.000000
0.000000	124642.000000
0.000000	124642.000000
0.000000	124642.000000
0.000000	124642.000000
0.000000	124642.000000
0.000000	124642.000000
0.000000	124642.000000
0.000000	124642.000000
0.000000	124643.000000
0.000000	124643.000000
0.000000	124643.000000
0.000000	124643.000000
0.000000	124643.000000
0.000000	124643.000000
0.000000	124643.000000
0.000000	124643.000000
0.000000	124643.000000
0.000000	124643.000000
0.000000	124643.000000
0.000000	124643.000000
0.000000	124643.000000
0.000000	124643.000000
0.000000	124643.000000
0.000000	124643.000000
0.000000	124643.000000
0.000000	124644.000000
0.000000	124644.000000
0.000000	124644.000000
0.000000	124644.000000
0.000000	124644.000000
0.000000	124644.000000
0.000000	124644.000000
0.000000	124644.000000
0.000000	124644.000000
0.000000	124644.000000
0.000000	124644.000000
0.000000	124644.000000
0.000000	124644.000000
0.000000	124644.000000
0.000000	124644.000000
0.000000	124644.000000
0.000000	124644.000000
0.000000	124644.000000
0.000000	124645.000000
0.000000	124645.000000
0.000000	124645.000000
0.000000	124645.000000
0.000000	124645.000000
0.000000	124645.000000
0.000000	124645.000000
0.000000	124645.000000
0.000000	124645.000000
0.000000	124645.000000
0.000000	124645.000000
0.000000	124645.000000
0.000000	124645.000000
0.000000	124645.000000
0.000000	124645.000000
0.000000	124645.000000
0.000000	124645.000000
0.000000	124646.000000
0.000000	124646.000000
0.000000	124646.000000
0.000000	124646.000000
0.000000	124646.000000
0.000000	124646.000000
0.000000	124646.000000
0.000000	124646.000000
0.000000	124646.000000
0.000000	124646.000000
0.000000	124646.000000
0.000000	124646.000000
0.000000	124646.000000
0.000000	124646.000000
0.000000	124646.000000
0.000000	124646.000000
0.000000	124646.000000
0.000000	124647.000000
0.000000	124647.000000
0.000000	124647.000000
0.000000	124647.000000
0.000000	124647.000000
0.000000	124647.000000
0.000000	124647.000000
0.000000	124647.000000
0.000000	124647.000000
0.000000	124647.000000
0.000000	124647.000000
0.000000	124647.000000
0.000000	124647.000000
0.000000	124647.000000
0.000000	124647.000000
0.000000	124647.000000
0.000000	124647.000000
0.000000	124648.000000
0.000000	124648.000000
0.000000	124648.000000
0.000000	124648.000000
0.000000	124648.000000
0.000000	124648.000000
0.000000	124648.000000
0.000000	124648.000000
0.000000	124648.000000
0.000000	124648.000000
0.000000	124648.000000
0.000000	124648.000000
0.000000	124648.000000
0.000000	124648.000000
0.000000	124648.000000
0.000000	124648.000000
0.000000	124648.000000
0.000000	124649.000000
0.000000	124649.000000
0.000000	124649.000000
0.000000	124649.000000
0.000000	124649.000000
0.000000	124649.000000
0.000000	124649.000000
0.000000	124649.000000
0.000000	124649.000000
0.000000	124649.000000
0.000000	124649.000000
0.000000	124649.000000
0.000000	124649.000000
0.000000	124649.000000
0.000000	124649.000000
0.000000	124649.000000
0.000000	124649.000000
0.000000	124650.000000
0.000000	124650.000000
0.000000	124650.000000
0.000000	124650.000000
0.000000	124650.000000
0.000000	124650.000000
0.000000	124650.000000
0.000000	124650.000000
0.000000	124650.000000
0.000000	124650.000000
0.000000	124650.000000
0.000000	124650.000000
0.000000	124650.000000
0.000000	124650.000000
0.000000	124650.000000
0.000000	124650.000000
0.000000	124650.000000
0.000000	124651.000000
0.000000	124651.000000
0.000000	124651.000000
0.000000	124651.000000
0.000000	124651.000000
0.000000	124651.000000
0.000000	124651.000000
0.000000	124651.000000
0.000000	124651.000000
0.000000	124651.000000
0.000000	124651.000000
0.000000	124651.000000
0.000000	124651.000000
0.000000	124651.000000
0.000000	124651.000000
0.000000	124651.000000
0.000000	124651.000000
0.000000	124652.000000
0.000000	124652.000000
0.000000	124652.000000
0.000000	124652.000000
0.000000	124652.000000
0.000000	124652.000000
0.000000	124652.000000
0.000000	124652.000000
0.000000	124652.000000
0.000000	124652.000000
0.000000	124652.000000
0.000000	124652.000000
0.000000	124652.000000
0.000000	124652.000000
0.000000	124652.000000
0.000000	124652.000000
0.000000	124652.000000
0.000000	124653.000000
0.000000	124653.000000
0.000000	124653.000000
0.000000	124653.000000
0.000000	124653.000000
0.000000	124653.000000
0.000000	124653.000000
0.000000	124653.000000
0.000000	124653.000000
0.000000	124653.000000
0.000000	124653.000000
0.000000	124653.000000
0.000000	124653.000000
0.000000	124653.000000
0.000000	124653.000000
0.000000	124653.000000
0.000000	124653.000000
0.000000	124654.000000
0.000000	124654.000000
0.000000	124654.000000
0.000000	124654.000000
0.000000	124654.000000
0.000000	124654.000000
0.000000	124654.000000
0.000000	124654.000000
0.000000	124654.000000
0.000000	124654.000000
0.000000	124654.000000
0.000000	124654.000000
0.000000	124654.000000
0.000000	124654.000000
0.000000	124654.000000
0.000000	124654.000000
0.000000	124654.000000
0.000000	124655.000000
0.000000	124655.000000
0.000000	124655.000000
0.000000	124655.000000
0.000000	124655.000000
0.000000	124655.000000
0.000000	124655.000000
0.000000	124655.000000
0.000000	124655.000000
0.000000	124655.000000
0.000000	124655.000000
0.000000	124655.000000
0.000000	124655.000000
0.000000	124655.000000
0.000000	124655.000000
0.000000	124655.000000
0.000000	124655.000000
0.000000	124656.000000
0.000000	124656.000000
0.000000	124656.000000
0.000000	124656.000000
0.000000	124656.000000
0.000000	124656.000000
0.000000	124656.000000
0.000000	124656.000000
0.000000	124656.000000
0.000000	124656.000000
0.000000	124656.000000
0.000000	124656.000000
0.000000	124656.000000
0.000000	124656.000000
0.000000	124656.000000
0.000000	124656.000000
0.000000	124656.000000
0.000000	124657.000000
0.000000	124657.000000
0.000000	124657.000000
0.000000	124657.000000
0.000000	124657.000000
0.000000	124657.000000
0.000000	124657.000000
0.000000	124657.000000
0.000000	124657.000000
0.000000	124657.000000
0.000000	124657.000000
0.000000	124657.000000
0.000000	124657.000000
0.000000	124657.000000
0.000000	124657.000000
0.000000	124657.000000
0.000000	124657.000000
0.000000	124658.000000
0.000000	124658.000000
0.000000	124658.000000
0.000000	124658.000000
0.000000	124658.000000
0.000000	124658.000000
0.000000	124658.000000
0.000000	124658.000000
0.000000	124658.000000
0.000000	124658.000000
0.000000	124658.000000
0.000000	124658.000000
0.000000	124658.000000
0.000000	124658.000000
0.000000	124658.000000
0.000000	124658.000000
0.000000	124658.000000
0.000000	124658.000000
0.000000	124659.000000
0.000000	124659.000000
0.000000	124659.000000
0.000000	124659.000000
0.000000	124659.000000
0.000000	124659.000000
0.000000	124659.000000
0.000000	124659.000000
0.000000	124659.000000
0.000000	124659.000000
0.000000	124659.000000
0.000000	124659.000000
0.000000	124659.000000
0.000000	124659.000000
0.000000	124659.000000
0.000000	124659.000000
0.000000	124659.000000
0.000000	124700.000000
0.000000	124700.000000
0.000000	124700.000000
0.000000	124700.000000
0.000000	124700.000000
0.000000	124700.000000
0.000000	124700.000000
0.000000	124700.000000
0.000000	124700.000000
0.000000	124700.000000
0.000000	124700.000000
0.000000	124700.000000
0.000000	124700.000000
0.000000	124700.000000
0.000000	124700.000000
0.000000	124700.000000
0.000000	124700.000000
0.000000	124701.000000
0.000000	124701.000000
0.000000	124701.000000
0.000000	124701.000000
0.000000	124701.000000
0.000000	124701.000000
0.000000	124701.000000
0.000000	124701.000000
0.000000	124701.000000
0.000000	124701.000000
0.000000	124701.000000
0.000000	124701.000000
0.000000	124701.000000
0.000000	124701.000000
0.000000	124701.000000
0.000000	124701.000000
0.000000	124701.000000
0.000000	124702.000000
0.000000	124702.000000
0.000000	124702.000000
0.000000	124702.000000
0.000000	124702.000000
0.000000	124702.000000
0.000000	124702.000000
0.000000	124702.000000
0.000000	124702.000000
0.000000	124702.000000
0.000000	124702.000000
0.000000	124702.000000
0.000000	124702.000000
0.000000	124702.000000
0.000000	124702.000000
0.000000	124702.000000
0.000000	124702.000000
0.000000	124703.000000
0.000000	124703.000000
0.000000	124703.000000
0.000000	124703.000000
0.000000	124703.000000
0.000000	124703.000000
0.000000	124703.000000
0.000000	124703.000000
0.000000	124703.000000
0.000000	124703.000000
0.000000	124703.000000
0.000000	124703.000000
0.000000	124703.000000
0.000000	124703.000000
0.000000	124703.000000
0.000000	124703.000000
0.000000	124703.000000
0.000000	124704.000000
0.000000	124704.000000
0.000000	124704.000000
0.000000	124704.000000
0.000000	124704.000000
0.000000	124704.000000
0.000000	124704.000000
0.000000	124704.000000
0.000000	124704.000000
0.000000	124704.000000
0.000000	124704.000000
0.000000	124704.000000
0.000000	124704.000000
0.000000	124704.000000
0.000000	124704.000000
0.000000	124704.000000
0.000000	124704.000000
0.000000	124705.000000
0.000000	124705.000000
0.000000	124705.000000
0.000000	124705.000000
0.000000	124705.000000
0.000000	124705.000000
0.000000	124705.000000
0.000000	124705.000000
0.000000	124705.000000
0.000000	124705.000000
0.000000	124705.000000
0.000000	124705.000000
0.000000	124705.000000
0.000000	124705.000000
0.000000	124705.000000
0.000000	124705.000000
0.000000	124705.000000
0.000000	124706.000000
0.000000	124706.000000
0.000000	124706.000000
0.000000	124706.000000
0.000000	124706.000000
0.000000	124706.000000
0.000000	124706.000000
0.000000	124706.000000
0.000000	124706.000000
0.000000	124706.000000
0.000000	124706.000000
0.000000	124706.000000
0.000000	124706.000000
0.000000	124706.000000
0.000000	124706.000000
0.000000	124706.000000
0.000000	124706.000000
0.000000	124707.000000
0.000000	124707.000000
0.000000	124707.000000
0.000000	124707.000000
0.000000	124707.000000
0.000000	124707.000000
0.000000	124707.000000
0.000000	124707.000000
0.000000	124707.000000
0.000000	124707.000000
0.000000	124707.000000
0.000000	124707.000000
0.000000	124707.000000
0.000000	124707.000000
0.000000	124707.000000
0.000000	124707.000000
0.000000	124707.000000
0.000000	124708.000000
0.000000	124708.000000
0.000000	124708.000000
0.000000	124708.000000
0.000000	124708.000000
0.000000	124708.000000
0.000000	124708.000000
0.000000	124708.000000
0.000000	124708.000000
0.000000	124708.000000
0.000000	124708.000000
0.000000	124708.000000
0.000000	124708.000000
0.000000	124708.000000
0.000000	124708.000000
0.000000	124708.000000
0.000000	124708.000000
0.000000	124709.000000
0.000000	124709.000000
0.000000	124709.000000
0.000000	124709.000000
0.000000	124709.000000
0.000000	124709.000000
0.000000	124709.000000
0.000000	124709.000000
0.000000	124709.000000
0.000000	124709.000000
0.000000	124709.000000
0.000000	124709.000000
0.000000	124709.000000
0.000000	124709.000000
0.000000	124709.000000
0.000000	124709.000000
0.000000	124709.000000
0.000000	124710.000000
0.000000	124710.000000
0.000000	124710.000000
0.000000	124710.000000
0.000000	124710.000000
0.000000	124710.000000
0.000000	124710.000000
0.000000	124710.000000
0.000000	124710.000000
0.000000	124710.000000
0.000000	124710.000000
0.000000	124710.000000
0.000000	124710.000000
0.000000	124710.000000
0.000000	124710.000000
0.000000	124710.000000
0.000000	124710.000000
0.000000	124711.000000
0.000000	124711.000000
0.000000	124711.000000
0.000000	124711.000000
0.000000	124711.000000
0.000000	124711.000000
0.000000	124711.000000
0.000000	124711.000000
0.000000	124711.000000
0.000000	124711.000000
0.000000	124711.000000
0.000000	124711.000000
0.000000	124711.000000
0.000000	124711.000000
0.000000	124711.000000
0.000000	124711.000000
0.000000	124711.000000
0.000000	124712.000000
0.000000	124712.000000
0.000000	124712.000000
0.000000	124712.000000
0.000000	124712.000000
0.000000	124712.000000
0.000000	124712.000000
0.000000	124712.000000
0.000000	124712.000000
0.000000	124712.000000
0.000000	124712.000000
0.000000	124712.000000
0.000000	124712.000000
0.000000	124712.000000
0.000000	124712.000000
0.000000	124712.000000
0.000000	124712.000000
0.000000	124713.000000
0.000000	124713.000000
0.000000	124713.000000
0.000000	124713.000000
0.000000	124713.000000
0.000000	124713.000000
0.000000	124713.000000
0.000000	124713.000000
0.000000	124713.000000
0.000000	124713.000000
0.000000	124713.000000
0.000000	124713.000000
0.000000	124713.000000
0.000000	124713.000000
0.000000	124713.000000
0.000000	124713.000000
0.000000	124713.000000
0.000000	124713.000000
0.000000	124714.000000
0.000000	124714.000000
0.000000	124714.000000
0.000000	124714.000000
0.000000	124714.000000
0.000000	124714.000000
0.000000	124714.000000
0.000000	124714.000000
0.000000	124714.000000
0.000000	124714.000000
0.000000	124714.000000
0.000000	124714.000000
0.000000	124714.000000
0.000000	124714.000000
0.000000	124714.000000
0.000000	124714.000000
0.000000	124714.000000
0.000000	124715.000000
0.000000	124715.000000
0.000000	124715.000000
0.000000	124715.000000
0.000000	124715.000000
0.000000	124715.000000
0.000000	124715.000000
0.000000	124715.000000
0.000000	124715.000000
0.000000	124715.000000
0.000000	124715.000000
0.000000	124715.000000
0.000000	124715.000000
0.000000	124715.000000
0.000000	124715.000000
0.000000	124715.000000
0.000000	124715.000000
0.000000	124716.000000
0.000000	124716.000000
0.000000	124716.000000
0.000000	124716.000000
0.000000	124716.000000
0.000000	124716.000000
0.000000	124716.000000
0.000000	124716.000000
0.000000	124716.000000
0.000000	124716.000000
0.000000	124716.000000
0.000000	124716.000000
0.000000	124716.000000
0.000000	124716.000000
0.000000	124716.000000
0.000000	124716.000000
0.000000	124716.000000
0.000000	124717.000000
0.000000	124717.000000
0.000000	124717.000000
0.000000	124717.000000
0.000000	124717.000000
0.000000	124717.000000
0.000000	124717.000000
0.000000	124717.000000
0.000000	124717.000000
0.000000	124717.000000
0.000000	124717.000000
0.000000	124717.000000
0.000000	124717.000000
0.000000	124717.000000
0.000000	124717.000000
0.000000	124717.000000
0.000000	124717.000000
0.000000	124718.000000
0.000000	124718.000000
0.000000	124718.000000
0.000000	124718.000000
0.000000	124718.000000
0.000000	124718.000000
0.000000	124718.000000
0.000000	124718.000000
0.000000	124718.000000
0.000000	124718.000000
0.000000	124718.000000
0.000000	124718.000000
0.000000	124718.000000
0.000000	124718.000000
0.000000	124718.000000
0.000000	124718.000000
0.000000	124718.000000
0.000000	124719.000000
0.000000	124719.000000
0.000000	124719.000000
0.000000	124719.000000
0.000000	124719.000000
0.000000	124719.000000
0.000000	124719.000000
0.000000	124719.000000
0.000000	124719.000000
0.000000	124719.000000
0.000000	124719.000000
0.000000	124719.000000
0.000000	124719.000000
0.000000	124719.000000
0.000000	124719.000000
0.000000	124719.000000
0.000000	124719.000000
0.000000	124720.000000
0.000000	124720.000000
0.000000	124720.000000
0.000000	124720.000000
0.000000	124720.000000
0.000000	124720.000000
0.000000	124720.000000
0.000000	124720.000000
0.000000	124720.000000
0.000000	124720.000000
0.000000	124720.000000
0.000000	124720.000000
0.000000	124720.000000
0.000000	124720.000000
0.000000	124720.000000
0.000000	124720.000000
0.000000	124720.000000
0.000000	124721.000000
0.000000	124721.000000
0.000000	124721.000000
0.000000	124721.000000
0.000000	124721.000000
0.000000	124721.000000
0.000000	124721.000000
0.000000	124721.000000
0.000000	124721.000000
0.000000	124721.000000
0.000000	124721.000000
0.000000	124721.000000
0.000000	124721.000000
0.000000	124721.000000
0.000000	124721.000000
0.000000	124721.000000
0.000000	124721.000000
0.000000	124722.000000
0.000000	124722.000000
0.000000	124722.000000
0.000000	124722.000000
0.000000	124722.000000
0.000000	124722.000000
0.000000	124722.000000
0.000000	124722.000000
0.000000	124722.000000
0.000000	124722.000000
0.000000	124722.000000
0.000000	124722.000000
0.000000	124722.000000
0.000000	124722.000000
0.000000	124722.000000
0.000000	124722.000000
0.000000	124722.000000
0.000000	124723.000000
0.000000	124723.000000
0.000000	124723.000000
0.000000	124723.000000
0.000000	124723.000000
0.000000	124723.000000
0.000000	124723.000000
0.000000	124723.000000
0.000000	124723.000000
0.000000	124723.000000
0.000000	124723.000000
0.000000	124723.000000
0.000000	124723.000000
0.000000	124723.000000
0.000000	124723.000000
0.000000	124723.000000
0.000000	124723.000000
0.000000	124724.000000
0.000000	124724.000000
0.000000	124724.000000
0.000000	124724.000000
0.000000	124724.000000
0.000000	124724.000000
0.000000	124724.000000
0.000000	124724.000000
0.000000	124724.000000
0.000000	124724.000000
0.000000	124724.000000
0.000000	124724.000000
0.000000	124724.000000
0.000000	124724.000000
0.000000	124724.000000
0.000000	124724.000000
0.000000	124724.000000
0.000000	124725.000000
0.000000	124725.000000
0.000000	124725.000000
0.000000	124725.000000
0.000000	124725.000000
0.000000	124725.000000
0.000000	124725.000000
0.000000	124725.000000
0.000000	124725.000000
0.000000	124725.000000
0.000000	124725.000000
0.000000	124725.000000
0.000000	124725.000000
0.000000	124725.000000
0.000000	124725.000000
0.000000	124725.000000
0.000000	124725.000000
0.000000	124726.000000
0.000000	124726.000000
0.000000	124726.000000
0.000000	124726.000000
0.000000	124726.000000
0.000000	124726.000000
0.000000	124726.000000
0.000000	124726.000000
0.000000	124726.000000
0.000000	124726.000000
0.000000	124726.000000
0.000000	124726.000000
0.000000	124726.000000
0.000000	124726.000000
0.000000	124726.000000
0.000000	124726.000000
0.000000	124726.000000
0.000000	124727.000000
0.000000	124727.000000
0.000000	124727.000000
0.000000	124727.000000
0.000000	124727.000000
0.000000	124727.000000
0.000000	124727.000000
0.000000	124727.000000
0.000000	124727.000000
0.000000	124727.000000
0.000000	124727.000000
0.000000	124727.000000
0.000000	124727.000000
0.000000	124727.000000
0.000000	124727.000000
0.000000	124727.000000
0.000000	124727.000000
0.000000	124728.000000
0.000000	124728.000000
0.000000	124728.000000
0.000000	124728.000000
0.000000	124728.000000
0.000000	124728.000000
0.000000	124728.000000
0.000000	124728.000000
0.000000	124728.000000
0.000000	124728.000000
0.000000	124728.000000
0.000000	124728.000000
0.000000	124728.000000
0.000000	124728.000000
0.000000	124728.000000
0.000000	124728.000000
0.000000	124728.000000
0.000000	124729.000000
0.000000	124729.000000
0.000000	124729.000000
0.000000	124729.000000
0.000000	124729.000000
0.000000	124729.000000
0.000000	124729.000000
0.000000	124729.000000
0.000000	124729.000000
0.000000	124729.000000
0.000000	124729.000000
0.000000	124729.000000
0.000000	124729.000000
0.000000	124729.000000
0.000000	124729.000000
0.000000	124729.000000
0.000000	124729.000000
0.000000	124729.000000
0.000000	124730.000000
0.000000	124730.000000
0.000000	124730.000000
0.000000	124730.000000
0.000000	124730.000000
0.000000	124730.000000
0.000000	124730.000000
0.000000	124730.000000
0.000000	124730.000000
0.000000	124730.000000
0.000000	124730.000000
0.000000	124730.000000
0.000000	124730.000000
0.000000	124730.000000
0.000000	124730.000000
0.000000	124730.000000
0.000000	124730.000000
0.000000	124731.000000
0.000000	124731.000000
0.000000	124731.000000
0.000000	124731.000000
0.000000	124731.000000
0.000000	124731.000000
0.000000	124731.000000
0.000000	124731.000000
0.000000	124731.000000
0.000000	124731.000000
0.000000	124731.000000
0.000000	124731.000000
0.000000	124731.000000
0.000000	124731.000000
0.000000	124731.000000
0.000000	124731.000000
0.000000	124731.000000
0.000000	124732.000000
0.000000	124732.000000
0.000000	124732.000000
0.000000	124732.000000
0.000000	124732.000000
0.000000	124732.000000
0.000000	124732.000000
0.000000	124732.000000
0.000000	124732.000000
0.000000	124732.000000
0.000000	124732.000000
0.000000	124732.000000
0.000000	124732.000000
0.000000	124732.000000
0.000000	124732.000000
0.000000	124732.000000
0.000000	124732.000000
0.000000	124733.000000
0.000000	124733.000000
0.000000	124733.000000
0.000000	124733.000000
0.000000	124733.000000
0.000000	124733.000000
0.000000	124733.000000
0.000000	124733.000000
0.000000	124733.000000
0.000000	124733.000000
0.000000	124733.000000
0.000000	124733.000000
0.000000	124733.000000
0.000000	124733.000000
0.000000	124733.000000
0.000000	124733.000000
0.000000	124733.000000
0.000000	124734.000000
0.000000	124734.000000
0.000000	124734.000000
0.000000	124734.000000
0.000000	124734.000000
0.000000	124734.000000
0.000000	124734.000000
0.000000	124734.000000
0.000000	124734.000000
0.000000	124734.000000
0.000000	124734.000000
0.000000	124734.000000
0.000000	124734.000000
0.000000	124734.000000
0.000000	124734.000000
0.000000	124734.000000
0.000000	124734.000000
0.000000	124735.000000
0.000000	124735.000000
0.000000	124735.000000
0.000000	124735.000000
0.000000	124735.000000
0.000000	124735.000000
0.000000	124735.000000
0.000000	124735.000000
0.000000	124735.000000
0.000000	124735.000000
0.000000	124735.000000
0.000000	124735.000000
0.000000	124735.000000
0.000000	124735.000000
0.000000	124735.000000
0.000000	124735.000000
0.000000	124735.000000
0.000000	124736.000000
0.000000	124736.000000
0.000000	124736.000000
0.000000	124736.000000
0.000000	124736.000000
0.000000	124736.000000
0.000000	124736.000000
0.000000	124736.000000
0.000000	124736.000000
0.000000	124736.000000
0.000000	124736.000000
0.000000	124736.000000
0.000000	124736.000000
0.000000	124736.000000
0.000000	124736.000000
0.000000	124736.000000
0.000000	124736.000000
0.000000	124737.000000
0.000000	124737.000000
0.000000	124737.000000
0.000000	124737.000000
0.000000	124737.000000
0.000000	124737.000000
0.000000	124737.000000
0.000000	124737.000000
0.000000	124737.000000
0.000000	124737.000000
0.000000	124737.000000
0.000000	124737.000000
0.000000	124737.000000
0.000000	124737.000000
0.000000	124737.000000
0.000000	124737.000000
0.000000	124737.000000
0.000000	124738.000000
0.000000	124738.000000
0.000000	124738.000000
0.000000	124738.000000
0.000000	124738.000000
0.000000	124738.000000
0.000000	124738.000000
0.000000	124738.000000
0.000000	124738.000000
0.000000	124738.000000
0.000000	124738.000000
0.000000	124738.000000
0.000000	124738.000000
0.000000	124738.000000
0.000000	124738.000000
0.000000	124738.000000
0.000000	124738.000000
0.000000	124739.000000
0.000000	124739.000000
0.000000	124739.000000
0.000000	124739.000000
0.000000	124739.000000
0.000000	124739.000000
0.000000	124739.000000
0.000000	124739.000000
0.000000	124739.000000
0.000000	124739.000000
0.000000	124739.000000
0.000000	124739.000000
0.000000	124739.000000
0.000000	124739.000000
0.000000	124739.000000
0.000000	124739.000000
0.000000	124739.000000
0.000000	124740.000000
0.000000	124740.000000
0.000000	124740.000000
0.000000	124740.000000
0.000000	124740.000000
0.000000	124740.000000
0.000000	124740.000000
0.000000	124740.000000
0.000000	124740.000000
0.000000	124740.000000
0.000000	124740.000000
0.000000	124740.000000
0.000000	124740.000000
0.000000	124740.000000
0.000000	124740.000000
0.000000	124740.000000
0.000000	124740.000000
0.000000	124741.000000
0.000000	124741.000000
0.000000	124741.000000
0.000000	124741.000000
0.000000	124741.000000
0.000000	124741.000000
0.000000	124741.000000
0.000000	124741.000000
0.000000	124741.000000
0.000000	124741.000000
0.000000	124741.000000
0.000000	124741.000000
0.000000	124741.000000
0.000000	124741.000000
0.000000	124741.000000
0.000000	124741.000000
0.000000	124741.000000
0.000000	124742.000000
0.000000	124742.000000
0.000000	124742.000000
0.000000	124742.000000
0.000000	124742.000000
0.000000	124742.000000
0.000000	124742.000000
0.000000	124742.000000
0.000000	124742.000000
0.000000	124742.000000
0.000000	124742.000000
0.000000	124742.000000
0.000000	124742.000000
0.000000	124742.000000
0.000000	124742.000000
0.000000	124742.000000
0.000000	124742.000000
0.000000	124743.000000
0.000000	124743.000000
0.000000	124743.000000
0.000000	124743.000000
0.000000	124743.000000
0.000000	124743.000000
0.000000	124743.000000
0.000000	124743.000000
0.000000	124743.000000
0.000000	124743.000000
0.000000	124743.000000
0.000000	124743.000000
0.000000	124743.000000
0.000000	124743.000000
0.000000	124743.000000
0.000000	124743.000000
0.000000	124743.000000
0.000000	124744.000000
0.000000	124744.000000
0.000000	124744.000000
0.000000	124744.000000
0.000000	124744.000000
0.000000	124744.000000
0.000000	124744.000000
0.000000	124744.000000
0.000000	124744.000000
0.000000	124744.000000
0.000000	124744.000000
0.000000	124744.000000
0.000000	124744.000000
0.000000	124744.000000
0.000000	124744.000000
0.000000	124744.000000
0.000000	124744.000000
0.000000	124744.000000
0.000000	124745.000000
0.000000	124745.000000
0.000000	124745.000000
0.000000	124745.000000
0.000000	124745.000000
0.000000	124745.000000
0.000000	124745.000000
0.000000	124745.000000
0.000000	124745.000000
0.000000	124745.000000
0.000000	124745.000000
0.000000	124745.000000
0.000000	124745.000000
0.000000	124745.000000
0.000000	124745.000000
0.000000	124745.000000
0.000000	124745.000000
0.000000	124746.000000
0.000000	124746.000000
0.000000	124746.000000
0.000000	124746.000000
0.000000	124746.000000
0.000000	124746.000000
0.000000	124746.000000
0.000000	124746.000000
0.000000	124746.000000
0.000000	124746.000000
0.000000	124746.000000
0.000000	124746.000000
0.000000	124746.000000
0.000000	124746.000000
0.000000	124746.000000
0.000000	124746.000000
0.000000	124746.000000
0.000000	124747.000000
0.000000	124747.000000
0.000000	124747.000000
0.000000	124747.000000
0.000000	124747.000000
0.000000	124747.000000
0.000000	124747.000000
0.000000	124747.000000
0.000000	124747.000000
0.000000	124747.000000
0.000000	124747.000000
0.000000	124747.000000
0.000000	124747.000000
0.000000	124747.000000
0.000000	124747.000000
0.000000	124747.000000
0.000000	124747.000000
0.000000	124748.000000
0.000000	124748.000000
0.000000	124748.000000
0.000000	124748.000000
0.000000	124748.000000
0.000000	124748.000000
0.000000	124748.000000
