0.000000	104313.000000
0.000000	104313.000000
0.000000	104313.000000
0.000000	104313.000000
0.000000	104313.000000
0.000000	104313.000000
0.000000	104313.000000
0.000000	104313.000000
0.000000	104313.000000
0.000000	104314.000000
0.000000	104314.000000
0.000000	104314.000000
0.000000	104314.000000
0.000000	104314.000000
0.000000	104314.000000
0.000000	104314.000000
0.000000	104314.000000
0.000000	104314.000000
0.000000	104314.000000
0.000000	104314.000000
0.000000	104314.000000
0.000000	104314.000000
0.000000	104314.000000
0.000000	104314.000000
0.000000	104314.000000
0.000000	104314.000000
0.000000	104315.000000
0.000000	104315.000000
0.000000	104315.000000
0.000000	104315.000000
0.000000	104315.000000
0.000000	104315.000000
0.000000	104315.000000
0.000000	104315.000000
0.000000	104315.000000
0.000000	104315.000000
0.000000	104315.000000
0.000000	104315.000000
0.000000	104315.000000
0.000000	104315.000000
0.000000	104315.000000
0.000000	104315.000000
0.000000	104315.000000
0.000000	104316.000000
0.000000	104316.000000
0.000000	104316.000000
0.000000	104316.000000
0.000000	104316.000000
0.000000	104316.000000
0.000000	104316.000000
0.000000	104316.000000
0.000000	104316.000000
0.000000	104316.000000
0.000000	104316.000000
0.000000	104316.000000
0.000000	104316.000000
0.000000	104316.000000
0.000000	104316.000000
0.000000	104316.000000
0.000000	104316.000000
0.000000	104317.000000
0.000000	104317.000000
0.000000	104317.000000
0.000000	104317.000000
0.000000	104317.000000
0.000000	104317.000000
0.000000	104317.000000
0.000000	104317.000000
0.000000	104317.000000
0.000000	104317.000000
0.000000	104317.000000
0.000000	104317.000000
0.000000	104317.000000
0.000000	104317.000000
0.000000	104317.000000
0.000000	104317.000000
0.000000	104317.000000
0.000000	104317.000000
0.000000	104318.000000
0.000000	104318.000000
0.000000	104318.000000
0.000000	104318.000000
0.000000	104318.000000
0.000000	104318.000000
0.000000	104318.000000
0.000000	104318.000000
0.000000	104318.000000
0.000000	104318.000000
0.000000	104318.000000
0.000000	104318.000000
0.000000	104318.000000
0.000000	104318.000000
0.000000	104318.000000
0.000000	104318.000000
0.000000	104318.000000
0.000000	104319.000000
0.000000	104319.000000
0.000000	104319.000000
0.000000	104319.000000
0.000000	104319.000000
0.000000	104319.000000
0.000000	104319.000000
0.000000	104319.000000
0.000000	104319.000000
0.000000	104319.000000
0.000000	104319.000000
0.000000	104319.000000
0.000000	104319.000000
0.000000	104319.000000
0.000000	104319.000000
0.000000	104319.000000
0.000000	104319.000000
0.000000	104320.000000
0.000000	104320.000000
0.000000	104320.000000
0.000000	104320.000000
0.000000	104320.000000
0.000000	104320.000000
0.000000	104320.000000
0.000000	104320.000000
0.000000	104320.000000
0.000000	104320.000000
0.000000	104320.000000
0.000000	104320.000000
0.000000	104320.000000
0.000000	104320.000000
0.000000	104320.000000
0.000000	104320.000000
0.000000	104320.000000
0.000000	104321.000000
0.000000	104321.000000
0.000000	104321.000000
0.000000	104321.000000
0.000000	104321.000000
0.000000	104321.000000
0.000000	104321.000000
0.000000	104321.000000
0.000000	104321.000000
0.000000	104321.000000
0.000000	104321.000000
0.000000	104321.000000
0.000000	104321.000000
0.000000	104321.000000
0.000000	104321.000000
0.000000	104321.000000
0.000000	104321.000000
0.000000	104322.000000
0.000000	104322.000000
0.000000	104322.000000
0.000000	104322.000000
0.000000	104322.000000
0.000000	104322.000000
0.000000	104322.000000
0.000000	104322.000000
0.000000	104322.000000
0.000000	104322.000000
0.000000	104322.000000
0.000000	104322.000000
0.000000	104322.000000
0.000000	104322.000000
0.000000	104322.000000
0.000000	104322.000000
0.000000	104322.000000
0.000000	104323.000000
0.000000	104323.000000
0.000000	104323.000000
0.000000	104323.000000
0.000000	104323.000000
0.000000	104323.000000
0.000000	104323.000000
0.000000	104323.000000
0.000000	104323.000000
0.000000	104323.000000
0.000000	104323.000000
0.000000	104323.000000
0.000000	104323.000000
0.000000	104323.000000
0.000000	104323.000000
0.000000	104323.000000
0.000000	104323.000000
0.000000	104324.000000
0.000000	104324.000000
0.000000	104324.000000
0.000000	104324.000000
0.000000	104324.000000
0.000000	104324.000000
0.000000	104324.000000
0.000000	104324.000000
0.000000	104324.000000
0.000000	104324.000000
0.000000	104324.000000
0.000000	104324.000000
0.000000	104324.000000
0.000000	104324.000000
0.000000	104324.000000
0.000000	104324.000000
0.000000	104324.000000
0.000000	104325.000000
0.000000	104325.000000
0.000000	104325.000000
0.000000	104325.000000
0.000000	104325.000000
0.000000	104325.000000
0.000000	104325.000000
0.000000	104325.000000
0.000000	104325.000000
0.000000	104325.000000
0.000000	104325.000000
0.000000	104325.000000
0.000000	104325.000000
0.000000	104325.000000
0.000000	104325.000000
0.000000	104325.000000
0.000000	104325.000000
0.000000	104326.000000
0.000000	104326.000000
0.000000	104326.000000
0.000000	104326.000000
0.000000	104326.000000
0.000000	104326.000000
0.000000	104326.000000
0.000000	104326.000000
0.000000	104326.000000
0.000000	104326.000000
0.000000	104326.000000
0.000000	104326.000000
0.000000	104326.000000
0.000000	104326.000000
0.000000	104326.000000
0.000000	104326.000000
0.000000	104326.000000
0.000000	104327.000000
0.000000	104327.000000
0.000000	104327.000000
0.000000	104327.000000
0.000000	104327.000000
0.000000	104327.000000
0.000000	104327.000000
0.000000	104327.000000
0.000000	104327.000000
0.000000	104327.000000
0.000000	104327.000000
0.000000	104327.000000
0.000000	104327.000000
0.000000	104327.000000
0.000000	104327.000000
0.000000	104327.000000
0.000000	104327.000000
0.000000	104328.000000
0.000000	104328.000000
0.000000	104328.000000
0.000000	104328.000000
0.000000	104328.000000
0.000000	104328.000000
0.000000	104328.000000
0.000000	104328.000000
0.000000	104328.000000
0.000000	104328.000000
0.000000	104328.000000
0.000000	104328.000000
0.000000	104328.000000
0.000000	104328.000000
0.000000	104328.000000
0.000000	104328.000000
0.000000	104328.000000
0.000000	104329.000000
0.000000	104329.000000
0.000000	104329.000000
0.000000	104329.000000
0.000000	104329.000000
0.000000	104329.000000
0.000000	104329.000000
0.000000	104329.000000
0.000000	104329.000000
0.000000	104329.000000
0.000000	104329.000000
0.000000	104329.000000
0.000000	104329.000000
0.000000	104329.000000
0.000000	104329.000000
0.000000	104329.000000
0.000000	104329.000000
0.000000	104330.000000
0.000000	104330.000000
0.000000	104330.000000
0.000000	104330.000000
0.000000	104330.000000
0.000000	104330.000000
0.000000	104330.000000
0.000000	104330.000000
0.000000	104330.000000
0.000000	104330.000000
0.000000	104330.000000
0.000000	104330.000000
0.000000	104330.000000
0.000000	104330.000000
0.000000	104330.000000
0.000000	104330.000000
0.000000	104330.000000
0.000000	104331.000000
0.000000	104331.000000
0.000000	104331.000000
0.000000	104331.000000
0.000000	104331.000000
0.000000	104331.000000
0.000000	104331.000000
0.000000	104331.000000
0.000000	104331.000000
0.000000	104331.000000
0.000000	104331.000000
0.000000	104331.000000
0.000000	104331.000000
0.000000	104331.000000
0.000000	104331.000000
0.000000	104331.000000
0.000000	104331.000000
0.000000	104332.000000
0.000000	104332.000000
0.000000	104332.000000
0.000000	104332.000000
0.000000	104332.000000
0.000000	104332.000000
0.000000	104332.000000
0.000000	104332.000000
0.000000	104332.000000
0.000000	104332.000000
0.000000	104332.000000
0.000000	104332.000000
0.000000	104332.000000
0.000000	104332.000000
0.000000	104332.000000
0.000000	104332.000000
0.000000	104332.000000
0.000000	104332.000000
0.000000	104333.000000
0.000000	104333.000000
0.000000	104333.000000
0.000000	104333.000000
0.000000	104333.000000
0.000000	104333.000000
0.000000	104333.000000
0.000000	104333.000000
0.000000	104333.000000
0.000000	104333.000000
0.000000	104333.000000
0.000000	104333.000000
0.000000	104333.000000
0.000000	104333.000000
0.000000	104333.000000
0.000000	104333.000000
0.000000	104333.000000
0.000000	104334.000000
0.000000	104334.000000
0.000000	104334.000000
0.000000	104334.000000
0.000000	104334.000000
0.000000	104334.000000
0.000000	104334.000000
0.000000	104334.000000
0.000000	104334.000000
0.000000	104334.000000
0.000000	104334.000000
0.000000	104334.000000
0.000000	104334.000000
0.000000	104334.000000
0.000000	104334.000000
0.000000	104334.000000
0.000000	104334.000000
0.000000	104335.000000
0.000000	104335.000000
0.000000	104335.000000
0.000000	104335.000000
0.000000	104335.000000
0.000000	104335.000000
0.000000	104335.000000
0.000000	104335.000000
0.000000	104335.000000
0.000000	104335.000000
0.000000	104335.000000
0.000000	104335.000000
0.000000	104335.000000
0.000000	104335.000000
0.000000	104335.000000
0.000000	104335.000000
0.000000	104335.000000
0.000000	104336.000000
0.000000	104336.000000
0.000000	104336.000000
0.000000	104336.000000
0.000000	104336.000000
0.000000	104336.000000
0.000000	104336.000000
0.000000	104336.000000
0.000000	104336.000000
0.000000	104336.000000
0.000000	104336.000000
0.000000	104336.000000
0.000000	104336.000000
0.000000	104336.000000
0.000000	104336.000000
0.000000	104336.000000
0.000000	104336.000000
0.000000	104337.000000
0.000000	104337.000000
0.000000	104337.000000
0.000000	104337.000000
0.000000	104337.000000
0.000000	104337.000000
0.000000	104337.000000
0.000000	104337.000000
0.000000	104337.000000
0.000000	104337.000000
0.000000	104337.000000
0.000000	104337.000000
0.000000	104337.000000
0.000000	104337.000000
0.000000	104337.000000
0.000000	104337.000000
0.000000	104337.000000
0.000000	104338.000000
0.000000	104338.000000
0.000000	104338.000000
0.000000	104338.000000
0.000000	104338.000000
0.000000	104338.000000
0.000000	104338.000000
0.000000	104338.000000
0.000000	104338.000000
0.000000	104338.000000
0.000000	104338.000000
0.000000	104338.000000
0.000000	104338.000000
0.000000	104338.000000
0.000000	104338.000000
0.000000	104338.000000
0.000000	104338.000000
0.000000	104339.000000
0.000000	104339.000000
0.000000	104339.000000
0.000000	104339.000000
0.000000	104339.000000
0.000000	104339.000000
0.000000	104339.000000
0.000000	104339.000000
0.000000	104339.000000
0.000000	104339.000000
0.000000	104339.000000
0.000000	104339.000000
0.000000	104339.000000
0.000000	104339.000000
0.000000	104339.000000
0.000000	104339.000000
0.000000	104339.000000
0.000000	104340.000000
0.000000	104340.000000
0.000000	104340.000000
0.000000	104340.000000
0.000000	104340.000000
0.000000	104340.000000
0.000000	104340.000000
0.000000	104340.000000
0.000000	104340.000000
0.000000	104340.000000
0.000000	104340.000000
0.000000	104340.000000
0.000000	104340.000000
0.000000	104340.000000
0.000000	104340.000000
0.000000	104340.000000
0.000000	104340.000000
0.000000	104341.000000
0.000000	104341.000000
0.000000	104341.000000
0.000000	104341.000000
0.000000	104341.000000
0.000000	104341.000000
0.000000	104341.000000
0.000000	104341.000000
0.000000	104341.000000
0.000000	104341.000000
0.000000	104341.000000
0.000000	104341.000000
0.000000	104341.000000
0.000000	104341.000000
0.000000	104341.000000
0.000000	104341.000000
0.000000	104341.000000
0.000000	104342.000000
0.000000	104342.000000
0.000000	104342.000000
0.000000	104342.000000
0.000000	104342.000000
0.000000	104342.000000
0.000000	104342.000000
0.000000	104342.000000
0.000000	104342.000000
0.000000	104342.000000
0.000000	104342.000000
0.000000	104342.000000
0.000000	104342.000000
0.000000	104342.000000
0.000000	104342.000000
0.000000	104342.000000
0.000000	104342.000000
0.000000	104343.000000
0.000000	104343.000000
0.000000	104343.000000
0.000000	104343.000000
0.000000	104343.000000
0.000000	104343.000000
0.000000	104343.000000
0.000000	104343.000000
0.000000	104343.000000
0.000000	104343.000000
0.000000	104343.000000
0.000000	104343.000000
0.000000	104343.000000
0.000000	104343.000000
0.000000	104343.000000
0.000000	104343.000000
0.000000	104343.000000
0.000000	104344.000000
0.000000	104344.000000
0.000000	104344.000000
0.000000	104344.000000
0.000000	104344.000000
0.000000	104344.000000
0.000000	104344.000000
0.000000	104344.000000
0.000000	104344.000000
0.000000	104344.000000
0.000000	104344.000000
0.000000	104344.000000
0.000000	104344.000000
0.000000	104344.000000
0.000000	104344.000000
0.000000	104344.000000
0.000000	104344.000000
0.000000	104345.000000
0.000000	104345.000000
0.000000	104345.000000
0.000000	104345.000000
0.000000	104345.000000
0.000000	104345.000000
0.000000	104345.000000
0.000000	104345.000000
0.000000	104345.000000
0.000000	104345.000000
0.000000	104345.000000
0.000000	104345.000000
0.000000	104345.000000
0.000000	104345.000000
0.000000	104345.000000
0.000000	104345.000000
0.000000	104345.000000
0.000000	104346.000000
0.000000	104346.000000
0.000000	104346.000000
0.000000	104346.000000
0.000000	104346.000000
0.000000	104346.000000
0.000000	104346.000000
0.000000	104346.000000
0.000000	104346.000000
0.000000	104346.000000
0.000000	104346.000000
0.000000	104346.000000
0.000000	104346.000000
0.000000	104346.000000
0.000000	104346.000000
0.000000	104346.000000
0.000000	104346.000000
0.000000	104347.000000
0.000000	104347.000000
0.000000	104347.000000
0.000000	104347.000000
0.000000	104347.000000
0.000000	104347.000000
0.000000	104347.000000
0.000000	104347.000000
0.000000	104347.000000
0.000000	104347.000000
0.000000	104347.000000
0.000000	104347.000000
0.000000	104347.000000
0.000000	104347.000000
0.000000	104347.000000
0.000000	104347.000000
0.000000	104347.000000
0.000000	104347.000000
0.000000	104348.000000
0.000000	104348.000000
0.000000	104348.000000
0.000000	104348.000000
0.000000	104348.000000
0.000000	104348.000000
0.000000	104348.000000
0.000000	104348.000000
0.000000	104348.000000
0.000000	104348.000000
0.000000	104348.000000
0.000000	104348.000000
0.000000	104348.000000
0.000000	104348.000000
0.000000	104348.000000
0.000000	104348.000000
0.000000	104348.000000
0.000000	104349.000000
0.000000	104349.000000
0.000000	104349.000000
0.000000	104349.000000
0.000000	104349.000000
0.000000	104349.000000
0.000000	104349.000000
0.000000	104349.000000
0.000000	104349.000000
0.000000	104349.000000
0.000000	104349.000000
0.000000	104349.000000
0.000000	104349.000000
0.000000	104349.000000
0.000000	104349.000000
0.000000	104349.000000
0.000000	104349.000000
0.000000	104350.000000
0.000000	104350.000000
0.000000	104350.000000
0.000000	104350.000000
0.000000	104350.000000
0.000000	104350.000000
0.000000	104350.000000
0.000000	104350.000000
0.000000	104350.000000
0.000000	104350.000000
0.000000	104350.000000
0.000000	104350.000000
0.000000	104350.000000
0.000000	104350.000000
0.000000	104350.000000
0.000000	104350.000000
0.000000	104350.000000
0.000000	104351.000000
0.000000	104351.000000
0.000000	104351.000000
0.000000	104351.000000
0.000000	104351.000000
0.000000	104351.000000
0.000000	104351.000000
0.000000	104351.000000
0.000000	104351.000000
0.000000	104351.000000
0.000000	104351.000000
0.000000	104351.000000
0.000000	104351.000000
0.000000	104351.000000
0.000000	104351.000000
0.000000	104351.000000
0.000000	104351.000000
0.000000	104352.000000
0.000000	104352.000000
0.000000	104352.000000
0.000000	104352.000000
0.000000	104352.000000
0.000000	104352.000000
0.000000	104352.000000
0.000000	104352.000000
0.000000	104352.000000
0.000000	104352.000000
0.000000	104352.000000
0.000000	104352.000000
0.000000	104352.000000
0.000000	104352.000000
0.000000	104352.000000
0.000000	104352.000000
0.000000	104352.000000
0.000000	104353.000000
0.000000	104353.000000
0.000000	104353.000000
0.000000	104353.000000
0.000000	104353.000000
0.000000	104353.000000
0.000000	104353.000000
0.000000	104353.000000
0.000000	104353.000000
0.000000	104353.000000
0.000000	104353.000000
0.000000	104353.000000
0.000000	104353.000000
0.000000	104353.000000
0.000000	104353.000000
0.000000	104353.000000
0.000000	104353.000000
0.000000	104354.000000
0.000000	104354.000000
0.000000	104354.000000
0.000000	104354.000000
0.000000	104354.000000
0.000000	104354.000000
0.000000	104354.000000
0.000000	104354.000000
0.000000	104354.000000
0.000000	104354.000000
0.000000	104354.000000
0.000000	104354.000000
0.000000	104354.000000
0.000000	104354.000000
0.000000	104354.000000
0.000000	104354.000000
0.000000	104354.000000
0.000000	104355.000000
0.000000	104355.000000
0.000000	104355.000000
0.000000	104355.000000
0.000000	104355.000000
0.000000	104355.000000
0.000000	104355.000000
0.000000	104355.000000
0.000000	104355.000000
0.000000	104355.000000
0.000000	104355.000000
0.000000	104355.000000
0.000000	104355.000000
0.000000	104355.000000
0.000000	104355.000000
0.000000	104355.000000
0.000000	104355.000000
0.000000	104356.000000
0.000000	104356.000000
0.000000	104356.000000
0.000000	104356.000000
0.000000	104356.000000
0.000000	104356.000000
0.000000	104356.000000
0.000000	104356.000000
0.000000	104356.000000
0.000000	104356.000000
0.000000	104356.000000
0.000000	104356.000000
0.000000	104356.000000
0.000000	104356.000000
0.000000	104356.000000
0.000000	104356.000000
0.000000	104356.000000
0.000000	104357.000000
0.000000	104357.000000
0.000000	104357.000000
0.000000	104357.000000
0.000000	104357.000000
0.000000	104357.000000
0.000000	104357.000000
0.000000	104357.000000
0.000000	104357.000000
0.000000	104357.000000
0.000000	104357.000000
0.000000	104357.000000
0.000000	104357.000000
0.000000	104357.000000
0.000000	104357.000000
0.000000	104357.000000
0.000000	104357.000000
0.000000	104358.000000
0.000000	104358.000000
0.000000	104358.000000
0.000000	104358.000000
0.000000	104358.000000
0.000000	104358.000000
0.000000	104358.000000
0.000000	104358.000000
0.000000	104358.000000
0.000000	104358.000000
0.000000	104358.000000
0.000000	104358.000000
0.000000	104358.000000
0.000000	104358.000000
0.000000	104358.000000
0.000000	104358.000000
0.000000	104358.000000
0.000000	104359.000000
0.000000	104359.000000
0.000000	104359.000000
0.000000	104359.000000
0.000000	104359.000000
0.000000	104359.000000
0.000000	104359.000000
0.000000	104359.000000
0.000000	104359.000000
0.000000	104359.000000
0.000000	104359.000000
0.000000	104359.000000
0.000000	104359.000000
0.000000	104359.000000
0.000000	104359.000000
0.000000	104359.000000
0.000000	104359.000000
0.000000	104400.000000
0.000000	104400.000000
0.000000	104400.000000
0.000000	104400.000000
0.000000	104400.000000
0.000000	104400.000000
0.000000	104400.000000
0.000000	104400.000000
0.000000	104400.000000
0.000000	104400.000000
0.000000	104400.000000
0.000000	104400.000000
0.000000	104400.000000
0.000000	104400.000000
0.000000	104400.000000
0.000000	104400.000000
0.000000	104400.000000
0.000000	104401.000000
0.000000	104401.000000
0.000000	104401.000000
0.000000	104401.000000
0.000000	104401.000000
0.000000	104401.000000
0.000000	104401.000000
0.000000	104401.000000
0.000000	104401.000000
0.000000	104401.000000
0.000000	104401.000000
0.000000	104401.000000
0.000000	104401.000000
0.000000	104401.000000
0.000000	104401.000000
0.000000	104401.000000
0.000000	104401.000000
0.000000	104402.000000
0.000000	104402.000000
0.000000	104402.000000
0.000000	104402.000000
0.000000	104402.000000
0.000000	104402.000000
0.000000	104402.000000
0.000000	104402.000000
0.000000	104402.000000
0.000000	104402.000000
0.000000	104402.000000
0.000000	104402.000000
0.000000	104402.000000
0.000000	104402.000000
0.000000	104402.000000
0.000000	104402.000000
0.000000	104402.000000
0.000000	104402.000000
0.000000	104403.000000
0.000000	104403.000000
0.000000	104403.000000
0.000000	104403.000000
0.000000	104403.000000
0.000000	104403.000000
0.000000	104403.000000
0.000000	104403.000000
0.000000	104403.000000
0.000000	104403.000000
0.000000	104403.000000
0.000000	104403.000000
0.000000	104403.000000
0.000000	104403.000000
0.000000	104403.000000
0.000000	104403.000000
0.000000	104403.000000
0.000000	104404.000000
0.000000	104404.000000
0.000000	104404.000000
0.000000	104404.000000
0.000000	104404.000000
0.000000	104404.000000
0.000000	104404.000000
0.000000	104404.000000
0.000000	104404.000000
0.000000	104404.000000
0.000000	104404.000000
0.000000	104404.000000
0.000000	104404.000000
0.000000	104404.000000
0.000000	104404.000000
0.000000	104404.000000
0.000000	104404.000000
0.000000	104405.000000
0.000000	104405.000000
0.000000	104405.000000
0.000000	104405.000000
0.000000	104405.000000
0.000000	104405.000000
0.000000	104405.000000
0.000000	104405.000000
0.000000	104405.000000
0.000000	104405.000000
0.000000	104405.000000
0.000000	104405.000000
0.000000	104405.000000
0.000000	104405.000000
0.000000	104405.000000
0.000000	104405.000000
0.000000	104405.000000
0.000000	104406.000000
0.000000	104406.000000
0.000000	104406.000000
0.000000	104406.000000
0.000000	104406.000000
0.000000	104406.000000
0.000000	104406.000000
0.000000	104406.000000
0.000000	104406.000000
0.000000	104406.000000
0.000000	104406.000000
0.000000	104406.000000
0.000000	104406.000000
0.000000	104406.000000
0.000000	104406.000000
0.000000	104406.000000
0.000000	104406.000000
0.000000	104407.000000
0.000000	104407.000000
0.000000	104407.000000
0.000000	104407.000000
0.000000	104407.000000
0.000000	104407.000000
0.000000	104407.000000
0.000000	104407.000000
0.000000	104407.000000
0.000000	104407.000000
0.000000	104407.000000
0.000000	104407.000000
0.000000	104407.000000
0.000000	104407.000000
0.000000	104407.000000
0.000000	104407.000000
0.000000	104407.000000
0.000000	104408.000000
0.000000	104408.000000
0.000000	104408.000000
0.000000	104408.000000
0.000000	104408.000000
0.000000	104408.000000
0.000000	104408.000000
0.000000	104408.000000
0.000000	104408.000000
0.000000	104408.000000
0.000000	104408.000000
0.000000	104408.000000
0.000000	104408.000000
0.000000	104408.000000
0.000000	104408.000000
0.000000	104408.000000
0.000000	104408.000000
0.000000	104409.000000
0.000000	104409.000000
0.000000	104409.000000
0.000000	104409.000000
0.000000	104409.000000
0.000000	104409.000000
0.000000	104409.000000
0.000000	104409.000000
0.000000	104409.000000
0.000000	104409.000000
0.000000	104409.000000
0.000000	104409.000000
0.000000	104409.000000
0.000000	104409.000000
0.000000	104409.000000
0.000000	104409.000000
0.000000	104409.000000
0.000000	104410.000000
0.000000	104410.000000
0.000000	104410.000000
0.000000	104410.000000
0.000000	104410.000000
0.000000	104410.000000
0.000000	104410.000000
0.000000	104410.000000
0.000000	104410.000000
0.000000	104410.000000
0.000000	104410.000000
0.000000	104410.000000
0.000000	104410.000000
0.000000	104410.000000
0.000000	104410.000000
0.000000	104410.000000
0.000000	104410.000000
0.000000	104411.000000
0.000000	104411.000000
0.000000	104411.000000
0.000000	104411.000000
0.000000	104411.000000
0.000000	104411.000000
0.000000	104411.000000
0.000000	104411.000000
0.000000	104411.000000
0.000000	104411.000000
0.000000	104411.000000
0.000000	104411.000000
0.000000	104411.000000
0.000000	104411.000000
0.000000	104411.000000
0.000000	104411.000000
0.000000	104411.000000
0.000000	104412.000000
0.000000	104412.000000
0.000000	104412.000000
0.000000	104412.000000
0.000000	104412.000000
0.000000	104412.000000
0.000000	104412.000000
0.000000	104412.000000
0.000000	104412.000000
0.000000	104412.000000
0.000000	104412.000000
0.000000	104412.000000
0.000000	104412.000000
0.000000	104412.000000
0.000000	104412.000000
0.000000	104412.000000
0.000000	104412.000000
0.000000	104413.000000
0.000000	104413.000000
0.000000	104413.000000
0.000000	104413.000000
0.000000	104413.000000
0.000000	104413.000000
0.000000	104413.000000
0.000000	104413.000000
0.000000	104413.000000
0.000000	104413.000000
0.000000	104413.000000
0.000000	104413.000000
0.000000	104413.000000
0.000000	104413.000000
0.000000	104413.000000
0.000000	104413.000000
0.000000	104413.000000
0.000000	104414.000000
0.000000	104414.000000
0.000000	104414.000000
0.000000	104414.000000
0.000000	104414.000000
0.000000	104414.000000
0.000000	104414.000000
0.000000	104414.000000
0.000000	104414.000000
0.000000	104414.000000
0.000000	104414.000000
0.000000	104414.000000
0.000000	104414.000000
0.000000	104414.000000
0.000000	104414.000000
0.000000	104414.000000
0.000000	104414.000000
0.000000	104415.000000
0.000000	104415.000000
0.000000	104415.000000
0.000000	104415.000000
0.000000	104415.000000
0.000000	104415.000000
0.000000	104415.000000
0.000000	104415.000000
0.000000	104415.000000
0.000000	104415.000000
0.000000	104415.000000
0.000000	104415.000000
0.000000	104415.000000
0.000000	104415.000000
0.000000	104415.000000
0.000000	104415.000000
0.000000	104415.000000
0.000000	104416.000000
0.000000	104416.000000
0.000000	104416.000000
0.000000	104416.000000
0.000000	104416.000000
0.000000	104416.000000
0.000000	104416.000000
0.000000	104416.000000
0.000000	104416.000000
0.000000	104416.000000
0.000000	104416.000000
0.000000	104416.000000
0.000000	104416.000000
0.000000	104416.000000
0.000000	104416.000000
0.000000	104416.000000
0.000000	104416.000000
0.000000	104417.000000
0.000000	104417.000000
0.000000	104417.000000
0.000000	104417.000000
0.000000	104417.000000
0.000000	104417.000000
0.000000	104417.000000
0.000000	104417.000000
0.000000	104417.000000
0.000000	104417.000000
0.000000	104417.000000
0.000000	104417.000000
0.000000	104417.000000
0.000000	104417.000000
0.000000	104417.000000
0.000000	104417.000000
0.000000	104417.000000
0.000000	104417.000000
0.000000	104418.000000
0.000000	104418.000000
0.000000	104418.000000
0.000000	104418.000000
0.000000	104418.000000
0.000000	104418.000000
0.000000	104418.000000
0.000000	104418.000000
0.000000	104418.000000
0.000000	104418.000000
0.000000	104418.000000
0.000000	104418.000000
0.000000	104418.000000
0.000000	104418.000000
0.000000	104418.000000
0.000000	104418.000000
0.000000	104418.000000
0.000000	104419.000000
0.000000	104419.000000
0.000000	104419.000000
0.000000	104419.000000
0.000000	104419.000000
0.000000	104419.000000
0.000000	104419.000000
0.000000	104419.000000
0.000000	104419.000000
0.000000	104419.000000
0.000000	104419.000000
0.000000	104419.000000
0.000000	104419.000000
0.000000	104419.000000
0.000000	104419.000000
0.000000	104419.000000
0.000000	104419.000000
0.000000	104420.000000
0.000000	104420.000000
0.000000	104420.000000
0.000000	104420.000000
0.000000	104420.000000
0.000000	104420.000000
0.000000	104420.000000
0.000000	104420.000000
0.000000	104420.000000
0.000000	104420.000000
0.000000	104420.000000
0.000000	104420.000000
0.000000	104420.000000
0.000000	104420.000000
0.000000	104420.000000
0.000000	104420.000000
0.000000	104420.000000
0.000000	104421.000000
0.000000	104421.000000
0.000000	104421.000000
0.000000	104421.000000
0.000000	104421.000000
0.000000	104421.000000
0.000000	104421.000000
0.000000	104421.000000
0.000000	104421.000000
0.000000	104421.000000
0.000000	104421.000000
0.000000	104421.000000
0.000000	104421.000000
0.000000	104421.000000
0.000000	104421.000000
0.000000	104421.000000
0.000000	104421.000000
0.000000	104422.000000
0.000000	104422.000000
0.000000	104422.000000
0.000000	104422.000000
0.000000	104422.000000
0.000000	104422.000000
0.000000	104422.000000
0.000000	104422.000000
0.000000	104422.000000
0.000000	104422.000000
0.000000	104422.000000
0.000000	104422.000000
0.000000	104422.000000
0.000000	104422.000000
0.000000	104422.000000
0.000000	104422.000000
0.000000	104422.000000
0.000000	104423.000000
0.000000	104423.000000
0.000000	104423.000000
0.000000	104423.000000
0.000000	104423.000000
0.000000	104423.000000
0.000000	104423.000000
0.000000	104423.000000
0.000000	104423.000000
0.000000	104423.000000
0.000000	104423.000000
0.000000	104423.000000
0.000000	104423.000000
0.000000	104423.000000
0.000000	104423.000000
0.000000	104423.000000
0.000000	104424.000000
0.000000	104424.000000
0.000000	104424.000000
0.000000	104424.000000
0.000000	104424.000000
0.000000	104424.000000
0.000000	104424.000000
0.000000	104424.000000
0.000000	104424.000000
0.000000	104424.000000
0.000000	104424.000000
0.000000	104424.000000
0.000000	104424.000000
0.000000	104424.000000
0.000000	104424.000000
0.000000	104424.000000
0.000000	104424.000000
0.000000	104424.000000
0.000000	104425.000000
0.000000	104425.000000
0.000000	104425.000000
0.000000	104425.000000
0.000000	104425.000000
0.000000	104425.000000
0.000000	104425.000000
0.000000	104425.000000
0.000000	104425.000000
0.000000	104425.000000
0.000000	104425.000000
0.000000	104425.000000
0.000000	104425.000000
0.000000	104425.000000
0.000000	104425.000000
0.000000	104425.000000
0.000000	104425.000000
0.000000	104426.000000
0.000000	104426.000000
0.000000	104426.000000
0.000000	104426.000000
0.000000	104426.000000
0.000000	104426.000000
0.000000	104426.000000
0.000000	104426.000000
0.000000	104426.000000
0.000000	104426.000000
0.000000	104426.000000
0.000000	104426.000000
0.000000	104426.000000
0.000000	104426.000000
0.000000	104426.000000
0.000000	104426.000000
0.000000	104426.000000
0.000000	104427.000000
0.000000	104427.000000
0.000000	104427.000000
0.000000	104427.000000
0.000000	104427.000000
0.000000	104427.000000
0.000000	104427.000000
0.000000	104427.000000
0.000000	104427.000000
0.000000	104427.000000
0.000000	104427.000000
0.000000	104427.000000
0.000000	104427.000000
0.000000	104427.000000
0.000000	104427.000000
0.000000	104427.000000
0.000000	104427.000000
0.000000	104428.000000
0.000000	104428.000000
0.000000	104428.000000
0.000000	104428.000000
0.000000	104428.000000
0.000000	104428.000000
0.000000	104428.000000
0.000000	104428.000000
0.000000	104428.000000
0.000000	104428.000000
0.000000	104428.000000
0.000000	104428.000000
0.000000	104428.000000
0.000000	104428.000000
0.000000	104428.000000
0.000000	104428.000000
0.000000	104428.000000
0.000000	104429.000000
0.000000	104429.000000
0.000000	104429.000000
0.000000	104429.000000
0.000000	104429.000000
0.000000	104429.000000
0.000000	104429.000000
0.000000	104429.000000
0.000000	104429.000000
0.000000	104429.000000
0.000000	104429.000000
0.000000	104429.000000
0.000000	104429.000000
0.000000	104429.000000
0.000000	104429.000000
0.000000	104429.000000
0.000000	104429.000000
0.000000	104430.000000
0.000000	104430.000000
0.000000	104430.000000
0.000000	104430.000000
0.000000	104430.000000
0.000000	104430.000000
0.000000	104430.000000
0.000000	104430.000000
0.000000	104430.000000
0.000000	104430.000000
0.000000	104430.000000
0.000000	104430.000000
0.000000	104430.000000
0.000000	104430.000000
0.000000	104430.000000
0.000000	104430.000000
0.000000	104430.000000
0.000000	104431.000000
0.000000	104431.000000
0.000000	104431.000000
0.000000	104431.000000
0.000000	104431.000000
0.000000	104431.000000
0.000000	104431.000000
0.000000	104431.000000
0.000000	104431.000000
0.000000	104431.000000
0.000000	104431.000000
0.000000	104431.000000
0.000000	104431.000000
0.000000	104431.000000
0.000000	104431.000000
0.000000	104431.000000
0.000000	104431.000000
0.000000	104432.000000
0.000000	104432.000000
0.000000	104432.000000
0.000000	104432.000000
0.000000	104432.000000
0.000000	104432.000000
0.000000	104432.000000
0.000000	104432.000000
0.000000	104432.000000
0.000000	104432.000000
0.000000	104432.000000
0.000000	104432.000000
0.000000	104432.000000
0.000000	104432.000000
0.000000	104432.000000
0.000000	104432.000000
0.000000	104432.000000
0.000000	104432.000000
0.000000	104433.000000
0.000000	104433.000000
0.000000	104433.000000
0.000000	104433.000000
0.000000	104433.000000
0.000000	104433.000000
0.000000	104433.000000
0.000000	104433.000000
0.000000	104433.000000
0.000000	104433.000000
0.000000	104433.000000
0.000000	104433.000000
0.000000	104433.000000
0.000000	104433.000000
0.000000	104433.000000
0.000000	104433.000000
0.000000	104433.000000
0.000000	104434.000000
0.000000	104434.000000
0.000000	104434.000000
0.000000	104434.000000
0.000000	104434.000000
0.000000	104434.000000
0.000000	104434.000000
0.000000	104434.000000
0.000000	104434.000000
0.000000	104434.000000
0.000000	104434.000000
0.000000	104434.000000
0.000000	104434.000000
0.000000	104434.000000
0.000000	104434.000000
0.000000	104434.000000
0.000000	104434.000000
0.000000	104435.000000
0.000000	104435.000000
0.000000	104435.000000
0.000000	104435.000000
0.000000	104435.000000
0.000000	104435.000000
0.000000	104435.000000
0.000000	104435.000000
0.000000	104435.000000
0.000000	104435.000000
0.000000	104435.000000
0.000000	104435.000000
0.000000	104435.000000
0.000000	104435.000000
0.000000	104435.000000
0.000000	104435.000000
0.000000	104435.000000
0.000000	104436.000000
0.000000	104436.000000
0.000000	104436.000000
0.000000	104436.000000
0.000000	104436.000000
0.000000	104436.000000
0.000000	104436.000000
0.000000	104436.000000
0.000000	104436.000000
0.000000	104436.000000
0.000000	104436.000000
0.000000	104436.000000
0.000000	104436.000000
0.000000	104436.000000
0.000000	104436.000000
0.000000	104436.000000
0.000000	104436.000000
0.000000	104437.000000
0.000000	104437.000000
0.000000	104437.000000
0.000000	104437.000000
0.000000	104437.000000
0.000000	104437.000000
0.000000	104437.000000
0.000000	104437.000000
0.000000	104437.000000
0.000000	104437.000000
0.000000	104437.000000
0.000000	104437.000000
0.000000	104437.000000
0.000000	104437.000000
0.000000	104437.000000
0.000000	104437.000000
0.000000	104437.000000
0.000000	104438.000000
0.000000	104438.000000
0.000000	104438.000000
0.000000	104438.000000
0.000000	104438.000000
0.000000	104438.000000
0.000000	104438.000000
0.000000	104438.000000
0.000000	104438.000000
0.000000	104438.000000
0.000000	104438.000000
0.000000	104438.000000
0.000000	104438.000000
0.000000	104438.000000
0.000000	104438.000000
0.000000	104438.000000
0.000000	104438.000000
0.000000	104439.000000
0.000000	104439.000000
0.000000	104439.000000
0.000000	104439.000000
0.000000	104439.000000
0.000000	104439.000000
0.000000	104439.000000
0.000000	104439.000000
0.000000	104439.000000
0.000000	104439.000000
0.000000	104439.000000
0.000000	104439.000000
0.000000	104439.000000
0.000000	104439.000000
0.000000	104439.000000
0.000000	104439.000000
0.000000	104439.000000
0.000000	104440.000000
0.000000	104440.000000
0.000000	104440.000000
0.000000	104440.000000
0.000000	104440.000000
0.000000	104440.000000
0.000000	104440.000000
0.000000	104440.000000
0.000000	104440.000000
0.000000	104440.000000
0.000000	104440.000000
0.000000	104440.000000
0.000000	104440.000000
0.000000	104440.000000
0.000000	104440.000000
0.000000	104440.000000
0.000000	104440.000000
0.000000	104441.000000
0.000000	104441.000000
0.000000	104441.000000
0.000000	104441.000000
0.000000	104441.000000
0.000000	104441.000000
0.000000	104441.000000
0.000000	104441.000000
0.000000	104441.000000
0.000000	104441.000000
0.000000	104441.000000
0.000000	104441.000000
0.000000	104441.000000
0.000000	104441.000000
0.000000	104441.000000
0.000000	104441.000000
0.000000	104441.000000
0.000000	104442.000000
0.000000	104442.000000
0.000000	104442.000000
0.000000	104442.000000
0.000000	104442.000000
0.000000	104442.000000
0.000000	104442.000000
0.000000	104442.000000
0.000000	104442.000000
0.000000	104442.000000
0.000000	104442.000000
0.000000	104442.000000
0.000000	104442.000000
0.000000	104442.000000
0.000000	104442.000000
0.000000	104442.000000
0.000000	104442.000000
0.000000	104443.000000
0.000000	104443.000000
0.000000	104443.000000
0.000000	104443.000000
0.000000	104443.000000
0.000000	104443.000000
0.000000	104443.000000
0.000000	104443.000000
0.000000	104443.000000
0.000000	104443.000000
0.000000	104443.000000
0.000000	104443.000000
0.000000	104443.000000
0.000000	104443.000000
0.000000	104443.000000
0.000000	104443.000000
0.000000	104443.000000
0.000000	104444.000000
0.000000	104444.000000
0.000000	104444.000000
0.000000	104444.000000
0.000000	104444.000000
0.000000	104444.000000
0.000000	104444.000000
0.000000	104444.000000
0.000000	104444.000000
0.000000	104444.000000
0.000000	104444.000000
0.000000	104444.000000
0.000000	104444.000000
0.000000	104444.000000
0.000000	104444.000000
0.000000	104444.000000
0.000000	104444.000000
0.000000	104445.000000
0.000000	104445.000000
0.000000	104445.000000
0.000000	104445.000000
0.000000	104445.000000
0.000000	104445.000000
0.000000	104445.000000
0.000000	104445.000000
0.000000	104445.000000
0.000000	104445.000000
0.000000	104445.000000
0.000000	104445.000000
0.000000	104445.000000
0.000000	104445.000000
0.000000	104445.000000
0.000000	104445.000000
0.000000	104445.000000
0.000000	104446.000000
0.000000	104446.000000
0.000000	104446.000000
0.000000	104446.000000
0.000000	104446.000000
0.000000	104446.000000
0.000000	104446.000000
0.000000	104446.000000
0.000000	104446.000000
0.000000	104446.000000
0.000000	104446.000000
0.000000	104446.000000
0.000000	104446.000000
0.000000	104446.000000
0.000000	104446.000000
0.000000	104446.000000
0.000000	104446.000000
0.000000	104447.000000
0.000000	104447.000000
0.000000	104447.000000
0.000000	104447.000000
0.000000	104447.000000
0.000000	104447.000000
0.000000	104447.000000
0.000000	104447.000000
0.000000	104447.000000
0.000000	104447.000000
0.000000	104447.000000
0.000000	104447.000000
0.000000	104447.000000
0.000000	104447.000000
0.000000	104447.000000
0.000000	104447.000000
0.000000	104447.000000
0.000000	104448.000000
0.000000	104448.000000
0.000000	104448.000000
0.000000	104448.000000
0.000000	104448.000000
0.000000	104448.000000
0.000000	104448.000000
0.000000	104448.000000
0.000000	104448.000000
0.000000	104448.000000
0.000000	104448.000000
0.000000	104448.000000
0.000000	104448.000000
0.000000	104448.000000
0.000000	104448.000000
0.000000	104448.000000
0.000000	104448.000000
0.000000	104448.000000
0.000000	104449.000000
0.000000	104449.000000
0.000000	104449.000000
0.000000	104449.000000
0.000000	104449.000000
0.000000	104449.000000
0.000000	104449.000000
0.000000	104449.000000
0.000000	104449.000000
0.000000	104449.000000
0.000000	104449.000000
0.000000	104449.000000
0.000000	104449.000000
0.000000	104449.000000
0.000000	104449.000000
0.000000	104449.000000
0.000000	104449.000000
0.000000	104450.000000
0.000000	104450.000000
0.000000	104450.000000
0.000000	104450.000000
0.000000	104450.000000
0.000000	104450.000000
0.000000	104450.000000
0.000000	104450.000000
0.000000	104450.000000
0.000000	104450.000000
0.000000	104450.000000
0.000000	104450.000000
0.000000	104450.000000
0.000000	104450.000000
0.000000	104450.000000
0.000000	104450.000000
0.000000	104450.000000
0.000000	104451.000000
0.000000	104451.000000
0.000000	104451.000000
0.000000	104451.000000
0.000000	104451.000000
0.000000	104451.000000
0.000000	104451.000000
0.000000	104451.000000
0.000000	104451.000000
0.000000	104451.000000
0.000000	104451.000000
0.000000	104451.000000
0.000000	104451.000000
0.000000	104451.000000
0.000000	104451.000000
0.000000	104451.000000
0.000000	104451.000000
0.000000	104452.000000
0.000000	104452.000000
0.000000	104452.000000
0.000000	104452.000000
0.000000	104452.000000
0.000000	104452.000000
0.000000	104452.000000
0.000000	104452.000000
0.000000	104452.000000
0.000000	104452.000000
0.000000	104452.000000
0.000000	104452.000000
0.000000	104452.000000
0.000000	104452.000000
0.000000	104452.000000
0.000000	104452.000000
0.000000	104452.000000
0.000000	104453.000000
0.000000	104453.000000
0.000000	104453.000000
0.000000	104453.000000
0.000000	104453.000000
0.000000	104453.000000
0.000000	104453.000000
0.000000	104453.000000
0.000000	104453.000000
0.000000	104453.000000
0.000000	104453.000000
0.000000	104453.000000
0.000000	104453.000000
0.000000	104453.000000
0.000000	104453.000000
0.000000	104453.000000
0.000000	104453.000000
0.000000	104454.000000
0.000000	104454.000000
0.000000	104454.000000
0.000000	104454.000000
0.000000	104454.000000
0.000000	104454.000000
0.000000	104454.000000
0.000000	104454.000000
0.000000	104454.000000
0.000000	104454.000000
0.000000	104454.000000
0.000000	104454.000000
0.000000	104454.000000
0.000000	104454.000000
0.000000	104454.000000
0.000000	104454.000000
0.000000	104454.000000
0.000000	104455.000000
0.000000	104455.000000
0.000000	104455.000000
0.000000	104455.000000
0.000000	104455.000000
0.000000	104455.000000
0.000000	104455.000000
0.000000	104455.000000
0.000000	104455.000000
0.000000	104455.000000
0.000000	104455.000000
0.000000	104455.000000
0.000000	104455.000000
0.000000	104455.000000
0.000000	104455.000000
0.000000	104455.000000
0.000000	104456.000000
0.000000	104456.000000
0.000000	104456.000000
0.000000	104456.000000
0.000000	104456.000000
0.000000	104456.000000
0.000000	104456.000000
0.000000	104456.000000
0.000000	104456.000000
0.000000	104456.000000
0.000000	104456.000000
0.000000	104456.000000
0.000000	104456.000000
0.000000	104456.000000
0.000000	104456.000000
0.000000	104456.000000
0.000000	104456.000000
0.000000	104456.000000
0.000000	104457.000000
0.000000	104457.000000
0.000000	104457.000000
0.000000	104457.000000
0.000000	104457.000000
0.000000	104457.000000
0.000000	104457.000000
0.000000	104457.000000
0.000000	104457.000000
0.000000	104457.000000
0.000000	104457.000000
0.000000	104457.000000
0.000000	104457.000000
0.000000	104457.000000
0.000000	104457.000000
0.000000	104457.000000
0.000000	104457.000000
0.000000	104458.000000
0.000000	104458.000000
0.000000	104458.000000
0.000000	104458.000000
0.000000	104458.000000
0.000000	104458.000000
0.000000	104458.000000
0.000000	104458.000000
0.000000	104458.000000
0.000000	104458.000000
0.000000	104458.000000
0.000000	104458.000000
0.000000	104458.000000
0.000000	104458.000000
0.000000	104458.000000
0.000000	104458.000000
0.000000	104458.000000
0.000000	104459.000000
0.000000	104459.000000
0.000000	104459.000000
0.000000	104459.000000
0.000000	104459.000000
0.000000	104459.000000
0.000000	104459.000000
0.000000	104459.000000
0.000000	104459.000000
0.000000	104459.000000
0.000000	104459.000000
0.000000	104459.000000
0.000000	104459.000000
0.000000	104459.000000
0.000000	104459.000000
0.000000	104459.000000
0.000000	104459.000000
0.000000	104500.000000
0.000000	104500.000000
0.000000	104500.000000
0.000000	104500.000000
0.000000	104500.000000
0.000000	104500.000000
0.000000	104500.000000
0.000000	104500.000000
0.000000	104500.000000
0.000000	104500.000000
0.000000	104500.000000
0.000000	104500.000000
0.000000	104500.000000
0.000000	104500.000000
0.000000	104500.000000
0.000000	104500.000000
0.000000	104500.000000
0.000000	104501.000000
0.000000	104501.000000
0.000000	104501.000000
0.000000	104501.000000
0.000000	104501.000000
0.000000	104501.000000
0.000000	104501.000000
0.000000	104501.000000
0.000000	104501.000000
0.000000	104501.000000
0.000000	104501.000000
0.000000	104501.000000
0.000000	104501.000000
0.000000	104501.000000
0.000000	104501.000000
0.000000	104501.000000
0.000000	104501.000000
0.000000	104502.000000
0.000000	104502.000000
0.000000	104502.000000
0.000000	104502.000000
0.000000	104502.000000
0.000000	104502.000000
0.000000	104502.000000
0.000000	104502.000000
0.000000	104502.000000
0.000000	104502.000000
0.000000	104502.000000
0.000000	104502.000000
0.000000	104502.000000
0.000000	104502.000000
0.000000	104502.000000
0.000000	104502.000000
0.000000	104502.000000
0.000000	104503.000000
0.000000	104503.000000
0.000000	104503.000000
0.000000	104503.000000
0.000000	104503.000000
0.000000	104503.000000
0.000000	104503.000000
0.000000	104503.000000
0.000000	104503.000000
0.000000	104503.000000
0.000000	104503.000000
0.000000	104503.000000
0.000000	104503.000000
0.000000	104503.000000
0.000000	104503.000000
0.000000	104503.000000
0.000000	104503.000000
0.000000	104503.000000
0.000000	104504.000000
0.000000	104504.000000
0.000000	104504.000000
0.000000	104504.000000
0.000000	104504.000000
0.000000	104504.000000
0.000000	104504.000000
0.000000	104504.000000
0.000000	104504.000000
0.000000	104504.000000
0.000000	104504.000000
0.000000	104504.000000
0.000000	104504.000000
0.000000	104504.000000
0.000000	104504.000000
0.000000	104504.000000
0.000000	104504.000000
0.000000	104505.000000
0.000000	104505.000000
0.000000	104505.000000
0.000000	104505.000000
0.000000	104505.000000
0.000000	104505.000000
0.000000	104505.000000
0.000000	104505.000000
0.000000	104505.000000
0.000000	104505.000000
0.000000	104505.000000
0.000000	104505.000000
0.000000	104505.000000
0.000000	104505.000000
0.000000	104505.000000
0.000000	104505.000000
0.000000	104505.000000
0.000000	104506.000000
0.000000	104506.000000
0.000000	104506.000000
0.000000	104506.000000
0.000000	104506.000000
0.000000	104506.000000
0.000000	104506.000000
0.000000	104506.000000
0.000000	104506.000000
0.000000	104506.000000
0.000000	104506.000000
0.000000	104506.000000
0.000000	104506.000000
0.000000	104506.000000
0.000000	104506.000000
0.000000	104506.000000
0.000000	104506.000000
0.000000	104507.000000
0.000000	104507.000000
0.000000	104507.000000
0.000000	104507.000000
0.000000	104507.000000
0.000000	104507.000000
0.000000	104507.000000
0.000000	104507.000000
0.000000	104507.000000
0.000000	104507.000000
0.000000	104507.000000
0.000000	104507.000000
0.000000	104507.000000
0.000000	104507.000000
0.000000	104507.000000
0.000000	104507.000000
0.000000	104507.000000
0.000000	104508.000000
0.000000	104508.000000
0.000000	104508.000000
0.000000	104508.000000
0.000000	104508.000000
0.000000	104508.000000
0.000000	104508.000000
0.000000	104508.000000
0.000000	104508.000000
0.000000	104508.000000
0.000000	104508.000000
0.000000	104508.000000
0.000000	104508.000000
0.000000	104508.000000
0.000000	104508.000000
0.000000	104508.000000
0.000000	104508.000000
0.000000	104509.000000
0.000000	104509.000000
0.000000	104509.000000
0.000000	104509.000000
0.000000	104509.000000
0.000000	104509.000000
0.000000	104509.000000
0.000000	104509.000000
0.000000	104509.000000
0.000000	104509.000000
0.000000	104509.000000
0.000000	104509.000000
0.000000	104509.000000
0.000000	104509.000000
0.000000	104509.000000
0.000000	104509.000000
0.000000	104509.000000
0.000000	104510.000000
0.000000	104510.000000
0.000000	104510.000000
0.000000	104510.000000
0.000000	104510.000000
0.000000	104510.000000
0.000000	104510.000000
0.000000	104510.000000
0.000000	104510.000000
0.000000	104510.000000
0.000000	104510.000000
0.000000	104510.000000
0.000000	104510.000000
0.000000	104510.000000
0.000000	104510.000000
0.000000	104510.000000
0.000000	104510.000000
0.000000	104511.000000
0.000000	104511.000000
0.000000	104511.000000
0.000000	104511.000000
0.000000	104511.000000
0.000000	104511.000000
0.000000	104511.000000
0.000000	104511.000000
0.000000	104511.000000
0.000000	104511.000000
0.000000	104511.000000
0.000000	104511.000000
0.000000	104511.000000
0.000000	104511.000000
0.000000	104511.000000
0.000000	104511.000000
0.000000	104511.000000
0.000000	104512.000000
0.000000	104512.000000
0.000000	104512.000000
0.000000	104512.000000
0.000000	104512.000000
0.000000	104512.000000
0.000000	104512.000000
0.000000	104512.000000
0.000000	104512.000000
0.000000	104512.000000
0.000000	104512.000000
0.000000	104512.000000
0.000000	104512.000000
0.000000	104512.000000
0.000000	104512.000000
0.000000	104512.000000
0.000000	104512.000000
0.000000	104513.000000
0.000000	104513.000000
0.000000	104513.000000
0.000000	104513.000000
0.000000	104513.000000
0.000000	104513.000000
0.000000	104513.000000
0.000000	104513.000000
0.000000	104513.000000
0.000000	104513.000000
0.000000	104513.000000
0.000000	104513.000000
0.000000	104513.000000
0.000000	104513.000000
0.000000	104513.000000
0.000000	104513.000000
0.000000	104513.000000
0.000000	104514.000000
0.000000	104514.000000
0.000000	104514.000000
0.000000	104514.000000
0.000000	104514.000000
0.000000	104514.000000
0.000000	104514.000000
0.000000	104514.000000
0.000000	104514.000000
0.000000	104514.000000
0.000000	104514.000000
0.000000	104514.000000
0.000000	104514.000000
0.000000	104514.000000
0.000000	104514.000000
0.000000	104514.000000
0.000000	104514.000000
0.000000	104515.000000
0.000000	104515.000000
0.000000	104515.000000
0.000000	104515.000000
0.000000	104515.000000
0.000000	104515.000000
0.000000	104515.000000
0.000000	104515.000000
0.000000	104515.000000
0.000000	104515.000000
0.000000	104515.000000
0.000000	104515.000000
0.000000	104515.000000
0.000000	104515.000000
0.000000	104515.000000
0.000000	104515.000000
0.000000	104515.000000
0.000000	104516.000000
0.000000	104516.000000
0.000000	104516.000000
0.000000	104516.000000
0.000000	104516.000000
0.000000	104516.000000
0.000000	104516.000000
0.000000	104516.000000
0.000000	104516.000000
0.000000	104516.000000
0.000000	104516.000000
0.000000	104516.000000
0.000000	104516.000000
0.000000	104516.000000
0.000000	104516.000000
0.000000	104516.000000
0.000000	104516.000000
0.000000	104517.000000
0.000000	104517.000000
0.000000	104517.000000
0.000000	104517.000000
0.000000	104517.000000
0.000000	104517.000000
0.000000	104517.000000
0.000000	104517.000000
0.000000	104517.000000
0.000000	104517.000000
0.000000	104517.000000
0.000000	104517.000000
0.000000	104517.000000
0.000000	104517.000000
0.000000	104517.000000
0.000000	104517.000000
0.000000	104517.000000
0.000000	104518.000000
0.000000	104518.000000
0.000000	104518.000000
0.000000	104518.000000
0.000000	104518.000000
0.000000	104518.000000
0.000000	104518.000000
0.000000	104518.000000
0.000000	104518.000000
0.000000	104518.000000
0.000000	104518.000000
0.000000	104518.000000
0.000000	104518.000000
0.000000	104518.000000
0.000000	104518.000000
0.000000	104518.000000
0.000000	104518.000000
0.000000	104518.000000
0.000000	104519.000000
0.000000	104519.000000
0.000000	104519.000000
0.000000	104519.000000
0.000000	104519.000000
0.000000	104519.000000
0.000000	104519.000000
0.000000	104519.000000
0.000000	104519.000000
0.000000	104519.000000
0.000000	104519.000000
0.000000	104519.000000
0.000000	104519.000000
0.000000	104519.000000
0.000000	104519.000000
0.000000	104519.000000
0.000000	104519.000000
0.000000	104520.000000
0.000000	104520.000000
0.000000	104520.000000
0.000000	104520.000000
0.000000	104520.000000
0.000000	104520.000000
0.000000	104520.000000
0.000000	104520.000000
0.000000	104520.000000
0.000000	104520.000000
0.000000	104520.000000
0.000000	104520.000000
0.000000	104520.000000
0.000000	104520.000000
0.000000	104520.000000
0.000000	104520.000000
0.000000	104521.000000
0.000000	104521.000000
0.000000	104521.000000
0.000000	104521.000000
0.000000	104521.000000
0.000000	104521.000000
0.000000	104521.000000
0.000000	104521.000000
0.000000	104521.000000
0.000000	104521.000000
0.000000	104521.000000
0.000000	104521.000000
0.000000	104521.000000
0.000000	104521.000000
0.000000	104521.000000
0.000000	104521.000000
0.000000	104521.000000
0.000000	104521.000000
0.000000	104522.000000
0.000000	104522.000000
0.000000	104522.000000
0.000000	104522.000000
0.000000	104522.000000
0.000000	104522.000000
0.000000	104522.000000
0.000000	104522.000000
0.000000	104522.000000
0.000000	104522.000000
0.000000	104522.000000
0.000000	104522.000000
0.000000	104522.000000
0.000000	104522.000000
0.000000	104522.000000
0.000000	104522.000000
0.000000	104522.000000
0.000000	104523.000000
0.000000	104523.000000
0.000000	104523.000000
0.000000	104523.000000
0.000000	104523.000000
0.000000	104523.000000
0.000000	104523.000000
0.000000	104523.000000
0.000000	104523.000000
0.000000	104523.000000
0.000000	104523.000000
0.000000	104523.000000
0.000000	104523.000000
0.000000	104523.000000
0.000000	104523.000000
0.000000	104523.000000
0.000000	104523.000000
0.000000	104524.000000
0.000000	104524.000000
0.000000	104524.000000
0.000000	104524.000000
0.000000	104524.000000
0.000000	104524.000000
0.000000	104524.000000
0.000000	104524.000000
0.000000	104524.000000
0.000000	104524.000000
0.000000	104524.000000
0.000000	104524.000000
0.000000	104524.000000
0.000000	104524.000000
0.000000	104524.000000
0.000000	104524.000000
0.000000	104524.000000
0.000000	104525.000000
0.000000	104525.000000
0.000000	104525.000000
0.000000	104525.000000
0.000000	104525.000000
0.000000	104525.000000
0.000000	104525.000000
0.000000	104525.000000
0.000000	104525.000000
0.000000	104525.000000
0.000000	104525.000000
0.000000	104525.000000
0.000000	104525.000000
0.000000	104525.000000
0.000000	104525.000000
0.000000	104525.000000
0.000000	104525.000000
0.000000	104526.000000
0.000000	104526.000000
0.000000	104526.000000
0.000000	104526.000000
0.000000	104526.000000
0.000000	104526.000000
0.000000	104526.000000
0.000000	104526.000000
0.000000	104526.000000
0.000000	104526.000000
0.000000	104526.000000
0.000000	104526.000000
0.000000	104526.000000
0.000000	104526.000000
0.000000	104526.000000
0.000000	104526.000000
0.000000	104526.000000
0.000000	104527.000000
0.000000	104527.000000
0.000000	104527.000000
0.000000	104527.000000
0.000000	104527.000000
0.000000	104527.000000
0.000000	104527.000000
0.000000	104527.000000
0.000000	104527.000000
0.000000	104527.000000
0.000000	104527.000000
0.000000	104527.000000
0.000000	104527.000000
0.000000	104527.000000
0.000000	104527.000000
0.000000	104527.000000
0.000000	104527.000000
0.000000	104528.000000
0.000000	104528.000000
0.000000	104528.000000
0.000000	104528.000000
0.000000	104528.000000
0.000000	104528.000000
0.000000	104528.000000
0.000000	104528.000000
0.000000	104528.000000
0.000000	104528.000000
0.000000	104528.000000
0.000000	104528.000000
0.000000	104528.000000
0.000000	104528.000000
0.000000	104528.000000
0.000000	104528.000000
0.000000	104528.000000
0.000000	104529.000000
0.000000	104529.000000
0.000000	104529.000000
0.000000	104529.000000
0.000000	104529.000000
0.000000	104529.000000
0.000000	104529.000000
0.000000	104529.000000
0.000000	104529.000000
0.000000	104529.000000
0.000000	104529.000000
0.000000	104529.000000
0.000000	104529.000000
0.000000	104529.000000
0.000000	104529.000000
0.000000	104529.000000
0.000000	104529.000000
0.000000	104530.000000
0.000000	104530.000000
0.000000	104530.000000
0.000000	104530.000000
0.000000	104530.000000
0.000000	104530.000000
0.000000	104530.000000
0.000000	104530.000000
0.000000	104530.000000
0.000000	104530.000000
0.000000	104530.000000
0.000000	104530.000000
0.000000	104530.000000
0.000000	104530.000000
0.000000	104530.000000
0.000000	104530.000000
0.000000	104530.000000
0.000000	104531.000000
0.000000	104531.000000
0.000000	104531.000000
0.000000	104531.000000
0.000000	104531.000000
0.000000	104531.000000
0.000000	104531.000000
0.000000	104531.000000
0.000000	104531.000000
0.000000	104531.000000
0.000000	104531.000000
0.000000	104531.000000
0.000000	104531.000000
0.000000	104531.000000
0.000000	104531.000000
0.000000	104531.000000
0.000000	104531.000000
0.000000	104532.000000
0.000000	104532.000000
0.000000	104532.000000
0.000000	104532.000000
0.000000	104532.000000
0.000000	104532.000000
0.000000	104532.000000
0.000000	104532.000000
0.000000	104532.000000
0.000000	104532.000000
0.000000	104532.000000
0.000000	104532.000000
0.000000	104532.000000
0.000000	104532.000000
0.000000	104532.000000
0.000000	104532.000000
0.000000	104532.000000
0.000000	104533.000000
0.000000	104533.000000
0.000000	104533.000000
0.000000	104533.000000
0.000000	104533.000000
0.000000	104533.000000
0.000000	104533.000000
0.000000	104533.000000
0.000000	104533.000000
0.000000	104533.000000
0.000000	104533.000000
0.000000	104533.000000
0.000000	104533.000000
0.000000	104533.000000
0.000000	104533.000000
0.000000	104533.000000
0.000000	104533.000000
0.000000	104533.000000
0.000000	104534.000000
0.000000	104534.000000
0.000000	104534.000000
0.000000	104534.000000
0.000000	104534.000000
0.000000	104534.000000
0.000000	104534.000000
0.000000	104534.000000
0.000000	104534.000000
0.000000	104534.000000
0.000000	104534.000000
0.000000	104534.000000
0.000000	104534.000000
0.000000	104534.000000
0.000000	104534.000000
0.000000	104534.000000
0.000000	104534.000000
0.000000	104535.000000
0.000000	104535.000000
0.000000	104535.000000
0.000000	104535.000000
0.000000	104535.000000
0.000000	104535.000000
0.000000	104535.000000
0.000000	104535.000000
0.000000	104535.000000
0.000000	104535.000000
0.000000	104535.000000
0.000000	104535.000000
0.000000	104535.000000
0.000000	104535.000000
0.000000	104535.000000
0.000000	104535.000000
0.000000	104535.000000
0.000000	104536.000000
0.000000	104536.000000
0.000000	104536.000000
0.000000	104536.000000
0.000000	104536.000000
0.000000	104536.000000
0.000000	104536.000000
0.000000	104536.000000
0.000000	104536.000000
0.000000	104536.000000
0.000000	104536.000000
0.000000	104536.000000
0.000000	104536.000000
0.000000	104536.000000
0.000000	104536.000000
0.000000	104536.000000
0.000000	104536.000000
0.000000	104537.000000
0.000000	104537.000000
0.000000	104537.000000
0.000000	104537.000000
0.000000	104537.000000
0.000000	104537.000000
0.000000	104537.000000
0.000000	104537.000000
0.000000	104537.000000
0.000000	104537.000000
0.000000	104537.000000
0.000000	104537.000000
0.000000	104537.000000
0.000000	104537.000000
0.000000	104537.000000
0.000000	104537.000000
0.000000	104537.000000
0.000000	104538.000000
0.000000	104538.000000
0.000000	104538.000000
0.000000	104538.000000
0.000000	104538.000000
0.000000	104538.000000
0.000000	104538.000000
0.000000	104538.000000
0.000000	104538.000000
0.000000	104538.000000
0.000000	104538.000000
0.000000	104538.000000
0.000000	104538.000000
0.000000	104538.000000
0.000000	104538.000000
0.000000	104538.000000
0.000000	104538.000000
0.000000	104539.000000
0.000000	104539.000000
0.000000	104539.000000
0.000000	104539.000000
0.000000	104539.000000
0.000000	104539.000000
0.000000	104539.000000
0.000000	104539.000000
0.000000	104539.000000
0.000000	104539.000000
0.000000	104539.000000
0.000000	104539.000000
0.000000	104539.000000
0.000000	104539.000000
0.000000	104539.000000
0.000000	104539.000000
0.000000	104539.000000
0.000000	104540.000000
0.000000	104540.000000
0.000000	104540.000000
0.000000	104540.000000
0.000000	104540.000000
0.000000	104540.000000
0.000000	104540.000000
0.000000	104540.000000
0.000000	104540.000000
0.000000	104540.000000
0.000000	104540.000000
0.000000	104540.000000
0.000000	104540.000000
0.000000	104540.000000
0.000000	104540.000000
0.000000	104540.000000
0.000000	104540.000000
0.000000	104541.000000
0.000000	104541.000000
0.000000	104541.000000
0.000000	104541.000000
0.000000	104541.000000
0.000000	104541.000000
0.000000	104541.000000
0.000000	104541.000000
0.000000	104541.000000
0.000000	104541.000000
0.000000	104541.000000
0.000000	104541.000000
0.000000	104541.000000
0.000000	104541.000000
0.000000	104541.000000
0.000000	104541.000000
0.000000	104541.000000
0.000000	104542.000000
0.000000	104542.000000
0.000000	104542.000000
0.000000	104542.000000
0.000000	104542.000000
0.000000	104542.000000
0.000000	104542.000000
0.000000	104542.000000
0.000000	104542.000000
0.000000	104542.000000
0.000000	104542.000000
0.000000	104542.000000
0.000000	104542.000000
0.000000	104542.000000
0.000000	104542.000000
0.000000	104542.000000
0.000000	104542.000000
0.000000	104543.000000
0.000000	104543.000000
0.000000	104543.000000
0.000000	104543.000000
0.000000	104543.000000
0.000000	104543.000000
0.000000	104543.000000
0.000000	104543.000000
0.000000	104543.000000
0.000000	104543.000000
0.000000	104543.000000
0.000000	104543.000000
0.000000	104543.000000
0.000000	104543.000000
0.000000	104543.000000
0.000000	104543.000000
0.000000	104543.000000
0.000000	104544.000000
0.000000	104544.000000
0.000000	104544.000000
0.000000	104544.000000
0.000000	104544.000000
0.000000	104544.000000
0.000000	104544.000000
0.000000	104544.000000
0.000000	104544.000000
0.000000	104544.000000
0.000000	104544.000000
0.000000	104544.000000
0.000000	104544.000000
0.000000	104544.000000
0.000000	104544.000000
0.000000	104544.000000
0.000000	104544.000000
0.000000	104545.000000
0.000000	104545.000000
0.000000	104545.000000
0.000000	104545.000000
0.000000	104545.000000
0.000000	104545.000000
0.000000	104545.000000
0.000000	104545.000000
0.000000	104545.000000
0.000000	104545.000000
0.000000	104545.000000
0.000000	104545.000000
0.000000	104545.000000
0.000000	104545.000000
0.000000	104545.000000
0.000000	104545.000000
0.000000	104545.000000
0.000000	104546.000000
0.000000	104546.000000
0.000000	104546.000000
0.000000	104546.000000
0.000000	104546.000000
0.000000	104546.000000
0.000000	104546.000000
0.000000	104546.000000
0.000000	104546.000000
0.000000	104546.000000
0.000000	104546.000000
0.000000	104546.000000
0.000000	104546.000000
0.000000	104546.000000
0.000000	104546.000000
0.000000	104546.000000
0.000000	104546.000000
0.000000	104547.000000
0.000000	104547.000000
0.000000	104547.000000
0.000000	104547.000000
0.000000	104547.000000
0.000000	104547.000000
0.000000	104547.000000
0.000000	104547.000000
0.000000	104547.000000
0.000000	104547.000000
0.000000	104547.000000
0.000000	104547.000000
0.000000	104547.000000
0.000000	104547.000000
0.000000	104547.000000
0.000000	104547.000000
0.000000	104547.000000
0.000000	104548.000000
0.000000	104548.000000
0.000000	104548.000000
0.000000	104548.000000
0.000000	104548.000000
0.000000	104548.000000
0.000000	104548.000000
0.000000	104548.000000
0.000000	104548.000000
0.000000	104548.000000
0.000000	104548.000000
0.000000	104548.000000
0.000000	104548.000000
0.000000	104548.000000
0.000000	104548.000000
0.000000	104548.000000
0.000000	104548.000000
0.000000	104548.000000
0.000000	104549.000000
0.000000	104549.000000
0.000000	104549.000000
0.000000	104549.000000
0.000000	104549.000000
0.000000	104549.000000
0.000000	104549.000000
0.000000	104549.000000
0.000000	104549.000000
0.000000	104549.000000
0.000000	104549.000000
0.000000	104549.000000
0.000000	104549.000000
0.000000	104549.000000
0.000000	104549.000000
0.000000	104549.000000
0.000000	104549.000000
0.000000	104550.000000
0.000000	104550.000000
0.000000	104550.000000
0.000000	104550.000000
0.000000	104550.000000
0.000000	104550.000000
0.000000	104550.000000
0.000000	104550.000000
0.000000	104550.000000
0.000000	104550.000000
0.000000	104550.000000
0.000000	104550.000000
0.000000	104550.000000
0.000000	104550.000000
0.000000	104550.000000
0.000000	104550.000000
0.000000	104550.000000
0.000000	104551.000000
0.000000	104551.000000
0.000000	104551.000000
0.000000	104551.000000
0.000000	104551.000000
0.000000	104551.000000
0.000000	104551.000000
0.000000	104551.000000
0.000000	104551.000000
0.000000	104551.000000
0.000000	104551.000000
0.000000	104551.000000
0.000000	104551.000000
0.000000	104551.000000
0.000000	104551.000000
0.000000	104551.000000
0.000000	104551.000000
0.000000	104552.000000
0.000000	104552.000000
0.000000	104552.000000
0.000000	104552.000000
0.000000	104552.000000
0.000000	104552.000000
0.000000	104552.000000
0.000000	104552.000000
0.000000	104552.000000
0.000000	104552.000000
0.000000	104552.000000
0.000000	104552.000000
0.000000	104552.000000
0.000000	104552.000000
0.000000	104552.000000
0.000000	104552.000000
0.000000	104552.000000
0.000000	104553.000000
0.000000	104553.000000
0.000000	104553.000000
0.000000	104553.000000
0.000000	104553.000000
0.000000	104553.000000
0.000000	104553.000000
0.000000	104553.000000
0.000000	104553.000000
0.000000	104553.000000
0.000000	104553.000000
0.000000	104553.000000
0.000000	104553.000000
0.000000	104553.000000
0.000000	104553.000000
0.000000	104553.000000
0.000000	104553.000000
0.000000	104554.000000
0.000000	104554.000000
0.000000	104554.000000
0.000000	104554.000000
0.000000	104554.000000
0.000000	104554.000000
0.000000	104554.000000
0.000000	104554.000000
0.000000	104554.000000
0.000000	104554.000000
0.000000	104554.000000
0.000000	104554.000000
0.000000	104554.000000
0.000000	104554.000000
0.000000	104554.000000
0.000000	104554.000000
0.000000	104554.000000
0.000000	104555.000000
0.000000	104555.000000
0.000000	104555.000000
0.000000	104555.000000
0.000000	104555.000000
0.000000	104555.000000
0.000000	104555.000000
0.000000	104555.000000
0.000000	104555.000000
0.000000	104555.000000
0.000000	104555.000000
0.000000	104555.000000
0.000000	104555.000000
0.000000	104555.000000
0.000000	104555.000000
0.000000	104555.000000
0.000000	104555.000000
0.000000	104556.000000
0.000000	104556.000000
0.000000	104556.000000
0.000000	104556.000000
0.000000	104556.000000
0.000000	104556.000000
0.000000	104556.000000
0.000000	104556.000000
0.000000	104556.000000
0.000000	104556.000000
0.000000	104556.000000
0.000000	104556.000000
0.000000	104556.000000
0.000000	104556.000000
0.000000	104556.000000
0.000000	104556.000000
0.000000	104556.000000
0.000000	104557.000000
0.000000	104557.000000
0.000000	104557.000000
0.000000	104557.000000
0.000000	104557.000000
0.000000	104557.000000
0.000000	104557.000000
0.000000	104557.000000
0.000000	104557.000000
0.000000	104557.000000
0.000000	104557.000000
0.000000	104557.000000
0.000000	104557.000000
0.000000	104557.000000
0.000000	104557.000000
0.000000	104557.000000
0.000000	104557.000000
0.000000	104558.000000
0.000000	104558.000000
0.000000	104558.000000
0.000000	104558.000000
0.000000	104558.000000
0.000000	104558.000000
0.000000	104558.000000
0.000000	104558.000000
0.000000	104558.000000
0.000000	104558.000000
0.000000	104558.000000
0.000000	104558.000000
0.000000	104558.000000
0.000000	104558.000000
0.000000	104558.000000
0.000000	104558.000000
0.000000	104558.000000
0.000000	104559.000000
0.000000	104559.000000
0.000000	104559.000000
0.000000	104559.000000
0.000000	104559.000000
0.000000	104559.000000
0.000000	104559.000000
0.000000	104559.000000
0.000000	104559.000000
0.000000	104559.000000
0.000000	104559.000000
0.000000	104559.000000
0.000000	104559.000000
0.000000	104559.000000
0.000000	104559.000000
0.000000	104559.000000
0.000000	104559.000000
0.000000	104600.000000
0.000000	104600.000000
0.000000	104600.000000
0.000000	104600.000000
0.000000	104600.000000
0.000000	104600.000000
0.000000	104600.000000
0.000000	104600.000000
0.000000	104600.000000
0.000000	104600.000000
0.000000	104600.000000
0.000000	104600.000000
0.000000	104600.000000
0.000000	104600.000000
0.000000	104600.000000
0.000000	104600.000000
0.000000	104600.000000
0.000000	104601.000000
0.000000	104601.000000
0.000000	104601.000000
0.000000	104601.000000
0.000000	104601.000000
0.000000	104601.000000
0.000000	104601.000000
0.000000	104601.000000
0.000000	104601.000000
0.000000	104601.000000
0.000000	104601.000000
0.000000	104601.000000
0.000000	104601.000000
0.000000	104601.000000
0.000000	104601.000000
0.000000	104601.000000
0.000000	104601.000000
0.000000	104602.000000
0.000000	104602.000000
0.000000	104602.000000
0.000000	104602.000000
0.000000	104602.000000
0.000000	104602.000000
0.000000	104602.000000
0.000000	104602.000000
0.000000	104602.000000
0.000000	104602.000000
0.000000	104602.000000
0.000000	104602.000000
0.000000	104602.000000
0.000000	104602.000000
0.000000	104602.000000
0.000000	104602.000000
0.000000	104602.000000
0.000000	104603.000000
0.000000	104603.000000
0.000000	104603.000000
0.000000	104603.000000
0.000000	104603.000000
0.000000	104603.000000
0.000000	104603.000000
0.000000	104603.000000
0.000000	104603.000000
0.000000	104603.000000
0.000000	104603.000000
0.000000	104603.000000
0.000000	104603.000000
0.000000	104603.000000
0.000000	104603.000000
0.000000	104603.000000
0.000000	104603.000000
0.000000	104603.000000
0.000000	104604.000000
0.000000	104604.000000
0.000000	104604.000000
0.000000	104604.000000
0.000000	104604.000000
0.000000	104604.000000
0.000000	104604.000000
0.000000	104604.000000
0.000000	104604.000000
0.000000	104604.000000
0.000000	104604.000000
0.000000	104604.000000
0.000000	104604.000000
0.000000	104604.000000
0.000000	104604.000000
0.000000	104604.000000
0.000000	104604.000000
0.000000	104605.000000
0.000000	104605.000000
0.000000	104605.000000
0.000000	104605.000000
0.000000	104605.000000
0.000000	104605.000000
0.000000	104605.000000
0.000000	104605.000000
0.000000	104605.000000
0.000000	104605.000000
0.000000	104605.000000
0.000000	104605.000000
0.000000	104605.000000
0.000000	104605.000000
0.000000	104605.000000
0.000000	104605.000000
0.000000	104605.000000
0.000000	104606.000000
0.000000	104606.000000
0.000000	104606.000000
0.000000	104606.000000
0.000000	104606.000000
0.000000	104606.000000
0.000000	104606.000000
0.000000	104606.000000
0.000000	104606.000000
0.000000	104606.000000
0.000000	104606.000000
0.000000	104606.000000
0.000000	104606.000000
0.000000	104606.000000
0.000000	104606.000000
0.000000	104606.000000
0.000000	104606.000000
0.000000	104607.000000
0.000000	104607.000000
0.000000	104607.000000
0.000000	104607.000000
0.000000	104607.000000
0.000000	104607.000000
0.000000	104607.000000
0.000000	104607.000000
0.000000	104607.000000
0.000000	104607.000000
0.000000	104607.000000
0.000000	104607.000000
0.000000	104607.000000
0.000000	104607.000000
0.000000	104607.000000
0.000000	104607.000000
0.000000	104607.000000
0.000000	104608.000000
0.000000	104608.000000
0.000000	104608.000000
0.000000	104608.000000
0.000000	104608.000000
0.000000	104608.000000
0.000000	104608.000000
0.000000	104608.000000
0.000000	104608.000000
0.000000	104608.000000
0.000000	104608.000000
0.000000	104608.000000
0.000000	104608.000000
0.000000	104608.000000
0.000000	104608.000000
0.000000	104608.000000
0.000000	104608.000000
0.000000	104609.000000
0.000000	104609.000000
0.000000	104609.000000
0.000000	104609.000000
0.000000	104609.000000
0.000000	104609.000000
0.000000	104609.000000
0.000000	104609.000000
0.000000	104609.000000
0.000000	104609.000000
0.000000	104609.000000
0.000000	104609.000000
0.000000	104609.000000
0.000000	104609.000000
0.000000	104609.000000
0.000000	104609.000000
0.000000	104609.000000
0.000000	104610.000000
0.000000	104610.000000
0.000000	104610.000000
0.000000	104610.000000
0.000000	104610.000000
0.000000	104610.000000
0.000000	104610.000000
0.000000	104610.000000
0.000000	104610.000000
0.000000	104610.000000
0.000000	104610.000000
0.000000	104610.000000
0.000000	104610.000000
0.000000	104610.000000
0.000000	104610.000000
0.000000	104610.000000
0.000000	104610.000000
0.000000	104611.000000
0.000000	104611.000000
0.000000	104611.000000
0.000000	104611.000000
0.000000	104611.000000
0.000000	104611.000000
0.000000	104611.000000
0.000000	104611.000000
0.000000	104611.000000
0.000000	104611.000000
0.000000	104611.000000
0.000000	104611.000000
0.000000	104611.000000
0.000000	104611.000000
0.000000	104611.000000
0.000000	104611.000000
0.000000	104611.000000
0.000000	104612.000000
0.000000	104612.000000
0.000000	104612.000000
0.000000	104612.000000
0.000000	104612.000000
0.000000	104612.000000
0.000000	104612.000000
0.000000	104612.000000
0.000000	104612.000000
0.000000	104612.000000
0.000000	104612.000000
0.000000	104612.000000
0.000000	104612.000000
0.000000	104612.000000
0.000000	104612.000000
0.000000	104612.000000
0.000000	104612.000000
0.000000	104613.000000
0.000000	104613.000000
0.000000	104613.000000
0.000000	104613.000000
0.000000	104613.000000
0.000000	104613.000000
0.000000	104613.000000
0.000000	104613.000000
