0.000000	103511.000000
0.000000	103511.000000
0.000000	103511.000000
0.000000	103511.000000
0.000000	103511.000000
0.000000	103511.000000
0.000000	103511.000000
0.000000	103511.000000
0.000000	103511.000000
0.000000	103512.000000
0.000000	103512.000000
0.000000	103512.000000
0.000000	103512.000000
0.000000	103512.000000
0.000000	103512.000000
0.000000	103512.000000
0.000000	103512.000000
0.000000	103512.000000
0.000000	103512.000000
0.000000	103512.000000
0.000000	103512.000000
0.000000	103512.000000
0.000000	103512.000000
0.000000	103512.000000
0.000000	103512.000000
0.000000	103512.000000
0.000000	103513.000000
0.000000	103513.000000
0.000000	103513.000000
0.000000	103513.000000
0.000000	103513.000000
0.000000	103513.000000
0.000000	103513.000000
0.000000	103513.000000
0.000000	103513.000000
0.000000	103513.000000
0.000000	103513.000000
0.000000	103513.000000
0.000000	103513.000000
0.000000	103513.000000
0.000000	103513.000000
0.000000	103513.000000
0.000000	103514.000000
0.000000	103514.000000
0.000000	103514.000000
0.000000	103514.000000
0.000000	103514.000000
0.000000	103514.000000
0.000000	103514.000000
0.000000	103514.000000
0.000000	103514.000000
0.000000	103514.000000
0.000000	103514.000000
0.000000	103514.000000
0.000000	103514.000000
0.000000	103514.000000
0.000000	103514.000000
0.000000	103514.000000
0.000000	103514.000000
0.000000	103514.000000
0.000000	103515.000000
0.000000	103515.000000
0.000000	103515.000000
0.000000	103515.000000
0.000000	103515.000000
0.000000	103515.000000
0.000000	103515.000000
0.000000	103515.000000
0.000000	103515.000000
0.000000	103515.000000
0.000000	103515.000000
0.000000	103515.000000
0.000000	103515.000000
0.000000	103515.000000
0.000000	103515.000000
0.000000	103515.000000
0.000000	103515.000000
0.000000	103516.000000
0.000000	103516.000000
0.000000	103516.000000
0.000000	103516.000000
0.000000	103516.000000
0.000000	103516.000000
0.000000	103516.000000
0.000000	103516.000000
0.000000	103516.000000
0.000000	103516.000000
0.000000	103516.000000
0.000000	103516.000000
0.000000	103516.000000
0.000000	103516.000000
0.000000	103516.000000
0.000000	103516.000000
0.000000	103516.000000
0.000000	103517.000000
0.000000	103517.000000
0.000000	103517.000000
0.000000	103517.000000
0.000000	103517.000000
0.000000	103517.000000
0.000000	103517.000000
0.000000	103517.000000
0.000000	103517.000000
0.000000	103517.000000
0.000000	103517.000000
0.000000	103517.000000
0.000000	103517.000000
0.000000	103517.000000
0.000000	103517.000000
0.000000	103517.000000
0.000000	103517.000000
0.000000	103518.000000
0.000000	103518.000000
0.000000	103518.000000
0.000000	103518.000000
0.000000	103518.000000
0.000000	103518.000000
0.000000	103518.000000
0.000000	103518.000000
0.000000	103518.000000
0.000000	103518.000000
0.000000	103518.000000
0.000000	103518.000000
0.000000	103518.000000
0.000000	103518.000000
0.000000	103518.000000
0.000000	103518.000000
0.000000	103518.000000
0.000000	103519.000000
0.000000	103519.000000
0.000000	103519.000000
0.000000	103519.000000
0.000000	103519.000000
0.000000	103519.000000
0.000000	103519.000000
0.000000	103519.000000
0.000000	103519.000000
0.000000	103519.000000
0.000000	103519.000000
0.000000	103519.000000
0.000000	103519.000000
0.000000	103519.000000
0.000000	103519.000000
0.000000	103519.000000
0.000000	103519.000000
0.000000	103520.000000
0.000000	103520.000000
0.000000	103520.000000
0.000000	103520.000000
0.000000	103520.000000
0.000000	103520.000000
0.000000	103520.000000
0.000000	103520.000000
0.000000	103520.000000
0.000000	103520.000000
0.000000	103520.000000
0.000000	103520.000000
0.000000	103520.000000
0.000000	103520.000000
0.000000	103520.000000
0.000000	103520.000000
0.000000	103520.000000
0.000000	103520.000000
0.000000	103521.000000
0.000000	103521.000000
0.000000	103521.000000
0.000000	103521.000000
0.000000	103521.000000
0.000000	103521.000000
0.000000	103521.000000
0.000000	103521.000000
0.000000	103521.000000
0.000000	103521.000000
0.000000	103521.000000
0.000000	103521.000000
0.000000	103521.000000
0.000000	103521.000000
0.000000	103521.000000
0.000000	103521.000000
0.000000	103521.000000
0.000000	103522.000000
0.000000	103522.000000
0.000000	103522.000000
0.000000	103522.000000
0.000000	103522.000000
0.000000	103522.000000
0.000000	103522.000000
0.000000	103522.000000
0.000000	103522.000000
0.000000	103522.000000
0.000000	103522.000000
0.000000	103522.000000
0.000000	103522.000000
0.000000	103522.000000
0.000000	103522.000000
0.000000	103522.000000
0.000000	103522.000000
0.000000	103523.000000
0.000000	103523.000000
0.000000	103523.000000
0.000000	103523.000000
0.000000	103523.000000
0.000000	103523.000000
0.000000	103523.000000
0.000000	103523.000000
0.000000	103523.000000
0.000000	103523.000000
0.000000	103523.000000
0.000000	103523.000000
0.000000	103523.000000
0.000000	103523.000000
0.000000	103523.000000
0.000000	103523.000000
0.000000	103523.000000
0.000000	103524.000000
0.000000	103524.000000
0.000000	103524.000000
0.000000	103524.000000
0.000000	103524.000000
0.000000	103524.000000
0.000000	103524.000000
0.000000	103524.000000
0.000000	103524.000000
0.000000	103524.000000
0.000000	103524.000000
0.000000	103524.000000
0.000000	103524.000000
0.000000	103524.000000
0.000000	103524.000000
0.000000	103524.000000
0.000000	103524.000000
0.000000	103525.000000
0.000000	103525.000000
0.000000	103525.000000
0.000000	103525.000000
0.000000	103525.000000
0.000000	103525.000000
0.000000	103525.000000
0.000000	103525.000000
0.000000	103525.000000
0.000000	103525.000000
0.000000	103525.000000
0.000000	103525.000000
0.000000	103525.000000
0.000000	103525.000000
0.000000	103525.000000
0.000000	103525.000000
0.000000	103526.000000
0.000000	103526.000000
0.000000	103526.000000
0.000000	103526.000000
0.000000	103526.000000
0.000000	103526.000000
0.000000	103526.000000
0.000000	103526.000000
0.000000	103526.000000
0.000000	103526.000000
0.000000	103526.000000
0.000000	103526.000000
0.000000	103526.000000
0.000000	103526.000000
0.000000	103526.000000
0.000000	103526.000000
0.000000	103526.000000
0.000000	103526.000000
0.000000	103527.000000
0.000000	103527.000000
0.000000	103527.000000
0.000000	103527.000000
0.000000	103527.000000
0.000000	103527.000000
0.000000	103527.000000
0.000000	103527.000000
0.000000	103527.000000
0.000000	103527.000000
0.000000	103527.000000
0.000000	103527.000000
0.000000	103528.000000
0.000000	103528.000000
0.000000	103528.000000
0.000000	103528.000000
0.000000	103528.000000
0.000000	103528.000000
0.000000	103528.000000
0.000000	103528.000000
0.000000	103528.000000
0.000000	103528.000000
0.000000	103528.000000
0.000000	103528.000000
0.000000	103528.000000
0.000000	103528.000000
0.000000	103528.000000
0.000000	103528.000000
0.000000	103528.000000
0.000000	103528.000000
0.000000	103528.000000
0.000000	103528.000000
0.000000	103528.000000
0.000000	103528.000000
0.000000	103529.000000
0.000000	103529.000000
0.000000	103529.000000
0.000000	103529.000000
0.000000	103529.000000
0.000000	103529.000000
0.000000	103529.000000
0.000000	103529.000000
0.000000	103529.000000
0.000000	103529.000000
0.000000	103529.000000
0.000000	103529.000000
0.000000	103529.000000
0.000000	103529.000000
0.000000	103529.000000
0.000000	103529.000000
0.000000	103529.000000
0.000000	103530.000000
0.000000	103530.000000
0.000000	103530.000000
0.000000	103530.000000
0.000000	103530.000000
0.000000	103530.000000
0.000000	103530.000000
0.000000	103530.000000
0.000000	103530.000000
0.000000	103530.000000
0.000000	103530.000000
0.000000	103530.000000
0.000000	103530.000000
0.000000	103530.000000
0.000000	103530.000000
0.000000	103530.000000
0.000000	103530.000000
0.000000	103531.000000
0.000000	103531.000000
0.000000	103531.000000
0.000000	103531.000000
0.000000	103531.000000
0.000000	103531.000000
0.000000	103531.000000
0.000000	103531.000000
0.000000	103531.000000
0.000000	103531.000000
0.000000	103531.000000
0.000000	103531.000000
0.000000	103531.000000
0.000000	103531.000000
0.000000	103532.000000
0.000000	103532.000000
0.000000	103532.000000
0.000000	103532.000000
0.000000	103532.000000
0.000000	103532.000000
0.000000	103532.000000
0.000000	103532.000000
0.000000	103532.000000
0.000000	103532.000000
0.000000	103532.000000
0.000000	103532.000000
0.000000	103532.000000
0.000000	103532.000000
0.000000	103532.000000
0.000000	103532.000000
0.000000	103532.000000
0.000000	103532.000000
0.000000	103532.000000
0.000000	103532.000000
0.000000	103533.000000
0.000000	103533.000000
0.000000	103533.000000
0.000000	103533.000000
0.000000	103533.000000
0.000000	103533.000000
0.000000	103533.000000
0.000000	103533.000000
0.000000	103533.000000
0.000000	103533.000000
0.000000	103533.000000
0.000000	103533.000000
0.000000	103533.000000
0.000000	103533.000000
0.000000	103533.000000
0.000000	103533.000000
0.000000	103533.000000
0.000000	103534.000000
0.000000	103534.000000
0.000000	103534.000000
0.000000	103534.000000
0.000000	103534.000000
0.000000	103534.000000
0.000000	103534.000000
0.000000	103534.000000
0.000000	103534.000000
0.000000	103534.000000
0.000000	103534.000000
0.000000	103534.000000
0.000000	103534.000000
0.000000	103534.000000
0.000000	103534.000000
0.000000	103534.000000
0.000000	103534.000000
0.000000	103534.000000
0.000000	103535.000000
0.000000	103535.000000
0.000000	103535.000000
0.000000	103535.000000
0.000000	103535.000000
0.000000	103535.000000
0.000000	103535.000000
0.000000	103535.000000
0.000000	103535.000000
0.000000	103535.000000
0.000000	103535.000000
0.000000	103535.000000
0.000000	103535.000000
0.000000	103535.000000
0.000000	103535.000000
0.000000	103535.000000
0.000000	103535.000000
0.000000	103536.000000
0.000000	103536.000000
0.000000	103536.000000
0.000000	103536.000000
0.000000	103536.000000
0.000000	103536.000000
0.000000	103536.000000
0.000000	103536.000000
0.000000	103536.000000
0.000000	103536.000000
0.000000	103536.000000
0.000000	103536.000000
0.000000	103536.000000
0.000000	103536.000000
0.000000	103536.000000
0.000000	103536.000000
0.000000	103536.000000
0.000000	103537.000000
0.000000	103537.000000
0.000000	103537.000000
0.000000	103537.000000
0.000000	103537.000000
0.000000	103537.000000
0.000000	103537.000000
0.000000	103537.000000
0.000000	103537.000000
0.000000	103537.000000
0.000000	103537.000000
0.000000	103537.000000
0.000000	103537.000000
0.000000	103537.000000
0.000000	103537.000000
0.000000	103537.000000
0.000000	103537.000000
0.000000	103538.000000
0.000000	103538.000000
0.000000	103538.000000
0.000000	103538.000000
0.000000	103538.000000
0.000000	103538.000000
0.000000	103538.000000
0.000000	103538.000000
0.000000	103538.000000
0.000000	103538.000000
0.000000	103538.000000
0.000000	103538.000000
0.000000	103538.000000
0.000000	103538.000000
0.000000	103538.000000
0.000000	103538.000000
0.000000	103538.000000
0.000000	103539.000000
0.000000	103539.000000
0.000000	103539.000000
0.000000	103539.000000
0.000000	103539.000000
0.000000	103539.000000
0.000000	103539.000000
0.000000	103539.000000
0.000000	103539.000000
0.000000	103539.000000
0.000000	103539.000000
0.000000	103539.000000
0.000000	103539.000000
0.000000	103539.000000
0.000000	103539.000000
0.000000	103539.000000
0.000000	103540.000000
0.000000	103540.000000
0.000000	103540.000000
0.000000	103540.000000
0.000000	103540.000000
0.000000	103540.000000
0.000000	103540.000000
0.000000	103540.000000
0.000000	103540.000000
0.000000	103540.000000
0.000000	103540.000000
0.000000	103540.000000
0.000000	103540.000000
0.000000	103540.000000
0.000000	103540.000000
0.000000	103540.000000
0.000000	103540.000000
0.000000	103540.000000
0.000000	103541.000000
0.000000	103541.000000
0.000000	103541.000000
0.000000	103541.000000
0.000000	103541.000000
0.000000	103541.000000
0.000000	103541.000000
0.000000	103541.000000
0.000000	103541.000000
0.000000	103541.000000
0.000000	103541.000000
0.000000	103541.000000
0.000000	103541.000000
0.000000	103541.000000
0.000000	103541.000000
0.000000	103541.000000
0.000000	103541.000000
0.000000	103542.000000
0.000000	103542.000000
0.000000	103542.000000
0.000000	103542.000000
0.000000	103542.000000
0.000000	103542.000000
0.000000	103542.000000
0.000000	103542.000000
0.000000	103542.000000
0.000000	103542.000000
0.000000	103542.000000
0.000000	103542.000000
0.000000	103542.000000
0.000000	103542.000000
0.000000	103542.000000
0.000000	103542.000000
0.000000	103543.000000
0.000000	103543.000000
0.000000	103543.000000
0.000000	103543.000000
0.000000	103543.000000
0.000000	103543.000000
0.000000	103543.000000
0.000000	103543.000000
0.000000	103543.000000
0.000000	103543.000000
0.000000	103543.000000
0.000000	103543.000000
0.000000	103543.000000
0.000000	103543.000000
0.000000	103543.000000
0.000000	103543.000000
0.000000	103543.000000
0.000000	103543.000000
0.000000	103544.000000
0.000000	103544.000000
0.000000	103544.000000
0.000000	103544.000000
0.000000	103544.000000
0.000000	103544.000000
0.000000	103544.000000
0.000000	103544.000000
0.000000	103544.000000
0.000000	103544.000000
0.000000	103544.000000
0.000000	103544.000000
0.000000	103544.000000
0.000000	103544.000000
0.000000	103544.000000
0.000000	103544.000000
0.000000	103545.000000
0.000000	103545.000000
0.000000	103545.000000
0.000000	103545.000000
0.000000	103545.000000
0.000000	103545.000000
0.000000	103545.000000
0.000000	103545.000000
0.000000	103545.000000
0.000000	103545.000000
0.000000	103545.000000
0.000000	103545.000000
0.000000	103545.000000
0.000000	103545.000000
0.000000	103545.000000
0.000000	103545.000000
0.000000	103545.000000
0.000000	103545.000000
0.000000	103546.000000
0.000000	103546.000000
0.000000	103546.000000
0.000000	103546.000000
0.000000	103546.000000
0.000000	103546.000000
0.000000	103546.000000
0.000000	103546.000000
0.000000	103546.000000
0.000000	103546.000000
0.000000	103546.000000
0.000000	103546.000000
0.000000	103546.000000
0.000000	103546.000000
0.000000	103546.000000
0.000000	103546.000000
0.000000	103546.000000
0.000000	103547.000000
0.000000	103547.000000
0.000000	103547.000000
0.000000	103547.000000
0.000000	103547.000000
0.000000	103547.000000
0.000000	103547.000000
0.000000	103547.000000
0.000000	103547.000000
0.000000	103547.000000
0.000000	103547.000000
0.000000	103547.000000
0.000000	103547.000000
0.000000	103547.000000
0.000000	103547.000000
0.000000	103548.000000
0.000000	103548.000000
0.000000	103548.000000
0.000000	103548.000000
0.000000	103548.000000
0.000000	103548.000000
0.000000	103548.000000
0.000000	103548.000000
0.000000	103548.000000
0.000000	103548.000000
0.000000	103548.000000
0.000000	103548.000000
0.000000	103548.000000
0.000000	103548.000000
0.000000	103548.000000
0.000000	103548.000000
0.000000	103548.000000
0.000000	103548.000000
0.000000	103548.000000
0.000000	103549.000000
0.000000	103549.000000
0.000000	103549.000000
0.000000	103549.000000
0.000000	103549.000000
0.000000	103549.000000
0.000000	103549.000000
0.000000	103549.000000
0.000000	103549.000000
0.000000	103549.000000
0.000000	103549.000000
0.000000	103549.000000
0.000000	103549.000000
0.000000	103549.000000
0.000000	103549.000000
0.000000	103549.000000
0.000000	103549.000000
0.000000	103550.000000
0.000000	103550.000000
0.000000	103550.000000
0.000000	103550.000000
0.000000	103550.000000
0.000000	103550.000000
0.000000	103550.000000
0.000000	103550.000000
0.000000	103550.000000
0.000000	103550.000000
0.000000	103550.000000
0.000000	103550.000000
0.000000	103550.000000
0.000000	103550.000000
0.000000	103550.000000
0.000000	103550.000000
0.000000	103550.000000
0.000000	103550.000000
0.000000	103551.000000
0.000000	103551.000000
0.000000	103551.000000
0.000000	103551.000000
0.000000	103551.000000
0.000000	103551.000000
0.000000	103551.000000
0.000000	103551.000000
0.000000	103551.000000
0.000000	103551.000000
0.000000	103551.000000
0.000000	103551.000000
0.000000	103551.000000
0.000000	103551.000000
0.000000	103551.000000
0.000000	103551.000000
0.000000	103551.000000
0.000000	103552.000000
0.000000	103552.000000
0.000000	103552.000000
0.000000	103552.000000
0.000000	103552.000000
0.000000	103552.000000
0.000000	103552.000000
0.000000	103552.000000
0.000000	103552.000000
0.000000	103552.000000
0.000000	103552.000000
0.000000	103552.000000
0.000000	103552.000000
0.000000	103552.000000
0.000000	103552.000000
0.000000	103552.000000
0.000000	103552.000000
0.000000	103553.000000
0.000000	103553.000000
0.000000	103553.000000
0.000000	103553.000000
0.000000	103553.000000
0.000000	103553.000000
0.000000	103553.000000
0.000000	103553.000000
0.000000	103553.000000
0.000000	103553.000000
0.000000	103553.000000
0.000000	103553.000000
0.000000	103553.000000
0.000000	103553.000000
0.000000	103553.000000
0.000000	103553.000000
0.000000	103553.000000
0.000000	103554.000000
0.000000	103554.000000
0.000000	103554.000000
0.000000	103554.000000
0.000000	103554.000000
0.000000	103554.000000
0.000000	103554.000000
0.000000	103554.000000
0.000000	103554.000000
0.000000	103554.000000
0.000000	103554.000000
0.000000	103554.000000
0.000000	103554.000000
0.000000	103554.000000
0.000000	103554.000000
0.000000	103554.000000
0.000000	103554.000000
0.000000	103555.000000
0.000000	103555.000000
0.000000	103555.000000
0.000000	103555.000000
0.000000	103555.000000
0.000000	103555.000000
0.000000	103555.000000
0.000000	103555.000000
0.000000	103555.000000
0.000000	103555.000000
0.000000	103555.000000
0.000000	103555.000000
0.000000	103555.000000
0.000000	103555.000000
0.000000	103555.000000
0.000000	103555.000000
0.000000	103555.000000
0.000000	103556.000000
0.000000	103556.000000
0.000000	103556.000000
0.000000	103556.000000
0.000000	103556.000000
0.000000	103556.000000
0.000000	103556.000000
0.000000	103556.000000
0.000000	103556.000000
0.000000	103556.000000
0.000000	103556.000000
0.000000	103556.000000
0.000000	103556.000000
0.000000	103556.000000
0.000000	103556.000000
0.000000	103556.000000
0.000000	103556.000000
0.000000	103557.000000
0.000000	103557.000000
0.000000	103557.000000
0.000000	103557.000000
0.000000	103557.000000
0.000000	103557.000000
0.000000	103557.000000
0.000000	103557.000000
0.000000	103557.000000
0.000000	103557.000000
0.000000	103557.000000
0.000000	103557.000000
0.000000	103557.000000
0.000000	103557.000000
0.000000	103557.000000
0.000000	103557.000000
0.000000	103557.000000
0.000000	103558.000000
0.000000	103558.000000
0.000000	103558.000000
0.000000	103558.000000
0.000000	103558.000000
0.000000	103558.000000
0.000000	103558.000000
0.000000	103558.000000
0.000000	103558.000000
0.000000	103558.000000
0.000000	103558.000000
0.000000	103558.000000
0.000000	103558.000000
0.000000	103558.000000
0.000000	103558.000000
0.000000	103558.000000
0.000000	103558.000000
0.000000	103559.000000
0.000000	103559.000000
0.000000	103559.000000
0.000000	103559.000000
0.000000	103559.000000
0.000000	103559.000000
0.000000	103559.000000
0.000000	103559.000000
0.000000	103559.000000
0.000000	103559.000000
0.000000	103559.000000
0.000000	103559.000000
0.000000	103559.000000
0.000000	103559.000000
0.000000	103559.000000
0.000000	103559.000000
0.000000	103559.000000
0.000000	103600.000000
0.000000	103600.000000
0.000000	103600.000000
0.000000	103600.000000
0.000000	103600.000000
0.000000	103600.000000
0.000000	103600.000000
0.000000	103600.000000
0.000000	103600.000000
0.000000	103600.000000
0.000000	103600.000000
0.000000	103600.000000
0.000000	103600.000000
0.000000	103600.000000
0.000000	103600.000000
0.000000	103600.000000
0.000000	103600.000000
0.000000	103601.000000
0.000000	103601.000000
0.000000	103601.000000
0.000000	103601.000000
0.000000	103601.000000
0.000000	103601.000000
0.000000	103601.000000
0.000000	103601.000000
0.000000	103601.000000
0.000000	103601.000000
0.000000	103601.000000
0.000000	103601.000000
0.000000	103601.000000
0.000000	103601.000000
0.000000	103601.000000
0.000000	103601.000000
0.000000	103601.000000
0.000000	103602.000000
0.000000	103602.000000
0.000000	103602.000000
0.000000	103602.000000
0.000000	103602.000000
0.000000	103602.000000
0.000000	103602.000000
0.000000	103602.000000
0.000000	103602.000000
0.000000	103602.000000
0.000000	103602.000000
0.000000	103602.000000
0.000000	103602.000000
0.000000	103602.000000
0.000000	103602.000000
0.000000	103602.000000
0.000000	103602.000000
0.000000	103603.000000
0.000000	103603.000000
0.000000	103603.000000
0.000000	103603.000000
0.000000	103603.000000
0.000000	103603.000000
0.000000	103603.000000
0.000000	103603.000000
0.000000	103603.000000
0.000000	103603.000000
0.000000	103603.000000
0.000000	103603.000000
0.000000	103603.000000
0.000000	103603.000000
0.000000	103603.000000
0.000000	103603.000000
0.000000	103604.000000
0.000000	103604.000000
0.000000	103604.000000
0.000000	103604.000000
0.000000	103604.000000
0.000000	103604.000000
0.000000	103604.000000
0.000000	103604.000000
0.000000	103604.000000
0.000000	103604.000000
0.000000	103604.000000
0.000000	103604.000000
0.000000	103604.000000
0.000000	103604.000000
0.000000	103604.000000
0.000000	103604.000000
0.000000	103604.000000
0.000000	103604.000000
0.000000	103605.000000
0.000000	103605.000000
0.000000	103605.000000
0.000000	103605.000000
0.000000	103605.000000
0.000000	103605.000000
0.000000	103605.000000
0.000000	103605.000000
0.000000	103605.000000
0.000000	103605.000000
0.000000	103605.000000
0.000000	103605.000000
0.000000	103605.000000
0.000000	103605.000000
0.000000	103605.000000
0.000000	103605.000000
0.000000	103605.000000
0.000000	103605.000000
0.000000	103606.000000
0.000000	103606.000000
0.000000	103606.000000
0.000000	103606.000000
0.000000	103606.000000
0.000000	103606.000000
0.000000	103606.000000
0.000000	103606.000000
0.000000	103606.000000
0.000000	103606.000000
0.000000	103606.000000
0.000000	103606.000000
0.000000	103606.000000
0.000000	103606.000000
0.000000	103606.000000
0.000000	103606.000000
0.000000	103606.000000
0.000000	103607.000000
0.000000	103607.000000
0.000000	103607.000000
0.000000	103607.000000
0.000000	103607.000000
0.000000	103607.000000
0.000000	103607.000000
0.000000	103607.000000
0.000000	103607.000000
0.000000	103607.000000
0.000000	103607.000000
0.000000	103607.000000
0.000000	103607.000000
0.000000	103607.000000
0.000000	103607.000000
0.000000	103607.000000
0.000000	103607.000000
0.000000	103608.000000
0.000000	103608.000000
0.000000	103608.000000
0.000000	103608.000000
0.000000	103608.000000
0.000000	103608.000000
0.000000	103608.000000
0.000000	103608.000000
0.000000	103608.000000
0.000000	103608.000000
0.000000	103608.000000
0.000000	103608.000000
0.000000	103608.000000
0.000000	103608.000000
0.000000	103608.000000
0.000000	103608.000000
0.000000	103608.000000
0.000000	103609.000000
0.000000	103609.000000
0.000000	103609.000000
0.000000	103609.000000
0.000000	103609.000000
0.000000	103609.000000
0.000000	103609.000000
0.000000	103609.000000
0.000000	103609.000000
0.000000	103609.000000
0.000000	103609.000000
0.000000	103609.000000
0.000000	103609.000000
0.000000	103609.000000
0.000000	103609.000000
0.000000	103609.000000
0.000000	103610.000000
0.000000	103610.000000
0.000000	103610.000000
0.000000	103610.000000
0.000000	103610.000000
0.000000	103610.000000
0.000000	103610.000000
0.000000	103610.000000
0.000000	103610.000000
0.000000	103610.000000
0.000000	103610.000000
0.000000	103610.000000
0.000000	103610.000000
0.000000	103610.000000
0.000000	103610.000000
0.000000	103610.000000
0.000000	103610.000000
0.000000	103610.000000
0.000000	103611.000000
0.000000	103611.000000
0.000000	103611.000000
0.000000	103611.000000
0.000000	103611.000000
0.000000	103611.000000
0.000000	103611.000000
0.000000	103611.000000
0.000000	103611.000000
0.000000	103611.000000
0.000000	103611.000000
0.000000	103611.000000
0.000000	103611.000000
0.000000	103611.000000
0.000000	103611.000000
0.000000	103611.000000
0.000000	103611.000000
0.000000	103612.000000
0.000000	103612.000000
0.000000	103612.000000
0.000000	103612.000000
0.000000	103612.000000
0.000000	103612.000000
0.000000	103612.000000
0.000000	103612.000000
0.000000	103612.000000
0.000000	103612.000000
0.000000	103612.000000
0.000000	103612.000000
0.000000	103612.000000
0.000000	103612.000000
0.000000	103612.000000
0.000000	103612.000000
0.000000	103612.000000
0.000000	103613.000000
0.000000	103613.000000
0.000000	103613.000000
0.000000	103613.000000
0.000000	103613.000000
0.000000	103613.000000
0.000000	103613.000000
0.000000	103613.000000
0.000000	103613.000000
0.000000	103613.000000
0.000000	103613.000000
0.000000	103613.000000
0.000000	103613.000000
0.000000	103613.000000
0.000000	103613.000000
0.000000	103613.000000
0.000000	103613.000000
0.000000	103614.000000
0.000000	103614.000000
0.000000	103614.000000
0.000000	103614.000000
0.000000	103614.000000
0.000000	103614.000000
0.000000	103614.000000
0.000000	103614.000000
0.000000	103614.000000
0.000000	103614.000000
0.000000	103614.000000
0.000000	103614.000000
0.000000	103614.000000
0.000000	103614.000000
0.000000	103614.000000
0.000000	103614.000000
0.000000	103614.000000
0.000000	103615.000000
0.000000	103615.000000
0.000000	103615.000000
0.000000	103615.000000
0.000000	103615.000000
0.000000	103615.000000
0.000000	103615.000000
0.000000	103615.000000
0.000000	103615.000000
0.000000	103615.000000
0.000000	103615.000000
0.000000	103615.000000
0.000000	103615.000000
0.000000	103615.000000
0.000000	103615.000000
0.000000	103615.000000
0.000000	103615.000000
0.000000	103616.000000
0.000000	103616.000000
0.000000	103616.000000
0.000000	103616.000000
0.000000	103616.000000
0.000000	103616.000000
0.000000	103616.000000
0.000000	103616.000000
0.000000	103616.000000
0.000000	103616.000000
0.000000	103616.000000
0.000000	103616.000000
0.000000	103616.000000
0.000000	103616.000000
0.000000	103616.000000
0.000000	103616.000000
0.000000	103616.000000
0.000000	103617.000000
0.000000	103617.000000
0.000000	103617.000000
0.000000	103617.000000
0.000000	103617.000000
0.000000	103617.000000
0.000000	103617.000000
0.000000	103617.000000
0.000000	103617.000000
0.000000	103617.000000
0.000000	103617.000000
0.000000	103617.000000
0.000000	103617.000000
0.000000	103617.000000
0.000000	103617.000000
0.000000	103617.000000
0.000000	103617.000000
0.000000	103618.000000
0.000000	103618.000000
0.000000	103618.000000
0.000000	103618.000000
0.000000	103618.000000
0.000000	103618.000000
0.000000	103618.000000
0.000000	103618.000000
0.000000	103618.000000
0.000000	103618.000000
0.000000	103618.000000
0.000000	103618.000000
0.000000	103618.000000
0.000000	103618.000000
0.000000	103618.000000
0.000000	103618.000000
0.000000	103618.000000
0.000000	103619.000000
0.000000	103619.000000
0.000000	103619.000000
0.000000	103619.000000
0.000000	103619.000000
0.000000	103619.000000
0.000000	103619.000000
0.000000	103619.000000
0.000000	103619.000000
0.000000	103619.000000
0.000000	103619.000000
0.000000	103619.000000
0.000000	103619.000000
0.000000	103619.000000
0.000000	103619.000000
0.000000	103619.000000
0.000000	103619.000000
0.000000	103620.000000
0.000000	103620.000000
0.000000	103620.000000
0.000000	103620.000000
0.000000	103620.000000
0.000000	103620.000000
0.000000	103620.000000
0.000000	103620.000000
0.000000	103620.000000
0.000000	103620.000000
0.000000	103620.000000
0.000000	103620.000000
0.000000	103620.000000
0.000000	103620.000000
0.000000	103620.000000
0.000000	103620.000000
0.000000	103620.000000
0.000000	103620.000000
0.000000	103621.000000
0.000000	103621.000000
0.000000	103621.000000
0.000000	103621.000000
0.000000	103621.000000
0.000000	103621.000000
0.000000	103621.000000
0.000000	103621.000000
0.000000	103621.000000
0.000000	103621.000000
0.000000	103621.000000
0.000000	103621.000000
0.000000	103621.000000
0.000000	103621.000000
0.000000	103621.000000
0.000000	103621.000000
0.000000	103621.000000
0.000000	103622.000000
0.000000	103622.000000
0.000000	103622.000000
0.000000	103622.000000
0.000000	103622.000000
0.000000	103622.000000
0.000000	103622.000000
0.000000	103622.000000
0.000000	103622.000000
0.000000	103622.000000
0.000000	103622.000000
0.000000	103622.000000
0.000000	103622.000000
0.000000	103622.000000
0.000000	103622.000000
0.000000	103623.000000
0.000000	103623.000000
0.000000	103623.000000
0.000000	103623.000000
0.000000	103623.000000
0.000000	103623.000000
0.000000	103623.000000
0.000000	103623.000000
0.000000	103623.000000
0.000000	103623.000000
0.000000	103623.000000
0.000000	103623.000000
0.000000	103623.000000
0.000000	103623.000000
0.000000	103623.000000
0.000000	103623.000000
0.000000	103623.000000
0.000000	103623.000000
0.000000	103623.000000
0.000000	103624.000000
0.000000	103624.000000
0.000000	103624.000000
0.000000	103624.000000
0.000000	103624.000000
0.000000	103624.000000
0.000000	103624.000000
0.000000	103624.000000
0.000000	103624.000000
0.000000	103624.000000
0.000000	103624.000000
0.000000	103624.000000
0.000000	103624.000000
0.000000	103624.000000
0.000000	103624.000000
0.000000	103624.000000
0.000000	103624.000000
0.000000	103625.000000
0.000000	103625.000000
0.000000	103625.000000
0.000000	103625.000000
0.000000	103625.000000
0.000000	103625.000000
0.000000	103625.000000
0.000000	103625.000000
0.000000	103625.000000
0.000000	103625.000000
0.000000	103625.000000
0.000000	103625.000000
0.000000	103625.000000
0.000000	103625.000000
0.000000	103625.000000
0.000000	103625.000000
0.000000	103625.000000
0.000000	103626.000000
0.000000	103626.000000
0.000000	103626.000000
0.000000	103626.000000
0.000000	103626.000000
0.000000	103626.000000
0.000000	103626.000000
0.000000	103626.000000
0.000000	103626.000000
0.000000	103626.000000
0.000000	103626.000000
0.000000	103626.000000
0.000000	103626.000000
0.000000	103626.000000
0.000000	103626.000000
0.000000	103626.000000
0.000000	103626.000000
0.000000	103627.000000
0.000000	103627.000000
0.000000	103627.000000
0.000000	103627.000000
0.000000	103627.000000
0.000000	103627.000000
0.000000	103627.000000
0.000000	103627.000000
0.000000	103627.000000
0.000000	103627.000000
0.000000	103627.000000
0.000000	103627.000000
0.000000	103627.000000
0.000000	103627.000000
0.000000	103627.000000
0.000000	103627.000000
0.000000	103628.000000
0.000000	103628.000000
0.000000	103628.000000
0.000000	103628.000000
0.000000	103628.000000
0.000000	103628.000000
0.000000	103628.000000
0.000000	103628.000000
0.000000	103628.000000
0.000000	103628.000000
0.000000	103628.000000
0.000000	103628.000000
0.000000	103628.000000
0.000000	103628.000000
0.000000	103628.000000
0.000000	103628.000000
0.000000	103628.000000
0.000000	103628.000000
0.000000	103629.000000
0.000000	103629.000000
0.000000	103629.000000
0.000000	103629.000000
0.000000	103629.000000
0.000000	103629.000000
0.000000	103629.000000
0.000000	103629.000000
0.000000	103629.000000
0.000000	103629.000000
0.000000	103629.000000
0.000000	103629.000000
0.000000	103629.000000
0.000000	103629.000000
0.000000	103629.000000
0.000000	103629.000000
0.000000	103629.000000
0.000000	103630.000000
0.000000	103630.000000
0.000000	103630.000000
0.000000	103630.000000
0.000000	103630.000000
0.000000	103630.000000
0.000000	103630.000000
0.000000	103630.000000
0.000000	103630.000000
0.000000	103630.000000
0.000000	103630.000000
0.000000	103630.000000
0.000000	103630.000000
0.000000	103630.000000
0.000000	103630.000000
0.000000	103630.000000
0.000000	103630.000000
0.000000	103631.000000
0.000000	103631.000000
0.000000	103631.000000
0.000000	103631.000000
0.000000	103631.000000
0.000000	103631.000000
0.000000	103631.000000
0.000000	103631.000000
0.000000	103631.000000
0.000000	103631.000000
0.000000	103631.000000
0.000000	103631.000000
0.000000	103631.000000
0.000000	103631.000000
0.000000	103631.000000
0.000000	103631.000000
0.000000	103631.000000
0.000000	103632.000000
0.000000	103632.000000
0.000000	103632.000000
0.000000	103632.000000
0.000000	103632.000000
0.000000	103632.000000
0.000000	103632.000000
0.000000	103632.000000
0.000000	103632.000000
0.000000	103632.000000
0.000000	103632.000000
0.000000	103632.000000
0.000000	103632.000000
0.000000	103632.000000
0.000000	103632.000000
0.000000	103632.000000
0.000000	103632.000000
0.000000	103633.000000
0.000000	103633.000000
0.000000	103633.000000
0.000000	103633.000000
0.000000	103633.000000
0.000000	103633.000000
0.000000	103633.000000
0.000000	103633.000000
0.000000	103633.000000
0.000000	103633.000000
0.000000	103633.000000
0.000000	103633.000000
0.000000	103633.000000
0.000000	103633.000000
0.000000	103633.000000
0.000000	103633.000000
0.000000	103633.000000
0.000000	103634.000000
0.000000	103634.000000
0.000000	103634.000000
0.000000	103634.000000
0.000000	103634.000000
0.000000	103634.000000
0.000000	103634.000000
0.000000	103634.000000
0.000000	103634.000000
0.000000	103634.000000
0.000000	103634.000000
0.000000	103634.000000
0.000000	103634.000000
0.000000	103634.000000
0.000000	103634.000000
0.000000	103634.000000
0.000000	103634.000000
0.000000	103635.000000
0.000000	103635.000000
0.000000	103635.000000
0.000000	103635.000000
0.000000	103635.000000
0.000000	103635.000000
0.000000	103635.000000
0.000000	103635.000000
0.000000	103635.000000
0.000000	103635.000000
0.000000	103635.000000
0.000000	103635.000000
0.000000	103635.000000
0.000000	103635.000000
0.000000	103635.000000
0.000000	103635.000000
0.000000	103635.000000
0.000000	103635.000000
0.000000	103636.000000
0.000000	103636.000000
0.000000	103636.000000
0.000000	103636.000000
0.000000	103636.000000
0.000000	103636.000000
0.000000	103636.000000
0.000000	103636.000000
0.000000	103636.000000
0.000000	103636.000000
0.000000	103636.000000
0.000000	103636.000000
0.000000	103636.000000
0.000000	103636.000000
0.000000	103636.000000
0.000000	103636.000000
0.000000	103636.000000
0.000000	103637.000000
0.000000	103637.000000
0.000000	103637.000000
0.000000	103637.000000
0.000000	103637.000000
0.000000	103637.000000
0.000000	103637.000000
0.000000	103637.000000
0.000000	103637.000000
0.000000	103637.000000
0.000000	103637.000000
0.000000	103637.000000
0.000000	103637.000000
0.000000	103637.000000
0.000000	103637.000000
0.000000	103637.000000
0.000000	103637.000000
0.000000	103638.000000
0.000000	103638.000000
0.000000	103638.000000
0.000000	103638.000000
0.000000	103638.000000
0.000000	103638.000000
0.000000	103638.000000
0.000000	103638.000000
0.000000	103638.000000
0.000000	103638.000000
0.000000	103638.000000
0.000000	103638.000000
0.000000	103638.000000
0.000000	103638.000000
0.000000	103638.000000
0.000000	103638.000000
0.000000	103638.000000
0.000000	103639.000000
0.000000	103639.000000
0.000000	103639.000000
0.000000	103639.000000
0.000000	103639.000000
0.000000	103639.000000
0.000000	103639.000000
0.000000	103639.000000
0.000000	103639.000000
0.000000	103639.000000
0.000000	103639.000000
0.000000	103639.000000
0.000000	103639.000000
0.000000	103639.000000
0.000000	103639.000000
0.000000	103639.000000
0.000000	103639.000000
0.000000	103640.000000
0.000000	103640.000000
0.000000	103640.000000
0.000000	103640.000000
0.000000	103640.000000
0.000000	103640.000000
0.000000	103640.000000
0.000000	103640.000000
0.000000	103640.000000
0.000000	103640.000000
0.000000	103640.000000
0.000000	103640.000000
0.000000	103640.000000
0.000000	103640.000000
0.000000	103640.000000
0.000000	103640.000000
0.000000	103640.000000
0.000000	103641.000000
0.000000	103641.000000
0.000000	103641.000000
0.000000	103641.000000
0.000000	103641.000000
0.000000	103641.000000
0.000000	103641.000000
0.000000	103641.000000
0.000000	103641.000000
0.000000	103641.000000
0.000000	103641.000000
0.000000	103641.000000
0.000000	103641.000000
0.000000	103641.000000
0.000000	103641.000000
0.000000	103641.000000
0.000000	103641.000000
0.000000	103642.000000
0.000000	103642.000000
0.000000	103642.000000
0.000000	103642.000000
0.000000	103642.000000
0.000000	103642.000000
0.000000	103642.000000
0.000000	103642.000000
0.000000	103642.000000
0.000000	103642.000000
0.000000	103642.000000
0.000000	103642.000000
0.000000	103642.000000
0.000000	103642.000000
0.000000	103642.000000
0.000000	103642.000000
0.000000	103642.000000
0.000000	103643.000000
0.000000	103643.000000
0.000000	103643.000000
0.000000	103643.000000
0.000000	103643.000000
0.000000	103643.000000
0.000000	103643.000000
0.000000	103643.000000
0.000000	103643.000000
0.000000	103643.000000
0.000000	103643.000000
0.000000	103643.000000
0.000000	103643.000000
0.000000	103643.000000
0.000000	103643.000000
0.000000	103643.000000
0.000000	103643.000000
0.000000	103644.000000
0.000000	103644.000000
0.000000	103644.000000
0.000000	103644.000000
0.000000	103644.000000
0.000000	103644.000000
0.000000	103644.000000
0.000000	103644.000000
0.000000	103644.000000
0.000000	103644.000000
0.000000	103644.000000
0.000000	103644.000000
0.000000	103644.000000
0.000000	103644.000000
0.000000	103644.000000
0.000000	103644.000000
0.000000	103644.000000
0.000000	103645.000000
0.000000	103645.000000
0.000000	103645.000000
0.000000	103645.000000
0.000000	103645.000000
0.000000	103645.000000
0.000000	103645.000000
0.000000	103645.000000
0.000000	103645.000000
0.000000	103645.000000
0.000000	103645.000000
0.000000	103645.000000
0.000000	103645.000000
0.000000	103645.000000
0.000000	103645.000000
0.000000	103645.000000
0.000000	103645.000000
0.000000	103646.000000
0.000000	103646.000000
0.000000	103646.000000
0.000000	103646.000000
0.000000	103646.000000
0.000000	103646.000000
0.000000	103646.000000
0.000000	103646.000000
0.000000	103646.000000
0.000000	103646.000000
0.000000	103646.000000
0.000000	103646.000000
0.000000	103646.000000
0.000000	103646.000000
0.000000	103646.000000
0.000000	103646.000000
0.000000	103646.000000
0.000000	103647.000000
0.000000	103647.000000
0.000000	103647.000000
0.000000	103647.000000
0.000000	103647.000000
0.000000	103647.000000
0.000000	103647.000000
0.000000	103647.000000
0.000000	103647.000000
0.000000	103647.000000
0.000000	103647.000000
0.000000	103647.000000
0.000000	103647.000000
0.000000	103647.000000
0.000000	103647.000000
0.000000	103647.000000
0.000000	103647.000000
0.000000	103648.000000
0.000000	103648.000000
0.000000	103648.000000
0.000000	103648.000000
0.000000	103648.000000
0.000000	103648.000000
0.000000	103648.000000
0.000000	103648.000000
0.000000	103648.000000
0.000000	103648.000000
0.000000	103648.000000
0.000000	103648.000000
0.000000	103648.000000
0.000000	103648.000000
0.000000	103648.000000
0.000000	103648.000000
0.000000	103648.000000
0.000000	103649.000000
0.000000	103649.000000
0.000000	103649.000000
0.000000	103649.000000
0.000000	103649.000000
0.000000	103649.000000
0.000000	103649.000000
0.000000	103649.000000
0.000000	103649.000000
0.000000	103649.000000
0.000000	103649.000000
0.000000	103649.000000
0.000000	103649.000000
0.000000	103649.000000
0.000000	103649.000000
0.000000	103649.000000
0.000000	103649.000000
0.000000	103650.000000
0.000000	103650.000000
0.000000	103650.000000
0.000000	103650.000000
0.000000	103650.000000
0.000000	103650.000000
0.000000	103650.000000
0.000000	103650.000000
0.000000	103650.000000
0.000000	103650.000000
0.000000	103650.000000
0.000000	103650.000000
0.000000	103650.000000
0.000000	103650.000000
0.000000	103650.000000
0.000000	103650.000000
0.000000	103650.000000
0.000000	103650.000000
0.000000	103651.000000
0.000000	103651.000000
0.000000	103651.000000
0.000000	103651.000000
0.000000	103651.000000
0.000000	103651.000000
0.000000	103651.000000
0.000000	103651.000000
0.000000	103651.000000
0.000000	103651.000000
0.000000	103651.000000
0.000000	103651.000000
0.000000	103651.000000
0.000000	103651.000000
0.000000	103651.000000
0.000000	103651.000000
0.000000	103651.000000
0.000000	103652.000000
0.000000	103652.000000
0.000000	103652.000000
0.000000	103652.000000
0.000000	103652.000000
0.000000	103652.000000
0.000000	103652.000000
0.000000	103652.000000
0.000000	103652.000000
0.000000	103652.000000
0.000000	103652.000000
0.000000	103652.000000
0.000000	103652.000000
0.000000	103652.000000
0.000000	103652.000000
0.000000	103652.000000
0.000000	103652.000000
0.000000	103653.000000
0.000000	103653.000000
0.000000	103653.000000
0.000000	103653.000000
0.000000	103653.000000
0.000000	103653.000000
0.000000	103653.000000
0.000000	103653.000000
0.000000	103653.000000
0.000000	103653.000000
0.000000	103653.000000
0.000000	103653.000000
0.000000	103653.000000
0.000000	103653.000000
0.000000	103653.000000
0.000000	103653.000000
0.000000	103653.000000
0.000000	103654.000000
0.000000	103654.000000
0.000000	103654.000000
0.000000	103654.000000
0.000000	103654.000000
0.000000	103654.000000
0.000000	103654.000000
0.000000	103654.000000
0.000000	103654.000000
0.000000	103654.000000
0.000000	103654.000000
0.000000	103654.000000
0.000000	103654.000000
0.000000	103654.000000
0.000000	103654.000000
0.000000	103654.000000
0.000000	103655.000000
0.000000	103655.000000
0.000000	103655.000000
0.000000	103655.000000
0.000000	103655.000000
0.000000	103655.000000
0.000000	103655.000000
0.000000	103655.000000
0.000000	103655.000000
0.000000	103655.000000
0.000000	103655.000000
0.000000	103655.000000
0.000000	103655.000000
0.000000	103655.000000
0.000000	103655.000000
0.000000	103655.000000
0.000000	103655.000000
0.000000	103655.000000
0.000000	103656.000000
0.000000	103656.000000
0.000000	103656.000000
0.000000	103656.000000
0.000000	103656.000000
0.000000	103656.000000
0.000000	103656.000000
0.000000	103656.000000
0.000000	103656.000000
0.000000	103656.000000
0.000000	103656.000000
0.000000	103656.000000
0.000000	103656.000000
0.000000	103656.000000
0.000000	103656.000000
0.000000	103656.000000
0.000000	103656.000000
0.000000	103657.000000
0.000000	103657.000000
0.000000	103657.000000
0.000000	103657.000000
0.000000	103657.000000
0.000000	103657.000000
0.000000	103657.000000
0.000000	103657.000000
0.000000	103657.000000
0.000000	103657.000000
0.000000	103657.000000
0.000000	103657.000000
0.000000	103657.000000
0.000000	103657.000000
0.000000	103657.000000
0.000000	103657.000000
0.000000	103657.000000
0.000000	103658.000000
0.000000	103658.000000
0.000000	103658.000000
0.000000	103658.000000
0.000000	103658.000000
0.000000	103658.000000
0.000000	103658.000000
0.000000	103658.000000
0.000000	103658.000000
0.000000	103658.000000
0.000000	103658.000000
0.000000	103658.000000
0.000000	103658.000000
0.000000	103658.000000
0.000000	103658.000000
0.000000	103658.000000
0.000000	103658.000000
0.000000	103659.000000
0.000000	103659.000000
0.000000	103659.000000
0.000000	103659.000000
0.000000	103659.000000
0.000000	103659.000000
0.000000	103659.000000
0.000000	103659.000000
0.000000	103659.000000
0.000000	103659.000000
0.000000	103659.000000
0.000000	103659.000000
0.000000	103659.000000
0.000000	103659.000000
0.000000	103659.000000
0.000000	103659.000000
0.000000	103659.000000
0.000000	103700.000000
0.000000	103700.000000
0.000000	103700.000000
0.000000	103700.000000
0.000000	103700.000000
0.000000	103700.000000
0.000000	103700.000000
0.000000	103700.000000
0.000000	103700.000000
0.000000	103700.000000
0.000000	103700.000000
0.000000	103700.000000
0.000000	103700.000000
0.000000	103700.000000
0.000000	103700.000000
0.000000	103700.000000
0.000000	103700.000000
0.000000	103701.000000
0.000000	103701.000000
0.000000	103701.000000
0.000000	103701.000000
0.000000	103701.000000
0.000000	103701.000000
0.000000	103701.000000
0.000000	103701.000000
0.000000	103701.000000
0.000000	103701.000000
0.000000	103701.000000
0.000000	103701.000000
0.000000	103701.000000
0.000000	103701.000000
0.000000	103701.000000
0.000000	103701.000000
0.000000	103701.000000
0.000000	103702.000000
0.000000	103702.000000
0.000000	103702.000000
0.000000	103702.000000
0.000000	103702.000000
0.000000	103702.000000
0.000000	103702.000000
0.000000	103702.000000
0.000000	103702.000000
0.000000	103702.000000
0.000000	103702.000000
0.000000	103702.000000
0.000000	103702.000000
0.000000	103702.000000
0.000000	103702.000000
0.000000	103702.000000
0.000000	103703.000000
0.000000	103703.000000
0.000000	103703.000000
0.000000	103703.000000
0.000000	103703.000000
0.000000	103703.000000
0.000000	103703.000000
0.000000	103703.000000
0.000000	103703.000000
0.000000	103703.000000
0.000000	103703.000000
0.000000	103703.000000
0.000000	103703.000000
0.000000	103703.000000
0.000000	103703.000000
0.000000	103703.000000
0.000000	103703.000000
0.000000	103703.000000
0.000000	103704.000000
0.000000	103704.000000
0.000000	103704.000000
0.000000	103704.000000
0.000000	103704.000000
0.000000	103704.000000
0.000000	103704.000000
0.000000	103704.000000
0.000000	103704.000000
0.000000	103704.000000
0.000000	103704.000000
0.000000	103704.000000
0.000000	103704.000000
0.000000	103704.000000
0.000000	103704.000000
0.000000	103704.000000
0.000000	103705.000000
0.000000	103705.000000
0.000000	103705.000000
0.000000	103705.000000
0.000000	103705.000000
0.000000	103705.000000
0.000000	103705.000000
0.000000	103705.000000
0.000000	103705.000000
0.000000	103705.000000
0.000000	103705.000000
0.000000	103705.000000
0.000000	103705.000000
0.000000	103705.000000
0.000000	103705.000000
0.000000	103705.000000
0.000000	103705.000000
0.000000	103706.000000
0.000000	103706.000000
0.000000	103706.000000
0.000000	103706.000000
0.000000	103706.000000
0.000000	103706.000000
0.000000	103706.000000
0.000000	103706.000000
0.000000	103706.000000
0.000000	103706.000000
0.000000	103706.000000
0.000000	103706.000000
0.000000	103706.000000
0.000000	103706.000000
0.000000	103706.000000
0.000000	103706.000000
0.000000	103706.000000
0.000000	103706.000000
0.000000	103707.000000
0.000000	103707.000000
0.000000	103707.000000
0.000000	103707.000000
0.000000	103707.000000
0.000000	103707.000000
0.000000	103707.000000
0.000000	103707.000000
0.000000	103707.000000
0.000000	103707.000000
0.000000	103707.000000
0.000000	103707.000000
0.000000	103707.000000
0.000000	103707.000000
0.000000	103707.000000
0.000000	103707.000000
0.000000	103707.000000
0.000000	103707.000000
0.000000	103708.000000
0.000000	103708.000000
0.000000	103708.000000
0.000000	103708.000000
0.000000	103708.000000
0.000000	103708.000000
0.000000	103708.000000
0.000000	103708.000000
0.000000	103708.000000
0.000000	103708.000000
0.000000	103708.000000
0.000000	103708.000000
0.000000	103708.000000
0.000000	103708.000000
0.000000	103708.000000
0.000000	103708.000000
0.000000	103709.000000
0.000000	103709.000000
0.000000	103709.000000
0.000000	103709.000000
0.000000	103709.000000
0.000000	103709.000000
0.000000	103709.000000
0.000000	103709.000000
0.000000	103709.000000
0.000000	103709.000000
0.000000	103709.000000
0.000000	103709.000000
0.000000	103709.000000
0.000000	103709.000000
0.000000	103709.000000
0.000000	103709.000000
0.000000	103709.000000
0.000000	103709.000000
0.000000	103710.000000
0.000000	103710.000000
0.000000	103710.000000
0.000000	103710.000000
0.000000	103710.000000
0.000000	103710.000000
0.000000	103710.000000
0.000000	103710.000000
0.000000	103710.000000
0.000000	103710.000000
0.000000	103710.000000
0.000000	103710.000000
0.000000	103710.000000
0.000000	103710.000000
0.000000	103710.000000
0.000000	103710.000000
0.000000	103711.000000
0.000000	103711.000000
0.000000	103711.000000
0.000000	103711.000000
0.000000	103711.000000
0.000000	103711.000000
0.000000	103711.000000
0.000000	103711.000000
0.000000	103711.000000
0.000000	103711.000000
0.000000	103711.000000
0.000000	103711.000000
0.000000	103711.000000
0.000000	103711.000000
0.000000	103711.000000
0.000000	103711.000000
0.000000	103711.000000
0.000000	103711.000000
0.000000	103712.000000
0.000000	103712.000000
0.000000	103712.000000
0.000000	103712.000000
0.000000	103712.000000
0.000000	103712.000000
0.000000	103712.000000
0.000000	103712.000000
0.000000	103712.000000
0.000000	103712.000000
0.000000	103712.000000
0.000000	103712.000000
0.000000	103712.000000
0.000000	103712.000000
0.000000	103712.000000
0.000000	103712.000000
0.000000	103712.000000
0.000000	103713.000000
0.000000	103713.000000
0.000000	103713.000000
0.000000	103713.000000
0.000000	103713.000000
0.000000	103713.000000
0.000000	103713.000000
0.000000	103713.000000
0.000000	103713.000000
0.000000	103713.000000
0.000000	103713.000000
0.000000	103713.000000
0.000000	103713.000000
0.000000	103713.000000
0.000000	103713.000000
0.000000	103713.000000
0.000000	103713.000000
0.000000	103714.000000
0.000000	103714.000000
0.000000	103714.000000
0.000000	103714.000000
0.000000	103714.000000
0.000000	103714.000000
0.000000	103714.000000
0.000000	103714.000000
0.000000	103714.000000
0.000000	103714.000000
0.000000	103714.000000
0.000000	103714.000000
0.000000	103714.000000
0.000000	103714.000000
0.000000	103714.000000
0.000000	103714.000000
0.000000	103715.000000
0.000000	103715.000000
0.000000	103715.000000
0.000000	103715.000000
0.000000	103715.000000
0.000000	103715.000000
0.000000	103715.000000
0.000000	103715.000000
0.000000	103715.000000
0.000000	103715.000000
0.000000	103715.000000
0.000000	103715.000000
0.000000	103715.000000
0.000000	103715.000000
0.000000	103715.000000
0.000000	103715.000000
0.000000	103715.000000
0.000000	103715.000000
0.000000	103716.000000
0.000000	103716.000000
0.000000	103716.000000
0.000000	103716.000000
0.000000	103716.000000
0.000000	103716.000000
0.000000	103716.000000
0.000000	103716.000000
0.000000	103716.000000
0.000000	103716.000000
0.000000	103716.000000
0.000000	103716.000000
0.000000	103716.000000
0.000000	103716.000000
0.000000	103716.000000
0.000000	103716.000000
0.000000	103716.000000
0.000000	103717.000000
0.000000	103717.000000
0.000000	103717.000000
0.000000	103717.000000
0.000000	103717.000000
0.000000	103717.000000
0.000000	103717.000000
0.000000	103717.000000
0.000000	103717.000000
0.000000	103717.000000
0.000000	103717.000000
0.000000	103717.000000
0.000000	103717.000000
0.000000	103717.000000
0.000000	103717.000000
0.000000	103717.000000
0.000000	103717.000000
0.000000	103718.000000
0.000000	103718.000000
0.000000	103718.000000
0.000000	103718.000000
0.000000	103718.000000
0.000000	103718.000000
0.000000	103718.000000
0.000000	103718.000000
0.000000	103718.000000
0.000000	103718.000000
0.000000	103718.000000
0.000000	103718.000000
0.000000	103718.000000
0.000000	103718.000000
0.000000	103718.000000
0.000000	103718.000000
0.000000	103718.000000
0.000000	103719.000000
0.000000	103719.000000
0.000000	103719.000000
0.000000	103719.000000
0.000000	103719.000000
0.000000	103719.000000
0.000000	103719.000000
0.000000	103719.000000
0.000000	103719.000000
0.000000	103719.000000
0.000000	103719.000000
0.000000	103719.000000
0.000000	103719.000000
0.000000	103719.000000
0.000000	103719.000000
0.000000	103719.000000
0.000000	103719.000000
0.000000	103720.000000
0.000000	103720.000000
0.000000	103720.000000
0.000000	103720.000000
0.000000	103720.000000
0.000000	103720.000000
0.000000	103720.000000
0.000000	103720.000000
0.000000	103720.000000
0.000000	103720.000000
0.000000	103720.000000
0.000000	103720.000000
0.000000	103720.000000
0.000000	103720.000000
0.000000	103720.000000
0.000000	103720.000000
0.000000	103720.000000
0.000000	103720.000000
0.000000	103721.000000
0.000000	103721.000000
0.000000	103721.000000
0.000000	103721.000000
0.000000	103721.000000
0.000000	103721.000000
0.000000	103721.000000
0.000000	103721.000000
0.000000	103721.000000
0.000000	103721.000000
0.000000	103721.000000
0.000000	103721.000000
0.000000	103721.000000
0.000000	103721.000000
0.000000	103721.000000
0.000000	103721.000000
0.000000	103721.000000
0.000000	103722.000000
0.000000	103722.000000
0.000000	103722.000000
0.000000	103722.000000
0.000000	103722.000000
0.000000	103722.000000
0.000000	103722.000000
0.000000	103722.000000
0.000000	103722.000000
0.000000	103722.000000
0.000000	103722.000000
0.000000	103722.000000
0.000000	103722.000000
0.000000	103722.000000
0.000000	103722.000000
0.000000	103722.000000
0.000000	103722.000000
0.000000	103723.000000
0.000000	103723.000000
0.000000	103723.000000
0.000000	103723.000000
0.000000	103723.000000
0.000000	103723.000000
0.000000	103723.000000
0.000000	103723.000000
0.000000	103723.000000
0.000000	103723.000000
0.000000	103723.000000
0.000000	103723.000000
0.000000	103723.000000
0.000000	103723.000000
0.000000	103723.000000
0.000000	103723.000000
0.000000	103723.000000
0.000000	103724.000000
0.000000	103724.000000
0.000000	103724.000000
0.000000	103724.000000
0.000000	103724.000000
0.000000	103724.000000
0.000000	103724.000000
0.000000	103724.000000
0.000000	103724.000000
0.000000	103724.000000
0.000000	103724.000000
0.000000	103724.000000
0.000000	103724.000000
0.000000	103724.000000
0.000000	103724.000000
0.000000	103724.000000
0.000000	103724.000000
0.000000	103725.000000
0.000000	103725.000000
0.000000	103725.000000
0.000000	103725.000000
0.000000	103725.000000
0.000000	103725.000000
0.000000	103725.000000
0.000000	103725.000000
0.000000	103725.000000
0.000000	103725.000000
0.000000	103725.000000
0.000000	103725.000000
0.000000	103725.000000
0.000000	103725.000000
0.000000	103725.000000
0.000000	103725.000000
0.000000	103725.000000
0.000000	103726.000000
0.000000	103726.000000
0.000000	103726.000000
0.000000	103726.000000
0.000000	103726.000000
0.000000	103726.000000
0.000000	103726.000000
0.000000	103726.000000
0.000000	103726.000000
0.000000	103726.000000
0.000000	103726.000000
0.000000	103726.000000
0.000000	103726.000000
0.000000	103726.000000
0.000000	103726.000000
0.000000	103726.000000
0.000000	103726.000000
0.000000	103727.000000
0.000000	103727.000000
0.000000	103727.000000
0.000000	103727.000000
0.000000	103727.000000
0.000000	103727.000000
0.000000	103727.000000
0.000000	103727.000000
0.000000	103727.000000
0.000000	103727.000000
0.000000	103727.000000
0.000000	103727.000000
0.000000	103727.000000
0.000000	103727.000000
0.000000	103727.000000
0.000000	103727.000000
0.000000	103727.000000
0.000000	103728.000000
0.000000	103728.000000
0.000000	103728.000000
0.000000	103728.000000
0.000000	103728.000000
0.000000	103728.000000
0.000000	103728.000000
0.000000	103728.000000
0.000000	103728.000000
0.000000	103728.000000
0.000000	103728.000000
0.000000	103728.000000
0.000000	103728.000000
0.000000	103728.000000
0.000000	103728.000000
0.000000	103728.000000
0.000000	103728.000000
0.000000	103729.000000
0.000000	103729.000000
0.000000	103729.000000
0.000000	103729.000000
0.000000	103729.000000
0.000000	103729.000000
0.000000	103729.000000
0.000000	103729.000000
0.000000	103729.000000
0.000000	103729.000000
0.000000	103729.000000
0.000000	103729.000000
0.000000	103729.000000
0.000000	103729.000000
0.000000	103729.000000
0.000000	103729.000000
0.000000	103729.000000
0.000000	103730.000000
0.000000	103730.000000
0.000000	103730.000000
0.000000	103730.000000
0.000000	103730.000000
0.000000	103730.000000
0.000000	103730.000000
0.000000	103730.000000
0.000000	103730.000000
0.000000	103730.000000
0.000000	103730.000000
0.000000	103730.000000
0.000000	103730.000000
0.000000	103730.000000
0.000000	103730.000000
0.000000	103730.000000
0.000000	103730.000000
0.000000	103731.000000
0.000000	103731.000000
0.000000	103731.000000
0.000000	103731.000000
0.000000	103731.000000
0.000000	103731.000000
0.000000	103731.000000
0.000000	103731.000000
0.000000	103731.000000
0.000000	103731.000000
0.000000	103731.000000
0.000000	103731.000000
0.000000	103731.000000
0.000000	103731.000000
0.000000	103731.000000
0.000000	103731.000000
0.000000	103731.000000
0.000000	103732.000000
0.000000	103732.000000
0.000000	103732.000000
0.000000	103732.000000
0.000000	103732.000000
0.000000	103732.000000
0.000000	103732.000000
0.000000	103732.000000
0.000000	103732.000000
0.000000	103732.000000
0.000000	103732.000000
0.000000	103732.000000
0.000000	103732.000000
0.000000	103732.000000
0.000000	103732.000000
0.000000	103732.000000
0.000000	103732.000000
0.000000	103733.000000
0.000000	103733.000000
0.000000	103733.000000
0.000000	103733.000000
0.000000	103733.000000
0.000000	103733.000000
0.000000	103733.000000
0.000000	103733.000000
0.000000	103733.000000
0.000000	103733.000000
0.000000	103733.000000
0.000000	103733.000000
0.000000	103733.000000
0.000000	103733.000000
0.000000	103733.000000
0.000000	103733.000000
0.000000	103733.000000
0.000000	103734.000000
0.000000	103734.000000
0.000000	103734.000000
0.000000	103734.000000
0.000000	103734.000000
0.000000	103734.000000
0.000000	103734.000000
0.000000	103734.000000
0.000000	103734.000000
0.000000	103734.000000
0.000000	103734.000000
0.000000	103734.000000
0.000000	103734.000000
0.000000	103734.000000
0.000000	103734.000000
0.000000	103734.000000
0.000000	103734.000000
0.000000	103735.000000
0.000000	103735.000000
0.000000	103735.000000
0.000000	103735.000000
0.000000	103735.000000
0.000000	103735.000000
0.000000	103735.000000
0.000000	103735.000000
0.000000	103735.000000
0.000000	103735.000000
0.000000	103735.000000
0.000000	103735.000000
0.000000	103735.000000
0.000000	103735.000000
0.000000	103735.000000
0.000000	103735.000000
0.000000	103735.000000
0.000000	103735.000000
0.000000	103736.000000
0.000000	103736.000000
0.000000	103736.000000
0.000000	103736.000000
0.000000	103736.000000
0.000000	103736.000000
0.000000	103736.000000
0.000000	103736.000000
0.000000	103736.000000
0.000000	103736.000000
0.000000	103736.000000
0.000000	103736.000000
0.000000	103736.000000
0.000000	103736.000000
0.000000	103736.000000
0.000000	103736.000000
0.000000	103736.000000
0.000000	103737.000000
0.000000	103737.000000
0.000000	103737.000000
0.000000	103737.000000
0.000000	103737.000000
0.000000	103737.000000
0.000000	103737.000000
0.000000	103737.000000
0.000000	103737.000000
0.000000	103737.000000
0.000000	103737.000000
0.000000	103737.000000
0.000000	103737.000000
0.000000	103737.000000
0.000000	103737.000000
0.000000	103737.000000
0.000000	103737.000000
0.000000	103738.000000
0.000000	103738.000000
0.000000	103738.000000
0.000000	103738.000000
0.000000	103738.000000
0.000000	103738.000000
0.000000	103738.000000
0.000000	103738.000000
0.000000	103738.000000
0.000000	103738.000000
0.000000	103738.000000
0.000000	103738.000000
0.000000	103738.000000
0.000000	103738.000000
0.000000	103738.000000
0.000000	103738.000000
0.000000	103738.000000
0.000000	103739.000000
0.000000	103739.000000
0.000000	103739.000000
0.000000	103739.000000
0.000000	103739.000000
0.000000	103739.000000
0.000000	103739.000000
0.000000	103739.000000
0.000000	103739.000000
0.000000	103739.000000
0.000000	103739.000000
0.000000	103739.000000
0.000000	103739.000000
0.000000	103739.000000
0.000000	103739.000000
0.000000	103739.000000
0.000000	103739.000000
0.000000	103740.000000
0.000000	103740.000000
0.000000	103740.000000
0.000000	103740.000000
0.000000	103740.000000
0.000000	103740.000000
0.000000	103740.000000
0.000000	103740.000000
0.000000	103740.000000
0.000000	103740.000000
0.000000	103740.000000
0.000000	103740.000000
0.000000	103740.000000
0.000000	103740.000000
0.000000	103740.000000
0.000000	103740.000000
0.000000	103740.000000
0.000000	103741.000000
0.000000	103741.000000
0.000000	103741.000000
0.000000	103741.000000
0.000000	103741.000000
0.000000	103741.000000
0.000000	103741.000000
0.000000	103741.000000
0.000000	103741.000000
0.000000	103741.000000
0.000000	103741.000000
0.000000	103741.000000
0.000000	103741.000000
0.000000	103741.000000
0.000000	103741.000000
0.000000	103741.000000
0.000000	103741.000000
0.000000	103742.000000
0.000000	103742.000000
0.000000	103742.000000
0.000000	103742.000000
0.000000	103742.000000
0.000000	103742.000000
0.000000	103742.000000
0.000000	103742.000000
0.000000	103742.000000
0.000000	103742.000000
0.000000	103742.000000
0.000000	103742.000000
0.000000	103742.000000
0.000000	103742.000000
0.000000	103742.000000
0.000000	103742.000000
0.000000	103743.000000
0.000000	103743.000000
0.000000	103743.000000
0.000000	103743.000000
0.000000	103743.000000
0.000000	103743.000000
0.000000	103743.000000
0.000000	103743.000000
0.000000	103743.000000
0.000000	103743.000000
0.000000	103743.000000
0.000000	103743.000000
0.000000	103743.000000
0.000000	103743.000000
0.000000	103743.000000
0.000000	103743.000000
0.000000	103743.000000
0.000000	103743.000000
0.000000	103744.000000
0.000000	103744.000000
0.000000	103744.000000
0.000000	103744.000000
0.000000	103744.000000
0.000000	103744.000000
0.000000	103744.000000
0.000000	103744.000000
0.000000	103744.000000
0.000000	103744.000000
0.000000	103744.000000
0.000000	103744.000000
0.000000	103744.000000
0.000000	103744.000000
0.000000	103744.000000
0.000000	103744.000000
0.000000	103744.000000
0.000000	103745.000000
0.000000	103745.000000
0.000000	103745.000000
0.000000	103745.000000
0.000000	103745.000000
0.000000	103745.000000
0.000000	103745.000000
0.000000	103745.000000
0.000000	103745.000000
0.000000	103745.000000
0.000000	103745.000000
0.000000	103745.000000
0.000000	103745.000000
0.000000	103745.000000
0.000000	103745.000000
0.000000	103745.000000
0.000000	103745.000000
0.000000	103746.000000
0.000000	103746.000000
0.000000	103746.000000
0.000000	103746.000000
0.000000	103746.000000
0.000000	103746.000000
0.000000	103746.000000
0.000000	103746.000000
0.000000	103746.000000
0.000000	103746.000000
0.000000	103746.000000
0.000000	103746.000000
0.000000	103746.000000
0.000000	103746.000000
0.000000	103746.000000
0.000000	103746.000000
0.000000	103746.000000
0.000000	103747.000000
0.000000	103747.000000
0.000000	103747.000000
0.000000	103747.000000
0.000000	103747.000000
0.000000	103747.000000
0.000000	103747.000000
0.000000	103747.000000
0.000000	103747.000000
0.000000	103747.000000
0.000000	103747.000000
0.000000	103747.000000
0.000000	103747.000000
0.000000	103747.000000
0.000000	103747.000000
0.000000	103747.000000
0.000000	103747.000000
0.000000	103748.000000
0.000000	103748.000000
0.000000	103748.000000
0.000000	103748.000000
0.000000	103748.000000
0.000000	103748.000000
0.000000	103748.000000
0.000000	103748.000000
0.000000	103748.000000
0.000000	103748.000000
0.000000	103748.000000
0.000000	103748.000000
0.000000	103748.000000
0.000000	103748.000000
0.000000	103748.000000
0.000000	103748.000000
0.000000	103748.000000
0.000000	103749.000000
0.000000	103749.000000
0.000000	103749.000000
0.000000	103749.000000
0.000000	103749.000000
0.000000	103749.000000
0.000000	103749.000000
0.000000	103749.000000
0.000000	103749.000000
0.000000	103749.000000
0.000000	103749.000000
0.000000	103749.000000
0.000000	103749.000000
0.000000	103749.000000
0.000000	103749.000000
0.000000	103749.000000
0.000000	103749.000000
0.000000	103750.000000
0.000000	103750.000000
0.000000	103750.000000
0.000000	103750.000000
0.000000	103750.000000
0.000000	103750.000000
0.000000	103750.000000
0.000000	103750.000000
0.000000	103750.000000
0.000000	103750.000000
0.000000	103750.000000
0.000000	103750.000000
0.000000	103750.000000
0.000000	103750.000000
0.000000	103750.000000
0.000000	103750.000000
0.000000	103750.000000
0.000000	103751.000000
0.000000	103751.000000
0.000000	103751.000000
0.000000	103751.000000
0.000000	103751.000000
0.000000	103751.000000
0.000000	103751.000000
0.000000	103751.000000
0.000000	103751.000000
0.000000	103751.000000
0.000000	103751.000000
0.000000	103751.000000
0.000000	103751.000000
0.000000	103751.000000
0.000000	103751.000000
0.000000	103751.000000
0.000000	103751.000000
0.000000	103751.000000
0.000000	103752.000000
0.000000	103752.000000
0.000000	103752.000000
0.000000	103752.000000
0.000000	103752.000000
0.000000	103752.000000
0.000000	103752.000000
0.000000	103752.000000
0.000000	103752.000000
0.000000	103752.000000
0.000000	103752.000000
0.000000	103752.000000
0.000000	103752.000000
0.000000	103752.000000
0.000000	103752.000000
0.000000	103752.000000
0.000000	103752.000000
0.000000	103753.000000
0.000000	103753.000000
0.000000	103753.000000
0.000000	103753.000000
0.000000	103753.000000
0.000000	103753.000000
0.000000	103753.000000
0.000000	103753.000000
0.000000	103753.000000
0.000000	103753.000000
0.000000	103753.000000
0.000000	103753.000000
0.000000	103753.000000
0.000000	103753.000000
0.000000	103753.000000
0.000000	103753.000000
0.000000	103753.000000
0.000000	103754.000000
0.000000	103754.000000
0.000000	103754.000000
0.000000	103754.000000
0.000000	103754.000000
0.000000	103754.000000
0.000000	103754.000000
0.000000	103754.000000
0.000000	103754.000000
0.000000	103754.000000
0.000000	103754.000000
0.000000	103754.000000
0.000000	103754.000000
0.000000	103754.000000
0.000000	103754.000000
0.000000	103754.000000
0.000000	103754.000000
0.000000	103755.000000
0.000000	103755.000000
0.000000	103755.000000
0.000000	103755.000000
0.000000	103755.000000
0.000000	103755.000000
0.000000	103755.000000
0.000000	103755.000000
0.000000	103755.000000
0.000000	103755.000000
0.000000	103755.000000
0.000000	103755.000000
0.000000	103755.000000
0.000000	103755.000000
0.000000	103755.000000
0.000000	103755.000000
0.000000	103755.000000
0.000000	103756.000000
0.000000	103756.000000
0.000000	103756.000000
0.000000	103756.000000
0.000000	103756.000000
0.000000	103756.000000
0.000000	103756.000000
0.000000	103756.000000
0.000000	103756.000000
0.000000	103756.000000
0.000000	103756.000000
0.000000	103756.000000
0.000000	103756.000000
0.000000	103756.000000
0.000000	103756.000000
0.000000	103756.000000
0.000000	103756.000000
0.000000	103757.000000
0.000000	103757.000000
0.000000	103757.000000
0.000000	103757.000000
0.000000	103757.000000
0.000000	103757.000000
0.000000	103757.000000
0.000000	103757.000000
0.000000	103757.000000
0.000000	103757.000000
0.000000	103757.000000
0.000000	103757.000000
0.000000	103757.000000
0.000000	103757.000000
0.000000	103757.000000
0.000000	103757.000000
0.000000	103757.000000
0.000000	103758.000000
0.000000	103758.000000
0.000000	103758.000000
0.000000	103758.000000
0.000000	103758.000000
0.000000	103758.000000
0.000000	103758.000000
0.000000	103758.000000
0.000000	103758.000000
0.000000	103758.000000
0.000000	103758.000000
0.000000	103758.000000
0.000000	103758.000000
0.000000	103758.000000
0.000000	103758.000000
0.000000	103758.000000
0.000000	103758.000000
0.000000	103759.000000
0.000000	103759.000000
0.000000	103759.000000
0.000000	103759.000000
0.000000	103759.000000
0.000000	103759.000000
0.000000	103759.000000
0.000000	103759.000000
0.000000	103759.000000
0.000000	103759.000000
0.000000	103759.000000
0.000000	103759.000000
0.000000	103759.000000
0.000000	103759.000000
0.000000	103759.000000
0.000000	103759.000000
0.000000	103759.000000
0.000000	103800.000000
0.000000	103800.000000
0.000000	103800.000000
0.000000	103800.000000
0.000000	103800.000000
0.000000	103800.000000
0.000000	103800.000000
0.000000	103800.000000
0.000000	103800.000000
0.000000	103800.000000
0.000000	103800.000000
0.000000	103800.000000
0.000000	103800.000000
0.000000	103800.000000
0.000000	103800.000000
0.000000	103800.000000
0.000000	103800.000000
0.000000	103801.000000
0.000000	103801.000000
0.000000	103801.000000
0.000000	103801.000000
0.000000	103801.000000
0.000000	103801.000000
0.000000	103801.000000
0.000000	103801.000000
0.000000	103801.000000
0.000000	103801.000000
0.000000	103801.000000
0.000000	103801.000000
0.000000	103801.000000
0.000000	103801.000000
0.000000	103801.000000
0.000000	103801.000000
0.000000	103802.000000
0.000000	103802.000000
0.000000	103802.000000
0.000000	103802.000000
0.000000	103802.000000
0.000000	103802.000000
0.000000	103802.000000
0.000000	103802.000000
0.000000	103802.000000
0.000000	103802.000000
0.000000	103802.000000
0.000000	103802.000000
0.000000	103802.000000
0.000000	103802.000000
0.000000	103802.000000
0.000000	103802.000000
0.000000	103802.000000
0.000000	103802.000000
0.000000	103803.000000
0.000000	103803.000000
0.000000	103803.000000
0.000000	103803.000000
0.000000	103803.000000
0.000000	103803.000000
0.000000	103803.000000
0.000000	103803.000000
0.000000	103803.000000
0.000000	103803.000000
0.000000	103803.000000
0.000000	103803.000000
0.000000	103803.000000
0.000000	103803.000000
0.000000	103803.000000
0.000000	103803.000000
0.000000	103803.000000
0.000000	103804.000000
0.000000	103804.000000
0.000000	103804.000000
0.000000	103804.000000
0.000000	103804.000000
0.000000	103804.000000
0.000000	103804.000000
0.000000	103804.000000
0.000000	103804.000000
0.000000	103804.000000
0.000000	103804.000000
0.000000	103804.000000
0.000000	103804.000000
0.000000	103804.000000
0.000000	103804.000000
0.000000	103804.000000
0.000000	103805.000000
0.000000	103805.000000
0.000000	103805.000000
0.000000	103805.000000
0.000000	103805.000000
0.000000	103805.000000
0.000000	103805.000000
0.000000	103805.000000
0.000000	103805.000000
0.000000	103805.000000
0.000000	103805.000000
0.000000	103805.000000
0.000000	103805.000000
0.000000	103805.000000
0.000000	103805.000000
0.000000	103805.000000
0.000000	103805.000000
0.000000	103806.000000
0.000000	103806.000000
0.000000	103806.000000
0.000000	103806.000000
0.000000	103806.000000
0.000000	103806.000000
0.000000	103806.000000
0.000000	103806.000000
0.000000	103806.000000
0.000000	103806.000000
0.000000	103806.000000
0.000000	103806.000000
0.000000	103806.000000
0.000000	103806.000000
0.000000	103806.000000
0.000000	103806.000000
0.000000	103806.000000
0.000000	103806.000000
0.000000	103806.000000
0.000000	103807.000000
0.000000	103807.000000
0.000000	103807.000000
0.000000	103807.000000
0.000000	103807.000000
0.000000	103807.000000
0.000000	103807.000000
0.000000	103807.000000
0.000000	103807.000000
0.000000	103807.000000
0.000000	103807.000000
0.000000	103807.000000
0.000000	103807.000000
0.000000	103807.000000
0.000000	103807.000000
0.000000	103807.000000
0.000000	103808.000000
0.000000	103808.000000
0.000000	103808.000000
0.000000	103808.000000
0.000000	103808.000000
0.000000	103808.000000
0.000000	103808.000000
0.000000	103808.000000
0.000000	103808.000000
0.000000	103808.000000
0.000000	103808.000000
0.000000	103808.000000
0.000000	103808.000000
0.000000	103808.000000
0.000000	103808.000000
0.000000	103808.000000
0.000000	103808.000000
0.000000	103808.000000
0.000000	103809.000000
0.000000	103809.000000
0.000000	103809.000000
0.000000	103809.000000
0.000000	103809.000000
0.000000	103809.000000
0.000000	103809.000000
0.000000	103809.000000
0.000000	103809.000000
0.000000	103809.000000
0.000000	103809.000000
0.000000	103809.000000
0.000000	103809.000000
0.000000	103809.000000
0.000000	103809.000000
0.000000	103809.000000
0.000000	103809.000000
0.000000	103810.000000
0.000000	103810.000000
0.000000	103810.000000
0.000000	103810.000000
0.000000	103810.000000
0.000000	103810.000000
0.000000	103810.000000
0.000000	103810.000000
0.000000	103810.000000
0.000000	103810.000000
0.000000	103810.000000
0.000000	103810.000000
0.000000	103810.000000
0.000000	103810.000000
0.000000	103810.000000
0.000000	103810.000000
0.000000	103810.000000
0.000000	103811.000000
0.000000	103811.000000
0.000000	103811.000000
0.000000	103811.000000
0.000000	103811.000000
0.000000	103811.000000
0.000000	103811.000000
