0.000000	125348.000000
0.000000	125348.000000
0.000000	125348.000000
0.000000	125348.000000
0.000000	125348.000000
0.000000	125348.000000
0.000000	125348.000000
0.000000	125348.000000
0.000000	125348.000000
0.000000	125348.000000
0.000000	125349.000000
0.000000	125349.000000
0.000000	125349.000000
0.000000	125349.000000
0.000000	125349.000000
0.000000	125349.000000
0.000000	125349.000000
0.000000	125349.000000
0.000000	125349.000000
0.000000	125349.000000
0.000000	125349.000000
0.000000	125349.000000
0.000000	125349.000000
0.000000	125349.000000
0.000000	125349.000000
0.000000	125349.000000
0.000000	125349.000000
0.000000	125350.000000
0.000000	125350.000000
0.000000	125350.000000
0.000000	125350.000000
0.000000	125350.000000
0.000000	125350.000000
0.000000	125350.000000
0.000000	125350.000000
0.000000	125350.000000
0.000000	125350.000000
0.000000	125350.000000
0.000000	125350.000000
0.000000	125350.000000
0.000000	125350.000000
0.000000	125350.000000
0.000000	125350.000000
0.000000	125350.000000
0.000000	125351.000000
0.000000	125351.000000
0.000000	125351.000000
0.000000	125351.000000
0.000000	125351.000000
0.000000	125351.000000
0.000000	125351.000000
0.000000	125351.000000
0.000000	125351.000000
0.000000	125351.000000
0.000000	125351.000000
0.000000	125351.000000
0.000000	125351.000000
0.000000	125351.000000
0.000000	125351.000000
0.000000	125351.000000
0.000000	125351.000000
0.000000	125352.000000
0.000000	125352.000000
0.000000	125352.000000
0.000000	125352.000000
0.000000	125352.000000
0.000000	125352.000000
0.000000	125352.000000
0.000000	125352.000000
0.000000	125352.000000
0.000000	125352.000000
0.000000	125352.000000
0.000000	125352.000000
0.000000	125352.000000
0.000000	125352.000000
0.000000	125352.000000
0.000000	125352.000000
0.000000	125352.000000
0.000000	125353.000000
0.000000	125353.000000
0.000000	125353.000000
0.000000	125353.000000
0.000000	125353.000000
0.000000	125353.000000
0.000000	125353.000000
0.000000	125353.000000
0.000000	125353.000000
0.000000	125353.000000
0.000000	125353.000000
0.000000	125353.000000
0.000000	125353.000000
0.000000	125353.000000
0.000000	125353.000000
0.000000	125353.000000
0.000000	125353.000000
0.000000	125354.000000
0.000000	125354.000000
0.000000	125354.000000
0.000000	125354.000000
0.000000	125354.000000
0.000000	125354.000000
0.000000	125354.000000
0.000000	125354.000000
0.000000	125354.000000
0.000000	125354.000000
0.000000	125354.000000
0.000000	125354.000000
0.000000	125354.000000
0.000000	125354.000000
0.000000	125354.000000
0.000000	125354.000000
0.000000	125354.000000
0.000000	125355.000000
0.000000	125355.000000
0.000000	125355.000000
0.000000	125355.000000
0.000000	125355.000000
0.000000	125355.000000
0.000000	125355.000000
0.000000	125355.000000
0.000000	125355.000000
0.000000	125355.000000
0.000000	125355.000000
0.000000	125355.000000
0.000000	125355.000000
0.000000	125355.000000
0.000000	125355.000000
0.000000	125355.000000
0.000000	125355.000000
0.000000	125356.000000
0.000000	125356.000000
0.000000	125356.000000
0.000000	125356.000000
0.000000	125356.000000
0.000000	125356.000000
0.000000	125356.000000
0.000000	125356.000000
0.000000	125356.000000
0.000000	125356.000000
0.000000	125356.000000
0.000000	125356.000000
0.000000	125356.000000
0.000000	125356.000000
0.000000	125356.000000
0.000000	125356.000000
0.000000	125356.000000
0.000000	125357.000000
0.000000	125357.000000
0.000000	125357.000000
0.000000	125357.000000
0.000000	125357.000000
0.000000	125357.000000
0.000000	125357.000000
0.000000	125357.000000
0.000000	125357.000000
0.000000	125357.000000
0.000000	125357.000000
0.000000	125357.000000
0.000000	125357.000000
0.000000	125357.000000
0.000000	125357.000000
0.000000	125357.000000
0.000000	125357.000000
0.000000	125358.000000
0.000000	125358.000000
0.000000	125358.000000
0.000000	125358.000000
0.000000	125358.000000
0.000000	125358.000000
0.000000	125358.000000
0.000000	125358.000000
0.000000	125358.000000
0.000000	125358.000000
0.000000	125358.000000
0.000000	125358.000000
0.000000	125358.000000
0.000000	125358.000000
0.000000	125358.000000
0.000000	125358.000000
0.000000	125358.000000
0.000000	125359.000000
0.000000	125359.000000
0.000000	125359.000000
0.000000	125359.000000
0.000000	125359.000000
0.000000	125359.000000
0.000000	125359.000000
0.000000	125359.000000
0.000000	125359.000000
0.000000	125359.000000
0.000000	125359.000000
0.000000	125359.000000
0.000000	125359.000000
0.000000	125359.000000
0.000000	125359.000000
0.000000	125359.000000
0.000000	125359.000000
0.000000	125400.000000
0.000000	125400.000000
0.000000	125400.000000
0.000000	125400.000000
0.000000	125400.000000
0.000000	125400.000000
0.000000	125400.000000
0.000000	125400.000000
0.000000	125400.000000
0.000000	125400.000000
0.000000	125400.000000
0.000000	125400.000000
0.000000	125400.000000
0.000000	125400.000000
0.000000	125400.000000
0.000000	125400.000000
0.000000	125400.000000
0.000000	125401.000000
0.000000	125401.000000
0.000000	125401.000000
0.000000	125401.000000
0.000000	125401.000000
0.000000	125401.000000
0.000000	125401.000000
0.000000	125401.000000
0.000000	125401.000000
0.000000	125401.000000
0.000000	125401.000000
0.000000	125401.000000
0.000000	125401.000000
0.000000	125401.000000
0.000000	125401.000000
0.000000	125401.000000
0.000000	125401.000000
0.000000	125401.000000
0.000000	125402.000000
0.000000	125402.000000
0.000000	125402.000000
0.000000	125402.000000
0.000000	125402.000000
0.000000	125402.000000
0.000000	125402.000000
0.000000	125402.000000
0.000000	125402.000000
0.000000	125402.000000
0.000000	125402.000000
0.000000	125402.000000
0.000000	125402.000000
0.000000	125402.000000
0.000000	125402.000000
0.000000	125402.000000
0.000000	125402.000000
0.000000	125403.000000
0.000000	125403.000000
0.000000	125403.000000
0.000000	125403.000000
0.000000	125403.000000
0.000000	125403.000000
0.000000	125403.000000
0.000000	125403.000000
0.000000	125403.000000
0.000000	125403.000000
0.000000	125403.000000
0.000000	125403.000000
0.000000	125403.000000
0.000000	125403.000000
0.000000	125403.000000
0.000000	125403.000000
0.000000	125403.000000
0.000000	125404.000000
0.000000	125404.000000
0.000000	125404.000000
0.000000	125404.000000
0.000000	125404.000000
0.000000	125404.000000
0.000000	125404.000000
0.000000	125404.000000
0.000000	125404.000000
0.000000	125404.000000
0.000000	125404.000000
0.000000	125404.000000
0.000000	125404.000000
0.000000	125404.000000
0.000000	125404.000000
0.000000	125404.000000
0.000000	125404.000000
0.000000	125405.000000
0.000000	125405.000000
0.000000	125405.000000
0.000000	125405.000000
0.000000	125405.000000
0.000000	125405.000000
0.000000	125405.000000
0.000000	125405.000000
0.000000	125405.000000
0.000000	125405.000000
0.000000	125405.000000
0.000000	125405.000000
0.000000	125405.000000
0.000000	125405.000000
0.000000	125405.000000
0.000000	125405.000000
0.000000	125405.000000
0.000000	125406.000000
0.000000	125406.000000
0.000000	125406.000000
0.000000	125406.000000
0.000000	125406.000000
0.000000	125406.000000
0.000000	125406.000000
0.000000	125406.000000
0.000000	125406.000000
0.000000	125406.000000
0.000000	125406.000000
0.000000	125406.000000
0.000000	125406.000000
0.000000	125406.000000
0.000000	125406.000000
0.000000	125406.000000
0.000000	125406.000000
0.000000	125407.000000
0.000000	125407.000000
0.000000	125407.000000
0.000000	125407.000000
0.000000	125407.000000
0.000000	125407.000000
0.000000	125407.000000
0.000000	125407.000000
0.000000	125407.000000
0.000000	125407.000000
0.000000	125407.000000
0.000000	125407.000000
0.000000	125407.000000
0.000000	125407.000000
0.000000	125407.000000
0.000000	125407.000000
0.000000	125407.000000
0.000000	125408.000000
0.000000	125408.000000
0.000000	125408.000000
0.000000	125408.000000
0.000000	125408.000000
0.000000	125408.000000
0.000000	125408.000000
0.000000	125408.000000
0.000000	125408.000000
0.000000	125408.000000
0.000000	125408.000000
0.000000	125408.000000
0.000000	125408.000000
0.000000	125408.000000
0.000000	125408.000000
0.000000	125408.000000
0.000000	125408.000000
0.000000	125409.000000
0.000000	125409.000000
0.000000	125409.000000
0.000000	125409.000000
0.000000	125409.000000
0.000000	125409.000000
0.000000	125409.000000
0.000000	125409.000000
0.000000	125409.000000
0.000000	125409.000000
0.000000	125409.000000
0.000000	125409.000000
0.000000	125409.000000
0.000000	125409.000000
0.000000	125409.000000
0.000000	125409.000000
0.000000	125409.000000
0.000000	125410.000000
0.000000	125410.000000
0.000000	125410.000000
0.000000	125410.000000
0.000000	125410.000000
0.000000	125410.000000
0.000000	125410.000000
0.000000	125410.000000
0.000000	125410.000000
0.000000	125410.000000
0.000000	125410.000000
0.000000	125410.000000
0.000000	125410.000000
0.000000	125410.000000
0.000000	125410.000000
0.000000	125410.000000
0.000000	125410.000000
0.000000	125411.000000
0.000000	125411.000000
0.000000	125411.000000
0.000000	125411.000000
0.000000	125411.000000
0.000000	125411.000000
0.000000	125411.000000
0.000000	125411.000000
0.000000	125411.000000
0.000000	125411.000000
0.000000	125411.000000
0.000000	125411.000000
0.000000	125411.000000
0.000000	125411.000000
0.000000	125411.000000
0.000000	125411.000000
0.000000	125411.000000
0.000000	125412.000000
0.000000	125412.000000
0.000000	125412.000000
0.000000	125412.000000
0.000000	125412.000000
0.000000	125412.000000
0.000000	125412.000000
0.000000	125412.000000
0.000000	125412.000000
0.000000	125412.000000
0.000000	125412.000000
0.000000	125412.000000
0.000000	125412.000000
0.000000	125412.000000
0.000000	125412.000000
0.000000	125412.000000
0.000000	125412.000000
0.000000	125413.000000
0.000000	125413.000000
0.000000	125413.000000
0.000000	125413.000000
0.000000	125413.000000
0.000000	125413.000000
0.000000	125413.000000
0.000000	125413.000000
0.000000	125413.000000
0.000000	125413.000000
0.000000	125413.000000
0.000000	125413.000000
0.000000	125413.000000
0.000000	125413.000000
0.000000	125413.000000
0.000000	125413.000000
0.000000	125413.000000
0.000000	125414.000000
0.000000	125414.000000
0.000000	125414.000000
0.000000	125414.000000
0.000000	125414.000000
0.000000	125414.000000
0.000000	125414.000000
0.000000	125414.000000
0.000000	125414.000000
0.000000	125414.000000
0.000000	125414.000000
0.000000	125414.000000
0.000000	125414.000000
0.000000	125414.000000
0.000000	125414.000000
0.000000	125414.000000
0.000000	125414.000000
0.000000	125415.000000
0.000000	125415.000000
0.000000	125415.000000
0.000000	125415.000000
0.000000	125415.000000
0.000000	125415.000000
0.000000	125415.000000
0.000000	125415.000000
0.000000	125415.000000
0.000000	125415.000000
0.000000	125415.000000
0.000000	125415.000000
0.000000	125415.000000
0.000000	125415.000000
0.000000	125415.000000
0.000000	125415.000000
0.000000	125415.000000
0.000000	125416.000000
0.000000	125416.000000
0.000000	125416.000000
0.000000	125416.000000
0.000000	125416.000000
0.000000	125416.000000
0.000000	125416.000000
0.000000	125416.000000
0.000000	125416.000000
0.000000	125416.000000
0.000000	125416.000000
0.000000	125416.000000
0.000000	125416.000000
0.000000	125416.000000
0.000000	125416.000000
0.000000	125416.000000
0.000000	125416.000000
0.000000	125416.000000
0.000000	125417.000000
0.000000	125417.000000
0.000000	125417.000000
0.000000	125417.000000
0.000000	125417.000000
0.000000	125417.000000
0.000000	125417.000000
0.000000	125417.000000
0.000000	125417.000000
0.000000	125417.000000
0.000000	125417.000000
0.000000	125417.000000
0.000000	125417.000000
0.000000	125417.000000
0.000000	125417.000000
0.000000	125417.000000
0.000000	125417.000000
0.000000	125418.000000
0.000000	125418.000000
0.000000	125418.000000
0.000000	125418.000000
0.000000	125418.000000
0.000000	125418.000000
0.000000	125418.000000
0.000000	125418.000000
0.000000	125418.000000
0.000000	125418.000000
0.000000	125418.000000
0.000000	125418.000000
0.000000	125418.000000
0.000000	125418.000000
0.000000	125418.000000
0.000000	125418.000000
0.000000	125418.000000
0.000000	125419.000000
0.000000	125419.000000
0.000000	125419.000000
0.000000	125419.000000
0.000000	125419.000000
0.000000	125419.000000
0.000000	125419.000000
0.000000	125419.000000
0.000000	125419.000000
0.000000	125419.000000
0.000000	125419.000000
0.000000	125419.000000
0.000000	125419.000000
0.000000	125419.000000
0.000000	125419.000000
0.000000	125419.000000
0.000000	125419.000000
0.000000	125420.000000
0.000000	125420.000000
0.000000	125420.000000
0.000000	125420.000000
0.000000	125420.000000
0.000000	125420.000000
0.000000	125420.000000
0.000000	125420.000000
0.000000	125420.000000
0.000000	125420.000000
0.000000	125420.000000
0.000000	125420.000000
0.000000	125420.000000
0.000000	125420.000000
0.000000	125420.000000
0.000000	125420.000000
0.000000	125420.000000
0.000000	125421.000000
0.000000	125421.000000
0.000000	125421.000000
0.000000	125421.000000
0.000000	125421.000000
0.000000	125421.000000
0.000000	125421.000000
0.000000	125421.000000
0.000000	125421.000000
0.000000	125421.000000
0.000000	125421.000000
0.000000	125421.000000
0.000000	125421.000000
0.000000	125421.000000
0.000000	125421.000000
0.000000	125421.000000
0.000000	125421.000000
0.000000	125422.000000
0.000000	125422.000000
0.000000	125422.000000
0.000000	125422.000000
0.000000	125422.000000
0.000000	125422.000000
0.000000	125422.000000
0.000000	125422.000000
0.000000	125422.000000
0.000000	125422.000000
0.000000	125422.000000
0.000000	125422.000000
0.000000	125422.000000
0.000000	125422.000000
0.000000	125422.000000
0.000000	125422.000000
0.000000	125422.000000
0.000000	125423.000000
0.000000	125423.000000
0.000000	125423.000000
0.000000	125423.000000
0.000000	125423.000000
0.000000	125423.000000
0.000000	125423.000000
0.000000	125423.000000
0.000000	125423.000000
0.000000	125423.000000
0.000000	125423.000000
0.000000	125423.000000
0.000000	125423.000000
0.000000	125423.000000
0.000000	125423.000000
0.000000	125423.000000
0.000000	125423.000000
0.000000	125424.000000
0.000000	125424.000000
0.000000	125424.000000
0.000000	125424.000000
0.000000	125424.000000
0.000000	125424.000000
0.000000	125424.000000
0.000000	125424.000000
0.000000	125424.000000
0.000000	125424.000000
0.000000	125424.000000
0.000000	125424.000000
0.000000	125424.000000
0.000000	125424.000000
0.000000	125424.000000
0.000000	125424.000000
0.000000	125424.000000
0.000000	125425.000000
0.000000	125425.000000
0.000000	125425.000000
0.000000	125425.000000
0.000000	125425.000000
0.000000	125425.000000
0.000000	125425.000000
0.000000	125425.000000
0.000000	125425.000000
0.000000	125425.000000
0.000000	125425.000000
0.000000	125425.000000
0.000000	125425.000000
0.000000	125425.000000
0.000000	125425.000000
0.000000	125425.000000
0.000000	125425.000000
0.000000	125426.000000
0.000000	125426.000000
0.000000	125426.000000
0.000000	125426.000000
0.000000	125426.000000
0.000000	125426.000000
0.000000	125426.000000
0.000000	125426.000000
0.000000	125426.000000
0.000000	125426.000000
0.000000	125426.000000
0.000000	125426.000000
0.000000	125426.000000
0.000000	125426.000000
0.000000	125426.000000
0.000000	125426.000000
0.000000	125426.000000
0.000000	125427.000000
0.000000	125427.000000
0.000000	125427.000000
0.000000	125427.000000
0.000000	125427.000000
0.000000	125427.000000
0.000000	125427.000000
0.000000	125427.000000
0.000000	125427.000000
0.000000	125427.000000
0.000000	125427.000000
0.000000	125427.000000
0.000000	125427.000000
0.000000	125427.000000
0.000000	125427.000000
0.000000	125427.000000
0.000000	125427.000000
0.000000	125428.000000
0.000000	125428.000000
0.000000	125428.000000
0.000000	125428.000000
0.000000	125428.000000
0.000000	125428.000000
0.000000	125428.000000
0.000000	125428.000000
0.000000	125428.000000
0.000000	125428.000000
0.000000	125428.000000
0.000000	125428.000000
0.000000	125428.000000
0.000000	125428.000000
0.000000	125428.000000
0.000000	125428.000000
0.000000	125428.000000
0.000000	125429.000000
0.000000	125429.000000
0.000000	125429.000000
0.000000	125429.000000
0.000000	125429.000000
0.000000	125429.000000
0.000000	125429.000000
0.000000	125429.000000
0.000000	125429.000000
0.000000	125429.000000
0.000000	125429.000000
0.000000	125429.000000
0.000000	125429.000000
0.000000	125429.000000
0.000000	125429.000000
0.000000	125429.000000
0.000000	125429.000000
0.000000	125430.000000
0.000000	125430.000000
0.000000	125430.000000
0.000000	125430.000000
0.000000	125430.000000
0.000000	125430.000000
0.000000	125430.000000
0.000000	125430.000000
0.000000	125430.000000
0.000000	125430.000000
0.000000	125430.000000
0.000000	125430.000000
0.000000	125430.000000
0.000000	125430.000000
0.000000	125430.000000
0.000000	125430.000000
0.000000	125430.000000
0.000000	125431.000000
0.000000	125431.000000
0.000000	125431.000000
0.000000	125431.000000
0.000000	125431.000000
0.000000	125431.000000
0.000000	125431.000000
0.000000	125431.000000
0.000000	125431.000000
0.000000	125431.000000
0.000000	125431.000000
0.000000	125431.000000
0.000000	125431.000000
0.000000	125431.000000
0.000000	125431.000000
0.000000	125431.000000
0.000000	125431.000000
0.000000	125431.000000
0.000000	125432.000000
0.000000	125432.000000
0.000000	125432.000000
0.000000	125432.000000
0.000000	125432.000000
0.000000	125432.000000
0.000000	125432.000000
0.000000	125432.000000
0.000000	125432.000000
0.000000	125432.000000
0.000000	125432.000000
0.000000	125432.000000
0.000000	125432.000000
0.000000	125432.000000
0.000000	125432.000000
0.000000	125432.000000
0.000000	125432.000000
0.000000	125433.000000
0.000000	125433.000000
0.000000	125433.000000
0.000000	125433.000000
0.000000	125433.000000
0.000000	125433.000000
0.000000	125433.000000
0.000000	125433.000000
0.000000	125433.000000
0.000000	125433.000000
0.000000	125433.000000
0.000000	125433.000000
0.000000	125433.000000
0.000000	125433.000000
0.000000	125433.000000
0.000000	125433.000000
0.000000	125433.000000
0.000000	125434.000000
0.000000	125434.000000
0.000000	125434.000000
0.000000	125434.000000
0.000000	125434.000000
0.000000	125434.000000
0.000000	125434.000000
0.000000	125434.000000
0.000000	125434.000000
0.000000	125434.000000
0.000000	125434.000000
0.000000	125434.000000
0.000000	125434.000000
0.000000	125434.000000
0.000000	125434.000000
0.000000	125434.000000
0.000000	125434.000000
0.000000	125435.000000
0.000000	125435.000000
0.000000	125435.000000
0.000000	125435.000000
0.000000	125435.000000
0.000000	125435.000000
0.000000	125435.000000
0.000000	125435.000000
0.000000	125435.000000
0.000000	125435.000000
0.000000	125435.000000
0.000000	125435.000000
0.000000	125435.000000
0.000000	125435.000000
0.000000	125435.000000
0.000000	125435.000000
0.000000	125435.000000
0.000000	125436.000000
0.000000	125436.000000
0.000000	125436.000000
0.000000	125436.000000
0.000000	125436.000000
0.000000	125436.000000
0.000000	125436.000000
0.000000	125436.000000
0.000000	125436.000000
0.000000	125436.000000
0.000000	125436.000000
0.000000	125436.000000
0.000000	125436.000000
0.000000	125436.000000
0.000000	125436.000000
0.000000	125436.000000
0.000000	125436.000000
0.000000	125437.000000
0.000000	125437.000000
0.000000	125437.000000
0.000000	125437.000000
0.000000	125437.000000
0.000000	125437.000000
0.000000	125437.000000
0.000000	125437.000000
0.000000	125437.000000
0.000000	125437.000000
0.000000	125437.000000
0.000000	125437.000000
0.000000	125437.000000
0.000000	125437.000000
0.000000	125437.000000
0.000000	125437.000000
0.000000	125437.000000
0.000000	125438.000000
0.000000	125438.000000
0.000000	125438.000000
0.000000	125438.000000
0.000000	125438.000000
0.000000	125438.000000
0.000000	125438.000000
0.000000	125438.000000
0.000000	125438.000000
0.000000	125438.000000
0.000000	125438.000000
0.000000	125438.000000
0.000000	125438.000000
0.000000	125438.000000
0.000000	125438.000000
0.000000	125438.000000
0.000000	125438.000000
0.000000	125439.000000
0.000000	125439.000000
0.000000	125439.000000
0.000000	125439.000000
0.000000	125439.000000
0.000000	125439.000000
0.000000	125439.000000
0.000000	125439.000000
0.000000	125439.000000
0.000000	125439.000000
0.000000	125439.000000
0.000000	125439.000000
0.000000	125439.000000
0.000000	125439.000000
0.000000	125439.000000
0.000000	125439.000000
0.000000	125439.000000
0.000000	125440.000000
0.000000	125440.000000
0.000000	125440.000000
0.000000	125440.000000
0.000000	125440.000000
0.000000	125440.000000
0.000000	125440.000000
0.000000	125440.000000
0.000000	125440.000000
0.000000	125440.000000
0.000000	125440.000000
0.000000	125440.000000
0.000000	125440.000000
0.000000	125440.000000
0.000000	125440.000000
0.000000	125440.000000
0.000000	125440.000000
0.000000	125441.000000
0.000000	125441.000000
0.000000	125441.000000
0.000000	125441.000000
0.000000	125441.000000
0.000000	125441.000000
0.000000	125441.000000
0.000000	125441.000000
0.000000	125441.000000
0.000000	125441.000000
0.000000	125441.000000
0.000000	125441.000000
0.000000	125441.000000
0.000000	125441.000000
0.000000	125441.000000
0.000000	125441.000000
0.000000	125441.000000
0.000000	125442.000000
0.000000	125442.000000
0.000000	125442.000000
0.000000	125442.000000
0.000000	125442.000000
0.000000	125442.000000
0.000000	125442.000000
0.000000	125442.000000
0.000000	125442.000000
0.000000	125442.000000
0.000000	125442.000000
0.000000	125442.000000
0.000000	125442.000000
0.000000	125442.000000
0.000000	125442.000000
0.000000	125442.000000
0.000000	125442.000000
0.000000	125443.000000
0.000000	125443.000000
0.000000	125443.000000
0.000000	125443.000000
0.000000	125443.000000
0.000000	125443.000000
0.000000	125443.000000
0.000000	125443.000000
0.000000	125443.000000
0.000000	125443.000000
0.000000	125443.000000
0.000000	125443.000000
0.000000	125443.000000
0.000000	125443.000000
0.000000	125443.000000
0.000000	125443.000000
0.000000	125443.000000
0.000000	125444.000000
0.000000	125444.000000
0.000000	125444.000000
0.000000	125444.000000
0.000000	125444.000000
0.000000	125444.000000
0.000000	125444.000000
0.000000	125444.000000
0.000000	125444.000000
0.000000	125444.000000
0.000000	125444.000000
0.000000	125444.000000
0.000000	125444.000000
0.000000	125444.000000
0.000000	125444.000000
0.000000	125444.000000
0.000000	125444.000000
0.000000	125445.000000
0.000000	125445.000000
0.000000	125445.000000
0.000000	125445.000000
0.000000	125445.000000
0.000000	125445.000000
0.000000	125445.000000
0.000000	125445.000000
0.000000	125445.000000
0.000000	125445.000000
0.000000	125445.000000
0.000000	125445.000000
0.000000	125445.000000
0.000000	125445.000000
0.000000	125445.000000
0.000000	125445.000000
0.000000	125445.000000
0.000000	125445.000000
0.000000	125446.000000
0.000000	125446.000000
0.000000	125446.000000
0.000000	125446.000000
0.000000	125446.000000
0.000000	125446.000000
0.000000	125446.000000
0.000000	125446.000000
0.000000	125446.000000
0.000000	125446.000000
0.000000	125446.000000
0.000000	125446.000000
0.000000	125446.000000
0.000000	125446.000000
0.000000	125446.000000
0.000000	125446.000000
0.000000	125446.000000
0.000000	125447.000000
0.000000	125447.000000
0.000000	125447.000000
0.000000	125447.000000
0.000000	125447.000000
0.000000	125447.000000
0.000000	125447.000000
0.000000	125447.000000
0.000000	125447.000000
0.000000	125447.000000
0.000000	125447.000000
0.000000	125447.000000
0.000000	125447.000000
0.000000	125447.000000
0.000000	125447.000000
0.000000	125447.000000
0.000000	125447.000000
0.000000	125448.000000
0.000000	125448.000000
0.000000	125448.000000
0.000000	125448.000000
0.000000	125448.000000
0.000000	125448.000000
0.000000	125448.000000
0.000000	125448.000000
0.000000	125448.000000
0.000000	125448.000000
0.000000	125448.000000
0.000000	125448.000000
0.000000	125448.000000
0.000000	125448.000000
0.000000	125448.000000
0.000000	125448.000000
0.000000	125448.000000
0.000000	125449.000000
0.000000	125449.000000
0.000000	125449.000000
0.000000	125449.000000
0.000000	125449.000000
0.000000	125449.000000
0.000000	125449.000000
0.000000	125449.000000
0.000000	125449.000000
0.000000	125449.000000
0.000000	125449.000000
0.000000	125449.000000
0.000000	125449.000000
0.000000	125449.000000
0.000000	125449.000000
0.000000	125449.000000
0.000000	125449.000000
0.000000	125450.000000
0.000000	125450.000000
0.000000	125450.000000
0.000000	125450.000000
0.000000	125450.000000
0.000000	125450.000000
0.000000	125450.000000
0.000000	125450.000000
0.000000	125450.000000
0.000000	125450.000000
0.000000	125450.000000
0.000000	125450.000000
0.000000	125450.000000
0.000000	125450.000000
0.000000	125450.000000
0.000000	125450.000000
0.000000	125450.000000
0.000000	125451.000000
0.000000	125451.000000
0.000000	125451.000000
0.000000	125451.000000
0.000000	125451.000000
0.000000	125451.000000
0.000000	125451.000000
0.000000	125451.000000
0.000000	125451.000000
0.000000	125451.000000
0.000000	125451.000000
0.000000	125451.000000
0.000000	125451.000000
0.000000	125451.000000
0.000000	125451.000000
0.000000	125451.000000
0.000000	125451.000000
0.000000	125452.000000
0.000000	125452.000000
0.000000	125452.000000
0.000000	125452.000000
0.000000	125452.000000
0.000000	125452.000000
0.000000	125452.000000
0.000000	125452.000000
0.000000	125452.000000
0.000000	125452.000000
0.000000	125452.000000
0.000000	125452.000000
0.000000	125452.000000
0.000000	125452.000000
0.000000	125452.000000
0.000000	125452.000000
0.000000	125452.000000
0.000000	125453.000000
0.000000	125453.000000
0.000000	125453.000000
0.000000	125453.000000
0.000000	125453.000000
0.000000	125453.000000
0.000000	125453.000000
0.000000	125453.000000
0.000000	125453.000000
0.000000	125453.000000
0.000000	125453.000000
0.000000	125453.000000
0.000000	125453.000000
0.000000	125453.000000
0.000000	125453.000000
0.000000	125453.000000
0.000000	125453.000000
0.000000	125454.000000
0.000000	125454.000000
0.000000	125454.000000
0.000000	125454.000000
0.000000	125454.000000
0.000000	125454.000000
0.000000	125454.000000
0.000000	125454.000000
0.000000	125454.000000
0.000000	125454.000000
0.000000	125454.000000
0.000000	125454.000000
0.000000	125454.000000
0.000000	125454.000000
0.000000	125454.000000
0.000000	125454.000000
0.000000	125454.000000
0.000000	125455.000000
0.000000	125455.000000
0.000000	125455.000000
0.000000	125455.000000
0.000000	125455.000000
0.000000	125455.000000
0.000000	125455.000000
0.000000	125455.000000
0.000000	125455.000000
0.000000	125455.000000
0.000000	125455.000000
0.000000	125455.000000
0.000000	125455.000000
0.000000	125455.000000
0.000000	125455.000000
0.000000	125455.000000
0.000000	125455.000000
0.000000	125456.000000
0.000000	125456.000000
0.000000	125456.000000
0.000000	125456.000000
0.000000	125456.000000
0.000000	125456.000000
0.000000	125456.000000
0.000000	125456.000000
0.000000	125456.000000
0.000000	125456.000000
0.000000	125456.000000
0.000000	125456.000000
0.000000	125456.000000
0.000000	125456.000000
0.000000	125456.000000
0.000000	125456.000000
0.000000	125456.000000
0.000000	125457.000000
0.000000	125457.000000
0.000000	125457.000000
0.000000	125457.000000
0.000000	125457.000000
0.000000	125457.000000
0.000000	125457.000000
0.000000	125457.000000
0.000000	125457.000000
0.000000	125457.000000
0.000000	125457.000000
0.000000	125457.000000
0.000000	125457.000000
0.000000	125457.000000
0.000000	125457.000000
0.000000	125457.000000
0.000000	125457.000000
0.000000	125458.000000
0.000000	125458.000000
0.000000	125458.000000
0.000000	125458.000000
0.000000	125458.000000
0.000000	125458.000000
0.000000	125458.000000
0.000000	125458.000000
0.000000	125458.000000
0.000000	125458.000000
0.000000	125458.000000
0.000000	125458.000000
0.000000	125458.000000
0.000000	125458.000000
0.000000	125458.000000
0.000000	125458.000000
0.000000	125458.000000
0.000000	125459.000000
0.000000	125459.000000
0.000000	125459.000000
0.000000	125459.000000
0.000000	125459.000000
0.000000	125459.000000
0.000000	125459.000000
0.000000	125459.000000
0.000000	125459.000000
0.000000	125459.000000
0.000000	125459.000000
0.000000	125459.000000
0.000000	125459.000000
0.000000	125459.000000
0.000000	125459.000000
0.000000	125459.000000
0.000000	125459.000000
0.000000	125500.000000
0.000000	125500.000000
0.000000	125500.000000
0.000000	125500.000000
0.000000	125500.000000
0.000000	125500.000000
0.000000	125500.000000
0.000000	125500.000000
0.000000	125500.000000
0.000000	125500.000000
0.000000	125500.000000
0.000000	125500.000000
0.000000	125500.000000
0.000000	125500.000000
0.000000	125500.000000
0.000000	125500.000000
0.000000	125500.000000
0.000000	125501.000000
0.000000	125501.000000
0.000000	125501.000000
0.000000	125501.000000
0.000000	125501.000000
0.000000	125501.000000
0.000000	125501.000000
0.000000	125501.000000
0.000000	125501.000000
0.000000	125501.000000
0.000000	125501.000000
0.000000	125501.000000
0.000000	125501.000000
0.000000	125501.000000
0.000000	125501.000000
0.000000	125501.000000
0.000000	125501.000000
0.000000	125501.000000
0.000000	125502.000000
0.000000	125502.000000
0.000000	125502.000000
0.000000	125502.000000
0.000000	125502.000000
0.000000	125502.000000
0.000000	125502.000000
0.000000	125502.000000
0.000000	125502.000000
0.000000	125502.000000
0.000000	125502.000000
0.000000	125502.000000
0.000000	125502.000000
0.000000	125502.000000
0.000000	125502.000000
0.000000	125502.000000
0.000000	125502.000000
0.000000	125503.000000
0.000000	125503.000000
0.000000	125503.000000
0.000000	125503.000000
0.000000	125503.000000
0.000000	125503.000000
0.000000	125503.000000
0.000000	125503.000000
0.000000	125503.000000
0.000000	125503.000000
0.000000	125503.000000
0.000000	125503.000000
0.000000	125503.000000
0.000000	125503.000000
0.000000	125503.000000
0.000000	125503.000000
0.000000	125503.000000
0.000000	125504.000000
0.000000	125504.000000
0.000000	125504.000000
0.000000	125504.000000
0.000000	125504.000000
0.000000	125504.000000
0.000000	125504.000000
0.000000	125504.000000
0.000000	125504.000000
0.000000	125504.000000
0.000000	125504.000000
0.000000	125504.000000
0.000000	125504.000000
0.000000	125504.000000
0.000000	125504.000000
0.000000	125504.000000
0.000000	125504.000000
0.000000	125505.000000
0.000000	125505.000000
0.000000	125505.000000
0.000000	125505.000000
0.000000	125505.000000
0.000000	125505.000000
0.000000	125505.000000
0.000000	125505.000000
0.000000	125505.000000
0.000000	125505.000000
0.000000	125505.000000
0.000000	125505.000000
0.000000	125505.000000
0.000000	125505.000000
0.000000	125505.000000
0.000000	125505.000000
0.000000	125505.000000
0.000000	125506.000000
0.000000	125506.000000
0.000000	125506.000000
0.000000	125506.000000
0.000000	125506.000000
0.000000	125506.000000
0.000000	125506.000000
0.000000	125506.000000
0.000000	125506.000000
0.000000	125506.000000
0.000000	125506.000000
0.000000	125506.000000
0.000000	125506.000000
0.000000	125506.000000
0.000000	125506.000000
0.000000	125506.000000
0.000000	125506.000000
0.000000	125507.000000
0.000000	125507.000000
0.000000	125507.000000
0.000000	125507.000000
0.000000	125507.000000
0.000000	125507.000000
0.000000	125507.000000
0.000000	125507.000000
0.000000	125507.000000
0.000000	125507.000000
0.000000	125507.000000
0.000000	125507.000000
0.000000	125507.000000
0.000000	125507.000000
0.000000	125507.000000
0.000000	125507.000000
0.000000	125507.000000
0.000000	125508.000000
0.000000	125508.000000
0.000000	125508.000000
0.000000	125508.000000
0.000000	125508.000000
0.000000	125508.000000
0.000000	125508.000000
0.000000	125508.000000
0.000000	125508.000000
0.000000	125508.000000
0.000000	125508.000000
0.000000	125508.000000
0.000000	125508.000000
0.000000	125508.000000
0.000000	125508.000000
0.000000	125508.000000
0.000000	125508.000000
0.000000	125509.000000
0.000000	125509.000000
0.000000	125509.000000
0.000000	125509.000000
0.000000	125509.000000
0.000000	125509.000000
0.000000	125509.000000
0.000000	125509.000000
0.000000	125509.000000
0.000000	125509.000000
0.000000	125509.000000
0.000000	125509.000000
0.000000	125509.000000
0.000000	125509.000000
0.000000	125509.000000
0.000000	125509.000000
0.000000	125509.000000
0.000000	125510.000000
0.000000	125510.000000
0.000000	125510.000000
0.000000	125510.000000
0.000000	125510.000000
0.000000	125510.000000
0.000000	125510.000000
0.000000	125510.000000
0.000000	125510.000000
0.000000	125510.000000
0.000000	125510.000000
0.000000	125510.000000
0.000000	125510.000000
0.000000	125510.000000
0.000000	125510.000000
0.000000	125510.000000
0.000000	125510.000000
0.000000	125511.000000
0.000000	125511.000000
0.000000	125511.000000
0.000000	125511.000000
0.000000	125511.000000
0.000000	125511.000000
0.000000	125511.000000
0.000000	125511.000000
0.000000	125511.000000
0.000000	125511.000000
0.000000	125511.000000
0.000000	125511.000000
0.000000	125511.000000
0.000000	125511.000000
0.000000	125511.000000
0.000000	125511.000000
0.000000	125511.000000
0.000000	125512.000000
0.000000	125512.000000
0.000000	125512.000000
0.000000	125512.000000
0.000000	125512.000000
0.000000	125512.000000
0.000000	125512.000000
0.000000	125512.000000
0.000000	125512.000000
0.000000	125512.000000
0.000000	125512.000000
0.000000	125512.000000
0.000000	125512.000000
0.000000	125512.000000
0.000000	125512.000000
0.000000	125512.000000
0.000000	125512.000000
0.000000	125513.000000
0.000000	125513.000000
0.000000	125513.000000
0.000000	125513.000000
0.000000	125513.000000
0.000000	125513.000000
0.000000	125513.000000
0.000000	125513.000000
0.000000	125513.000000
0.000000	125513.000000
0.000000	125513.000000
0.000000	125513.000000
0.000000	125513.000000
0.000000	125513.000000
0.000000	125513.000000
0.000000	125513.000000
0.000000	125513.000000
0.000000	125514.000000
0.000000	125514.000000
0.000000	125514.000000
0.000000	125514.000000
0.000000	125514.000000
0.000000	125514.000000
0.000000	125514.000000
0.000000	125514.000000
0.000000	125514.000000
0.000000	125514.000000
0.000000	125514.000000
0.000000	125514.000000
0.000000	125514.000000
0.000000	125514.000000
0.000000	125514.000000
0.000000	125514.000000
0.000000	125514.000000
0.000000	125515.000000
0.000000	125515.000000
0.000000	125515.000000
0.000000	125515.000000
0.000000	125515.000000
0.000000	125515.000000
0.000000	125515.000000
0.000000	125515.000000
0.000000	125515.000000
0.000000	125515.000000
0.000000	125515.000000
0.000000	125515.000000
0.000000	125515.000000
0.000000	125515.000000
0.000000	125515.000000
0.000000	125515.000000
0.000000	125515.000000
0.000000	125516.000000
0.000000	125516.000000
0.000000	125516.000000
0.000000	125516.000000
0.000000	125516.000000
0.000000	125516.000000
0.000000	125516.000000
0.000000	125516.000000
0.000000	125516.000000
0.000000	125516.000000
0.000000	125516.000000
0.000000	125516.000000
0.000000	125516.000000
0.000000	125516.000000
0.000000	125516.000000
0.000000	125516.000000
0.000000	125516.000000
0.000000	125516.000000
0.000000	125517.000000
0.000000	125517.000000
0.000000	125517.000000
0.000000	125517.000000
0.000000	125517.000000
0.000000	125517.000000
0.000000	125517.000000
0.000000	125517.000000
0.000000	125517.000000
0.000000	125517.000000
0.000000	125517.000000
0.000000	125517.000000
0.000000	125517.000000
0.000000	125517.000000
0.000000	125517.000000
0.000000	125517.000000
0.000000	125517.000000
0.000000	125518.000000
0.000000	125518.000000
0.000000	125518.000000
0.000000	125518.000000
0.000000	125518.000000
0.000000	125518.000000
0.000000	125518.000000
0.000000	125518.000000
0.000000	125518.000000
0.000000	125518.000000
0.000000	125518.000000
0.000000	125518.000000
0.000000	125518.000000
0.000000	125518.000000
0.000000	125518.000000
0.000000	125518.000000
0.000000	125518.000000
0.000000	125519.000000
0.000000	125519.000000
0.000000	125519.000000
0.000000	125519.000000
0.000000	125519.000000
0.000000	125519.000000
0.000000	125519.000000
0.000000	125519.000000
0.000000	125519.000000
0.000000	125519.000000
0.000000	125519.000000
0.000000	125519.000000
0.000000	125519.000000
0.000000	125519.000000
0.000000	125519.000000
0.000000	125519.000000
0.000000	125519.000000
0.000000	125520.000000
0.000000	125520.000000
0.000000	125520.000000
0.000000	125520.000000
0.000000	125520.000000
0.000000	125520.000000
0.000000	125520.000000
0.000000	125520.000000
0.000000	125520.000000
0.000000	125520.000000
0.000000	125520.000000
0.000000	125520.000000
0.000000	125520.000000
0.000000	125520.000000
0.000000	125520.000000
0.000000	125520.000000
0.000000	125520.000000
0.000000	125521.000000
0.000000	125521.000000
0.000000	125521.000000
0.000000	125521.000000
0.000000	125521.000000
0.000000	125521.000000
0.000000	125521.000000
0.000000	125521.000000
0.000000	125521.000000
0.000000	125521.000000
0.000000	125521.000000
0.000000	125521.000000
0.000000	125521.000000
0.000000	125521.000000
0.000000	125521.000000
0.000000	125521.000000
0.000000	125521.000000
0.000000	125522.000000
0.000000	125522.000000
0.000000	125522.000000
0.000000	125522.000000
0.000000	125522.000000
0.000000	125522.000000
0.000000	125522.000000
0.000000	125522.000000
0.000000	125522.000000
0.000000	125522.000000
0.000000	125522.000000
0.000000	125522.000000
0.000000	125522.000000
0.000000	125522.000000
0.000000	125522.000000
0.000000	125522.000000
0.000000	125522.000000
0.000000	125523.000000
0.000000	125523.000000
0.000000	125523.000000
0.000000	125523.000000
0.000000	125523.000000
0.000000	125523.000000
0.000000	125523.000000
0.000000	125523.000000
0.000000	125523.000000
0.000000	125523.000000
0.000000	125523.000000
0.000000	125523.000000
0.000000	125523.000000
0.000000	125523.000000
0.000000	125523.000000
0.000000	125523.000000
0.000000	125523.000000
0.000000	125524.000000
0.000000	125524.000000
0.000000	125524.000000
0.000000	125524.000000
0.000000	125524.000000
0.000000	125524.000000
0.000000	125524.000000
0.000000	125524.000000
0.000000	125524.000000
0.000000	125524.000000
0.000000	125524.000000
0.000000	125524.000000
0.000000	125524.000000
0.000000	125524.000000
0.000000	125524.000000
0.000000	125524.000000
0.000000	125524.000000
0.000000	125525.000000
0.000000	125525.000000
0.000000	125525.000000
0.000000	125525.000000
0.000000	125525.000000
0.000000	125525.000000
0.000000	125525.000000
0.000000	125525.000000
0.000000	125525.000000
0.000000	125525.000000
0.000000	125525.000000
0.000000	125525.000000
0.000000	125525.000000
0.000000	125525.000000
0.000000	125525.000000
0.000000	125525.000000
0.000000	125525.000000
0.000000	125526.000000
0.000000	125526.000000
0.000000	125526.000000
0.000000	125526.000000
0.000000	125526.000000
0.000000	125526.000000
0.000000	125526.000000
0.000000	125526.000000
0.000000	125526.000000
0.000000	125526.000000
0.000000	125526.000000
0.000000	125526.000000
0.000000	125526.000000
0.000000	125526.000000
0.000000	125526.000000
0.000000	125526.000000
0.000000	125526.000000
0.000000	125527.000000
0.000000	125527.000000
0.000000	125527.000000
0.000000	125527.000000
0.000000	125527.000000
0.000000	125527.000000
0.000000	125527.000000
0.000000	125527.000000
0.000000	125527.000000
0.000000	125527.000000
0.000000	125527.000000
0.000000	125527.000000
0.000000	125527.000000
0.000000	125527.000000
0.000000	125527.000000
0.000000	125527.000000
0.000000	125527.000000
0.000000	125528.000000
0.000000	125528.000000
0.000000	125528.000000
0.000000	125528.000000
0.000000	125528.000000
0.000000	125528.000000
0.000000	125528.000000
0.000000	125528.000000
0.000000	125528.000000
0.000000	125528.000000
0.000000	125528.000000
0.000000	125528.000000
0.000000	125528.000000
0.000000	125528.000000
0.000000	125528.000000
0.000000	125528.000000
0.000000	125528.000000
0.000000	125529.000000
0.000000	125529.000000
0.000000	125529.000000
0.000000	125529.000000
0.000000	125529.000000
0.000000	125529.000000
0.000000	125529.000000
0.000000	125529.000000
0.000000	125529.000000
0.000000	125529.000000
0.000000	125529.000000
0.000000	125529.000000
0.000000	125529.000000
0.000000	125529.000000
0.000000	125529.000000
0.000000	125529.000000
0.000000	125529.000000
0.000000	125530.000000
0.000000	125530.000000
0.000000	125530.000000
0.000000	125530.000000
0.000000	125530.000000
0.000000	125530.000000
0.000000	125530.000000
0.000000	125530.000000
0.000000	125530.000000
0.000000	125530.000000
0.000000	125530.000000
0.000000	125530.000000
0.000000	125530.000000
0.000000	125530.000000
0.000000	125530.000000
0.000000	125530.000000
0.000000	125530.000000
0.000000	125531.000000
0.000000	125531.000000
0.000000	125531.000000
0.000000	125531.000000
0.000000	125531.000000
0.000000	125531.000000
0.000000	125531.000000
0.000000	125531.000000
0.000000	125531.000000
0.000000	125531.000000
0.000000	125531.000000
0.000000	125531.000000
0.000000	125531.000000
0.000000	125531.000000
0.000000	125531.000000
0.000000	125531.000000
0.000000	125531.000000
0.000000	125531.000000
0.000000	125532.000000
0.000000	125532.000000
0.000000	125532.000000
0.000000	125532.000000
0.000000	125532.000000
0.000000	125532.000000
0.000000	125532.000000
0.000000	125532.000000
0.000000	125532.000000
0.000000	125532.000000
0.000000	125532.000000
0.000000	125532.000000
0.000000	125532.000000
0.000000	125532.000000
0.000000	125532.000000
0.000000	125532.000000
0.000000	125532.000000
0.000000	125533.000000
0.000000	125533.000000
0.000000	125533.000000
0.000000	125533.000000
0.000000	125533.000000
0.000000	125533.000000
0.000000	125533.000000
0.000000	125533.000000
0.000000	125533.000000
0.000000	125533.000000
0.000000	125533.000000
0.000000	125533.000000
0.000000	125533.000000
0.000000	125533.000000
0.000000	125533.000000
0.000000	125533.000000
0.000000	125533.000000
0.000000	125534.000000
0.000000	125534.000000
0.000000	125534.000000
0.000000	125534.000000
0.000000	125534.000000
0.000000	125534.000000
0.000000	125534.000000
0.000000	125534.000000
0.000000	125534.000000
0.000000	125534.000000
0.000000	125534.000000
0.000000	125534.000000
0.000000	125534.000000
0.000000	125534.000000
0.000000	125534.000000
0.000000	125534.000000
0.000000	125534.000000
0.000000	125535.000000
0.000000	125535.000000
0.000000	125535.000000
0.000000	125535.000000
0.000000	125535.000000
0.000000	125535.000000
0.000000	125535.000000
0.000000	125535.000000
0.000000	125535.000000
0.000000	125535.000000
0.000000	125535.000000
0.000000	125535.000000
0.000000	125535.000000
0.000000	125535.000000
0.000000	125535.000000
0.000000	125535.000000
0.000000	125535.000000
0.000000	125536.000000
0.000000	125536.000000
0.000000	125536.000000
0.000000	125536.000000
0.000000	125536.000000
0.000000	125536.000000
0.000000	125536.000000
0.000000	125536.000000
0.000000	125536.000000
0.000000	125536.000000
0.000000	125536.000000
0.000000	125536.000000
0.000000	125536.000000
0.000000	125536.000000
0.000000	125536.000000
0.000000	125536.000000
0.000000	125536.000000
0.000000	125537.000000
0.000000	125537.000000
0.000000	125537.000000
0.000000	125537.000000
0.000000	125537.000000
0.000000	125537.000000
0.000000	125537.000000
0.000000	125537.000000
0.000000	125537.000000
0.000000	125537.000000
0.000000	125537.000000
0.000000	125537.000000
0.000000	125537.000000
0.000000	125537.000000
0.000000	125537.000000
0.000000	125537.000000
0.000000	125537.000000
0.000000	125538.000000
0.000000	125538.000000
0.000000	125538.000000
0.000000	125538.000000
0.000000	125538.000000
0.000000	125538.000000
0.000000	125538.000000
0.000000	125538.000000
0.000000	125538.000000
0.000000	125538.000000
0.000000	125538.000000
0.000000	125538.000000
0.000000	125538.000000
0.000000	125538.000000
0.000000	125538.000000
0.000000	125538.000000
0.000000	125538.000000
0.000000	125539.000000
0.000000	125539.000000
0.000000	125539.000000
0.000000	125539.000000
0.000000	125539.000000
0.000000	125539.000000
0.000000	125539.000000
0.000000	125539.000000
0.000000	125539.000000
0.000000	125539.000000
0.000000	125539.000000
0.000000	125539.000000
0.000000	125539.000000
0.000000	125539.000000
0.000000	125539.000000
0.000000	125539.000000
0.000000	125539.000000
0.000000	125540.000000
0.000000	125540.000000
0.000000	125540.000000
0.000000	125540.000000
0.000000	125540.000000
0.000000	125540.000000
0.000000	125540.000000
0.000000	125540.000000
0.000000	125540.000000
0.000000	125540.000000
0.000000	125540.000000
0.000000	125540.000000
0.000000	125540.000000
0.000000	125540.000000
0.000000	125540.000000
0.000000	125540.000000
0.000000	125540.000000
0.000000	125541.000000
0.000000	125541.000000
0.000000	125541.000000
0.000000	125541.000000
0.000000	125541.000000
0.000000	125541.000000
0.000000	125541.000000
0.000000	125541.000000
0.000000	125541.000000
0.000000	125541.000000
0.000000	125541.000000
0.000000	125541.000000
0.000000	125541.000000
0.000000	125541.000000
0.000000	125541.000000
0.000000	125541.000000
0.000000	125541.000000
0.000000	125542.000000
0.000000	125542.000000
0.000000	125542.000000
0.000000	125542.000000
0.000000	125542.000000
0.000000	125542.000000
0.000000	125542.000000
0.000000	125542.000000
0.000000	125542.000000
0.000000	125542.000000
0.000000	125542.000000
0.000000	125542.000000
0.000000	125542.000000
0.000000	125542.000000
0.000000	125542.000000
0.000000	125542.000000
0.000000	125542.000000
0.000000	125543.000000
0.000000	125543.000000
0.000000	125543.000000
0.000000	125543.000000
0.000000	125543.000000
0.000000	125543.000000
0.000000	125543.000000
0.000000	125543.000000
0.000000	125543.000000
0.000000	125543.000000
0.000000	125543.000000
0.000000	125543.000000
0.000000	125543.000000
0.000000	125543.000000
0.000000	125543.000000
0.000000	125543.000000
0.000000	125543.000000
0.000000	125544.000000
0.000000	125544.000000
0.000000	125544.000000
0.000000	125544.000000
0.000000	125544.000000
0.000000	125544.000000
0.000000	125544.000000
0.000000	125544.000000
0.000000	125544.000000
0.000000	125544.000000
0.000000	125544.000000
0.000000	125544.000000
0.000000	125544.000000
0.000000	125544.000000
0.000000	125544.000000
0.000000	125544.000000
0.000000	125544.000000
0.000000	125545.000000
0.000000	125545.000000
0.000000	125545.000000
0.000000	125545.000000
0.000000	125545.000000
0.000000	125545.000000
0.000000	125545.000000
0.000000	125545.000000
0.000000	125545.000000
0.000000	125545.000000
0.000000	125545.000000
0.000000	125545.000000
0.000000	125545.000000
0.000000	125545.000000
0.000000	125545.000000
0.000000	125545.000000
0.000000	125545.000000
0.000000	125546.000000
0.000000	125546.000000
0.000000	125546.000000
0.000000	125546.000000
0.000000	125546.000000
0.000000	125546.000000
0.000000	125546.000000
0.000000	125546.000000
0.000000	125546.000000
0.000000	125546.000000
0.000000	125546.000000
0.000000	125546.000000
0.000000	125546.000000
0.000000	125546.000000
0.000000	125546.000000
0.000000	125546.000000
0.000000	125546.000000
0.000000	125546.000000
0.000000	125547.000000
0.000000	125547.000000
0.000000	125547.000000
0.000000	125547.000000
0.000000	125547.000000
0.000000	125547.000000
0.000000	125547.000000
0.000000	125547.000000
0.000000	125547.000000
0.000000	125547.000000
0.000000	125547.000000
0.000000	125547.000000
0.000000	125547.000000
0.000000	125547.000000
0.000000	125547.000000
0.000000	125547.000000
0.000000	125547.000000
0.000000	125548.000000
0.000000	125548.000000
0.000000	125548.000000
0.000000	125548.000000
0.000000	125548.000000
0.000000	125548.000000
0.000000	125548.000000
0.000000	125548.000000
0.000000	125548.000000
0.000000	125548.000000
0.000000	125548.000000
0.000000	125548.000000
0.000000	125548.000000
0.000000	125548.000000
0.000000	125548.000000
0.000000	125548.000000
0.000000	125548.000000
0.000000	125549.000000
0.000000	125549.000000
0.000000	125549.000000
0.000000	125549.000000
0.000000	125549.000000
0.000000	125549.000000
0.000000	125549.000000
0.000000	125549.000000
0.000000	125549.000000
0.000000	125549.000000
0.000000	125549.000000
0.000000	125549.000000
0.000000	125549.000000
0.000000	125549.000000
0.000000	125549.000000
0.000000	125549.000000
0.000000	125549.000000
0.000000	125550.000000
0.000000	125550.000000
0.000000	125550.000000
0.000000	125550.000000
0.000000	125550.000000
0.000000	125550.000000
0.000000	125550.000000
0.000000	125550.000000
0.000000	125550.000000
0.000000	125550.000000
0.000000	125550.000000
0.000000	125550.000000
0.000000	125550.000000
0.000000	125550.000000
0.000000	125550.000000
0.000000	125550.000000
0.000000	125550.000000
0.000000	125551.000000
0.000000	125551.000000
0.000000	125551.000000
0.000000	125551.000000
0.000000	125551.000000
0.000000	125551.000000
0.000000	125551.000000
0.000000	125551.000000
0.000000	125551.000000
0.000000	125551.000000
0.000000	125551.000000
0.000000	125551.000000
0.000000	125551.000000
0.000000	125551.000000
0.000000	125551.000000
0.000000	125551.000000
0.000000	125551.000000
0.000000	125552.000000
0.000000	125552.000000
0.000000	125552.000000
0.000000	125552.000000
0.000000	125552.000000
0.000000	125552.000000
0.000000	125552.000000
0.000000	125552.000000
0.000000	125552.000000
0.000000	125552.000000
0.000000	125552.000000
0.000000	125552.000000
0.000000	125552.000000
0.000000	125552.000000
0.000000	125552.000000
0.000000	125552.000000
0.000000	125552.000000
0.000000	125553.000000
0.000000	125553.000000
0.000000	125553.000000
0.000000	125553.000000
0.000000	125553.000000
0.000000	125553.000000
0.000000	125553.000000
0.000000	125553.000000
0.000000	125553.000000
0.000000	125553.000000
0.000000	125553.000000
0.000000	125553.000000
0.000000	125553.000000
0.000000	125553.000000
0.000000	125553.000000
0.000000	125553.000000
0.000000	125553.000000
0.000000	125554.000000
0.000000	125554.000000
0.000000	125554.000000
0.000000	125554.000000
0.000000	125554.000000
0.000000	125554.000000
0.000000	125554.000000
0.000000	125554.000000
0.000000	125554.000000
0.000000	125554.000000
0.000000	125554.000000
0.000000	125554.000000
0.000000	125554.000000
0.000000	125554.000000
0.000000	125554.000000
0.000000	125554.000000
0.000000	125554.000000
0.000000	125555.000000
0.000000	125555.000000
0.000000	125555.000000
0.000000	125555.000000
0.000000	125555.000000
0.000000	125555.000000
0.000000	125555.000000
0.000000	125555.000000
0.000000	125555.000000
0.000000	125555.000000
0.000000	125555.000000
0.000000	125555.000000
0.000000	125555.000000
0.000000	125555.000000
0.000000	125555.000000
0.000000	125555.000000
0.000000	125555.000000
0.000000	125556.000000
0.000000	125556.000000
0.000000	125556.000000
0.000000	125556.000000
0.000000	125556.000000
0.000000	125556.000000
0.000000	125556.000000
0.000000	125556.000000
0.000000	125556.000000
0.000000	125556.000000
0.000000	125556.000000
0.000000	125556.000000
0.000000	125556.000000
0.000000	125556.000000
0.000000	125556.000000
0.000000	125556.000000
0.000000	125556.000000
0.000000	125557.000000
0.000000	125557.000000
0.000000	125557.000000
0.000000	125557.000000
0.000000	125557.000000
0.000000	125557.000000
0.000000	125557.000000
0.000000	125557.000000
0.000000	125557.000000
0.000000	125557.000000
0.000000	125557.000000
0.000000	125557.000000
0.000000	125557.000000
0.000000	125557.000000
0.000000	125557.000000
0.000000	125557.000000
0.000000	125557.000000
0.000000	125558.000000
0.000000	125558.000000
0.000000	125558.000000
0.000000	125558.000000
0.000000	125558.000000
0.000000	125558.000000
0.000000	125558.000000
0.000000	125558.000000
0.000000	125558.000000
0.000000	125558.000000
0.000000	125558.000000
0.000000	125558.000000
0.000000	125558.000000
0.000000	125558.000000
0.000000	125558.000000
0.000000	125558.000000
0.000000	125558.000000
0.000000	125559.000000
0.000000	125559.000000
0.000000	125559.000000
0.000000	125559.000000
0.000000	125559.000000
0.000000	125559.000000
0.000000	125559.000000
0.000000	125559.000000
0.000000	125559.000000
0.000000	125559.000000
0.000000	125559.000000
0.000000	125559.000000
0.000000	125559.000000
0.000000	125559.000000
0.000000	125559.000000
0.000000	125559.000000
0.000000	125559.000000
0.000000	125600.000000
0.000000	125600.000000
0.000000	125600.000000
0.000000	125600.000000
0.000000	125600.000000
0.000000	125600.000000
0.000000	125600.000000
0.000000	125600.000000
0.000000	125600.000000
0.000000	125600.000000
0.000000	125600.000000
0.000000	125600.000000
0.000000	125600.000000
0.000000	125600.000000
0.000000	125600.000000
0.000000	125600.000000
0.000000	125600.000000
0.000000	125601.000000
0.000000	125601.000000
0.000000	125601.000000
0.000000	125601.000000
0.000000	125601.000000
0.000000	125601.000000
0.000000	125601.000000
0.000000	125601.000000
0.000000	125601.000000
0.000000	125601.000000
0.000000	125601.000000
0.000000	125601.000000
0.000000	125601.000000
0.000000	125601.000000
0.000000	125601.000000
0.000000	125601.000000
0.000000	125601.000000
0.000000	125601.000000
0.000000	125602.000000
0.000000	125602.000000
0.000000	125602.000000
0.000000	125602.000000
0.000000	125602.000000
0.000000	125602.000000
0.000000	125602.000000
0.000000	125602.000000
0.000000	125602.000000
0.000000	125602.000000
0.000000	125602.000000
0.000000	125602.000000
0.000000	125602.000000
0.000000	125602.000000
0.000000	125602.000000
0.000000	125602.000000
0.000000	125602.000000
0.000000	125603.000000
0.000000	125603.000000
0.000000	125603.000000
0.000000	125603.000000
0.000000	125603.000000
0.000000	125603.000000
0.000000	125603.000000
0.000000	125603.000000
0.000000	125603.000000
0.000000	125603.000000
0.000000	125603.000000
0.000000	125603.000000
0.000000	125603.000000
0.000000	125603.000000
0.000000	125603.000000
0.000000	125603.000000
0.000000	125603.000000
0.000000	125604.000000
0.000000	125604.000000
0.000000	125604.000000
0.000000	125604.000000
0.000000	125604.000000
0.000000	125604.000000
0.000000	125604.000000
0.000000	125604.000000
0.000000	125604.000000
0.000000	125604.000000
0.000000	125604.000000
0.000000	125604.000000
0.000000	125604.000000
0.000000	125604.000000
0.000000	125604.000000
0.000000	125604.000000
0.000000	125604.000000
0.000000	125605.000000
0.000000	125605.000000
0.000000	125605.000000
0.000000	125605.000000
0.000000	125605.000000
0.000000	125605.000000
0.000000	125605.000000
0.000000	125605.000000
0.000000	125605.000000
0.000000	125605.000000
0.000000	125605.000000
0.000000	125605.000000
0.000000	125605.000000
0.000000	125605.000000
0.000000	125605.000000
0.000000	125605.000000
0.000000	125605.000000
0.000000	125606.000000
0.000000	125606.000000
0.000000	125606.000000
0.000000	125606.000000
0.000000	125606.000000
0.000000	125606.000000
0.000000	125606.000000
0.000000	125606.000000
0.000000	125606.000000
0.000000	125606.000000
0.000000	125606.000000
0.000000	125606.000000
0.000000	125606.000000
0.000000	125606.000000
0.000000	125606.000000
0.000000	125606.000000
0.000000	125606.000000
0.000000	125607.000000
0.000000	125607.000000
0.000000	125607.000000
0.000000	125607.000000
0.000000	125607.000000
0.000000	125607.000000
0.000000	125607.000000
0.000000	125607.000000
0.000000	125607.000000
0.000000	125607.000000
0.000000	125607.000000
0.000000	125607.000000
0.000000	125607.000000
0.000000	125607.000000
0.000000	125607.000000
0.000000	125607.000000
0.000000	125607.000000
0.000000	125608.000000
0.000000	125608.000000
0.000000	125608.000000
0.000000	125608.000000
0.000000	125608.000000
0.000000	125608.000000
0.000000	125608.000000
0.000000	125608.000000
0.000000	125608.000000
0.000000	125608.000000
0.000000	125608.000000
0.000000	125608.000000
0.000000	125608.000000
0.000000	125608.000000
0.000000	125608.000000
0.000000	125608.000000
0.000000	125608.000000
0.000000	125609.000000
0.000000	125609.000000
0.000000	125609.000000
0.000000	125609.000000
0.000000	125609.000000
0.000000	125609.000000
0.000000	125609.000000
0.000000	125609.000000
0.000000	125609.000000
0.000000	125609.000000
0.000000	125609.000000
0.000000	125609.000000
0.000000	125609.000000
0.000000	125609.000000
0.000000	125609.000000
0.000000	125609.000000
0.000000	125609.000000
0.000000	125610.000000
0.000000	125610.000000
0.000000	125610.000000
0.000000	125610.000000
0.000000	125610.000000
0.000000	125610.000000
0.000000	125610.000000
0.000000	125610.000000
0.000000	125610.000000
0.000000	125610.000000
0.000000	125610.000000
0.000000	125610.000000
0.000000	125610.000000
0.000000	125610.000000
0.000000	125610.000000
0.000000	125610.000000
0.000000	125610.000000
0.000000	125611.000000
0.000000	125611.000000
0.000000	125611.000000
0.000000	125611.000000
0.000000	125611.000000
0.000000	125611.000000
0.000000	125611.000000
0.000000	125611.000000
0.000000	125611.000000
0.000000	125611.000000
0.000000	125611.000000
0.000000	125611.000000
0.000000	125611.000000
0.000000	125611.000000
0.000000	125611.000000
0.000000	125611.000000
0.000000	125611.000000
0.000000	125612.000000
0.000000	125612.000000
0.000000	125612.000000
0.000000	125612.000000
0.000000	125612.000000
0.000000	125612.000000
0.000000	125612.000000
0.000000	125612.000000
0.000000	125612.000000
0.000000	125612.000000
0.000000	125612.000000
0.000000	125612.000000
0.000000	125612.000000
0.000000	125612.000000
0.000000	125612.000000
0.000000	125612.000000
0.000000	125612.000000
0.000000	125613.000000
0.000000	125613.000000
0.000000	125613.000000
0.000000	125613.000000
0.000000	125613.000000
0.000000	125613.000000
0.000000	125613.000000
0.000000	125613.000000
0.000000	125613.000000
0.000000	125613.000000
0.000000	125613.000000
0.000000	125613.000000
0.000000	125613.000000
0.000000	125613.000000
0.000000	125613.000000
0.000000	125613.000000
0.000000	125613.000000
0.000000	125614.000000
0.000000	125614.000000
0.000000	125614.000000
0.000000	125614.000000
0.000000	125614.000000
0.000000	125614.000000
0.000000	125614.000000
0.000000	125614.000000
0.000000	125614.000000
0.000000	125614.000000
0.000000	125614.000000
0.000000	125614.000000
0.000000	125614.000000
0.000000	125614.000000
0.000000	125614.000000
0.000000	125614.000000
0.000000	125614.000000
0.000000	125615.000000
0.000000	125615.000000
0.000000	125615.000000
0.000000	125615.000000
0.000000	125615.000000
0.000000	125615.000000
0.000000	125615.000000
0.000000	125615.000000
0.000000	125615.000000
0.000000	125615.000000
0.000000	125615.000000
0.000000	125615.000000
0.000000	125615.000000
0.000000	125615.000000
0.000000	125615.000000
0.000000	125615.000000
0.000000	125615.000000
0.000000	125616.000000
0.000000	125616.000000
0.000000	125616.000000
0.000000	125616.000000
0.000000	125616.000000
0.000000	125616.000000
0.000000	125616.000000
0.000000	125616.000000
0.000000	125616.000000
0.000000	125616.000000
0.000000	125616.000000
0.000000	125616.000000
0.000000	125616.000000
0.000000	125616.000000
0.000000	125616.000000
0.000000	125616.000000
0.000000	125616.000000
0.000000	125616.000000
0.000000	125617.000000
0.000000	125617.000000
0.000000	125617.000000
0.000000	125617.000000
0.000000	125617.000000
0.000000	125617.000000
0.000000	125617.000000
0.000000	125617.000000
0.000000	125617.000000
0.000000	125617.000000
0.000000	125617.000000
0.000000	125617.000000
0.000000	125617.000000
0.000000	125617.000000
0.000000	125617.000000
0.000000	125617.000000
0.000000	125617.000000
0.000000	125618.000000
0.000000	125618.000000
0.000000	125618.000000
0.000000	125618.000000
0.000000	125618.000000
0.000000	125618.000000
0.000000	125618.000000
0.000000	125618.000000
0.000000	125618.000000
0.000000	125618.000000
0.000000	125618.000000
0.000000	125618.000000
0.000000	125618.000000
0.000000	125618.000000
0.000000	125618.000000
0.000000	125618.000000
0.000000	125618.000000
0.000000	125619.000000
0.000000	125619.000000
0.000000	125619.000000
0.000000	125619.000000
0.000000	125619.000000
0.000000	125619.000000
0.000000	125619.000000
0.000000	125619.000000
0.000000	125619.000000
0.000000	125619.000000
0.000000	125619.000000
0.000000	125619.000000
0.000000	125619.000000
0.000000	125619.000000
0.000000	125619.000000
0.000000	125619.000000
0.000000	125619.000000
0.000000	125620.000000
0.000000	125620.000000
0.000000	125620.000000
0.000000	125620.000000
0.000000	125620.000000
0.000000	125620.000000
0.000000	125620.000000
0.000000	125620.000000
0.000000	125620.000000
0.000000	125620.000000
0.000000	125620.000000
0.000000	125620.000000
0.000000	125620.000000
0.000000	125620.000000
0.000000	125620.000000
0.000000	125620.000000
0.000000	125620.000000
0.000000	125621.000000
0.000000	125621.000000
0.000000	125621.000000
0.000000	125621.000000
0.000000	125621.000000
0.000000	125621.000000
0.000000	125621.000000
0.000000	125621.000000
0.000000	125621.000000
0.000000	125621.000000
0.000000	125621.000000
0.000000	125621.000000
0.000000	125621.000000
0.000000	125621.000000
0.000000	125621.000000
0.000000	125621.000000
0.000000	125621.000000
0.000000	125622.000000
0.000000	125622.000000
0.000000	125622.000000
0.000000	125622.000000
0.000000	125622.000000
0.000000	125622.000000
0.000000	125622.000000
0.000000	125622.000000
0.000000	125622.000000
0.000000	125622.000000
0.000000	125622.000000
0.000000	125622.000000
0.000000	125622.000000
0.000000	125622.000000
0.000000	125622.000000
0.000000	125622.000000
0.000000	125622.000000
0.000000	125623.000000
0.000000	125623.000000
0.000000	125623.000000
0.000000	125623.000000
0.000000	125623.000000
0.000000	125623.000000
0.000000	125623.000000
0.000000	125623.000000
0.000000	125623.000000
0.000000	125623.000000
0.000000	125623.000000
0.000000	125623.000000
0.000000	125623.000000
0.000000	125623.000000
0.000000	125623.000000
0.000000	125623.000000
0.000000	125623.000000
0.000000	125624.000000
0.000000	125624.000000
0.000000	125624.000000
0.000000	125624.000000
0.000000	125624.000000
0.000000	125624.000000
0.000000	125624.000000
0.000000	125624.000000
0.000000	125624.000000
0.000000	125624.000000
0.000000	125624.000000
0.000000	125624.000000
0.000000	125624.000000
0.000000	125624.000000
0.000000	125624.000000
0.000000	125624.000000
0.000000	125624.000000
0.000000	125625.000000
0.000000	125625.000000
0.000000	125625.000000
0.000000	125625.000000
0.000000	125625.000000
0.000000	125625.000000
0.000000	125625.000000
0.000000	125625.000000
0.000000	125625.000000
0.000000	125625.000000
0.000000	125625.000000
0.000000	125625.000000
0.000000	125625.000000
0.000000	125625.000000
0.000000	125625.000000
0.000000	125625.000000
0.000000	125625.000000
0.000000	125626.000000
0.000000	125626.000000
0.000000	125626.000000
0.000000	125626.000000
0.000000	125626.000000
0.000000	125626.000000
0.000000	125626.000000
0.000000	125626.000000
0.000000	125626.000000
0.000000	125626.000000
0.000000	125626.000000
0.000000	125626.000000
0.000000	125626.000000
0.000000	125626.000000
0.000000	125626.000000
0.000000	125626.000000
0.000000	125626.000000
0.000000	125627.000000
0.000000	125627.000000
0.000000	125627.000000
0.000000	125627.000000
0.000000	125627.000000
0.000000	125627.000000
0.000000	125627.000000
0.000000	125627.000000
0.000000	125627.000000
0.000000	125627.000000
0.000000	125627.000000
0.000000	125627.000000
0.000000	125627.000000
0.000000	125627.000000
0.000000	125627.000000
0.000000	125627.000000
0.000000	125627.000000
0.000000	125628.000000
0.000000	125628.000000
0.000000	125628.000000
0.000000	125628.000000
0.000000	125628.000000
0.000000	125628.000000
0.000000	125628.000000
0.000000	125628.000000
0.000000	125628.000000
0.000000	125628.000000
0.000000	125628.000000
0.000000	125628.000000
0.000000	125628.000000
0.000000	125628.000000
0.000000	125628.000000
0.000000	125628.000000
0.000000	125628.000000
0.000000	125629.000000
0.000000	125629.000000
0.000000	125629.000000
0.000000	125629.000000
0.000000	125629.000000
0.000000	125629.000000
0.000000	125629.000000
0.000000	125629.000000
0.000000	125629.000000
0.000000	125629.000000
0.000000	125629.000000
0.000000	125629.000000
0.000000	125629.000000
0.000000	125629.000000
0.000000	125629.000000
0.000000	125629.000000
0.000000	125629.000000
0.000000	125630.000000
0.000000	125630.000000
0.000000	125630.000000
0.000000	125630.000000
0.000000	125630.000000
0.000000	125630.000000
0.000000	125630.000000
0.000000	125630.000000
0.000000	125630.000000
0.000000	125630.000000
0.000000	125630.000000
0.000000	125630.000000
0.000000	125630.000000
0.000000	125630.000000
0.000000	125630.000000
0.000000	125630.000000
0.000000	125630.000000
0.000000	125631.000000
0.000000	125631.000000
0.000000	125631.000000
0.000000	125631.000000
0.000000	125631.000000
0.000000	125631.000000
0.000000	125631.000000
0.000000	125631.000000
0.000000	125631.000000
0.000000	125631.000000
0.000000	125631.000000
0.000000	125631.000000
0.000000	125631.000000
0.000000	125631.000000
0.000000	125631.000000
0.000000	125631.000000
0.000000	125631.000000
0.000000	125631.000000
0.000000	125632.000000
0.000000	125632.000000
0.000000	125632.000000
0.000000	125632.000000
0.000000	125632.000000
0.000000	125632.000000
0.000000	125632.000000
0.000000	125632.000000
0.000000	125632.000000
0.000000	125632.000000
0.000000	125632.000000
0.000000	125632.000000
0.000000	125632.000000
0.000000	125632.000000
0.000000	125632.000000
0.000000	125632.000000
0.000000	125632.000000
0.000000	125633.000000
0.000000	125633.000000
0.000000	125633.000000
0.000000	125633.000000
0.000000	125633.000000
0.000000	125633.000000
0.000000	125633.000000
0.000000	125633.000000
0.000000	125633.000000
0.000000	125633.000000
0.000000	125633.000000
0.000000	125633.000000
0.000000	125633.000000
0.000000	125633.000000
0.000000	125633.000000
0.000000	125633.000000
0.000000	125633.000000
0.000000	125634.000000
0.000000	125634.000000
0.000000	125634.000000
0.000000	125634.000000
0.000000	125634.000000
0.000000	125634.000000
0.000000	125634.000000
0.000000	125634.000000
0.000000	125634.000000
0.000000	125634.000000
0.000000	125634.000000
0.000000	125634.000000
0.000000	125634.000000
0.000000	125634.000000
0.000000	125634.000000
0.000000	125634.000000
0.000000	125634.000000
0.000000	125635.000000
0.000000	125635.000000
0.000000	125635.000000
0.000000	125635.000000
0.000000	125635.000000
0.000000	125635.000000
0.000000	125635.000000
0.000000	125635.000000
0.000000	125635.000000
0.000000	125635.000000
0.000000	125635.000000
0.000000	125635.000000
0.000000	125635.000000
0.000000	125635.000000
0.000000	125635.000000
0.000000	125635.000000
0.000000	125635.000000
0.000000	125636.000000
0.000000	125636.000000
0.000000	125636.000000
0.000000	125636.000000
0.000000	125636.000000
0.000000	125636.000000
0.000000	125636.000000
0.000000	125636.000000
0.000000	125636.000000
0.000000	125636.000000
0.000000	125636.000000
0.000000	125636.000000
0.000000	125636.000000
0.000000	125636.000000
0.000000	125636.000000
0.000000	125636.000000
0.000000	125636.000000
0.000000	125637.000000
0.000000	125637.000000
0.000000	125637.000000
0.000000	125637.000000
0.000000	125637.000000
0.000000	125637.000000
0.000000	125637.000000
0.000000	125637.000000
0.000000	125637.000000
0.000000	125637.000000
0.000000	125637.000000
0.000000	125637.000000
0.000000	125637.000000
0.000000	125637.000000
0.000000	125637.000000
0.000000	125637.000000
0.000000	125637.000000
0.000000	125638.000000
0.000000	125638.000000
0.000000	125638.000000
0.000000	125638.000000
0.000000	125638.000000
0.000000	125638.000000
0.000000	125638.000000
0.000000	125638.000000
0.000000	125638.000000
0.000000	125638.000000
0.000000	125638.000000
0.000000	125638.000000
0.000000	125638.000000
0.000000	125638.000000
0.000000	125638.000000
0.000000	125638.000000
0.000000	125638.000000
0.000000	125639.000000
0.000000	125639.000000
0.000000	125639.000000
0.000000	125639.000000
0.000000	125639.000000
0.000000	125639.000000
0.000000	125639.000000
0.000000	125639.000000
0.000000	125639.000000
0.000000	125639.000000
0.000000	125639.000000
0.000000	125639.000000
0.000000	125639.000000
0.000000	125639.000000
0.000000	125639.000000
0.000000	125639.000000
0.000000	125639.000000
0.000000	125640.000000
0.000000	125640.000000
0.000000	125640.000000
0.000000	125640.000000
0.000000	125640.000000
0.000000	125640.000000
0.000000	125640.000000
0.000000	125640.000000
0.000000	125640.000000
0.000000	125640.000000
0.000000	125640.000000
0.000000	125640.000000
0.000000	125640.000000
0.000000	125640.000000
0.000000	125640.000000
0.000000	125640.000000
0.000000	125640.000000
0.000000	125641.000000
0.000000	125641.000000
0.000000	125641.000000
0.000000	125641.000000
0.000000	125641.000000
0.000000	125641.000000
0.000000	125641.000000
0.000000	125641.000000
0.000000	125641.000000
0.000000	125641.000000
0.000000	125641.000000
0.000000	125641.000000
0.000000	125641.000000
0.000000	125641.000000
0.000000	125641.000000
0.000000	125641.000000
0.000000	125641.000000
0.000000	125642.000000
0.000000	125642.000000
0.000000	125642.000000
0.000000	125642.000000
0.000000	125642.000000
0.000000	125642.000000
0.000000	125642.000000
0.000000	125642.000000
0.000000	125642.000000
0.000000	125642.000000
0.000000	125642.000000
0.000000	125642.000000
0.000000	125642.000000
0.000000	125642.000000
0.000000	125642.000000
0.000000	125642.000000
0.000000	125642.000000
0.000000	125643.000000
0.000000	125643.000000
0.000000	125643.000000
0.000000	125643.000000
0.000000	125643.000000
0.000000	125643.000000
0.000000	125643.000000
0.000000	125643.000000
0.000000	125643.000000
0.000000	125643.000000
0.000000	125643.000000
0.000000	125643.000000
0.000000	125643.000000
0.000000	125643.000000
0.000000	125643.000000
0.000000	125643.000000
0.000000	125643.000000
0.000000	125644.000000
0.000000	125644.000000
0.000000	125644.000000
0.000000	125644.000000
0.000000	125644.000000
0.000000	125644.000000
0.000000	125644.000000
0.000000	125644.000000
0.000000	125644.000000
0.000000	125644.000000
0.000000	125644.000000
0.000000	125644.000000
0.000000	125644.000000
0.000000	125644.000000
0.000000	125644.000000
0.000000	125644.000000
0.000000	125644.000000
0.000000	125645.000000
0.000000	125645.000000
0.000000	125645.000000
0.000000	125645.000000
0.000000	125645.000000
0.000000	125645.000000
0.000000	125645.000000
0.000000	125645.000000
0.000000	125645.000000
0.000000	125645.000000
0.000000	125645.000000
0.000000	125645.000000
0.000000	125645.000000
0.000000	125645.000000
0.000000	125645.000000
0.000000	125645.000000
0.000000	125645.000000
0.000000	125646.000000
0.000000	125646.000000
0.000000	125646.000000
0.000000	125646.000000
0.000000	125646.000000
0.000000	125646.000000
0.000000	125646.000000
0.000000	125646.000000
0.000000	125646.000000
0.000000	125646.000000
0.000000	125646.000000
0.000000	125646.000000
0.000000	125646.000000
0.000000	125646.000000
0.000000	125646.000000
0.000000	125646.000000
0.000000	125646.000000
0.000000	125646.000000
0.000000	125647.000000
0.000000	125647.000000
0.000000	125647.000000
0.000000	125647.000000
0.000000	125647.000000
0.000000	125647.000000
0.000000	125647.000000
0.000000	125647.000000
0.000000	125647.000000
0.000000	125647.000000
0.000000	125647.000000
0.000000	125647.000000
0.000000	125647.000000
0.000000	125647.000000
0.000000	125647.000000
0.000000	125647.000000
0.000000	125647.000000
0.000000	125648.000000
0.000000	125648.000000
0.000000	125648.000000
0.000000	125648.000000
0.000000	125648.000000
0.000000	125648.000000
0.000000	125648.000000
