0.000000	101844.000000
0.000000	101844.000000
0.000000	101844.000000
0.000000	101844.000000
0.000000	101844.000000
0.000000	101844.000000
0.000000	101844.000000
0.000000	101844.000000
0.000000	101844.000000
0.000000	101844.000000
0.000000	101844.000000
0.000000	101845.000000
0.000000	101845.000000
0.000000	101845.000000
0.000000	101845.000000
0.000000	101845.000000
0.000000	101845.000000
0.000000	101845.000000
0.000000	101845.000000
0.000000	101845.000000
0.000000	101845.000000
0.000000	101845.000000
0.000000	101845.000000
0.000000	101845.000000
0.000000	101845.000000
0.000000	101845.000000
0.000000	101845.000000
0.000000	101845.000000
0.000000	101846.000000
0.000000	101846.000000
0.000000	101846.000000
0.000000	101846.000000
0.000000	101846.000000
0.000000	101846.000000
0.000000	101846.000000
0.000000	101846.000000
0.000000	101846.000000
0.000000	101846.000000
0.000000	101846.000000
0.000000	101846.000000
0.000000	101846.000000
0.000000	101846.000000
0.000000	101846.000000
0.000000	101846.000000
0.000000	101846.000000
0.000000	101847.000000
0.000000	101847.000000
0.000000	101847.000000
0.000000	101847.000000
0.000000	101847.000000
0.000000	101847.000000
0.000000	101847.000000
0.000000	101847.000000
0.000000	101847.000000
0.000000	101847.000000
0.000000	101847.000000
0.000000	101847.000000
0.000000	101847.000000
0.000000	101847.000000
0.000000	101847.000000
0.000000	101847.000000
0.000000	101847.000000
0.000000	101848.000000
0.000000	101848.000000
0.000000	101848.000000
0.000000	101848.000000
0.000000	101848.000000
0.000000	101848.000000
0.000000	101848.000000
0.000000	101848.000000
0.000000	101848.000000
0.000000	101848.000000
0.000000	101848.000000
0.000000	101848.000000
0.000000	101848.000000
0.000000	101848.000000
0.000000	101848.000000
0.000000	101848.000000
0.000000	101848.000000
0.000000	101849.000000
0.000000	101849.000000
0.000000	101849.000000
0.000000	101849.000000
0.000000	101849.000000
0.000000	101849.000000
0.000000	101849.000000
0.000000	101849.000000
0.000000	101849.000000
0.000000	101849.000000
0.000000	101849.000000
0.000000	101849.000000
0.000000	101849.000000
0.000000	101849.000000
0.000000	101849.000000
0.000000	101849.000000
0.000000	101849.000000
0.000000	101850.000000
0.000000	101850.000000
0.000000	101850.000000
0.000000	101850.000000
0.000000	101850.000000
0.000000	101850.000000
0.000000	101850.000000
0.000000	101850.000000
0.000000	101850.000000
0.000000	101850.000000
0.000000	101850.000000
0.000000	101850.000000
0.000000	101850.000000
0.000000	101850.000000
0.000000	101850.000000
0.000000	101850.000000
0.000000	101850.000000
0.000000	101851.000000
0.000000	101851.000000
0.000000	101851.000000
0.000000	101851.000000
0.000000	101851.000000
0.000000	101851.000000
0.000000	101851.000000
0.000000	101851.000000
0.000000	101851.000000
0.000000	101851.000000
0.000000	101851.000000
0.000000	101851.000000
0.000000	101851.000000
0.000000	101851.000000
0.000000	101851.000000
0.000000	101851.000000
0.000000	101851.000000
0.000000	101852.000000
0.000000	101852.000000
0.000000	101852.000000
0.000000	101852.000000
0.000000	101852.000000
0.000000	101852.000000
0.000000	101852.000000
0.000000	101852.000000
0.000000	101852.000000
0.000000	101852.000000
0.000000	101852.000000
0.000000	101852.000000
0.000000	101852.000000
0.000000	101852.000000
0.000000	101852.000000
0.000000	101852.000000
0.000000	101852.000000
0.000000	101853.000000
0.000000	101853.000000
0.000000	101853.000000
0.000000	101853.000000
0.000000	101853.000000
0.000000	101853.000000
0.000000	101853.000000
0.000000	101853.000000
0.000000	101853.000000
0.000000	101853.000000
0.000000	101853.000000
0.000000	101853.000000
0.000000	101853.000000
0.000000	101853.000000
0.000000	101853.000000
0.000000	101853.000000
0.000000	101853.000000
0.000000	101854.000000
0.000000	101854.000000
0.000000	101854.000000
0.000000	101854.000000
0.000000	101854.000000
0.000000	101854.000000
0.000000	101854.000000
0.000000	101854.000000
0.000000	101854.000000
0.000000	101854.000000
0.000000	101854.000000
0.000000	101854.000000
0.000000	101854.000000
0.000000	101854.000000
0.000000	101854.000000
0.000000	101854.000000
0.000000	101854.000000
0.000000	101855.000000
0.000000	101855.000000
0.000000	101855.000000
0.000000	101855.000000
0.000000	101855.000000
0.000000	101855.000000
0.000000	101855.000000
0.000000	101855.000000
0.000000	101855.000000
0.000000	101855.000000
0.000000	101855.000000
0.000000	101855.000000
0.000000	101855.000000
0.000000	101855.000000
0.000000	101855.000000
0.000000	101855.000000
0.000000	101855.000000
0.000000	101856.000000
0.000000	101856.000000
0.000000	101856.000000
0.000000	101856.000000
0.000000	101856.000000
0.000000	101856.000000
0.000000	101856.000000
0.000000	101856.000000
0.000000	101856.000000
0.000000	101856.000000
0.000000	101856.000000
0.000000	101856.000000
0.000000	101856.000000
0.000000	101856.000000
0.000000	101856.000000
0.000000	101856.000000
0.000000	101856.000000
0.000000	101857.000000
0.000000	101857.000000
0.000000	101857.000000
0.000000	101857.000000
0.000000	101857.000000
0.000000	101857.000000
0.000000	101857.000000
0.000000	101857.000000
0.000000	101857.000000
0.000000	101857.000000
0.000000	101857.000000
0.000000	101857.000000
0.000000	101857.000000
0.000000	101857.000000
0.000000	101857.000000
0.000000	101857.000000
0.000000	101857.000000
0.000000	101858.000000
0.000000	101858.000000
0.000000	101858.000000
0.000000	101858.000000
0.000000	101858.000000
0.000000	101858.000000
0.000000	101858.000000
0.000000	101858.000000
0.000000	101858.000000
0.000000	101858.000000
0.000000	101858.000000
0.000000	101858.000000
0.000000	101858.000000
0.000000	101858.000000
0.000000	101858.000000
0.000000	101858.000000
0.000000	101858.000000
0.000000	101858.000000
0.000000	101859.000000
0.000000	101859.000000
0.000000	101859.000000
0.000000	101859.000000
0.000000	101859.000000
0.000000	101859.000000
0.000000	101859.000000
0.000000	101859.000000
0.000000	101859.000000
0.000000	101859.000000
0.000000	101859.000000
0.000000	101859.000000
0.000000	101859.000000
0.000000	101859.000000
0.000000	101859.000000
0.000000	101859.000000
0.000000	101859.000000
0.000000	101900.000000
0.000000	101900.000000
0.000000	101900.000000
0.000000	101900.000000
0.000000	101900.000000
0.000000	101900.000000
0.000000	101900.000000
0.000000	101900.000000
0.000000	101900.000000
0.000000	101900.000000
0.000000	101900.000000
0.000000	101900.000000
0.000000	101900.000000
0.000000	101900.000000
0.000000	101900.000000
0.000000	101900.000000
0.000000	101900.000000
0.000000	101901.000000
0.000000	101901.000000
0.000000	101901.000000
0.000000	101901.000000
0.000000	101901.000000
0.000000	101901.000000
0.000000	101901.000000
0.000000	101901.000000
0.000000	101901.000000
0.000000	101901.000000
0.000000	101901.000000
0.000000	101901.000000
0.000000	101901.000000
0.000000	101901.000000
0.000000	101901.000000
0.000000	101901.000000
0.000000	101901.000000
0.000000	101902.000000
0.000000	101902.000000
0.000000	101902.000000
0.000000	101902.000000
0.000000	101902.000000
0.000000	101902.000000
0.000000	101902.000000
0.000000	101902.000000
0.000000	101902.000000
0.000000	101902.000000
0.000000	101902.000000
0.000000	101902.000000
0.000000	101902.000000
0.000000	101902.000000
0.000000	101902.000000
0.000000	101902.000000
0.000000	101902.000000
0.000000	101903.000000
0.000000	101903.000000
0.000000	101903.000000
0.000000	101903.000000
0.000000	101903.000000
0.000000	101903.000000
0.000000	101903.000000
0.000000	101903.000000
0.000000	101903.000000
0.000000	101903.000000
0.000000	101903.000000
0.000000	101903.000000
0.000000	101903.000000
0.000000	101903.000000
0.000000	101903.000000
0.000000	101903.000000
0.000000	101903.000000
0.000000	101904.000000
0.000000	101904.000000
0.000000	101904.000000
0.000000	101904.000000
0.000000	101904.000000
0.000000	101904.000000
0.000000	101904.000000
0.000000	101904.000000
0.000000	101904.000000
0.000000	101904.000000
0.000000	101904.000000
0.000000	101904.000000
0.000000	101904.000000
0.000000	101904.000000
0.000000	101904.000000
0.000000	101904.000000
0.000000	101904.000000
0.000000	101905.000000
0.000000	101905.000000
0.000000	101905.000000
0.000000	101905.000000
0.000000	101905.000000
0.000000	101905.000000
0.000000	101905.000000
0.000000	101905.000000
0.000000	101905.000000
0.000000	101905.000000
0.000000	101905.000000
0.000000	101905.000000
0.000000	101905.000000
0.000000	101905.000000
0.000000	101905.000000
0.000000	101905.000000
0.000000	101905.000000
0.000000	101906.000000
0.000000	101906.000000
0.000000	101906.000000
0.000000	101906.000000
0.000000	101906.000000
0.000000	101906.000000
0.000000	101906.000000
0.000000	101906.000000
0.000000	101906.000000
0.000000	101906.000000
0.000000	101906.000000
0.000000	101906.000000
0.000000	101906.000000
0.000000	101906.000000
0.000000	101906.000000
0.000000	101906.000000
0.000000	101906.000000
0.000000	101907.000000
0.000000	101907.000000
0.000000	101907.000000
0.000000	101907.000000
0.000000	101907.000000
0.000000	101907.000000
0.000000	101907.000000
0.000000	101907.000000
0.000000	101907.000000
0.000000	101907.000000
0.000000	101907.000000
0.000000	101907.000000
0.000000	101907.000000
0.000000	101907.000000
0.000000	101907.000000
0.000000	101907.000000
0.000000	101907.000000
0.000000	101908.000000
0.000000	101908.000000
0.000000	101908.000000
0.000000	101908.000000
0.000000	101908.000000
0.000000	101908.000000
0.000000	101908.000000
0.000000	101908.000000
0.000000	101908.000000
0.000000	101908.000000
0.000000	101908.000000
0.000000	101908.000000
0.000000	101908.000000
0.000000	101908.000000
0.000000	101908.000000
0.000000	101908.000000
0.000000	101908.000000
0.000000	101909.000000
0.000000	101909.000000
0.000000	101909.000000
0.000000	101909.000000
0.000000	101909.000000
0.000000	101909.000000
0.000000	101909.000000
0.000000	101909.000000
0.000000	101909.000000
0.000000	101909.000000
0.000000	101909.000000
0.000000	101909.000000
0.000000	101909.000000
0.000000	101909.000000
0.000000	101909.000000
0.000000	101909.000000
0.000000	101909.000000
0.000000	101910.000000
0.000000	101910.000000
0.000000	101910.000000
0.000000	101910.000000
0.000000	101910.000000
0.000000	101910.000000
0.000000	101910.000000
0.000000	101910.000000
0.000000	101910.000000
0.000000	101910.000000
0.000000	101910.000000
0.000000	101910.000000
0.000000	101910.000000
0.000000	101910.000000
0.000000	101910.000000
0.000000	101910.000000
0.000000	101910.000000
0.000000	101911.000000
0.000000	101911.000000
0.000000	101911.000000
0.000000	101911.000000
0.000000	101911.000000
0.000000	101911.000000
0.000000	101911.000000
0.000000	101911.000000
0.000000	101911.000000
0.000000	101911.000000
0.000000	101911.000000
0.000000	101911.000000
0.000000	101911.000000
0.000000	101911.000000
0.000000	101911.000000
0.000000	101911.000000
0.000000	101911.000000
0.000000	101912.000000
0.000000	101912.000000
0.000000	101912.000000
0.000000	101912.000000
0.000000	101912.000000
0.000000	101912.000000
0.000000	101912.000000
0.000000	101912.000000
0.000000	101912.000000
0.000000	101912.000000
0.000000	101912.000000
0.000000	101912.000000
0.000000	101912.000000
0.000000	101912.000000
0.000000	101912.000000
0.000000	101912.000000
0.000000	101912.000000
0.000000	101913.000000
0.000000	101913.000000
0.000000	101913.000000
0.000000	101913.000000
0.000000	101913.000000
0.000000	101913.000000
0.000000	101913.000000
0.000000	101913.000000
0.000000	101913.000000
0.000000	101913.000000
0.000000	101913.000000
0.000000	101913.000000
0.000000	101913.000000
0.000000	101913.000000
0.000000	101913.000000
0.000000	101913.000000
0.000000	101913.000000
0.000000	101914.000000
0.000000	101914.000000
0.000000	101914.000000
0.000000	101914.000000
0.000000	101914.000000
0.000000	101914.000000
0.000000	101914.000000
0.000000	101914.000000
0.000000	101914.000000
0.000000	101914.000000
0.000000	101914.000000
0.000000	101914.000000
0.000000	101914.000000
0.000000	101914.000000
0.000000	101914.000000
0.000000	101914.000000
0.000000	101914.000000
0.000000	101914.000000
0.000000	101915.000000
0.000000	101915.000000
0.000000	101915.000000
0.000000	101915.000000
0.000000	101915.000000
0.000000	101915.000000
0.000000	101915.000000
0.000000	101915.000000
0.000000	101915.000000
0.000000	101915.000000
0.000000	101915.000000
0.000000	101915.000000
0.000000	101915.000000
0.000000	101915.000000
0.000000	101915.000000
0.000000	101915.000000
0.000000	101915.000000
0.000000	101916.000000
0.000000	101916.000000
0.000000	101916.000000
0.000000	101916.000000
0.000000	101916.000000
0.000000	101916.000000
0.000000	101916.000000
0.000000	101916.000000
0.000000	101916.000000
0.000000	101916.000000
0.000000	101916.000000
0.000000	101916.000000
0.000000	101916.000000
0.000000	101916.000000
0.000000	101916.000000
0.000000	101916.000000
0.000000	101916.000000
0.000000	101917.000000
0.000000	101917.000000
0.000000	101917.000000
0.000000	101917.000000
0.000000	101917.000000
0.000000	101917.000000
0.000000	101917.000000
0.000000	101917.000000
0.000000	101917.000000
0.000000	101917.000000
0.000000	101917.000000
0.000000	101917.000000
0.000000	101917.000000
0.000000	101917.000000
0.000000	101917.000000
0.000000	101917.000000
0.000000	101917.000000
0.000000	101918.000000
0.000000	101918.000000
0.000000	101918.000000
0.000000	101918.000000
0.000000	101918.000000
0.000000	101918.000000
0.000000	101918.000000
0.000000	101918.000000
0.000000	101918.000000
0.000000	101918.000000
0.000000	101918.000000
0.000000	101918.000000
0.000000	101918.000000
0.000000	101918.000000
0.000000	101918.000000
0.000000	101918.000000
0.000000	101918.000000
0.000000	101919.000000
0.000000	101919.000000
0.000000	101919.000000
0.000000	101919.000000
0.000000	101919.000000
0.000000	101919.000000
0.000000	101919.000000
0.000000	101919.000000
0.000000	101919.000000
0.000000	101919.000000
0.000000	101919.000000
0.000000	101919.000000
0.000000	101919.000000
0.000000	101919.000000
0.000000	101919.000000
0.000000	101919.000000
0.000000	101919.000000
0.000000	101920.000000
0.000000	101920.000000
0.000000	101920.000000
0.000000	101920.000000
0.000000	101920.000000
0.000000	101920.000000
0.000000	101920.000000
0.000000	101920.000000
0.000000	101920.000000
0.000000	101920.000000
0.000000	101920.000000
0.000000	101920.000000
0.000000	101920.000000
0.000000	101920.000000
0.000000	101920.000000
0.000000	101920.000000
0.000000	101920.000000
0.000000	101921.000000
0.000000	101921.000000
0.000000	101921.000000
0.000000	101921.000000
0.000000	101921.000000
0.000000	101921.000000
0.000000	101921.000000
0.000000	101921.000000
0.000000	101921.000000
0.000000	101921.000000
0.000000	101921.000000
0.000000	101921.000000
0.000000	101921.000000
0.000000	101921.000000
0.000000	101921.000000
0.000000	101921.000000
0.000000	101921.000000
0.000000	101922.000000
0.000000	101922.000000
0.000000	101922.000000
0.000000	101922.000000
0.000000	101922.000000
0.000000	101922.000000
0.000000	101922.000000
0.000000	101922.000000
0.000000	101922.000000
0.000000	101922.000000
0.000000	101922.000000
0.000000	101922.000000
0.000000	101922.000000
0.000000	101922.000000
0.000000	101922.000000
0.000000	101922.000000
0.000000	101922.000000
0.000000	101923.000000
0.000000	101923.000000
0.000000	101923.000000
0.000000	101923.000000
0.000000	101923.000000
0.000000	101923.000000
0.000000	101923.000000
0.000000	101923.000000
0.000000	101923.000000
0.000000	101923.000000
0.000000	101923.000000
0.000000	101923.000000
0.000000	101923.000000
0.000000	101923.000000
0.000000	101923.000000
0.000000	101923.000000
0.000000	101923.000000
0.000000	101924.000000
0.000000	101924.000000
0.000000	101924.000000
0.000000	101924.000000
0.000000	101924.000000
0.000000	101924.000000
0.000000	101924.000000
0.000000	101924.000000
0.000000	101924.000000
0.000000	101924.000000
0.000000	101924.000000
0.000000	101924.000000
0.000000	101924.000000
0.000000	101924.000000
0.000000	101924.000000
0.000000	101924.000000
0.000000	101924.000000
0.000000	101925.000000
0.000000	101925.000000
0.000000	101925.000000
0.000000	101925.000000
0.000000	101925.000000
0.000000	101925.000000
0.000000	101925.000000
0.000000	101925.000000
0.000000	101925.000000
0.000000	101925.000000
0.000000	101925.000000
0.000000	101925.000000
0.000000	101925.000000
0.000000	101925.000000
0.000000	101925.000000
0.000000	101925.000000
0.000000	101925.000000
0.000000	101926.000000
0.000000	101926.000000
0.000000	101926.000000
0.000000	101926.000000
0.000000	101926.000000
0.000000	101926.000000
0.000000	101926.000000
0.000000	101926.000000
0.000000	101926.000000
0.000000	101926.000000
0.000000	101926.000000
0.000000	101926.000000
0.000000	101926.000000
0.000000	101926.000000
0.000000	101926.000000
0.000000	101926.000000
0.000000	101926.000000
0.000000	101927.000000
0.000000	101927.000000
0.000000	101927.000000
0.000000	101927.000000
0.000000	101927.000000
0.000000	101927.000000
0.000000	101927.000000
0.000000	101927.000000
0.000000	101927.000000
0.000000	101927.000000
0.000000	101927.000000
0.000000	101927.000000
0.000000	101927.000000
0.000000	101927.000000
0.000000	101927.000000
0.000000	101927.000000
0.000000	101927.000000
0.000000	101928.000000
0.000000	101928.000000
0.000000	101928.000000
0.000000	101928.000000
0.000000	101928.000000
0.000000	101928.000000
0.000000	101928.000000
0.000000	101928.000000
0.000000	101928.000000
0.000000	101928.000000
0.000000	101928.000000
0.000000	101928.000000
0.000000	101928.000000
0.000000	101928.000000
0.000000	101928.000000
0.000000	101928.000000
0.000000	101928.000000
0.000000	101928.000000
0.000000	101929.000000
0.000000	101929.000000
0.000000	101929.000000
0.000000	101929.000000
0.000000	101929.000000
0.000000	101929.000000
0.000000	101929.000000
0.000000	101929.000000
0.000000	101929.000000
0.000000	101929.000000
0.000000	101929.000000
0.000000	101929.000000
0.000000	101929.000000
0.000000	101929.000000
0.000000	101929.000000
0.000000	101929.000000
0.000000	101929.000000
0.000000	101930.000000
0.000000	101930.000000
0.000000	101930.000000
0.000000	101930.000000
0.000000	101930.000000
0.000000	101930.000000
0.000000	101930.000000
0.000000	101930.000000
0.000000	101930.000000
0.000000	101930.000000
0.000000	101930.000000
0.000000	101930.000000
0.000000	101930.000000
0.000000	101930.000000
0.000000	101930.000000
0.000000	101930.000000
0.000000	101930.000000
0.000000	101931.000000
0.000000	101931.000000
0.000000	101931.000000
0.000000	101931.000000
0.000000	101931.000000
0.000000	101931.000000
0.000000	101931.000000
0.000000	101931.000000
0.000000	101931.000000
0.000000	101931.000000
0.000000	101931.000000
0.000000	101931.000000
0.000000	101931.000000
0.000000	101931.000000
0.000000	101931.000000
0.000000	101931.000000
0.000000	101931.000000
0.000000	101932.000000
0.000000	101932.000000
0.000000	101932.000000
0.000000	101932.000000
0.000000	101932.000000
0.000000	101932.000000
0.000000	101932.000000
0.000000	101932.000000
0.000000	101932.000000
0.000000	101932.000000
0.000000	101932.000000
0.000000	101932.000000
0.000000	101932.000000
0.000000	101932.000000
0.000000	101932.000000
0.000000	101932.000000
0.000000	101932.000000
0.000000	101933.000000
0.000000	101933.000000
0.000000	101933.000000
0.000000	101933.000000
0.000000	101933.000000
0.000000	101933.000000
0.000000	101933.000000
0.000000	101933.000000
0.000000	101933.000000
0.000000	101933.000000
0.000000	101933.000000
0.000000	101933.000000
0.000000	101933.000000
0.000000	101933.000000
0.000000	101933.000000
0.000000	101933.000000
0.000000	101933.000000
0.000000	101934.000000
0.000000	101934.000000
0.000000	101934.000000
0.000000	101934.000000
0.000000	101934.000000
0.000000	101934.000000
0.000000	101934.000000
0.000000	101934.000000
0.000000	101934.000000
0.000000	101934.000000
0.000000	101934.000000
0.000000	101934.000000
0.000000	101934.000000
0.000000	101934.000000
0.000000	101934.000000
0.000000	101934.000000
0.000000	101934.000000
0.000000	101935.000000
0.000000	101935.000000
0.000000	101935.000000
0.000000	101935.000000
0.000000	101935.000000
0.000000	101935.000000
0.000000	101935.000000
0.000000	101935.000000
0.000000	101935.000000
0.000000	101935.000000
0.000000	101935.000000
0.000000	101935.000000
0.000000	101935.000000
0.000000	101935.000000
0.000000	101935.000000
0.000000	101935.000000
0.000000	101935.000000
0.000000	101936.000000
0.000000	101936.000000
0.000000	101936.000000
0.000000	101936.000000
0.000000	101936.000000
0.000000	101936.000000
0.000000	101936.000000
0.000000	101936.000000
0.000000	101936.000000
0.000000	101936.000000
0.000000	101936.000000
0.000000	101936.000000
0.000000	101936.000000
0.000000	101936.000000
0.000000	101936.000000
0.000000	101936.000000
0.000000	101936.000000
0.000000	101937.000000
0.000000	101937.000000
0.000000	101937.000000
0.000000	101937.000000
0.000000	101937.000000
0.000000	101937.000000
0.000000	101937.000000
0.000000	101937.000000
0.000000	101937.000000
0.000000	101937.000000
0.000000	101937.000000
0.000000	101937.000000
0.000000	101937.000000
0.000000	101937.000000
0.000000	101937.000000
0.000000	101937.000000
0.000000	101937.000000
0.000000	101938.000000
0.000000	101938.000000
0.000000	101938.000000
0.000000	101938.000000
0.000000	101938.000000
0.000000	101938.000000
0.000000	101938.000000
0.000000	101938.000000
0.000000	101938.000000
0.000000	101938.000000
0.000000	101938.000000
0.000000	101938.000000
0.000000	101938.000000
0.000000	101938.000000
0.000000	101938.000000
0.000000	101938.000000
0.000000	101938.000000
0.000000	101939.000000
0.000000	101939.000000
0.000000	101939.000000
0.000000	101939.000000
0.000000	101939.000000
0.000000	101939.000000
0.000000	101939.000000
0.000000	101939.000000
0.000000	101939.000000
0.000000	101939.000000
0.000000	101939.000000
0.000000	101939.000000
0.000000	101939.000000
0.000000	101939.000000
0.000000	101939.000000
0.000000	101939.000000
0.000000	101939.000000
0.000000	101940.000000
0.000000	101940.000000
0.000000	101940.000000
0.000000	101940.000000
0.000000	101940.000000
0.000000	101940.000000
0.000000	101940.000000
0.000000	101940.000000
0.000000	101940.000000
0.000000	101940.000000
0.000000	101940.000000
0.000000	101940.000000
0.000000	101940.000000
0.000000	101940.000000
0.000000	101940.000000
0.000000	101940.000000
0.000000	101940.000000
0.000000	101941.000000
0.000000	101941.000000
0.000000	101941.000000
0.000000	101941.000000
0.000000	101941.000000
0.000000	101941.000000
0.000000	101941.000000
0.000000	101941.000000
0.000000	101941.000000
0.000000	101941.000000
0.000000	101941.000000
0.000000	101941.000000
0.000000	101941.000000
0.000000	101941.000000
0.000000	101941.000000
0.000000	101941.000000
0.000000	101941.000000
0.000000	101942.000000
0.000000	101942.000000
0.000000	101942.000000
0.000000	101942.000000
0.000000	101942.000000
0.000000	101942.000000
0.000000	101942.000000
0.000000	101942.000000
0.000000	101942.000000
0.000000	101942.000000
0.000000	101942.000000
0.000000	101942.000000
0.000000	101942.000000
0.000000	101942.000000
0.000000	101942.000000
0.000000	101942.000000
0.000000	101942.000000
0.000000	101943.000000
0.000000	101943.000000
0.000000	101943.000000
0.000000	101943.000000
0.000000	101943.000000
0.000000	101943.000000
0.000000	101943.000000
0.000000	101943.000000
0.000000	101943.000000
0.000000	101943.000000
0.000000	101943.000000
0.000000	101943.000000
0.000000	101943.000000
0.000000	101943.000000
0.000000	101943.000000
0.000000	101943.000000
0.000000	101943.000000
0.000000	101944.000000
0.000000	101944.000000
0.000000	101944.000000
0.000000	101944.000000
0.000000	101944.000000
0.000000	101944.000000
0.000000	101944.000000
0.000000	101944.000000
0.000000	101944.000000
0.000000	101944.000000
0.000000	101944.000000
0.000000	101944.000000
0.000000	101944.000000
0.000000	101944.000000
0.000000	101944.000000
0.000000	101944.000000
0.000000	101944.000000
0.000000	101944.000000
0.000000	101945.000000
0.000000	101945.000000
0.000000	101945.000000
0.000000	101945.000000
0.000000	101945.000000
0.000000	101945.000000
0.000000	101945.000000
0.000000	101945.000000
0.000000	101945.000000
0.000000	101945.000000
0.000000	101945.000000
0.000000	101945.000000
0.000000	101945.000000
0.000000	101945.000000
0.000000	101945.000000
0.000000	101945.000000
0.000000	101945.000000
0.000000	101946.000000
0.000000	101946.000000
0.000000	101946.000000
0.000000	101946.000000
0.000000	101946.000000
0.000000	101946.000000
0.000000	101946.000000
0.000000	101946.000000
0.000000	101946.000000
0.000000	101946.000000
0.000000	101946.000000
0.000000	101946.000000
0.000000	101946.000000
0.000000	101946.000000
0.000000	101946.000000
0.000000	101946.000000
0.000000	101946.000000
0.000000	101947.000000
0.000000	101947.000000
0.000000	101947.000000
0.000000	101947.000000
0.000000	101947.000000
0.000000	101947.000000
0.000000	101947.000000
0.000000	101947.000000
0.000000	101947.000000
0.000000	101947.000000
0.000000	101947.000000
0.000000	101947.000000
0.000000	101947.000000
0.000000	101947.000000
0.000000	101947.000000
0.000000	101947.000000
0.000000	101947.000000
0.000000	101948.000000
0.000000	101948.000000
0.000000	101948.000000
0.000000	101948.000000
0.000000	101948.000000
0.000000	101948.000000
0.000000	101948.000000
0.000000	101948.000000
0.000000	101948.000000
0.000000	101948.000000
0.000000	101948.000000
0.000000	101948.000000
0.000000	101948.000000
0.000000	101948.000000
0.000000	101948.000000
0.000000	101948.000000
0.000000	101948.000000
0.000000	101949.000000
0.000000	101949.000000
0.000000	101949.000000
0.000000	101949.000000
0.000000	101949.000000
0.000000	101949.000000
0.000000	101949.000000
0.000000	101949.000000
0.000000	101949.000000
0.000000	101949.000000
0.000000	101949.000000
0.000000	101949.000000
0.000000	101949.000000
0.000000	101949.000000
0.000000	101949.000000
0.000000	101949.000000
0.000000	101949.000000
0.000000	101950.000000
0.000000	101950.000000
0.000000	101950.000000
0.000000	101950.000000
0.000000	101950.000000
0.000000	101950.000000
0.000000	101950.000000
0.000000	101950.000000
0.000000	101950.000000
0.000000	101950.000000
0.000000	101950.000000
0.000000	101950.000000
0.000000	101950.000000
0.000000	101950.000000
0.000000	101950.000000
0.000000	101950.000000
0.000000	101950.000000
0.000000	101951.000000
0.000000	101951.000000
0.000000	101951.000000
0.000000	101951.000000
0.000000	101951.000000
0.000000	101951.000000
0.000000	101951.000000
0.000000	101951.000000
0.000000	101951.000000
0.000000	101951.000000
0.000000	101951.000000
0.000000	101951.000000
0.000000	101951.000000
0.000000	101951.000000
0.000000	101951.000000
0.000000	101951.000000
0.000000	101951.000000
0.000000	101952.000000
0.000000	101952.000000
0.000000	101952.000000
0.000000	101952.000000
0.000000	101952.000000
0.000000	101952.000000
0.000000	101952.000000
0.000000	101952.000000
0.000000	101952.000000
0.000000	101952.000000
0.000000	101952.000000
0.000000	101952.000000
0.000000	101952.000000
0.000000	101952.000000
0.000000	101952.000000
0.000000	101952.000000
0.000000	101952.000000
0.000000	101953.000000
0.000000	101953.000000
0.000000	101953.000000
0.000000	101953.000000
0.000000	101953.000000
0.000000	101953.000000
0.000000	101953.000000
0.000000	101953.000000
0.000000	101953.000000
0.000000	101953.000000
0.000000	101953.000000
0.000000	101953.000000
0.000000	101953.000000
0.000000	101953.000000
0.000000	101953.000000
0.000000	101953.000000
0.000000	101953.000000
0.000000	101954.000000
0.000000	101954.000000
0.000000	101954.000000
0.000000	101954.000000
0.000000	101954.000000
0.000000	101954.000000
0.000000	101954.000000
0.000000	101954.000000
0.000000	101954.000000
0.000000	101954.000000
0.000000	101954.000000
0.000000	101954.000000
0.000000	101954.000000
0.000000	101954.000000
0.000000	101954.000000
0.000000	101954.000000
0.000000	101954.000000
0.000000	101955.000000
0.000000	101955.000000
0.000000	101955.000000
0.000000	101955.000000
0.000000	101955.000000
0.000000	101955.000000
0.000000	101955.000000
0.000000	101955.000000
0.000000	101955.000000
0.000000	101955.000000
0.000000	101955.000000
0.000000	101955.000000
0.000000	101955.000000
0.000000	101955.000000
0.000000	101955.000000
0.000000	101955.000000
0.000000	101955.000000
0.000000	101956.000000
0.000000	101956.000000
0.000000	101956.000000
0.000000	101956.000000
0.000000	101956.000000
0.000000	101956.000000
0.000000	101956.000000
0.000000	101956.000000
0.000000	101956.000000
0.000000	101956.000000
0.000000	101956.000000
0.000000	101956.000000
0.000000	101956.000000
0.000000	101956.000000
0.000000	101956.000000
0.000000	101956.000000
0.000000	101956.000000
0.000000	101957.000000
0.000000	101957.000000
0.000000	101957.000000
0.000000	101957.000000
0.000000	101957.000000
0.000000	101957.000000
0.000000	101957.000000
0.000000	101957.000000
0.000000	101957.000000
0.000000	101957.000000
0.000000	101957.000000
0.000000	101957.000000
0.000000	101957.000000
0.000000	101957.000000
0.000000	101957.000000
0.000000	101957.000000
0.000000	101957.000000
0.000000	101958.000000
0.000000	101958.000000
0.000000	101958.000000
0.000000	101958.000000
0.000000	101958.000000
0.000000	101958.000000
0.000000	101958.000000
0.000000	101958.000000
0.000000	101958.000000
0.000000	101958.000000
0.000000	101958.000000
0.000000	101958.000000
0.000000	101958.000000
0.000000	101958.000000
0.000000	101958.000000
0.000000	101958.000000
0.000000	101958.000000
0.000000	101958.000000
0.000000	101959.000000
0.000000	101959.000000
0.000000	101959.000000
0.000000	101959.000000
0.000000	101959.000000
0.000000	101959.000000
0.000000	101959.000000
0.000000	101959.000000
0.000000	101959.000000
0.000000	101959.000000
0.000000	101959.000000
0.000000	101959.000000
0.000000	101959.000000
0.000000	101959.000000
0.000000	101959.000000
0.000000	101959.000000
0.000000	101959.000000
0.000000	102000.000000
0.000000	102000.000000
0.000000	102000.000000
0.000000	102000.000000
0.000000	102000.000000
0.000000	102000.000000
0.000000	102000.000000
0.000000	102000.000000
0.000000	102000.000000
0.000000	102000.000000
0.000000	102000.000000
0.000000	102000.000000
0.000000	102000.000000
0.000000	102000.000000
0.000000	102000.000000
0.000000	102000.000000
0.000000	102000.000000
0.000000	102001.000000
0.000000	102001.000000
0.000000	102001.000000
0.000000	102001.000000
0.000000	102001.000000
0.000000	102001.000000
0.000000	102001.000000
0.000000	102001.000000
0.000000	102001.000000
0.000000	102001.000000
0.000000	102001.000000
0.000000	102001.000000
0.000000	102001.000000
0.000000	102001.000000
0.000000	102001.000000
0.000000	102001.000000
0.000000	102001.000000
0.000000	102002.000000
0.000000	102002.000000
0.000000	102002.000000
0.000000	102002.000000
0.000000	102002.000000
0.000000	102002.000000
0.000000	102002.000000
0.000000	102002.000000
0.000000	102002.000000
0.000000	102002.000000
0.000000	102002.000000
0.000000	102002.000000
0.000000	102002.000000
0.000000	102002.000000
0.000000	102002.000000
0.000000	102002.000000
0.000000	102002.000000
0.000000	102003.000000
0.000000	102003.000000
0.000000	102003.000000
0.000000	102003.000000
0.000000	102003.000000
0.000000	102003.000000
0.000000	102003.000000
0.000000	102003.000000
0.000000	102003.000000
0.000000	102003.000000
0.000000	102003.000000
0.000000	102003.000000
0.000000	102003.000000
0.000000	102003.000000
0.000000	102003.000000
0.000000	102003.000000
0.000000	102003.000000
0.000000	102004.000000
0.000000	102004.000000
0.000000	102004.000000
0.000000	102004.000000
0.000000	102004.000000
0.000000	102004.000000
0.000000	102004.000000
0.000000	102004.000000
0.000000	102004.000000
0.000000	102004.000000
0.000000	102004.000000
0.000000	102004.000000
0.000000	102004.000000
0.000000	102004.000000
0.000000	102004.000000
0.000000	102004.000000
0.000000	102004.000000
0.000000	102005.000000
0.000000	102005.000000
0.000000	102005.000000
0.000000	102005.000000
0.000000	102005.000000
0.000000	102005.000000
0.000000	102005.000000
0.000000	102005.000000
0.000000	102005.000000
0.000000	102005.000000
0.000000	102005.000000
0.000000	102005.000000
0.000000	102005.000000
0.000000	102005.000000
0.000000	102005.000000
0.000000	102005.000000
0.000000	102005.000000
0.000000	102006.000000
0.000000	102006.000000
0.000000	102006.000000
0.000000	102006.000000
0.000000	102006.000000
0.000000	102006.000000
0.000000	102006.000000
0.000000	102006.000000
0.000000	102006.000000
0.000000	102006.000000
0.000000	102006.000000
0.000000	102006.000000
0.000000	102006.000000
0.000000	102006.000000
0.000000	102006.000000
0.000000	102006.000000
0.000000	102006.000000
0.000000	102007.000000
0.000000	102007.000000
0.000000	102007.000000
0.000000	102007.000000
0.000000	102007.000000
0.000000	102007.000000
0.000000	102007.000000
0.000000	102007.000000
0.000000	102007.000000
0.000000	102007.000000
0.000000	102007.000000
0.000000	102007.000000
0.000000	102007.000000
0.000000	102007.000000
0.000000	102007.000000
0.000000	102007.000000
0.000000	102007.000000
0.000000	102008.000000
0.000000	102008.000000
0.000000	102008.000000
0.000000	102008.000000
0.000000	102008.000000
0.000000	102008.000000
0.000000	102008.000000
0.000000	102008.000000
0.000000	102008.000000
0.000000	102008.000000
0.000000	102008.000000
0.000000	102008.000000
0.000000	102008.000000
0.000000	102008.000000
0.000000	102008.000000
0.000000	102008.000000
0.000000	102008.000000
0.000000	102009.000000
0.000000	102009.000000
0.000000	102009.000000
0.000000	102009.000000
0.000000	102009.000000
0.000000	102009.000000
0.000000	102009.000000
0.000000	102009.000000
0.000000	102009.000000
0.000000	102009.000000
0.000000	102009.000000
0.000000	102009.000000
0.000000	102009.000000
0.000000	102009.000000
0.000000	102009.000000
0.000000	102009.000000
0.000000	102009.000000
0.000000	102010.000000
0.000000	102010.000000
0.000000	102010.000000
0.000000	102010.000000
0.000000	102010.000000
0.000000	102010.000000
0.000000	102010.000000
0.000000	102010.000000
0.000000	102010.000000
0.000000	102010.000000
0.000000	102010.000000
0.000000	102010.000000
0.000000	102010.000000
0.000000	102010.000000
0.000000	102010.000000
0.000000	102010.000000
0.000000	102010.000000
0.000000	102011.000000
0.000000	102011.000000
0.000000	102011.000000
0.000000	102011.000000
0.000000	102011.000000
0.000000	102011.000000
0.000000	102011.000000
0.000000	102011.000000
0.000000	102011.000000
0.000000	102011.000000
0.000000	102011.000000
0.000000	102011.000000
0.000000	102011.000000
0.000000	102011.000000
0.000000	102011.000000
0.000000	102011.000000
0.000000	102011.000000
0.000000	102012.000000
0.000000	102012.000000
0.000000	102012.000000
0.000000	102012.000000
0.000000	102012.000000
0.000000	102012.000000
0.000000	102012.000000
0.000000	102012.000000
0.000000	102012.000000
0.000000	102012.000000
0.000000	102012.000000
0.000000	102012.000000
0.000000	102012.000000
0.000000	102012.000000
0.000000	102012.000000
0.000000	102012.000000
0.000000	102012.000000
0.000000	102013.000000
0.000000	102013.000000
0.000000	102013.000000
0.000000	102013.000000
0.000000	102013.000000
0.000000	102013.000000
0.000000	102013.000000
0.000000	102013.000000
0.000000	102013.000000
0.000000	102013.000000
0.000000	102013.000000
0.000000	102013.000000
0.000000	102013.000000
0.000000	102013.000000
0.000000	102013.000000
0.000000	102013.000000
0.000000	102013.000000
0.000000	102013.000000
0.000000	102014.000000
0.000000	102014.000000
0.000000	102014.000000
0.000000	102014.000000
0.000000	102014.000000
0.000000	102014.000000
0.000000	102014.000000
0.000000	102014.000000
0.000000	102014.000000
0.000000	102014.000000
0.000000	102014.000000
0.000000	102014.000000
0.000000	102014.000000
0.000000	102014.000000
0.000000	102014.000000
0.000000	102014.000000
0.000000	102014.000000
0.000000	102015.000000
0.000000	102015.000000
0.000000	102015.000000
0.000000	102015.000000
0.000000	102015.000000
0.000000	102015.000000
0.000000	102015.000000
0.000000	102015.000000
0.000000	102015.000000
0.000000	102015.000000
0.000000	102015.000000
0.000000	102015.000000
0.000000	102015.000000
0.000000	102015.000000
0.000000	102015.000000
0.000000	102015.000000
0.000000	102015.000000
0.000000	102016.000000
0.000000	102016.000000
0.000000	102016.000000
0.000000	102016.000000
0.000000	102016.000000
0.000000	102016.000000
0.000000	102016.000000
0.000000	102016.000000
0.000000	102016.000000
0.000000	102016.000000
0.000000	102016.000000
0.000000	102016.000000
0.000000	102016.000000
0.000000	102016.000000
0.000000	102016.000000
0.000000	102016.000000
0.000000	102016.000000
0.000000	102017.000000
0.000000	102017.000000
0.000000	102017.000000
0.000000	102017.000000
0.000000	102017.000000
0.000000	102017.000000
0.000000	102017.000000
0.000000	102017.000000
0.000000	102017.000000
0.000000	102017.000000
0.000000	102017.000000
0.000000	102017.000000
0.000000	102017.000000
0.000000	102017.000000
0.000000	102017.000000
0.000000	102017.000000
0.000000	102017.000000
0.000000	102018.000000
0.000000	102018.000000
0.000000	102018.000000
0.000000	102018.000000
0.000000	102018.000000
0.000000	102018.000000
0.000000	102018.000000
0.000000	102018.000000
0.000000	102018.000000
0.000000	102018.000000
0.000000	102018.000000
0.000000	102018.000000
0.000000	102018.000000
0.000000	102018.000000
0.000000	102018.000000
0.000000	102018.000000
0.000000	102018.000000
0.000000	102019.000000
0.000000	102019.000000
0.000000	102019.000000
0.000000	102019.000000
0.000000	102019.000000
0.000000	102019.000000
0.000000	102019.000000
0.000000	102019.000000
0.000000	102019.000000
0.000000	102019.000000
0.000000	102019.000000
0.000000	102019.000000
0.000000	102019.000000
0.000000	102019.000000
0.000000	102019.000000
0.000000	102019.000000
0.000000	102019.000000
0.000000	102020.000000
0.000000	102020.000000
0.000000	102020.000000
0.000000	102020.000000
0.000000	102020.000000
0.000000	102020.000000
0.000000	102020.000000
0.000000	102020.000000
0.000000	102020.000000
0.000000	102020.000000
0.000000	102020.000000
0.000000	102020.000000
0.000000	102020.000000
0.000000	102020.000000
0.000000	102020.000000
0.000000	102020.000000
0.000000	102020.000000
0.000000	102021.000000
0.000000	102021.000000
0.000000	102021.000000
0.000000	102021.000000
0.000000	102021.000000
0.000000	102021.000000
0.000000	102021.000000
0.000000	102021.000000
0.000000	102021.000000
0.000000	102021.000000
0.000000	102021.000000
0.000000	102021.000000
0.000000	102021.000000
0.000000	102021.000000
0.000000	102021.000000
0.000000	102021.000000
0.000000	102021.000000
0.000000	102022.000000
0.000000	102022.000000
0.000000	102022.000000
0.000000	102022.000000
0.000000	102022.000000
0.000000	102022.000000
0.000000	102022.000000
0.000000	102022.000000
0.000000	102022.000000
0.000000	102022.000000
0.000000	102022.000000
0.000000	102022.000000
0.000000	102022.000000
0.000000	102022.000000
0.000000	102022.000000
0.000000	102022.000000
0.000000	102022.000000
0.000000	102023.000000
0.000000	102023.000000
0.000000	102023.000000
0.000000	102023.000000
0.000000	102023.000000
0.000000	102023.000000
0.000000	102023.000000
0.000000	102023.000000
0.000000	102023.000000
0.000000	102023.000000
0.000000	102023.000000
0.000000	102023.000000
0.000000	102023.000000
0.000000	102023.000000
0.000000	102023.000000
0.000000	102023.000000
0.000000	102023.000000
0.000000	102024.000000
0.000000	102024.000000
0.000000	102024.000000
0.000000	102024.000000
0.000000	102024.000000
0.000000	102024.000000
0.000000	102024.000000
0.000000	102024.000000
0.000000	102024.000000
0.000000	102024.000000
0.000000	102024.000000
0.000000	102024.000000
0.000000	102024.000000
0.000000	102024.000000
0.000000	102024.000000
0.000000	102024.000000
0.000000	102024.000000
0.000000	102025.000000
0.000000	102025.000000
0.000000	102025.000000
0.000000	102025.000000
0.000000	102025.000000
0.000000	102025.000000
0.000000	102025.000000
0.000000	102025.000000
0.000000	102025.000000
0.000000	102025.000000
0.000000	102025.000000
0.000000	102025.000000
0.000000	102025.000000
0.000000	102025.000000
0.000000	102025.000000
0.000000	102025.000000
0.000000	102025.000000
0.000000	102026.000000
0.000000	102026.000000
0.000000	102026.000000
0.000000	102026.000000
0.000000	102026.000000
0.000000	102026.000000
0.000000	102026.000000
0.000000	102026.000000
0.000000	102026.000000
0.000000	102026.000000
0.000000	102026.000000
0.000000	102026.000000
0.000000	102026.000000
0.000000	102026.000000
0.000000	102026.000000
0.000000	102026.000000
0.000000	102026.000000
0.000000	102027.000000
0.000000	102027.000000
0.000000	102027.000000
0.000000	102027.000000
0.000000	102027.000000
0.000000	102027.000000
0.000000	102027.000000
0.000000	102027.000000
0.000000	102027.000000
0.000000	102027.000000
0.000000	102027.000000
0.000000	102027.000000
0.000000	102027.000000
0.000000	102027.000000
0.000000	102027.000000
0.000000	102027.000000
0.000000	102027.000000
0.000000	102028.000000
0.000000	102028.000000
0.000000	102028.000000
0.000000	102028.000000
0.000000	102028.000000
0.000000	102028.000000
0.000000	102028.000000
0.000000	102028.000000
0.000000	102028.000000
0.000000	102028.000000
0.000000	102028.000000
0.000000	102028.000000
0.000000	102028.000000
0.000000	102028.000000
0.000000	102028.000000
0.000000	102028.000000
0.000000	102028.000000
0.000000	102028.000000
0.000000	102029.000000
0.000000	102029.000000
0.000000	102029.000000
0.000000	102029.000000
0.000000	102029.000000
0.000000	102029.000000
0.000000	102029.000000
0.000000	102029.000000
0.000000	102029.000000
0.000000	102029.000000
0.000000	102029.000000
0.000000	102029.000000
0.000000	102029.000000
0.000000	102029.000000
0.000000	102029.000000
0.000000	102029.000000
0.000000	102029.000000
0.000000	102030.000000
0.000000	102030.000000
0.000000	102030.000000
0.000000	102030.000000
0.000000	102030.000000
0.000000	102030.000000
0.000000	102030.000000
0.000000	102030.000000
0.000000	102030.000000
0.000000	102030.000000
0.000000	102030.000000
0.000000	102030.000000
0.000000	102030.000000
0.000000	102030.000000
0.000000	102030.000000
0.000000	102030.000000
0.000000	102030.000000
0.000000	102031.000000
0.000000	102031.000000
0.000000	102031.000000
0.000000	102031.000000
0.000000	102031.000000
0.000000	102031.000000
0.000000	102031.000000
0.000000	102031.000000
0.000000	102031.000000
0.000000	102031.000000
0.000000	102031.000000
0.000000	102031.000000
0.000000	102031.000000
0.000000	102031.000000
0.000000	102031.000000
0.000000	102031.000000
0.000000	102031.000000
0.000000	102032.000000
0.000000	102032.000000
0.000000	102032.000000
0.000000	102032.000000
0.000000	102032.000000
0.000000	102032.000000
0.000000	102032.000000
0.000000	102032.000000
0.000000	102032.000000
0.000000	102032.000000
0.000000	102032.000000
0.000000	102032.000000
0.000000	102032.000000
0.000000	102032.000000
0.000000	102032.000000
0.000000	102032.000000
0.000000	102032.000000
0.000000	102033.000000
0.000000	102033.000000
0.000000	102033.000000
0.000000	102033.000000
0.000000	102033.000000
0.000000	102033.000000
0.000000	102033.000000
0.000000	102033.000000
0.000000	102033.000000
0.000000	102033.000000
0.000000	102033.000000
0.000000	102033.000000
0.000000	102033.000000
0.000000	102033.000000
0.000000	102033.000000
0.000000	102033.000000
0.000000	102033.000000
0.000000	102034.000000
0.000000	102034.000000
0.000000	102034.000000
0.000000	102034.000000
0.000000	102034.000000
0.000000	102034.000000
0.000000	102034.000000
0.000000	102034.000000
0.000000	102034.000000
0.000000	102034.000000
0.000000	102034.000000
0.000000	102034.000000
0.000000	102034.000000
0.000000	102034.000000
0.000000	102034.000000
0.000000	102034.000000
0.000000	102034.000000
0.000000	102035.000000
0.000000	102035.000000
0.000000	102035.000000
0.000000	102035.000000
0.000000	102035.000000
0.000000	102035.000000
0.000000	102035.000000
0.000000	102035.000000
0.000000	102035.000000
0.000000	102035.000000
0.000000	102035.000000
0.000000	102035.000000
0.000000	102035.000000
0.000000	102035.000000
0.000000	102035.000000
0.000000	102035.000000
0.000000	102035.000000
0.000000	102036.000000
0.000000	102036.000000
0.000000	102036.000000
0.000000	102036.000000
0.000000	102036.000000
0.000000	102036.000000
0.000000	102036.000000
0.000000	102036.000000
0.000000	102036.000000
0.000000	102036.000000
0.000000	102036.000000
0.000000	102036.000000
0.000000	102036.000000
0.000000	102036.000000
0.000000	102036.000000
0.000000	102036.000000
0.000000	102036.000000
0.000000	102037.000000
0.000000	102037.000000
0.000000	102037.000000
0.000000	102037.000000
0.000000	102037.000000
0.000000	102037.000000
0.000000	102037.000000
0.000000	102037.000000
0.000000	102037.000000
0.000000	102037.000000
0.000000	102037.000000
0.000000	102037.000000
0.000000	102037.000000
0.000000	102037.000000
0.000000	102037.000000
0.000000	102037.000000
0.000000	102037.000000
0.000000	102038.000000
0.000000	102038.000000
0.000000	102038.000000
0.000000	102038.000000
0.000000	102038.000000
0.000000	102038.000000
0.000000	102038.000000
0.000000	102038.000000
0.000000	102038.000000
0.000000	102038.000000
0.000000	102038.000000
0.000000	102038.000000
0.000000	102038.000000
0.000000	102038.000000
0.000000	102038.000000
0.000000	102038.000000
0.000000	102038.000000
0.000000	102039.000000
0.000000	102039.000000
0.000000	102039.000000
0.000000	102039.000000
0.000000	102039.000000
0.000000	102039.000000
0.000000	102039.000000
0.000000	102039.000000
0.000000	102039.000000
0.000000	102039.000000
0.000000	102039.000000
0.000000	102039.000000
0.000000	102039.000000
0.000000	102039.000000
0.000000	102039.000000
0.000000	102039.000000
0.000000	102039.000000
0.000000	102040.000000
0.000000	102040.000000
0.000000	102040.000000
0.000000	102040.000000
0.000000	102040.000000
0.000000	102040.000000
0.000000	102040.000000
0.000000	102040.000000
0.000000	102040.000000
0.000000	102040.000000
0.000000	102040.000000
0.000000	102040.000000
0.000000	102040.000000
0.000000	102040.000000
0.000000	102040.000000
0.000000	102040.000000
0.000000	102040.000000
0.000000	102041.000000
0.000000	102041.000000
0.000000	102041.000000
0.000000	102041.000000
0.000000	102041.000000
0.000000	102041.000000
0.000000	102041.000000
0.000000	102041.000000
0.000000	102041.000000
0.000000	102041.000000
0.000000	102041.000000
0.000000	102041.000000
0.000000	102041.000000
0.000000	102041.000000
0.000000	102041.000000
0.000000	102041.000000
0.000000	102041.000000
0.000000	102042.000000
0.000000	102042.000000
0.000000	102042.000000
0.000000	102042.000000
0.000000	102042.000000
0.000000	102042.000000
0.000000	102042.000000
0.000000	102042.000000
0.000000	102042.000000
0.000000	102042.000000
0.000000	102042.000000
0.000000	102042.000000
0.000000	102042.000000
0.000000	102042.000000
0.000000	102042.000000
0.000000	102042.000000
0.000000	102042.000000
0.000000	102043.000000
0.000000	102043.000000
0.000000	102043.000000
0.000000	102043.000000
0.000000	102043.000000
0.000000	102043.000000
0.000000	102043.000000
0.000000	102043.000000
0.000000	102043.000000
0.000000	102043.000000
0.000000	102043.000000
0.000000	102043.000000
0.000000	102043.000000
0.000000	102043.000000
0.000000	102043.000000
0.000000	102043.000000
0.000000	102043.000000
0.000000	102043.000000
0.000000	102044.000000
0.000000	102044.000000
0.000000	102044.000000
0.000000	102044.000000
0.000000	102044.000000
0.000000	102044.000000
0.000000	102044.000000
0.000000	102044.000000
0.000000	102044.000000
0.000000	102044.000000
0.000000	102044.000000
0.000000	102044.000000
0.000000	102044.000000
0.000000	102044.000000
0.000000	102044.000000
0.000000	102044.000000
0.000000	102044.000000
0.000000	102045.000000
0.000000	102045.000000
0.000000	102045.000000
0.000000	102045.000000
0.000000	102045.000000
0.000000	102045.000000
0.000000	102045.000000
0.000000	102045.000000
0.000000	102045.000000
0.000000	102045.000000
0.000000	102045.000000
0.000000	102045.000000
0.000000	102045.000000
0.000000	102045.000000
0.000000	102045.000000
0.000000	102045.000000
0.000000	102045.000000
0.000000	102046.000000
0.000000	102046.000000
0.000000	102046.000000
0.000000	102046.000000
0.000000	102046.000000
0.000000	102046.000000
0.000000	102046.000000
0.000000	102046.000000
0.000000	102046.000000
0.000000	102046.000000
0.000000	102046.000000
0.000000	102046.000000
0.000000	102046.000000
0.000000	102046.000000
0.000000	102046.000000
0.000000	102046.000000
0.000000	102046.000000
0.000000	102047.000000
0.000000	102047.000000
0.000000	102047.000000
0.000000	102047.000000
0.000000	102047.000000
0.000000	102047.000000
0.000000	102047.000000
0.000000	102047.000000
0.000000	102047.000000
0.000000	102047.000000
0.000000	102047.000000
0.000000	102047.000000
0.000000	102047.000000
0.000000	102047.000000
0.000000	102047.000000
0.000000	102047.000000
0.000000	102047.000000
0.000000	102048.000000
0.000000	102048.000000
0.000000	102048.000000
0.000000	102048.000000
0.000000	102048.000000
0.000000	102048.000000
0.000000	102048.000000
0.000000	102048.000000
0.000000	102048.000000
0.000000	102048.000000
0.000000	102048.000000
0.000000	102048.000000
0.000000	102048.000000
0.000000	102048.000000
0.000000	102048.000000
0.000000	102048.000000
0.000000	102048.000000
0.000000	102049.000000
0.000000	102049.000000
0.000000	102049.000000
0.000000	102049.000000
0.000000	102049.000000
0.000000	102049.000000
0.000000	102049.000000
0.000000	102049.000000
0.000000	102049.000000
0.000000	102049.000000
0.000000	102049.000000
0.000000	102049.000000
0.000000	102049.000000
0.000000	102049.000000
0.000000	102049.000000
0.000000	102049.000000
0.000000	102049.000000
0.000000	102050.000000
0.000000	102050.000000
0.000000	102050.000000
0.000000	102050.000000
0.000000	102050.000000
0.000000	102050.000000
0.000000	102050.000000
0.000000	102050.000000
0.000000	102050.000000
0.000000	102050.000000
0.000000	102050.000000
0.000000	102050.000000
0.000000	102050.000000
0.000000	102050.000000
0.000000	102050.000000
0.000000	102050.000000
0.000000	102050.000000
0.000000	102051.000000
0.000000	102051.000000
0.000000	102051.000000
0.000000	102051.000000
0.000000	102051.000000
0.000000	102051.000000
0.000000	102051.000000
0.000000	102051.000000
0.000000	102051.000000
0.000000	102051.000000
0.000000	102051.000000
0.000000	102051.000000
0.000000	102051.000000
0.000000	102051.000000
0.000000	102051.000000
0.000000	102051.000000
0.000000	102051.000000
0.000000	102052.000000
0.000000	102052.000000
0.000000	102052.000000
0.000000	102052.000000
0.000000	102052.000000
0.000000	102052.000000
0.000000	102052.000000
0.000000	102052.000000
0.000000	102052.000000
0.000000	102052.000000
0.000000	102052.000000
0.000000	102052.000000
0.000000	102052.000000
0.000000	102052.000000
0.000000	102052.000000
0.000000	102052.000000
0.000000	102052.000000
0.000000	102053.000000
0.000000	102053.000000
0.000000	102053.000000
0.000000	102053.000000
0.000000	102053.000000
0.000000	102053.000000
0.000000	102053.000000
0.000000	102053.000000
0.000000	102053.000000
0.000000	102053.000000
0.000000	102053.000000
0.000000	102053.000000
0.000000	102053.000000
0.000000	102053.000000
0.000000	102053.000000
0.000000	102053.000000
0.000000	102053.000000
0.000000	102054.000000
0.000000	102054.000000
0.000000	102054.000000
0.000000	102054.000000
0.000000	102054.000000
0.000000	102054.000000
0.000000	102054.000000
0.000000	102054.000000
0.000000	102054.000000
0.000000	102054.000000
0.000000	102054.000000
0.000000	102054.000000
0.000000	102054.000000
0.000000	102054.000000
0.000000	102054.000000
0.000000	102054.000000
0.000000	102054.000000
0.000000	102055.000000
0.000000	102055.000000
0.000000	102055.000000
0.000000	102055.000000
0.000000	102055.000000
0.000000	102055.000000
0.000000	102055.000000
0.000000	102055.000000
0.000000	102055.000000
0.000000	102055.000000
0.000000	102055.000000
0.000000	102055.000000
0.000000	102055.000000
0.000000	102055.000000
0.000000	102055.000000
0.000000	102055.000000
0.000000	102055.000000
0.000000	102056.000000
0.000000	102056.000000
0.000000	102056.000000
0.000000	102056.000000
0.000000	102056.000000
0.000000	102056.000000
0.000000	102056.000000
0.000000	102056.000000
0.000000	102056.000000
0.000000	102056.000000
0.000000	102056.000000
0.000000	102056.000000
0.000000	102056.000000
0.000000	102056.000000
0.000000	102056.000000
0.000000	102056.000000
0.000000	102056.000000
0.000000	102057.000000
0.000000	102057.000000
0.000000	102057.000000
0.000000	102057.000000
0.000000	102057.000000
0.000000	102057.000000
0.000000	102057.000000
0.000000	102057.000000
0.000000	102057.000000
0.000000	102057.000000
0.000000	102057.000000
0.000000	102057.000000
0.000000	102057.000000
0.000000	102057.000000
0.000000	102057.000000
0.000000	102057.000000
0.000000	102057.000000
0.000000	102058.000000
0.000000	102058.000000
0.000000	102058.000000
0.000000	102058.000000
0.000000	102058.000000
0.000000	102058.000000
0.000000	102058.000000
0.000000	102058.000000
0.000000	102058.000000
0.000000	102058.000000
0.000000	102058.000000
0.000000	102058.000000
0.000000	102058.000000
0.000000	102058.000000
0.000000	102058.000000
0.000000	102058.000000
0.000000	102058.000000
0.000000	102058.000000
0.000000	102059.000000
0.000000	102059.000000
0.000000	102059.000000
0.000000	102059.000000
0.000000	102059.000000
0.000000	102059.000000
0.000000	102059.000000
0.000000	102059.000000
0.000000	102059.000000
0.000000	102059.000000
0.000000	102059.000000
0.000000	102059.000000
0.000000	102059.000000
0.000000	102059.000000
0.000000	102059.000000
0.000000	102059.000000
0.000000	102059.000000
0.000000	102100.000000
0.000000	102100.000000
0.000000	102100.000000
0.000000	102100.000000
0.000000	102100.000000
0.000000	102100.000000
0.000000	102100.000000
0.000000	102100.000000
0.000000	102100.000000
0.000000	102100.000000
0.000000	102100.000000
0.000000	102100.000000
0.000000	102100.000000
0.000000	102100.000000
0.000000	102100.000000
0.000000	102100.000000
0.000000	102100.000000
0.000000	102101.000000
0.000000	102101.000000
0.000000	102101.000000
0.000000	102101.000000
0.000000	102101.000000
0.000000	102101.000000
0.000000	102101.000000
0.000000	102101.000000
0.000000	102101.000000
0.000000	102101.000000
0.000000	102101.000000
0.000000	102101.000000
0.000000	102101.000000
0.000000	102101.000000
0.000000	102101.000000
0.000000	102101.000000
0.000000	102101.000000
0.000000	102102.000000
0.000000	102102.000000
0.000000	102102.000000
0.000000	102102.000000
0.000000	102102.000000
0.000000	102102.000000
0.000000	102102.000000
0.000000	102102.000000
0.000000	102102.000000
0.000000	102102.000000
0.000000	102102.000000
0.000000	102102.000000
0.000000	102102.000000
0.000000	102102.000000
0.000000	102102.000000
0.000000	102102.000000
0.000000	102102.000000
0.000000	102103.000000
0.000000	102103.000000
0.000000	102103.000000
0.000000	102103.000000
0.000000	102103.000000
0.000000	102103.000000
0.000000	102103.000000
0.000000	102103.000000
0.000000	102103.000000
0.000000	102103.000000
0.000000	102103.000000
0.000000	102103.000000
0.000000	102103.000000
0.000000	102103.000000
0.000000	102103.000000
0.000000	102103.000000
0.000000	102103.000000
0.000000	102104.000000
0.000000	102104.000000
0.000000	102104.000000
0.000000	102104.000000
0.000000	102104.000000
0.000000	102104.000000
0.000000	102104.000000
0.000000	102104.000000
0.000000	102104.000000
0.000000	102104.000000
0.000000	102104.000000
0.000000	102104.000000
0.000000	102104.000000
0.000000	102104.000000
0.000000	102104.000000
0.000000	102104.000000
0.000000	102104.000000
0.000000	102105.000000
0.000000	102105.000000
0.000000	102105.000000
0.000000	102105.000000
0.000000	102105.000000
0.000000	102105.000000
0.000000	102105.000000
0.000000	102105.000000
0.000000	102105.000000
0.000000	102105.000000
0.000000	102105.000000
0.000000	102105.000000
0.000000	102105.000000
0.000000	102105.000000
0.000000	102105.000000
0.000000	102105.000000
0.000000	102105.000000
0.000000	102106.000000
0.000000	102106.000000
0.000000	102106.000000
0.000000	102106.000000
0.000000	102106.000000
0.000000	102106.000000
0.000000	102106.000000
0.000000	102106.000000
0.000000	102106.000000
0.000000	102106.000000
0.000000	102106.000000
0.000000	102106.000000
0.000000	102106.000000
0.000000	102106.000000
0.000000	102106.000000
0.000000	102106.000000
0.000000	102106.000000
0.000000	102107.000000
0.000000	102107.000000
0.000000	102107.000000
0.000000	102107.000000
0.000000	102107.000000
0.000000	102107.000000
0.000000	102107.000000
0.000000	102107.000000
0.000000	102107.000000
0.000000	102107.000000
0.000000	102107.000000
0.000000	102107.000000
0.000000	102107.000000
0.000000	102107.000000
0.000000	102107.000000
0.000000	102107.000000
0.000000	102107.000000
0.000000	102108.000000
0.000000	102108.000000
0.000000	102108.000000
0.000000	102108.000000
0.000000	102108.000000
0.000000	102108.000000
0.000000	102108.000000
0.000000	102108.000000
0.000000	102108.000000
0.000000	102108.000000
0.000000	102108.000000
0.000000	102108.000000
0.000000	102108.000000
0.000000	102108.000000
0.000000	102108.000000
0.000000	102108.000000
0.000000	102108.000000
0.000000	102109.000000
0.000000	102109.000000
0.000000	102109.000000
0.000000	102109.000000
0.000000	102109.000000
0.000000	102109.000000
0.000000	102109.000000
0.000000	102109.000000
0.000000	102109.000000
0.000000	102109.000000
0.000000	102109.000000
0.000000	102109.000000
0.000000	102109.000000
0.000000	102109.000000
0.000000	102109.000000
0.000000	102109.000000
0.000000	102109.000000
0.000000	102110.000000
0.000000	102110.000000
0.000000	102110.000000
0.000000	102110.000000
0.000000	102110.000000
0.000000	102110.000000
0.000000	102110.000000
0.000000	102110.000000
0.000000	102110.000000
0.000000	102110.000000
0.000000	102110.000000
0.000000	102110.000000
0.000000	102110.000000
0.000000	102110.000000
0.000000	102110.000000
0.000000	102110.000000
0.000000	102110.000000
0.000000	102111.000000
0.000000	102111.000000
0.000000	102111.000000
0.000000	102111.000000
0.000000	102111.000000
0.000000	102111.000000
0.000000	102111.000000
0.000000	102111.000000
0.000000	102111.000000
0.000000	102111.000000
0.000000	102111.000000
0.000000	102111.000000
0.000000	102111.000000
0.000000	102111.000000
0.000000	102111.000000
0.000000	102111.000000
0.000000	102111.000000
0.000000	102112.000000
0.000000	102112.000000
0.000000	102112.000000
0.000000	102112.000000
0.000000	102112.000000
0.000000	102112.000000
0.000000	102112.000000
0.000000	102112.000000
0.000000	102112.000000
0.000000	102112.000000
0.000000	102112.000000
0.000000	102112.000000
0.000000	102112.000000
0.000000	102112.000000
0.000000	102112.000000
0.000000	102112.000000
0.000000	102112.000000
0.000000	102113.000000
0.000000	102113.000000
0.000000	102113.000000
0.000000	102113.000000
0.000000	102113.000000
0.000000	102113.000000
0.000000	102113.000000
0.000000	102113.000000
0.000000	102113.000000
0.000000	102113.000000
0.000000	102113.000000
0.000000	102113.000000
0.000000	102113.000000
0.000000	102113.000000
0.000000	102113.000000
0.000000	102113.000000
0.000000	102113.000000
0.000000	102113.000000
0.000000	102114.000000
0.000000	102114.000000
0.000000	102114.000000
0.000000	102114.000000
0.000000	102114.000000
0.000000	102114.000000
0.000000	102114.000000
0.000000	102114.000000
0.000000	102114.000000
0.000000	102114.000000
0.000000	102114.000000
0.000000	102114.000000
0.000000	102114.000000
0.000000	102114.000000
0.000000	102114.000000
0.000000	102114.000000
0.000000	102114.000000
0.000000	102115.000000
0.000000	102115.000000
0.000000	102115.000000
0.000000	102115.000000
0.000000	102115.000000
0.000000	102115.000000
0.000000	102115.000000
0.000000	102115.000000
0.000000	102115.000000
0.000000	102115.000000
0.000000	102115.000000
0.000000	102115.000000
0.000000	102115.000000
0.000000	102115.000000
0.000000	102115.000000
0.000000	102115.000000
0.000000	102115.000000
0.000000	102116.000000
0.000000	102116.000000
0.000000	102116.000000
0.000000	102116.000000
0.000000	102116.000000
0.000000	102116.000000
0.000000	102116.000000
0.000000	102116.000000
0.000000	102116.000000
0.000000	102116.000000
0.000000	102116.000000
0.000000	102116.000000
0.000000	102116.000000
0.000000	102116.000000
0.000000	102116.000000
0.000000	102116.000000
0.000000	102116.000000
0.000000	102117.000000
0.000000	102117.000000
0.000000	102117.000000
0.000000	102117.000000
0.000000	102117.000000
0.000000	102117.000000
0.000000	102117.000000
0.000000	102117.000000
0.000000	102117.000000
0.000000	102117.000000
0.000000	102117.000000
0.000000	102117.000000
0.000000	102117.000000
0.000000	102117.000000
0.000000	102117.000000
0.000000	102117.000000
0.000000	102117.000000
0.000000	102118.000000
0.000000	102118.000000
0.000000	102118.000000
0.000000	102118.000000
0.000000	102118.000000
0.000000	102118.000000
0.000000	102118.000000
0.000000	102118.000000
0.000000	102118.000000
0.000000	102118.000000
0.000000	102118.000000
0.000000	102118.000000
0.000000	102118.000000
0.000000	102118.000000
0.000000	102118.000000
0.000000	102118.000000
0.000000	102118.000000
0.000000	102119.000000
0.000000	102119.000000
0.000000	102119.000000
0.000000	102119.000000
0.000000	102119.000000
0.000000	102119.000000
0.000000	102119.000000
0.000000	102119.000000
0.000000	102119.000000
0.000000	102119.000000
0.000000	102119.000000
0.000000	102119.000000
0.000000	102119.000000
0.000000	102119.000000
0.000000	102119.000000
0.000000	102119.000000
0.000000	102119.000000
0.000000	102120.000000
0.000000	102120.000000
0.000000	102120.000000
0.000000	102120.000000
0.000000	102120.000000
0.000000	102120.000000
0.000000	102120.000000
0.000000	102120.000000
0.000000	102120.000000
0.000000	102120.000000
0.000000	102120.000000
0.000000	102120.000000
0.000000	102120.000000
0.000000	102120.000000
0.000000	102120.000000
0.000000	102120.000000
0.000000	102120.000000
0.000000	102121.000000
0.000000	102121.000000
0.000000	102121.000000
0.000000	102121.000000
0.000000	102121.000000
0.000000	102121.000000
0.000000	102121.000000
0.000000	102121.000000
0.000000	102121.000000
0.000000	102121.000000
0.000000	102121.000000
0.000000	102121.000000
0.000000	102121.000000
0.000000	102121.000000
0.000000	102121.000000
0.000000	102121.000000
0.000000	102121.000000
0.000000	102122.000000
0.000000	102122.000000
0.000000	102122.000000
0.000000	102122.000000
0.000000	102122.000000
0.000000	102122.000000
0.000000	102122.000000
0.000000	102122.000000
0.000000	102122.000000
0.000000	102122.000000
0.000000	102122.000000
0.000000	102122.000000
0.000000	102122.000000
0.000000	102122.000000
0.000000	102122.000000
0.000000	102122.000000
0.000000	102122.000000
0.000000	102123.000000
0.000000	102123.000000
0.000000	102123.000000
0.000000	102123.000000
0.000000	102123.000000
0.000000	102123.000000
0.000000	102123.000000
0.000000	102123.000000
0.000000	102123.000000
0.000000	102123.000000
0.000000	102123.000000
0.000000	102123.000000
0.000000	102123.000000
0.000000	102123.000000
0.000000	102123.000000
0.000000	102123.000000
0.000000	102123.000000
0.000000	102124.000000
0.000000	102124.000000
0.000000	102124.000000
0.000000	102124.000000
0.000000	102124.000000
0.000000	102124.000000
0.000000	102124.000000
0.000000	102124.000000
0.000000	102124.000000
0.000000	102124.000000
0.000000	102124.000000
0.000000	102124.000000
0.000000	102124.000000
0.000000	102124.000000
0.000000	102124.000000
0.000000	102124.000000
0.000000	102124.000000
0.000000	102125.000000
0.000000	102125.000000
0.000000	102125.000000
0.000000	102125.000000
0.000000	102125.000000
0.000000	102125.000000
0.000000	102125.000000
0.000000	102125.000000
0.000000	102125.000000
0.000000	102125.000000
0.000000	102125.000000
0.000000	102125.000000
0.000000	102125.000000
0.000000	102125.000000
0.000000	102125.000000
0.000000	102125.000000
0.000000	102125.000000
0.000000	102126.000000
0.000000	102126.000000
0.000000	102126.000000
0.000000	102126.000000
0.000000	102126.000000
0.000000	102126.000000
0.000000	102126.000000
0.000000	102126.000000
0.000000	102126.000000
0.000000	102126.000000
0.000000	102126.000000
0.000000	102126.000000
0.000000	102126.000000
0.000000	102126.000000
0.000000	102126.000000
0.000000	102126.000000
0.000000	102126.000000
0.000000	102127.000000
0.000000	102127.000000
0.000000	102127.000000
0.000000	102127.000000
0.000000	102127.000000
0.000000	102127.000000
0.000000	102127.000000
0.000000	102127.000000
0.000000	102127.000000
0.000000	102127.000000
0.000000	102127.000000
0.000000	102127.000000
0.000000	102127.000000
0.000000	102127.000000
0.000000	102127.000000
0.000000	102127.000000
0.000000	102127.000000
0.000000	102128.000000
0.000000	102128.000000
0.000000	102128.000000
0.000000	102128.000000
0.000000	102128.000000
0.000000	102128.000000
0.000000	102128.000000
0.000000	102128.000000
0.000000	102128.000000
0.000000	102128.000000
0.000000	102128.000000
0.000000	102128.000000
0.000000	102128.000000
0.000000	102128.000000
0.000000	102128.000000
0.000000	102128.000000
0.000000	102128.000000
0.000000	102128.000000
0.000000	102129.000000
0.000000	102129.000000
0.000000	102129.000000
0.000000	102129.000000
0.000000	102129.000000
0.000000	102129.000000
0.000000	102129.000000
0.000000	102129.000000
0.000000	102129.000000
0.000000	102129.000000
0.000000	102129.000000
0.000000	102129.000000
0.000000	102129.000000
0.000000	102129.000000
0.000000	102129.000000
0.000000	102129.000000
0.000000	102129.000000
0.000000	102130.000000
0.000000	102130.000000
0.000000	102130.000000
0.000000	102130.000000
0.000000	102130.000000
0.000000	102130.000000
0.000000	102130.000000
0.000000	102130.000000
0.000000	102130.000000
0.000000	102130.000000
0.000000	102130.000000
0.000000	102130.000000
0.000000	102130.000000
0.000000	102130.000000
0.000000	102130.000000
0.000000	102130.000000
0.000000	102130.000000
0.000000	102131.000000
0.000000	102131.000000
0.000000	102131.000000
0.000000	102131.000000
0.000000	102131.000000
0.000000	102131.000000
0.000000	102131.000000
0.000000	102131.000000
0.000000	102131.000000
0.000000	102131.000000
0.000000	102131.000000
0.000000	102131.000000
0.000000	102131.000000
0.000000	102131.000000
0.000000	102131.000000
0.000000	102131.000000
0.000000	102131.000000
0.000000	102132.000000
0.000000	102132.000000
0.000000	102132.000000
0.000000	102132.000000
0.000000	102132.000000
0.000000	102132.000000
0.000000	102132.000000
0.000000	102132.000000
0.000000	102132.000000
0.000000	102132.000000
0.000000	102132.000000
0.000000	102132.000000
0.000000	102132.000000
0.000000	102132.000000
0.000000	102132.000000
0.000000	102132.000000
0.000000	102132.000000
0.000000	102133.000000
0.000000	102133.000000
0.000000	102133.000000
0.000000	102133.000000
0.000000	102133.000000
0.000000	102133.000000
0.000000	102133.000000
0.000000	102133.000000
0.000000	102133.000000
0.000000	102133.000000
0.000000	102133.000000
0.000000	102133.000000
0.000000	102133.000000
0.000000	102133.000000
0.000000	102133.000000
0.000000	102133.000000
0.000000	102133.000000
0.000000	102134.000000
0.000000	102134.000000
0.000000	102134.000000
0.000000	102134.000000
0.000000	102134.000000
0.000000	102134.000000
0.000000	102134.000000
0.000000	102134.000000
0.000000	102134.000000
0.000000	102134.000000
0.000000	102134.000000
0.000000	102134.000000
0.000000	102134.000000
0.000000	102134.000000
0.000000	102134.000000
0.000000	102134.000000
0.000000	102134.000000
0.000000	102135.000000
0.000000	102135.000000
0.000000	102135.000000
0.000000	102135.000000
0.000000	102135.000000
0.000000	102135.000000
0.000000	102135.000000
0.000000	102135.000000
0.000000	102135.000000
0.000000	102135.000000
0.000000	102135.000000
0.000000	102135.000000
0.000000	102135.000000
0.000000	102135.000000
0.000000	102135.000000
0.000000	102135.000000
0.000000	102135.000000
0.000000	102136.000000
0.000000	102136.000000
0.000000	102136.000000
0.000000	102136.000000
0.000000	102136.000000
0.000000	102136.000000
0.000000	102136.000000
0.000000	102136.000000
0.000000	102136.000000
0.000000	102136.000000
0.000000	102136.000000
0.000000	102136.000000
0.000000	102136.000000
0.000000	102136.000000
0.000000	102136.000000
0.000000	102136.000000
0.000000	102136.000000
0.000000	102137.000000
0.000000	102137.000000
0.000000	102137.000000
0.000000	102137.000000
0.000000	102137.000000
0.000000	102137.000000
0.000000	102137.000000
0.000000	102137.000000
0.000000	102137.000000
0.000000	102137.000000
0.000000	102137.000000
0.000000	102137.000000
0.000000	102137.000000
0.000000	102137.000000
0.000000	102137.000000
0.000000	102137.000000
0.000000	102137.000000
0.000000	102138.000000
0.000000	102138.000000
0.000000	102138.000000
0.000000	102138.000000
0.000000	102138.000000
0.000000	102138.000000
0.000000	102138.000000
0.000000	102138.000000
0.000000	102138.000000
0.000000	102138.000000
0.000000	102138.000000
0.000000	102138.000000
0.000000	102138.000000
0.000000	102138.000000
0.000000	102138.000000
0.000000	102138.000000
0.000000	102138.000000
0.000000	102139.000000
0.000000	102139.000000
0.000000	102139.000000
0.000000	102139.000000
0.000000	102139.000000
0.000000	102139.000000
0.000000	102139.000000
0.000000	102139.000000
0.000000	102139.000000
0.000000	102139.000000
0.000000	102139.000000
0.000000	102139.000000
0.000000	102139.000000
0.000000	102139.000000
0.000000	102139.000000
0.000000	102139.000000
0.000000	102139.000000
0.000000	102140.000000
0.000000	102140.000000
0.000000	102140.000000
0.000000	102140.000000
0.000000	102140.000000
0.000000	102140.000000
0.000000	102140.000000
0.000000	102140.000000
0.000000	102140.000000
0.000000	102140.000000
0.000000	102140.000000
0.000000	102140.000000
0.000000	102140.000000
0.000000	102140.000000
0.000000	102140.000000
0.000000	102140.000000
0.000000	102140.000000
0.000000	102141.000000
0.000000	102141.000000
0.000000	102141.000000
0.000000	102141.000000
0.000000	102141.000000
0.000000	102141.000000
0.000000	102141.000000
0.000000	102141.000000
0.000000	102141.000000
0.000000	102141.000000
0.000000	102141.000000
0.000000	102141.000000
0.000000	102141.000000
0.000000	102141.000000
0.000000	102141.000000
0.000000	102141.000000
0.000000	102141.000000
0.000000	102142.000000
0.000000	102142.000000
0.000000	102142.000000
0.000000	102142.000000
0.000000	102142.000000
0.000000	102142.000000
0.000000	102142.000000
0.000000	102142.000000
0.000000	102142.000000
0.000000	102142.000000
0.000000	102142.000000
0.000000	102142.000000
0.000000	102142.000000
0.000000	102142.000000
0.000000	102142.000000
0.000000	102142.000000
0.000000	102142.000000
0.000000	102143.000000
0.000000	102143.000000
0.000000	102143.000000
0.000000	102143.000000
0.000000	102143.000000
0.000000	102143.000000
0.000000	102143.000000
0.000000	102143.000000
