0.000000	125939.000000
0.000000	125939.000000
0.000000	125939.000000
0.000000	125939.000000
0.000000	125939.000000
0.000000	125939.000000
0.000000	125939.000000
0.000000	125939.000000
0.000000	125939.000000
0.000000	125940.000000
0.000000	125940.000000
0.000000	125940.000000
0.000000	125940.000000
0.000000	125940.000000
0.000000	125940.000000
0.000000	125940.000000
0.000000	125940.000000
0.000000	125940.000000
0.000000	125940.000000
0.000000	125940.000000
0.000000	125940.000000
0.000000	125940.000000
0.000000	125940.000000
0.000000	125940.000000
0.000000	125940.000000
0.000000	125940.000000
0.000000	125940.000000
0.000000	125941.000000
0.000000	125941.000000
0.000000	125941.000000
0.000000	125941.000000
0.000000	125941.000000
0.000000	125941.000000
0.000000	125941.000000
0.000000	125941.000000
0.000000	125941.000000
0.000000	125941.000000
0.000000	125941.000000
0.000000	125941.000000
0.000000	125941.000000
0.000000	125941.000000
0.000000	125941.000000
0.000000	125941.000000
0.000000	125941.000000
0.000000	125942.000000
0.000000	125942.000000
0.000000	125942.000000
0.000000	125942.000000
0.000000	125942.000000
0.000000	125942.000000
0.000000	125942.000000
0.000000	125942.000000
0.000000	125942.000000
0.000000	125942.000000
0.000000	125942.000000
0.000000	125942.000000
0.000000	125942.000000
0.000000	125942.000000
0.000000	125942.000000
0.000000	125942.000000
0.000000	125942.000000
0.000000	125943.000000
0.000000	125943.000000
0.000000	125943.000000
0.000000	125943.000000
0.000000	125943.000000
0.000000	125943.000000
0.000000	125943.000000
0.000000	125943.000000
0.000000	125943.000000
0.000000	125943.000000
0.000000	125943.000000
0.000000	125943.000000
0.000000	125943.000000
0.000000	125943.000000
0.000000	125943.000000
0.000000	125943.000000
0.000000	125943.000000
0.000000	125944.000000
0.000000	125944.000000
0.000000	125944.000000
0.000000	125944.000000
0.000000	125944.000000
0.000000	125944.000000
0.000000	125944.000000
0.000000	125944.000000
0.000000	125944.000000
0.000000	125944.000000
0.000000	125944.000000
0.000000	125944.000000
0.000000	125944.000000
0.000000	125944.000000
0.000000	125944.000000
0.000000	125944.000000
0.000000	125944.000000
0.000000	125945.000000
0.000000	125945.000000
0.000000	125945.000000
0.000000	125945.000000
0.000000	125945.000000
0.000000	125945.000000
0.000000	125945.000000
0.000000	125945.000000
0.000000	125945.000000
0.000000	125945.000000
0.000000	125945.000000
0.000000	125945.000000
0.000000	125945.000000
0.000000	125945.000000
0.000000	125945.000000
0.000000	125945.000000
0.000000	125945.000000
0.000000	125946.000000
0.000000	125946.000000
0.000000	125946.000000
0.000000	125946.000000
0.000000	125946.000000
0.000000	125946.000000
0.000000	125946.000000
0.000000	125946.000000
0.000000	125946.000000
0.000000	125946.000000
0.000000	125946.000000
0.000000	125946.000000
0.000000	125946.000000
0.000000	125946.000000
0.000000	125946.000000
0.000000	125946.000000
0.000000	125946.000000
0.000000	125947.000000
0.000000	125947.000000
0.000000	125947.000000
0.000000	125947.000000
0.000000	125947.000000
0.000000	125947.000000
0.000000	125947.000000
0.000000	125947.000000
0.000000	125947.000000
0.000000	125947.000000
0.000000	125947.000000
0.000000	125947.000000
0.000000	125947.000000
0.000000	125947.000000
0.000000	125947.000000
0.000000	125947.000000
0.000000	125947.000000
0.000000	125948.000000
0.000000	125948.000000
0.000000	125948.000000
0.000000	125948.000000
0.000000	125948.000000
0.000000	125948.000000
0.000000	125948.000000
0.000000	125948.000000
0.000000	125948.000000
0.000000	125948.000000
0.000000	125948.000000
0.000000	125948.000000
0.000000	125948.000000
0.000000	125948.000000
0.000000	125948.000000
0.000000	125948.000000
0.000000	125948.000000
0.000000	125949.000000
0.000000	125949.000000
0.000000	125949.000000
0.000000	125949.000000
0.000000	125949.000000
0.000000	125949.000000
0.000000	125949.000000
0.000000	125949.000000
0.000000	125949.000000
0.000000	125949.000000
0.000000	125949.000000
0.000000	125949.000000
0.000000	125949.000000
0.000000	125949.000000
0.000000	125949.000000
0.000000	125949.000000
0.000000	125949.000000
0.000000	125950.000000
0.000000	125950.000000
0.000000	125950.000000
0.000000	125950.000000
0.000000	125950.000000
0.000000	125950.000000
0.000000	125950.000000
0.000000	125950.000000
0.000000	125950.000000
0.000000	125950.000000
0.000000	125950.000000
0.000000	125950.000000
0.000000	125950.000000
0.000000	125950.000000
0.000000	125950.000000
0.000000	125950.000000
0.000000	125950.000000
0.000000	125951.000000
0.000000	125951.000000
0.000000	125951.000000
0.000000	125951.000000
0.000000	125951.000000
0.000000	125951.000000
0.000000	125951.000000
0.000000	125951.000000
0.000000	125951.000000
0.000000	125951.000000
0.000000	125951.000000
0.000000	125951.000000
0.000000	125951.000000
0.000000	125951.000000
0.000000	125951.000000
0.000000	125951.000000
0.000000	125951.000000
0.000000	125952.000000
0.000000	125952.000000
0.000000	125952.000000
0.000000	125952.000000
0.000000	125952.000000
0.000000	125952.000000
0.000000	125952.000000
0.000000	125952.000000
0.000000	125952.000000
0.000000	125952.000000
0.000000	125952.000000
0.000000	125952.000000
0.000000	125952.000000
0.000000	125952.000000
0.000000	125952.000000
0.000000	125952.000000
0.000000	125952.000000
0.000000	125953.000000
0.000000	125953.000000
0.000000	125953.000000
0.000000	125953.000000
0.000000	125953.000000
0.000000	125953.000000
0.000000	125953.000000
0.000000	125953.000000
0.000000	125953.000000
0.000000	125953.000000
0.000000	125953.000000
0.000000	125953.000000
0.000000	125953.000000
0.000000	125953.000000
0.000000	125953.000000
0.000000	125953.000000
0.000000	125953.000000
0.000000	125954.000000
0.000000	125954.000000
0.000000	125954.000000
0.000000	125954.000000
0.000000	125954.000000
0.000000	125954.000000
0.000000	125954.000000
0.000000	125954.000000
0.000000	125954.000000
0.000000	125954.000000
0.000000	125954.000000
0.000000	125954.000000
0.000000	125954.000000
0.000000	125954.000000
0.000000	125954.000000
0.000000	125954.000000
0.000000	125954.000000
0.000000	125954.000000
0.000000	125955.000000
0.000000	125955.000000
0.000000	125955.000000
0.000000	125955.000000
0.000000	125955.000000
0.000000	125955.000000
0.000000	125955.000000
0.000000	125955.000000
0.000000	125955.000000
0.000000	125955.000000
0.000000	125955.000000
0.000000	125955.000000
0.000000	125955.000000
0.000000	125955.000000
0.000000	125955.000000
0.000000	125955.000000
0.000000	125955.000000
0.000000	125956.000000
0.000000	125956.000000
0.000000	125956.000000
0.000000	125956.000000
0.000000	125956.000000
0.000000	125956.000000
0.000000	125956.000000
0.000000	125956.000000
0.000000	125956.000000
0.000000	125956.000000
0.000000	125956.000000
0.000000	125956.000000
0.000000	125956.000000
0.000000	125956.000000
0.000000	125956.000000
0.000000	125956.000000
0.000000	125956.000000
0.000000	125957.000000
0.000000	125957.000000
0.000000	125957.000000
0.000000	125957.000000
0.000000	125957.000000
0.000000	125957.000000
0.000000	125957.000000
0.000000	125957.000000
0.000000	125957.000000
0.000000	125957.000000
0.000000	125957.000000
0.000000	125957.000000
0.000000	125957.000000
0.000000	125957.000000
0.000000	125957.000000
0.000000	125957.000000
0.000000	125957.000000
0.000000	125958.000000
0.000000	125958.000000
0.000000	125958.000000
0.000000	125958.000000
0.000000	125958.000000
0.000000	125958.000000
0.000000	125958.000000
0.000000	125958.000000
0.000000	125958.000000
0.000000	125958.000000
0.000000	125958.000000
0.000000	125958.000000
0.000000	125958.000000
0.000000	125958.000000
0.000000	125958.000000
0.000000	125958.000000
0.000000	125958.000000
0.000000	125959.000000
0.000000	125959.000000
0.000000	125959.000000
0.000000	125959.000000
0.000000	125959.000000
0.000000	125959.000000
0.000000	125959.000000
0.000000	125959.000000
0.000000	125959.000000
0.000000	125959.000000
0.000000	125959.000000
0.000000	125959.000000
0.000000	125959.000000
0.000000	125959.000000
0.000000	125959.000000
0.000000	125959.000000
0.000000	125959.000000
0.000000	10000.000000
0.000000	10000.000000
0.000000	10000.000000
0.000000	10000.000000
0.000000	10000.000000
0.000000	10000.000000
0.000000	10000.000000
0.000000	10000.000000
0.000000	10000.000000
0.000000	10000.000000
0.000000	10000.000000
0.000000	10000.000000
0.000000	10000.000000
0.000000	10000.000000
0.000000	10000.000000
0.000000	10000.000000
0.000000	10000.000000
0.000000	10001.000000
0.000000	10001.000000
0.000000	10001.000000
0.000000	10001.000000
0.000000	10001.000000
0.000000	10001.000000
0.000000	10001.000000
0.000000	10001.000000
0.000000	10001.000000
0.000000	10001.000000
0.000000	10001.000000
0.000000	10001.000000
0.000000	10001.000000
0.000000	10001.000000
0.000000	10001.000000
0.000000	10001.000000
0.000000	10001.000000
0.000000	10002.000000
0.000000	10002.000000
0.000000	10002.000000
0.000000	10002.000000
0.000000	10002.000000
0.000000	10002.000000
0.000000	10002.000000
0.000000	10002.000000
0.000000	10002.000000
0.000000	10002.000000
0.000000	10002.000000
0.000000	10002.000000
0.000000	10002.000000
0.000000	10002.000000
0.000000	10002.000000
0.000000	10002.000000
0.000000	10002.000000
0.000000	10003.000000
0.000000	10003.000000
0.000000	10003.000000
0.000000	10003.000000
0.000000	10003.000000
0.000000	10003.000000
0.000000	10003.000000
0.000000	10003.000000
0.000000	10003.000000
0.000000	10003.000000
0.000000	10003.000000
0.000000	10003.000000
0.000000	10003.000000
0.000000	10003.000000
0.000000	10003.000000
0.000000	10003.000000
0.000000	10003.000000
0.000000	10004.000000
0.000000	10004.000000
0.000000	10004.000000
0.000000	10004.000000
0.000000	10004.000000
0.000000	10004.000000
0.000000	10004.000000
0.000000	10004.000000
0.000000	10004.000000
0.000000	10004.000000
0.000000	10004.000000
0.000000	10004.000000
0.000000	10004.000000
0.000000	10004.000000
0.000000	10004.000000
0.000000	10004.000000
0.000000	10004.000000
0.000000	10005.000000
0.000000	10005.000000
0.000000	10005.000000
0.000000	10005.000000
0.000000	10005.000000
0.000000	10005.000000
0.000000	10005.000000
0.000000	10005.000000
0.000000	10005.000000
0.000000	10005.000000
0.000000	10005.000000
0.000000	10005.000000
0.000000	10005.000000
0.000000	10005.000000
0.000000	10005.000000
0.000000	10005.000000
0.000000	10005.000000
0.000000	10006.000000
0.000000	10006.000000
0.000000	10006.000000
0.000000	10006.000000
0.000000	10006.000000
0.000000	10006.000000
0.000000	10006.000000
0.000000	10006.000000
0.000000	10006.000000
0.000000	10006.000000
0.000000	10006.000000
0.000000	10006.000000
0.000000	10006.000000
0.000000	10006.000000
0.000000	10006.000000
0.000000	10006.000000
0.000000	10006.000000
0.000000	10007.000000
0.000000	10007.000000
0.000000	10007.000000
0.000000	10007.000000
0.000000	10007.000000
0.000000	10007.000000
0.000000	10007.000000
0.000000	10007.000000
0.000000	10007.000000
0.000000	10007.000000
0.000000	10007.000000
0.000000	10007.000000
0.000000	10007.000000
0.000000	10007.000000
0.000000	10007.000000
0.000000	10007.000000
0.000000	10007.000000
0.000000	10008.000000
0.000000	10008.000000
0.000000	10008.000000
0.000000	10008.000000
0.000000	10008.000000
0.000000	10008.000000
0.000000	10008.000000
0.000000	10008.000000
0.000000	10008.000000
0.000000	10008.000000
0.000000	10008.000000
0.000000	10008.000000
0.000000	10008.000000
0.000000	10008.000000
0.000000	10008.000000
0.000000	10008.000000
0.000000	10008.000000
0.000000	10008.000000
0.000000	10009.000000
0.000000	10009.000000
0.000000	10009.000000
0.000000	10009.000000
0.000000	10009.000000
0.000000	10009.000000
0.000000	10009.000000
0.000000	10009.000000
0.000000	10009.000000
0.000000	10009.000000
0.000000	10009.000000
0.000000	10009.000000
0.000000	10009.000000
0.000000	10009.000000
0.000000	10009.000000
0.000000	10009.000000
0.000000	10009.000000
0.000000	10010.000000
0.000000	10010.000000
0.000000	10010.000000
0.000000	10010.000000
0.000000	10010.000000
0.000000	10010.000000
0.000000	10010.000000
0.000000	10010.000000
0.000000	10010.000000
0.000000	10010.000000
0.000000	10010.000000
0.000000	10010.000000
0.000000	10010.000000
0.000000	10010.000000
0.000000	10010.000000
0.000000	10010.000000
0.000000	10010.000000
0.000000	10011.000000
0.000000	10011.000000
0.000000	10011.000000
0.000000	10011.000000
0.000000	10011.000000
0.000000	10011.000000
0.000000	10011.000000
0.000000	10011.000000
0.000000	10011.000000
0.000000	10011.000000
0.000000	10011.000000
0.000000	10011.000000
0.000000	10011.000000
0.000000	10011.000000
0.000000	10011.000000
0.000000	10011.000000
0.000000	10011.000000
0.000000	10012.000000
0.000000	10012.000000
0.000000	10012.000000
0.000000	10012.000000
0.000000	10012.000000
0.000000	10012.000000
0.000000	10012.000000
0.000000	10012.000000
0.000000	10012.000000
0.000000	10012.000000
0.000000	10012.000000
0.000000	10012.000000
0.000000	10012.000000
0.000000	10012.000000
0.000000	10012.000000
0.000000	10012.000000
0.000000	10012.000000
0.000000	10013.000000
0.000000	10013.000000
0.000000	10013.000000
0.000000	10013.000000
0.000000	10013.000000
0.000000	10013.000000
0.000000	10013.000000
0.000000	10013.000000
0.000000	10013.000000
0.000000	10013.000000
0.000000	10013.000000
0.000000	10013.000000
0.000000	10013.000000
0.000000	10013.000000
0.000000	10013.000000
0.000000	10013.000000
0.000000	10013.000000
0.000000	10014.000000
0.000000	10014.000000
0.000000	10014.000000
0.000000	10014.000000
0.000000	10014.000000
0.000000	10014.000000
0.000000	10014.000000
0.000000	10014.000000
0.000000	10014.000000
0.000000	10014.000000
0.000000	10014.000000
0.000000	10014.000000
0.000000	10014.000000
0.000000	10014.000000
0.000000	10014.000000
0.000000	10014.000000
0.000000	10014.000000
0.000000	10015.000000
0.000000	10015.000000
0.000000	10015.000000
0.000000	10015.000000
0.000000	10015.000000
0.000000	10015.000000
0.000000	10015.000000
0.000000	10015.000000
0.000000	10015.000000
0.000000	10015.000000
0.000000	10015.000000
0.000000	10015.000000
0.000000	10015.000000
0.000000	10015.000000
0.000000	10015.000000
0.000000	10015.000000
0.000000	10015.000000
0.000000	10016.000000
0.000000	10016.000000
0.000000	10016.000000
0.000000	10016.000000
0.000000	10016.000000
0.000000	10016.000000
0.000000	10016.000000
0.000000	10016.000000
0.000000	10016.000000
0.000000	10016.000000
0.000000	10016.000000
0.000000	10016.000000
0.000000	10016.000000
0.000000	10016.000000
0.000000	10016.000000
0.000000	10016.000000
0.000000	10016.000000
0.000000	10017.000000
0.000000	10017.000000
0.000000	10017.000000
0.000000	10017.000000
0.000000	10017.000000
0.000000	10017.000000
0.000000	10017.000000
0.000000	10017.000000
0.000000	10017.000000
0.000000	10017.000000
0.000000	10017.000000
0.000000	10017.000000
0.000000	10017.000000
0.000000	10017.000000
0.000000	10017.000000
0.000000	10017.000000
0.000000	10017.000000
0.000000	10018.000000
0.000000	10018.000000
0.000000	10018.000000
0.000000	10018.000000
0.000000	10018.000000
0.000000	10018.000000
0.000000	10018.000000
0.000000	10018.000000
0.000000	10018.000000
0.000000	10018.000000
0.000000	10018.000000
0.000000	10018.000000
0.000000	10018.000000
0.000000	10018.000000
0.000000	10018.000000
0.000000	10018.000000
0.000000	10018.000000
0.000000	10019.000000
0.000000	10019.000000
0.000000	10019.000000
0.000000	10019.000000
0.000000	10019.000000
0.000000	10019.000000
0.000000	10019.000000
0.000000	10019.000000
0.000000	10019.000000
0.000000	10019.000000
0.000000	10019.000000
0.000000	10019.000000
0.000000	10019.000000
0.000000	10019.000000
0.000000	10019.000000
0.000000	10019.000000
0.000000	10019.000000
0.000000	10020.000000
0.000000	10020.000000
0.000000	10020.000000
0.000000	10020.000000
0.000000	10020.000000
0.000000	10020.000000
0.000000	10020.000000
0.000000	10020.000000
0.000000	10020.000000
0.000000	10020.000000
0.000000	10020.000000
0.000000	10020.000000
0.000000	10020.000000
0.000000	10020.000000
0.000000	10020.000000
0.000000	10020.000000
0.000000	10020.000000
0.000000	10021.000000
0.000000	10021.000000
0.000000	10021.000000
0.000000	10021.000000
0.000000	10021.000000
0.000000	10021.000000
0.000000	10021.000000
0.000000	10021.000000
0.000000	10021.000000
0.000000	10021.000000
0.000000	10021.000000
0.000000	10021.000000
0.000000	10021.000000
0.000000	10021.000000
0.000000	10021.000000
0.000000	10021.000000
0.000000	10021.000000
0.000000	10022.000000
0.000000	10022.000000
0.000000	10022.000000
0.000000	10022.000000
0.000000	10022.000000
0.000000	10022.000000
0.000000	10022.000000
0.000000	10022.000000
0.000000	10022.000000
0.000000	10022.000000
0.000000	10022.000000
0.000000	10022.000000
0.000000	10022.000000
0.000000	10022.000000
0.000000	10022.000000
0.000000	10022.000000
0.000000	10022.000000
0.000000	10023.000000
0.000000	10023.000000
0.000000	10023.000000
0.000000	10023.000000
0.000000	10023.000000
0.000000	10023.000000
0.000000	10023.000000
0.000000	10023.000000
0.000000	10023.000000
0.000000	10023.000000
0.000000	10023.000000
0.000000	10023.000000
0.000000	10023.000000
0.000000	10023.000000
0.000000	10023.000000
0.000000	10023.000000
0.000000	10023.000000
0.000000	10023.000000
0.000000	10024.000000
0.000000	10024.000000
0.000000	10024.000000
0.000000	10024.000000
0.000000	10024.000000
0.000000	10024.000000
0.000000	10024.000000
0.000000	10024.000000
0.000000	10024.000000
0.000000	10024.000000
0.000000	10024.000000
0.000000	10024.000000
0.000000	10024.000000
0.000000	10024.000000
0.000000	10024.000000
0.000000	10024.000000
0.000000	10024.000000
0.000000	10025.000000
0.000000	10025.000000
0.000000	10025.000000
0.000000	10025.000000
0.000000	10025.000000
0.000000	10025.000000
0.000000	10025.000000
0.000000	10025.000000
0.000000	10025.000000
0.000000	10025.000000
0.000000	10025.000000
0.000000	10025.000000
0.000000	10025.000000
0.000000	10025.000000
0.000000	10025.000000
0.000000	10025.000000
0.000000	10025.000000
0.000000	10026.000000
0.000000	10026.000000
0.000000	10026.000000
0.000000	10026.000000
0.000000	10026.000000
0.000000	10026.000000
0.000000	10026.000000
0.000000	10026.000000
0.000000	10026.000000
0.000000	10026.000000
0.000000	10026.000000
0.000000	10026.000000
0.000000	10026.000000
0.000000	10026.000000
0.000000	10026.000000
0.000000	10026.000000
0.000000	10026.000000
0.000000	10027.000000
0.000000	10027.000000
0.000000	10027.000000
0.000000	10027.000000
0.000000	10027.000000
0.000000	10027.000000
0.000000	10027.000000
0.000000	10027.000000
0.000000	10027.000000
0.000000	10027.000000
0.000000	10027.000000
0.000000	10027.000000
0.000000	10027.000000
0.000000	10027.000000
0.000000	10027.000000
0.000000	10027.000000
0.000000	10027.000000
0.000000	10028.000000
0.000000	10028.000000
0.000000	10028.000000
0.000000	10028.000000
0.000000	10028.000000
0.000000	10028.000000
0.000000	10028.000000
0.000000	10028.000000
0.000000	10028.000000
0.000000	10028.000000
0.000000	10028.000000
0.000000	10028.000000
0.000000	10028.000000
0.000000	10028.000000
0.000000	10028.000000
0.000000	10028.000000
0.000000	10028.000000
0.000000	10029.000000
0.000000	10029.000000
0.000000	10029.000000
0.000000	10029.000000
0.000000	10029.000000
0.000000	10029.000000
0.000000	10029.000000
0.000000	10029.000000
0.000000	10029.000000
0.000000	10029.000000
0.000000	10029.000000
0.000000	10029.000000
0.000000	10029.000000
0.000000	10029.000000
0.000000	10029.000000
0.000000	10029.000000
0.000000	10029.000000
0.000000	10030.000000
0.000000	10030.000000
0.000000	10030.000000
0.000000	10030.000000
0.000000	10030.000000
0.000000	10030.000000
0.000000	10030.000000
0.000000	10030.000000
0.000000	10030.000000
0.000000	10030.000000
0.000000	10030.000000
0.000000	10030.000000
0.000000	10030.000000
0.000000	10030.000000
0.000000	10030.000000
0.000000	10030.000000
0.000000	10031.000000
0.000000	10031.000000
0.000000	10031.000000
0.000000	10031.000000
0.000000	10031.000000
0.000000	10031.000000
0.000000	10031.000000
0.000000	10031.000000
0.000000	10031.000000
0.000000	10031.000000
0.000000	10031.000000
0.000000	10031.000000
0.000000	10031.000000
0.000000	10031.000000
0.000000	10031.000000
0.000000	10031.000000
0.000000	10031.000000
0.000000	10031.000000
0.000000	10032.000000
0.000000	10032.000000
0.000000	10032.000000
0.000000	10032.000000
0.000000	10032.000000
0.000000	10032.000000
0.000000	10032.000000
0.000000	10032.000000
0.000000	10032.000000
0.000000	10032.000000
0.000000	10032.000000
0.000000	10032.000000
0.000000	10032.000000
0.000000	10032.000000
0.000000	10032.000000
0.000000	10032.000000
0.000000	10032.000000
0.000000	10033.000000
0.000000	10033.000000
0.000000	10033.000000
0.000000	10033.000000
0.000000	10033.000000
0.000000	10033.000000
0.000000	10033.000000
0.000000	10033.000000
0.000000	10033.000000
0.000000	10033.000000
0.000000	10033.000000
0.000000	10033.000000
0.000000	10033.000000
0.000000	10033.000000
0.000000	10033.000000
0.000000	10033.000000
0.000000	10033.000000
0.000000	10034.000000
0.000000	10034.000000
0.000000	10034.000000
0.000000	10034.000000
0.000000	10034.000000
0.000000	10034.000000
0.000000	10034.000000
0.000000	10034.000000
0.000000	10034.000000
0.000000	10034.000000
0.000000	10034.000000
0.000000	10034.000000
0.000000	10034.000000
0.000000	10034.000000
0.000000	10034.000000
0.000000	10034.000000
0.000000	10034.000000
0.000000	10035.000000
0.000000	10035.000000
0.000000	10035.000000
0.000000	10035.000000
0.000000	10035.000000
0.000000	10035.000000
0.000000	10035.000000
0.000000	10035.000000
0.000000	10035.000000
0.000000	10035.000000
0.000000	10035.000000
0.000000	10035.000000
0.000000	10035.000000
0.000000	10035.000000
0.000000	10035.000000
0.000000	10035.000000
0.000000	10035.000000
0.000000	10036.000000
0.000000	10036.000000
0.000000	10036.000000
0.000000	10036.000000
0.000000	10036.000000
0.000000	10036.000000
0.000000	10036.000000
0.000000	10036.000000
0.000000	10036.000000
0.000000	10036.000000
0.000000	10036.000000
0.000000	10036.000000
0.000000	10036.000000
0.000000	10036.000000
0.000000	10036.000000
0.000000	10036.000000
0.000000	10036.000000
0.000000	10037.000000
0.000000	10037.000000
0.000000	10037.000000
0.000000	10037.000000
0.000000	10037.000000
0.000000	10037.000000
0.000000	10037.000000
0.000000	10037.000000
0.000000	10037.000000
0.000000	10037.000000
0.000000	10037.000000
0.000000	10037.000000
0.000000	10037.000000
0.000000	10037.000000
0.000000	10037.000000
0.000000	10037.000000
0.000000	10037.000000
0.000000	10038.000000
0.000000	10038.000000
0.000000	10038.000000
0.000000	10038.000000
0.000000	10038.000000
0.000000	10038.000000
0.000000	10038.000000
0.000000	10038.000000
0.000000	10038.000000
0.000000	10038.000000
0.000000	10038.000000
0.000000	10038.000000
0.000000	10038.000000
0.000000	10038.000000
0.000000	10038.000000
0.000000	10038.000000
0.000000	10038.000000
0.000000	10039.000000
0.000000	10039.000000
0.000000	10039.000000
0.000000	10039.000000
0.000000	10039.000000
0.000000	10039.000000
0.000000	10039.000000
0.000000	10039.000000
0.000000	10039.000000
0.000000	10039.000000
0.000000	10039.000000
0.000000	10039.000000
0.000000	10039.000000
0.000000	10039.000000
0.000000	10039.000000
0.000000	10039.000000
0.000000	10039.000000
0.000000	10039.000000
0.000000	10040.000000
0.000000	10040.000000
0.000000	10040.000000
0.000000	10040.000000
0.000000	10040.000000
0.000000	10040.000000
0.000000	10040.000000
0.000000	10040.000000
0.000000	10040.000000
0.000000	10040.000000
0.000000	10040.000000
0.000000	10040.000000
0.000000	10040.000000
0.000000	10040.000000
0.000000	10040.000000
0.000000	10040.000000
0.000000	10040.000000
0.000000	10041.000000
0.000000	10041.000000
0.000000	10041.000000
0.000000	10041.000000
0.000000	10041.000000
0.000000	10041.000000
0.000000	10041.000000
0.000000	10041.000000
0.000000	10041.000000
0.000000	10041.000000
0.000000	10041.000000
0.000000	10041.000000
0.000000	10041.000000
0.000000	10041.000000
0.000000	10041.000000
0.000000	10041.000000
0.000000	10041.000000
0.000000	10042.000000
0.000000	10042.000000
0.000000	10042.000000
0.000000	10042.000000
0.000000	10042.000000
0.000000	10042.000000
0.000000	10042.000000
0.000000	10042.000000
0.000000	10042.000000
0.000000	10042.000000
0.000000	10042.000000
0.000000	10042.000000
0.000000	10042.000000
0.000000	10042.000000
0.000000	10042.000000
0.000000	10042.000000
0.000000	10042.000000
0.000000	10043.000000
0.000000	10043.000000
0.000000	10043.000000
0.000000	10043.000000
0.000000	10043.000000
0.000000	10043.000000
0.000000	10043.000000
0.000000	10043.000000
0.000000	10043.000000
0.000000	10043.000000
0.000000	10043.000000
0.000000	10043.000000
0.000000	10043.000000
0.000000	10043.000000
0.000000	10043.000000
0.000000	10043.000000
0.000000	10044.000000
0.000000	10044.000000
0.000000	10044.000000
0.000000	10044.000000
0.000000	10044.000000
0.000000	10044.000000
0.000000	10044.000000
0.000000	10044.000000
0.000000	10044.000000
0.000000	10044.000000
0.000000	10044.000000
0.000000	10044.000000
0.000000	10044.000000
0.000000	10044.000000
0.000000	10044.000000
0.000000	10044.000000
0.000000	10044.000000
0.000000	10044.000000
0.000000	10045.000000
0.000000	10045.000000
0.000000	10045.000000
0.000000	10045.000000
0.000000	10045.000000
0.000000	10045.000000
0.000000	10045.000000
0.000000	10045.000000
0.000000	10045.000000
0.000000	10045.000000
0.000000	10045.000000
0.000000	10045.000000
0.000000	10045.000000
0.000000	10045.000000
0.000000	10045.000000
0.000000	10045.000000
0.000000	10045.000000
0.000000	10046.000000
0.000000	10046.000000
0.000000	10046.000000
0.000000	10046.000000
0.000000	10046.000000
0.000000	10046.000000
0.000000	10046.000000
0.000000	10046.000000
0.000000	10046.000000
0.000000	10046.000000
0.000000	10046.000000
0.000000	10046.000000
0.000000	10046.000000
0.000000	10046.000000
0.000000	10046.000000
0.000000	10046.000000
0.000000	10046.000000
0.000000	10047.000000
0.000000	10047.000000
0.000000	10047.000000
0.000000	10047.000000
0.000000	10047.000000
0.000000	10047.000000
0.000000	10047.000000
0.000000	10047.000000
0.000000	10047.000000
0.000000	10047.000000
0.000000	10047.000000
0.000000	10047.000000
0.000000	10047.000000
0.000000	10047.000000
0.000000	10047.000000
0.000000	10047.000000
0.000000	10047.000000
0.000000	10048.000000
0.000000	10048.000000
0.000000	10048.000000
0.000000	10048.000000
0.000000	10048.000000
0.000000	10048.000000
0.000000	10048.000000
0.000000	10048.000000
0.000000	10048.000000
0.000000	10048.000000
0.000000	10048.000000
0.000000	10048.000000
0.000000	10048.000000
0.000000	10048.000000
0.000000	10048.000000
0.000000	10048.000000
0.000000	10048.000000
0.000000	10049.000000
0.000000	10049.000000
0.000000	10049.000000
0.000000	10049.000000
0.000000	10049.000000
0.000000	10049.000000
0.000000	10049.000000
0.000000	10049.000000
0.000000	10049.000000
0.000000	10049.000000
0.000000	10049.000000
0.000000	10049.000000
0.000000	10049.000000
0.000000	10049.000000
0.000000	10049.000000
0.000000	10049.000000
0.000000	10049.000000
0.000000	10050.000000
0.000000	10050.000000
0.000000	10050.000000
0.000000	10050.000000
0.000000	10050.000000
0.000000	10050.000000
0.000000	10050.000000
0.000000	10050.000000
0.000000	10050.000000
0.000000	10050.000000
0.000000	10050.000000
0.000000	10050.000000
0.000000	10050.000000
0.000000	10050.000000
0.000000	10050.000000
0.000000	10050.000000
0.000000	10050.000000
0.000000	10051.000000
0.000000	10051.000000
0.000000	10051.000000
0.000000	10051.000000
0.000000	10051.000000
0.000000	10051.000000
0.000000	10051.000000
0.000000	10051.000000
0.000000	10051.000000
0.000000	10051.000000
0.000000	10051.000000
0.000000	10051.000000
0.000000	10051.000000
0.000000	10051.000000
0.000000	10051.000000
0.000000	10051.000000
0.000000	10051.000000
0.000000	10052.000000
0.000000	10052.000000
0.000000	10052.000000
0.000000	10052.000000
0.000000	10052.000000
0.000000	10052.000000
0.000000	10052.000000
0.000000	10052.000000
0.000000	10052.000000
0.000000	10052.000000
0.000000	10052.000000
0.000000	10052.000000
0.000000	10052.000000
0.000000	10052.000000
0.000000	10052.000000
0.000000	10052.000000
0.000000	10052.000000
0.000000	10053.000000
0.000000	10053.000000
0.000000	10053.000000
0.000000	10053.000000
0.000000	10053.000000
0.000000	10053.000000
0.000000	10053.000000
0.000000	10053.000000
0.000000	10053.000000
0.000000	10053.000000
0.000000	10053.000000
0.000000	10053.000000
0.000000	10053.000000
0.000000	10053.000000
0.000000	10053.000000
0.000000	10053.000000
0.000000	10053.000000
0.000000	10054.000000
0.000000	10054.000000
0.000000	10054.000000
0.000000	10054.000000
0.000000	10054.000000
0.000000	10054.000000
0.000000	10054.000000
0.000000	10054.000000
0.000000	10054.000000
0.000000	10054.000000
0.000000	10054.000000
0.000000	10054.000000
0.000000	10054.000000
0.000000	10054.000000
0.000000	10054.000000
0.000000	10054.000000
0.000000	10054.000000
0.000000	10054.000000
0.000000	10055.000000
0.000000	10055.000000
0.000000	10055.000000
0.000000	10055.000000
0.000000	10055.000000
0.000000	10055.000000
0.000000	10055.000000
0.000000	10055.000000
0.000000	10055.000000
0.000000	10055.000000
0.000000	10055.000000
0.000000	10055.000000
0.000000	10055.000000
0.000000	10055.000000
0.000000	10055.000000
0.000000	10055.000000
0.000000	10055.000000
0.000000	10056.000000
0.000000	10056.000000
0.000000	10056.000000
0.000000	10056.000000
0.000000	10056.000000
0.000000	10056.000000
0.000000	10056.000000
0.000000	10056.000000
0.000000	10056.000000
0.000000	10056.000000
0.000000	10056.000000
0.000000	10056.000000
0.000000	10056.000000
0.000000	10056.000000
0.000000	10056.000000
0.000000	10056.000000
0.000000	10056.000000
0.000000	10057.000000
0.000000	10057.000000
0.000000	10057.000000
0.000000	10057.000000
0.000000	10057.000000
0.000000	10057.000000
0.000000	10057.000000
0.000000	10057.000000
0.000000	10057.000000
0.000000	10057.000000
0.000000	10057.000000
0.000000	10057.000000
0.000000	10057.000000
0.000000	10057.000000
0.000000	10057.000000
0.000000	10057.000000
0.000000	10057.000000
0.000000	10058.000000
0.000000	10058.000000
0.000000	10058.000000
0.000000	10058.000000
0.000000	10058.000000
0.000000	10058.000000
0.000000	10058.000000
0.000000	10058.000000
0.000000	10058.000000
0.000000	10058.000000
0.000000	10058.000000
0.000000	10058.000000
0.000000	10058.000000
0.000000	10058.000000
0.000000	10058.000000
0.000000	10058.000000
0.000000	10058.000000
0.000000	10059.000000
0.000000	10059.000000
0.000000	10059.000000
0.000000	10059.000000
0.000000	10059.000000
0.000000	10059.000000
0.000000	10059.000000
0.000000	10059.000000
0.000000	10059.000000
0.000000	10059.000000
0.000000	10059.000000
0.000000	10059.000000
0.000000	10059.000000
0.000000	10059.000000
0.000000	10059.000000
0.000000	10059.000000
0.000000	10100.000000
0.000000	10100.000000
0.000000	10100.000000
0.000000	10100.000000
0.000000	10100.000000
0.000000	10100.000000
0.000000	10100.000000
0.000000	10100.000000
0.000000	10100.000000
0.000000	10100.000000
0.000000	10100.000000
0.000000	10100.000000
0.000000	10100.000000
0.000000	10100.000000
0.000000	10100.000000
0.000000	10100.000000
0.000000	10100.000000
0.000000	10100.000000
0.000000	10101.000000
0.000000	10101.000000
0.000000	10101.000000
0.000000	10101.000000
0.000000	10101.000000
0.000000	10101.000000
0.000000	10101.000000
0.000000	10101.000000
0.000000	10101.000000
0.000000	10101.000000
0.000000	10101.000000
0.000000	10101.000000
0.000000	10101.000000
0.000000	10101.000000
0.000000	10101.000000
0.000000	10101.000000
0.000000	10101.000000
0.000000	10102.000000
0.000000	10102.000000
0.000000	10102.000000
0.000000	10102.000000
0.000000	10102.000000
0.000000	10102.000000
0.000000	10102.000000
0.000000	10102.000000
0.000000	10102.000000
0.000000	10102.000000
0.000000	10102.000000
0.000000	10102.000000
0.000000	10102.000000
0.000000	10102.000000
0.000000	10102.000000
0.000000	10102.000000
0.000000	10102.000000
0.000000	10103.000000
0.000000	10103.000000
0.000000	10103.000000
0.000000	10103.000000
0.000000	10103.000000
0.000000	10103.000000
0.000000	10103.000000
0.000000	10103.000000
0.000000	10103.000000
0.000000	10103.000000
0.000000	10103.000000
0.000000	10103.000000
0.000000	10103.000000
0.000000	10103.000000
0.000000	10103.000000
0.000000	10103.000000
0.000000	10103.000000
0.000000	10104.000000
0.000000	10104.000000
0.000000	10104.000000
0.000000	10104.000000
0.000000	10104.000000
0.000000	10104.000000
0.000000	10104.000000
0.000000	10104.000000
0.000000	10104.000000
0.000000	10104.000000
0.000000	10104.000000
0.000000	10104.000000
0.000000	10104.000000
0.000000	10104.000000
0.000000	10104.000000
0.000000	10104.000000
0.000000	10104.000000
0.000000	10105.000000
0.000000	10105.000000
0.000000	10105.000000
0.000000	10105.000000
0.000000	10105.000000
0.000000	10105.000000
0.000000	10105.000000
0.000000	10105.000000
0.000000	10105.000000
0.000000	10105.000000
0.000000	10105.000000
0.000000	10105.000000
0.000000	10105.000000
0.000000	10105.000000
0.000000	10105.000000
0.000000	10105.000000
0.000000	10105.000000
0.000000	10106.000000
0.000000	10106.000000
0.000000	10106.000000
0.000000	10106.000000
0.000000	10106.000000
0.000000	10106.000000
0.000000	10106.000000
0.000000	10106.000000
0.000000	10106.000000
0.000000	10106.000000
0.000000	10106.000000
0.000000	10106.000000
0.000000	10106.000000
0.000000	10106.000000
0.000000	10106.000000
0.000000	10106.000000
0.000000	10107.000000
0.000000	10107.000000
0.000000	10107.000000
0.000000	10107.000000
0.000000	10107.000000
0.000000	10107.000000
0.000000	10107.000000
0.000000	10107.000000
0.000000	10107.000000
0.000000	10107.000000
0.000000	10107.000000
0.000000	10107.000000
0.000000	10107.000000
0.000000	10107.000000
0.000000	10107.000000
0.000000	10107.000000
0.000000	10107.000000
0.000000	10107.000000
0.000000	10108.000000
0.000000	10108.000000
0.000000	10108.000000
0.000000	10108.000000
0.000000	10108.000000
0.000000	10108.000000
0.000000	10108.000000
0.000000	10108.000000
0.000000	10108.000000
0.000000	10108.000000
0.000000	10108.000000
0.000000	10108.000000
0.000000	10108.000000
0.000000	10108.000000
0.000000	10108.000000
0.000000	10108.000000
0.000000	10108.000000
0.000000	10109.000000
0.000000	10109.000000
0.000000	10109.000000
0.000000	10109.000000
0.000000	10109.000000
0.000000	10109.000000
0.000000	10109.000000
0.000000	10109.000000
0.000000	10109.000000
0.000000	10109.000000
0.000000	10109.000000
0.000000	10109.000000
0.000000	10109.000000
0.000000	10109.000000
0.000000	10109.000000
0.000000	10109.000000
0.000000	10109.000000
0.000000	10109.000000
0.000000	10110.000000
0.000000	10110.000000
0.000000	10110.000000
0.000000	10110.000000
0.000000	10110.000000
0.000000	10110.000000
0.000000	10110.000000
0.000000	10110.000000
0.000000	10110.000000
0.000000	10110.000000
0.000000	10110.000000
0.000000	10110.000000
0.000000	10110.000000
0.000000	10110.000000
0.000000	10110.000000
0.000000	10110.000000
0.000000	10111.000000
0.000000	10111.000000
0.000000	10111.000000
0.000000	10111.000000
0.000000	10111.000000
0.000000	10111.000000
0.000000	10111.000000
0.000000	10111.000000
0.000000	10111.000000
0.000000	10111.000000
0.000000	10111.000000
0.000000	10111.000000
0.000000	10111.000000
0.000000	10111.000000
0.000000	10111.000000
0.000000	10111.000000
0.000000	10111.000000
0.000000	10111.000000
0.000000	10112.000000
0.000000	10112.000000
0.000000	10112.000000
0.000000	10112.000000
0.000000	10112.000000
0.000000	10112.000000
0.000000	10112.000000
0.000000	10112.000000
0.000000	10112.000000
0.000000	10112.000000
0.000000	10112.000000
0.000000	10112.000000
0.000000	10112.000000
0.000000	10112.000000
0.000000	10112.000000
0.000000	10112.000000
0.000000	10112.000000
0.000000	10113.000000
0.000000	10113.000000
0.000000	10113.000000
0.000000	10113.000000
0.000000	10113.000000
0.000000	10113.000000
0.000000	10113.000000
0.000000	10113.000000
0.000000	10113.000000
0.000000	10113.000000
0.000000	10113.000000
0.000000	10113.000000
0.000000	10113.000000
0.000000	10113.000000
0.000000	10113.000000
0.000000	10113.000000
0.000000	10113.000000
0.000000	10114.000000
0.000000	10114.000000
0.000000	10114.000000
0.000000	10114.000000
0.000000	10114.000000
0.000000	10114.000000
0.000000	10114.000000
0.000000	10114.000000
0.000000	10114.000000
0.000000	10114.000000
0.000000	10114.000000
0.000000	10114.000000
0.000000	10114.000000
0.000000	10114.000000
0.000000	10114.000000
0.000000	10114.000000
0.000000	10114.000000
0.000000	10115.000000
0.000000	10115.000000
0.000000	10115.000000
0.000000	10115.000000
0.000000	10115.000000
0.000000	10115.000000
0.000000	10115.000000
0.000000	10115.000000
0.000000	10115.000000
0.000000	10115.000000
0.000000	10115.000000
0.000000	10115.000000
0.000000	10115.000000
0.000000	10115.000000
0.000000	10115.000000
0.000000	10115.000000
0.000000	10115.000000
0.000000	10116.000000
0.000000	10116.000000
0.000000	10116.000000
0.000000	10116.000000
0.000000	10116.000000
0.000000	10116.000000
0.000000	10116.000000
0.000000	10116.000000
0.000000	10116.000000
0.000000	10116.000000
0.000000	10116.000000
0.000000	10116.000000
0.000000	10116.000000
0.000000	10116.000000
0.000000	10116.000000
0.000000	10116.000000
0.000000	10116.000000
0.000000	10117.000000
0.000000	10117.000000
0.000000	10117.000000
0.000000	10117.000000
0.000000	10117.000000
0.000000	10117.000000
0.000000	10117.000000
0.000000	10117.000000
0.000000	10117.000000
0.000000	10117.000000
0.000000	10117.000000
0.000000	10117.000000
0.000000	10117.000000
0.000000	10117.000000
0.000000	10117.000000
0.000000	10117.000000
0.000000	10117.000000
0.000000	10118.000000
0.000000	10118.000000
0.000000	10118.000000
0.000000	10118.000000
0.000000	10118.000000
0.000000	10118.000000
0.000000	10118.000000
0.000000	10118.000000
0.000000	10118.000000
0.000000	10118.000000
0.000000	10118.000000
0.000000	10118.000000
0.000000	10118.000000
0.000000	10118.000000
0.000000	10118.000000
0.000000	10118.000000
0.000000	10118.000000
0.000000	10119.000000
0.000000	10119.000000
0.000000	10119.000000
0.000000	10119.000000
0.000000	10119.000000
0.000000	10119.000000
0.000000	10119.000000
0.000000	10119.000000
0.000000	10119.000000
0.000000	10119.000000
0.000000	10119.000000
0.000000	10119.000000
0.000000	10119.000000
0.000000	10119.000000
0.000000	10119.000000
0.000000	10119.000000
0.000000	10119.000000
0.000000	10120.000000
0.000000	10120.000000
0.000000	10120.000000
0.000000	10120.000000
0.000000	10120.000000
0.000000	10120.000000
0.000000	10120.000000
0.000000	10120.000000
0.000000	10120.000000
0.000000	10120.000000
0.000000	10120.000000
0.000000	10120.000000
0.000000	10120.000000
0.000000	10120.000000
0.000000	10120.000000
0.000000	10120.000000
0.000000	10121.000000
0.000000	10121.000000
0.000000	10121.000000
0.000000	10121.000000
0.000000	10121.000000
0.000000	10121.000000
0.000000	10121.000000
0.000000	10121.000000
0.000000	10121.000000
0.000000	10121.000000
0.000000	10121.000000
0.000000	10121.000000
0.000000	10121.000000
0.000000	10121.000000
0.000000	10121.000000
0.000000	10121.000000
0.000000	10121.000000
0.000000	10121.000000
0.000000	10122.000000
0.000000	10122.000000
0.000000	10122.000000
0.000000	10122.000000
0.000000	10122.000000
0.000000	10122.000000
0.000000	10122.000000
0.000000	10122.000000
0.000000	10122.000000
0.000000	10122.000000
0.000000	10122.000000
0.000000	10122.000000
0.000000	10122.000000
0.000000	10122.000000
0.000000	10122.000000
0.000000	10122.000000
0.000000	10122.000000
0.000000	10123.000000
0.000000	10123.000000
0.000000	10123.000000
0.000000	10123.000000
0.000000	10123.000000
0.000000	10123.000000
0.000000	10123.000000
0.000000	10123.000000
0.000000	10123.000000
0.000000	10123.000000
0.000000	10123.000000
0.000000	10123.000000
0.000000	10123.000000
0.000000	10123.000000
0.000000	10123.000000
0.000000	10123.000000
0.000000	10123.000000
0.000000	10123.000000
0.000000	10124.000000
0.000000	10124.000000
0.000000	10124.000000
0.000000	10124.000000
0.000000	10124.000000
0.000000	10124.000000
0.000000	10124.000000
0.000000	10124.000000
0.000000	10124.000000
0.000000	10124.000000
0.000000	10124.000000
0.000000	10124.000000
0.000000	10124.000000
0.000000	10124.000000
0.000000	10124.000000
0.000000	10124.000000
0.000000	10124.000000
0.000000	10125.000000
0.000000	10125.000000
0.000000	10125.000000
0.000000	10125.000000
0.000000	10125.000000
0.000000	10125.000000
0.000000	10125.000000
0.000000	10125.000000
0.000000	10125.000000
0.000000	10125.000000
0.000000	10125.000000
0.000000	10125.000000
0.000000	10125.000000
0.000000	10125.000000
0.000000	10125.000000
0.000000	10125.000000
0.000000	10125.000000
0.000000	10126.000000
0.000000	10126.000000
0.000000	10126.000000
0.000000	10126.000000
0.000000	10126.000000
0.000000	10126.000000
0.000000	10126.000000
0.000000	10126.000000
0.000000	10126.000000
0.000000	10126.000000
0.000000	10126.000000
0.000000	10126.000000
0.000000	10126.000000
0.000000	10126.000000
0.000000	10126.000000
0.000000	10126.000000
0.000000	10126.000000
0.000000	10127.000000
0.000000	10127.000000
0.000000	10127.000000
0.000000	10127.000000
0.000000	10127.000000
0.000000	10127.000000
0.000000	10127.000000
0.000000	10127.000000
0.000000	10127.000000
0.000000	10127.000000
0.000000	10127.000000
0.000000	10127.000000
0.000000	10127.000000
0.000000	10127.000000
0.000000	10127.000000
0.000000	10127.000000
0.000000	10127.000000
0.000000	10128.000000
0.000000	10128.000000
0.000000	10128.000000
0.000000	10128.000000
0.000000	10128.000000
0.000000	10128.000000
0.000000	10128.000000
0.000000	10128.000000
0.000000	10128.000000
0.000000	10128.000000
0.000000	10128.000000
0.000000	10128.000000
0.000000	10128.000000
0.000000	10128.000000
0.000000	10128.000000
0.000000	10129.000000
0.000000	10129.000000
0.000000	10129.000000
0.000000	10129.000000
0.000000	10129.000000
0.000000	10129.000000
0.000000	10129.000000
0.000000	10129.000000
0.000000	10129.000000
0.000000	10129.000000
0.000000	10129.000000
0.000000	10129.000000
0.000000	10129.000000
0.000000	10129.000000
0.000000	10129.000000
0.000000	10129.000000
0.000000	10129.000000
0.000000	10129.000000
0.000000	10129.000000
0.000000	10130.000000
0.000000	10130.000000
0.000000	10130.000000
0.000000	10130.000000
0.000000	10130.000000
0.000000	10130.000000
0.000000	10130.000000
0.000000	10130.000000
0.000000	10130.000000
0.000000	10130.000000
0.000000	10130.000000
0.000000	10130.000000
0.000000	10130.000000
0.000000	10130.000000
0.000000	10130.000000
0.000000	10130.000000
0.000000	10130.000000
0.000000	10131.000000
0.000000	10131.000000
0.000000	10131.000000
0.000000	10131.000000
0.000000	10131.000000
0.000000	10131.000000
0.000000	10131.000000
0.000000	10131.000000
0.000000	10131.000000
0.000000	10131.000000
0.000000	10131.000000
0.000000	10131.000000
0.000000	10131.000000
0.000000	10131.000000
0.000000	10131.000000
0.000000	10131.000000
0.000000	10131.000000
0.000000	10132.000000
0.000000	10132.000000
0.000000	10132.000000
0.000000	10132.000000
0.000000	10132.000000
0.000000	10132.000000
0.000000	10132.000000
0.000000	10132.000000
0.000000	10132.000000
0.000000	10132.000000
0.000000	10132.000000
0.000000	10132.000000
0.000000	10132.000000
0.000000	10132.000000
0.000000	10132.000000
0.000000	10132.000000
0.000000	10132.000000
0.000000	10133.000000
0.000000	10133.000000
0.000000	10133.000000
0.000000	10133.000000
0.000000	10133.000000
0.000000	10133.000000
0.000000	10133.000000
0.000000	10133.000000
0.000000	10133.000000
0.000000	10133.000000
0.000000	10133.000000
0.000000	10133.000000
0.000000	10133.000000
0.000000	10133.000000
0.000000	10133.000000
0.000000	10133.000000
0.000000	10133.000000
0.000000	10134.000000
0.000000	10134.000000
0.000000	10134.000000
0.000000	10134.000000
0.000000	10134.000000
0.000000	10134.000000
0.000000	10134.000000
0.000000	10134.000000
0.000000	10134.000000
0.000000	10134.000000
0.000000	10134.000000
0.000000	10134.000000
0.000000	10134.000000
0.000000	10134.000000
0.000000	10134.000000
0.000000	10134.000000
0.000000	10134.000000
0.000000	10135.000000
0.000000	10135.000000
0.000000	10135.000000
0.000000	10135.000000
0.000000	10135.000000
0.000000	10135.000000
0.000000	10135.000000
0.000000	10135.000000
0.000000	10135.000000
0.000000	10135.000000
0.000000	10135.000000
0.000000	10135.000000
0.000000	10135.000000
0.000000	10135.000000
0.000000	10135.000000
0.000000	10135.000000
0.000000	10135.000000
0.000000	10136.000000
0.000000	10136.000000
0.000000	10136.000000
0.000000	10136.000000
0.000000	10136.000000
0.000000	10136.000000
0.000000	10136.000000
0.000000	10136.000000
0.000000	10136.000000
0.000000	10136.000000
0.000000	10136.000000
0.000000	10136.000000
0.000000	10136.000000
0.000000	10136.000000
0.000000	10136.000000
0.000000	10136.000000
0.000000	10136.000000
0.000000	10137.000000
0.000000	10137.000000
0.000000	10137.000000
0.000000	10137.000000
0.000000	10137.000000
0.000000	10137.000000
0.000000	10137.000000
0.000000	10137.000000
0.000000	10137.000000
0.000000	10137.000000
0.000000	10137.000000
0.000000	10137.000000
0.000000	10137.000000
0.000000	10137.000000
0.000000	10137.000000
0.000000	10137.000000
0.000000	10137.000000
0.000000	10138.000000
0.000000	10138.000000
0.000000	10138.000000
0.000000	10138.000000
0.000000	10138.000000
0.000000	10138.000000
0.000000	10138.000000
0.000000	10138.000000
0.000000	10138.000000
0.000000	10138.000000
0.000000	10138.000000
0.000000	10138.000000
0.000000	10138.000000
0.000000	10138.000000
0.000000	10138.000000
0.000000	10138.000000
0.000000	10138.000000
0.000000	10138.000000
0.000000	10139.000000
0.000000	10139.000000
0.000000	10139.000000
0.000000	10139.000000
0.000000	10139.000000
0.000000	10139.000000
0.000000	10139.000000
0.000000	10139.000000
0.000000	10139.000000
0.000000	10139.000000
0.000000	10139.000000
0.000000	10139.000000
0.000000	10139.000000
0.000000	10139.000000
0.000000	10139.000000
0.000000	10139.000000
0.000000	10139.000000
0.000000	10140.000000
0.000000	10140.000000
0.000000	10140.000000
0.000000	10140.000000
0.000000	10140.000000
0.000000	10140.000000
0.000000	10140.000000
0.000000	10140.000000
0.000000	10140.000000
0.000000	10140.000000
0.000000	10140.000000
0.000000	10140.000000
0.000000	10140.000000
0.000000	10140.000000
0.000000	10140.000000
0.000000	10140.000000
0.000000	10140.000000
0.000000	10141.000000
0.000000	10141.000000
0.000000	10141.000000
0.000000	10141.000000
0.000000	10141.000000
0.000000	10141.000000
0.000000	10141.000000
0.000000	10141.000000
0.000000	10141.000000
0.000000	10141.000000
0.000000	10141.000000
0.000000	10141.000000
0.000000	10141.000000
0.000000	10141.000000
0.000000	10141.000000
0.000000	10141.000000
0.000000	10141.000000
0.000000	10142.000000
0.000000	10142.000000
0.000000	10142.000000
0.000000	10142.000000
0.000000	10142.000000
0.000000	10142.000000
0.000000	10142.000000
0.000000	10142.000000
0.000000	10142.000000
0.000000	10142.000000
0.000000	10142.000000
0.000000	10142.000000
0.000000	10142.000000
0.000000	10142.000000
0.000000	10142.000000
0.000000	10142.000000
0.000000	10142.000000
0.000000	10143.000000
0.000000	10143.000000
0.000000	10143.000000
0.000000	10143.000000
0.000000	10143.000000
0.000000	10143.000000
0.000000	10143.000000
0.000000	10143.000000
0.000000	10143.000000
0.000000	10143.000000
0.000000	10143.000000
0.000000	10143.000000
0.000000	10143.000000
0.000000	10143.000000
0.000000	10143.000000
0.000000	10143.000000
0.000000	10143.000000
0.000000	10144.000000
0.000000	10144.000000
0.000000	10144.000000
0.000000	10144.000000
0.000000	10144.000000
0.000000	10144.000000
0.000000	10144.000000
0.000000	10144.000000
0.000000	10144.000000
0.000000	10144.000000
0.000000	10144.000000
0.000000	10144.000000
0.000000	10144.000000
0.000000	10144.000000
0.000000	10144.000000
0.000000	10144.000000
0.000000	10144.000000
0.000000	10145.000000
0.000000	10145.000000
0.000000	10145.000000
0.000000	10145.000000
0.000000	10145.000000
0.000000	10145.000000
0.000000	10145.000000
0.000000	10145.000000
0.000000	10145.000000
0.000000	10145.000000
0.000000	10145.000000
0.000000	10145.000000
0.000000	10145.000000
0.000000	10145.000000
0.000000	10145.000000
0.000000	10145.000000
0.000000	10145.000000
0.000000	10146.000000
0.000000	10146.000000
0.000000	10146.000000
0.000000	10146.000000
0.000000	10146.000000
0.000000	10146.000000
0.000000	10146.000000
0.000000	10146.000000
0.000000	10146.000000
0.000000	10146.000000
0.000000	10146.000000
0.000000	10146.000000
0.000000	10146.000000
0.000000	10146.000000
0.000000	10146.000000
0.000000	10146.000000
0.000000	10146.000000
0.000000	10147.000000
0.000000	10147.000000
0.000000	10147.000000
0.000000	10147.000000
0.000000	10147.000000
0.000000	10147.000000
0.000000	10147.000000
0.000000	10147.000000
0.000000	10147.000000
0.000000	10147.000000
0.000000	10147.000000
0.000000	10147.000000
0.000000	10147.000000
0.000000	10147.000000
0.000000	10147.000000
0.000000	10148.000000
0.000000	10148.000000
0.000000	10148.000000
0.000000	10148.000000
0.000000	10148.000000
0.000000	10148.000000
0.000000	10148.000000
0.000000	10148.000000
0.000000	10148.000000
0.000000	10148.000000
0.000000	10148.000000
0.000000	10148.000000
0.000000	10148.000000
0.000000	10148.000000
0.000000	10148.000000
0.000000	10148.000000
0.000000	10148.000000
0.000000	10148.000000
0.000000	10148.000000
0.000000	10149.000000
0.000000	10149.000000
0.000000	10149.000000
0.000000	10149.000000
0.000000	10149.000000
0.000000	10149.000000
0.000000	10149.000000
0.000000	10149.000000
0.000000	10149.000000
0.000000	10149.000000
0.000000	10149.000000
0.000000	10149.000000
0.000000	10149.000000
0.000000	10149.000000
0.000000	10149.000000
0.000000	10149.000000
0.000000	10149.000000
0.000000	10150.000000
0.000000	10150.000000
0.000000	10150.000000
0.000000	10150.000000
0.000000	10150.000000
0.000000	10150.000000
0.000000	10150.000000
0.000000	10150.000000
0.000000	10150.000000
0.000000	10150.000000
0.000000	10150.000000
0.000000	10150.000000
0.000000	10150.000000
0.000000	10150.000000
0.000000	10150.000000
0.000000	10150.000000
0.000000	10151.000000
0.000000	10151.000000
0.000000	10151.000000
0.000000	10151.000000
0.000000	10151.000000
0.000000	10151.000000
0.000000	10151.000000
0.000000	10151.000000
0.000000	10151.000000
0.000000	10151.000000
0.000000	10151.000000
0.000000	10151.000000
0.000000	10151.000000
0.000000	10151.000000
0.000000	10151.000000
0.000000	10151.000000
0.000000	10151.000000
0.000000	10151.000000
0.000000	10152.000000
0.000000	10152.000000
0.000000	10152.000000
0.000000	10152.000000
0.000000	10152.000000
0.000000	10152.000000
0.000000	10152.000000
0.000000	10152.000000
0.000000	10152.000000
0.000000	10152.000000
0.000000	10152.000000
0.000000	10152.000000
0.000000	10152.000000
0.000000	10152.000000
0.000000	10152.000000
0.000000	10152.000000
0.000000	10152.000000
0.000000	10153.000000
0.000000	10153.000000
0.000000	10153.000000
0.000000	10153.000000
0.000000	10153.000000
0.000000	10153.000000
0.000000	10153.000000
0.000000	10153.000000
0.000000	10153.000000
0.000000	10153.000000
0.000000	10153.000000
0.000000	10153.000000
0.000000	10153.000000
0.000000	10153.000000
0.000000	10153.000000
0.000000	10153.000000
0.000000	10153.000000
0.000000	10153.000000
0.000000	10154.000000
0.000000	10154.000000
0.000000	10154.000000
0.000000	10154.000000
0.000000	10154.000000
0.000000	10154.000000
0.000000	10154.000000
0.000000	10154.000000
0.000000	10154.000000
0.000000	10154.000000
0.000000	10154.000000
0.000000	10154.000000
0.000000	10154.000000
0.000000	10154.000000
0.000000	10154.000000
0.000000	10154.000000
0.000000	10154.000000
0.000000	10155.000000
0.000000	10155.000000
0.000000	10155.000000
0.000000	10155.000000
0.000000	10155.000000
0.000000	10155.000000
0.000000	10155.000000
0.000000	10155.000000
0.000000	10155.000000
0.000000	10155.000000
0.000000	10155.000000
0.000000	10155.000000
0.000000	10155.000000
0.000000	10155.000000
0.000000	10155.000000
0.000000	10155.000000
0.000000	10155.000000
0.000000	10156.000000
0.000000	10156.000000
0.000000	10156.000000
0.000000	10156.000000
0.000000	10156.000000
0.000000	10156.000000
0.000000	10156.000000
0.000000	10156.000000
0.000000	10156.000000
0.000000	10156.000000
0.000000	10156.000000
0.000000	10156.000000
0.000000	10156.000000
0.000000	10156.000000
0.000000	10156.000000
0.000000	10156.000000
0.000000	10157.000000
0.000000	10157.000000
0.000000	10157.000000
0.000000	10157.000000
0.000000	10157.000000
0.000000	10157.000000
0.000000	10157.000000
0.000000	10157.000000
0.000000	10157.000000
0.000000	10157.000000
0.000000	10157.000000
0.000000	10157.000000
0.000000	10157.000000
0.000000	10157.000000
0.000000	10157.000000
0.000000	10157.000000
0.000000	10157.000000
0.000000	10157.000000
0.000000	10158.000000
0.000000	10158.000000
0.000000	10158.000000
0.000000	10158.000000
0.000000	10158.000000
0.000000	10158.000000
0.000000	10158.000000
0.000000	10158.000000
0.000000	10158.000000
0.000000	10158.000000
0.000000	10158.000000
0.000000	10158.000000
0.000000	10158.000000
0.000000	10158.000000
0.000000	10158.000000
0.000000	10158.000000
0.000000	10158.000000
0.000000	10159.000000
0.000000	10159.000000
0.000000	10159.000000
0.000000	10159.000000
0.000000	10159.000000
0.000000	10159.000000
0.000000	10159.000000
0.000000	10159.000000
0.000000	10159.000000
0.000000	10159.000000
0.000000	10159.000000
0.000000	10159.000000
0.000000	10159.000000
0.000000	10159.000000
0.000000	10159.000000
0.000000	10159.000000
0.000000	10159.000000
0.000000	10200.000000
0.000000	10200.000000
0.000000	10200.000000
0.000000	10200.000000
0.000000	10200.000000
0.000000	10200.000000
0.000000	10200.000000
0.000000	10200.000000
0.000000	10200.000000
0.000000	10200.000000
0.000000	10200.000000
0.000000	10200.000000
0.000000	10200.000000
0.000000	10200.000000
0.000000	10200.000000
0.000000	10200.000000
0.000000	10200.000000
0.000000	10201.000000
0.000000	10201.000000
0.000000	10201.000000
0.000000	10201.000000
0.000000	10201.000000
0.000000	10201.000000
0.000000	10201.000000
0.000000	10201.000000
0.000000	10201.000000
0.000000	10201.000000
0.000000	10201.000000
0.000000	10201.000000
0.000000	10201.000000
0.000000	10201.000000
0.000000	10201.000000
0.000000	10201.000000
0.000000	10201.000000
0.000000	10202.000000
0.000000	10202.000000
0.000000	10202.000000
0.000000	10202.000000
0.000000	10202.000000
0.000000	10202.000000
0.000000	10202.000000
0.000000	10202.000000
0.000000	10202.000000
0.000000	10202.000000
0.000000	10202.000000
0.000000	10202.000000
0.000000	10202.000000
0.000000	10202.000000
0.000000	10202.000000
0.000000	10202.000000
0.000000	10202.000000
0.000000	10203.000000
0.000000	10203.000000
0.000000	10203.000000
0.000000	10203.000000
0.000000	10203.000000
0.000000	10203.000000
0.000000	10203.000000
0.000000	10203.000000
0.000000	10203.000000
0.000000	10203.000000
0.000000	10203.000000
0.000000	10203.000000
0.000000	10203.000000
0.000000	10203.000000
0.000000	10203.000000
0.000000	10203.000000
0.000000	10204.000000
0.000000	10204.000000
0.000000	10204.000000
0.000000	10204.000000
0.000000	10204.000000
0.000000	10204.000000
0.000000	10204.000000
0.000000	10204.000000
0.000000	10204.000000
0.000000	10204.000000
0.000000	10204.000000
0.000000	10204.000000
0.000000	10204.000000
0.000000	10204.000000
0.000000	10204.000000
0.000000	10204.000000
0.000000	10204.000000
0.000000	10204.000000
0.000000	10205.000000
0.000000	10205.000000
0.000000	10205.000000
0.000000	10205.000000
0.000000	10205.000000
0.000000	10205.000000
0.000000	10205.000000
0.000000	10205.000000
0.000000	10205.000000
0.000000	10205.000000
0.000000	10205.000000
0.000000	10205.000000
0.000000	10205.000000
0.000000	10205.000000
0.000000	10205.000000
0.000000	10205.000000
0.000000	10205.000000
0.000000	10206.000000
0.000000	10206.000000
0.000000	10206.000000
0.000000	10206.000000
0.000000	10206.000000
0.000000	10206.000000
0.000000	10206.000000
0.000000	10206.000000
0.000000	10206.000000
0.000000	10206.000000
0.000000	10206.000000
0.000000	10206.000000
0.000000	10206.000000
0.000000	10206.000000
0.000000	10206.000000
0.000000	10206.000000
0.000000	10206.000000
0.000000	10207.000000
0.000000	10207.000000
0.000000	10207.000000
0.000000	10207.000000
0.000000	10207.000000
0.000000	10207.000000
0.000000	10207.000000
0.000000	10207.000000
0.000000	10207.000000
0.000000	10207.000000
0.000000	10207.000000
0.000000	10207.000000
0.000000	10207.000000
0.000000	10207.000000
0.000000	10207.000000
0.000000	10207.000000
0.000000	10207.000000
0.000000	10208.000000
0.000000	10208.000000
0.000000	10208.000000
0.000000	10208.000000
0.000000	10208.000000
0.000000	10208.000000
0.000000	10208.000000
0.000000	10208.000000
0.000000	10208.000000
0.000000	10208.000000
0.000000	10208.000000
0.000000	10208.000000
0.000000	10208.000000
0.000000	10208.000000
0.000000	10208.000000
0.000000	10208.000000
0.000000	10208.000000
0.000000	10209.000000
0.000000	10209.000000
0.000000	10209.000000
0.000000	10209.000000
0.000000	10209.000000
0.000000	10209.000000
0.000000	10209.000000
0.000000	10209.000000
0.000000	10209.000000
0.000000	10209.000000
0.000000	10209.000000
0.000000	10209.000000
0.000000	10209.000000
0.000000	10209.000000
0.000000	10209.000000
0.000000	10209.000000
0.000000	10209.000000
0.000000	10209.000000
0.000000	10210.000000
0.000000	10210.000000
0.000000	10210.000000
0.000000	10210.000000
0.000000	10210.000000
0.000000	10210.000000
0.000000	10210.000000
0.000000	10210.000000
0.000000	10210.000000
0.000000	10210.000000
0.000000	10210.000000
0.000000	10210.000000
0.000000	10210.000000
0.000000	10210.000000
0.000000	10210.000000
0.000000	10210.000000
0.000000	10210.000000
0.000000	10211.000000
0.000000	10211.000000
0.000000	10211.000000
0.000000	10211.000000
0.000000	10211.000000
0.000000	10211.000000
0.000000	10211.000000
0.000000	10211.000000
0.000000	10211.000000
0.000000	10211.000000
0.000000	10211.000000
0.000000	10211.000000
0.000000	10211.000000
0.000000	10211.000000
0.000000	10211.000000
0.000000	10212.000000
0.000000	10212.000000
0.000000	10212.000000
0.000000	10212.000000
0.000000	10212.000000
0.000000	10212.000000
0.000000	10212.000000
0.000000	10212.000000
0.000000	10212.000000
0.000000	10212.000000
0.000000	10212.000000
0.000000	10212.000000
0.000000	10212.000000
0.000000	10212.000000
0.000000	10212.000000
0.000000	10212.000000
0.000000	10212.000000
0.000000	10212.000000
0.000000	10212.000000
0.000000	10213.000000
0.000000	10213.000000
0.000000	10213.000000
0.000000	10213.000000
0.000000	10213.000000
0.000000	10213.000000
0.000000	10213.000000
0.000000	10213.000000
0.000000	10213.000000
0.000000	10213.000000
0.000000	10213.000000
0.000000	10213.000000
0.000000	10213.000000
0.000000	10213.000000
0.000000	10213.000000
0.000000	10213.000000
0.000000	10214.000000
0.000000	10214.000000
0.000000	10214.000000
0.000000	10214.000000
0.000000	10214.000000
0.000000	10214.000000
0.000000	10214.000000
0.000000	10214.000000
0.000000	10214.000000
0.000000	10214.000000
0.000000	10214.000000
0.000000	10214.000000
0.000000	10214.000000
0.000000	10214.000000
0.000000	10214.000000
0.000000	10214.000000
0.000000	10214.000000
0.000000	10214.000000
0.000000	10215.000000
0.000000	10215.000000
0.000000	10215.000000
0.000000	10215.000000
0.000000	10215.000000
0.000000	10215.000000
0.000000	10215.000000
0.000000	10215.000000
0.000000	10215.000000
0.000000	10215.000000
0.000000	10215.000000
0.000000	10215.000000
0.000000	10215.000000
0.000000	10215.000000
0.000000	10215.000000
0.000000	10215.000000
0.000000	10215.000000
0.000000	10216.000000
0.000000	10216.000000
0.000000	10216.000000
0.000000	10216.000000
0.000000	10216.000000
0.000000	10216.000000
0.000000	10216.000000
0.000000	10216.000000
0.000000	10216.000000
0.000000	10216.000000
0.000000	10216.000000
0.000000	10216.000000
0.000000	10216.000000
0.000000	10216.000000
0.000000	10216.000000
0.000000	10216.000000
0.000000	10216.000000
0.000000	10217.000000
0.000000	10217.000000
0.000000	10217.000000
0.000000	10217.000000
0.000000	10217.000000
0.000000	10217.000000
0.000000	10217.000000
0.000000	10217.000000
0.000000	10217.000000
0.000000	10217.000000
0.000000	10217.000000
0.000000	10217.000000
0.000000	10217.000000
0.000000	10217.000000
0.000000	10217.000000
0.000000	10217.000000
0.000000	10217.000000
0.000000	10218.000000
0.000000	10218.000000
0.000000	10218.000000
0.000000	10218.000000
0.000000	10218.000000
0.000000	10218.000000
0.000000	10218.000000
0.000000	10218.000000
0.000000	10218.000000
0.000000	10218.000000
0.000000	10218.000000
0.000000	10218.000000
0.000000	10218.000000
0.000000	10218.000000
0.000000	10218.000000
0.000000	10218.000000
0.000000	10218.000000
0.000000	10219.000000
0.000000	10219.000000
0.000000	10219.000000
0.000000	10219.000000
0.000000	10219.000000
0.000000	10219.000000
0.000000	10219.000000
0.000000	10219.000000
0.000000	10219.000000
0.000000	10219.000000
0.000000	10219.000000
0.000000	10219.000000
0.000000	10219.000000
0.000000	10219.000000
0.000000	10219.000000
0.000000	10219.000000
0.000000	10219.000000
0.000000	10220.000000
0.000000	10220.000000
0.000000	10220.000000
0.000000	10220.000000
0.000000	10220.000000
0.000000	10220.000000
0.000000	10220.000000
0.000000	10220.000000
0.000000	10220.000000
0.000000	10220.000000
0.000000	10220.000000
0.000000	10220.000000
0.000000	10220.000000
0.000000	10220.000000
0.000000	10220.000000
0.000000	10220.000000
0.000000	10220.000000
0.000000	10221.000000
0.000000	10221.000000
0.000000	10221.000000
0.000000	10221.000000
0.000000	10221.000000
0.000000	10221.000000
0.000000	10221.000000
0.000000	10221.000000
0.000000	10221.000000
0.000000	10221.000000
0.000000	10221.000000
0.000000	10221.000000
0.000000	10221.000000
0.000000	10221.000000
0.000000	10221.000000
0.000000	10221.000000
0.000000	10221.000000
0.000000	10222.000000
0.000000	10222.000000
0.000000	10222.000000
0.000000	10222.000000
0.000000	10222.000000
0.000000	10222.000000
0.000000	10222.000000
0.000000	10222.000000
0.000000	10222.000000
0.000000	10222.000000
0.000000	10222.000000
0.000000	10222.000000
0.000000	10222.000000
0.000000	10222.000000
0.000000	10222.000000
0.000000	10222.000000
0.000000	10222.000000
0.000000	10223.000000
0.000000	10223.000000
0.000000	10223.000000
0.000000	10223.000000
0.000000	10223.000000
0.000000	10223.000000
0.000000	10223.000000
0.000000	10223.000000
0.000000	10223.000000
0.000000	10223.000000
0.000000	10223.000000
0.000000	10223.000000
0.000000	10223.000000
0.000000	10223.000000
0.000000	10223.000000
0.000000	10223.000000
0.000000	10223.000000
0.000000	10224.000000
0.000000	10224.000000
0.000000	10224.000000
0.000000	10224.000000
0.000000	10224.000000
0.000000	10224.000000
0.000000	10224.000000
0.000000	10224.000000
0.000000	10224.000000
0.000000	10224.000000
0.000000	10224.000000
0.000000	10224.000000
0.000000	10224.000000
0.000000	10224.000000
0.000000	10224.000000
0.000000	10224.000000
0.000000	10225.000000
0.000000	10225.000000
0.000000	10225.000000
0.000000	10225.000000
0.000000	10225.000000
0.000000	10225.000000
0.000000	10225.000000
0.000000	10225.000000
0.000000	10225.000000
0.000000	10225.000000
0.000000	10225.000000
0.000000	10225.000000
0.000000	10225.000000
0.000000	10225.000000
0.000000	10225.000000
0.000000	10225.000000
0.000000	10225.000000
0.000000	10225.000000
0.000000	10226.000000
0.000000	10226.000000
0.000000	10226.000000
0.000000	10226.000000
0.000000	10226.000000
0.000000	10226.000000
0.000000	10226.000000
0.000000	10226.000000
0.000000	10226.000000
0.000000	10226.000000
0.000000	10226.000000
0.000000	10226.000000
0.000000	10226.000000
0.000000	10226.000000
0.000000	10226.000000
0.000000	10226.000000
0.000000	10226.000000
0.000000	10226.000000
0.000000	10227.000000
0.000000	10227.000000
0.000000	10227.000000
0.000000	10227.000000
0.000000	10227.000000
0.000000	10227.000000
0.000000	10227.000000
0.000000	10227.000000
0.000000	10227.000000
0.000000	10227.000000
0.000000	10227.000000
0.000000	10227.000000
0.000000	10227.000000
0.000000	10227.000000
0.000000	10227.000000
0.000000	10227.000000
0.000000	10227.000000
0.000000	10228.000000
0.000000	10228.000000
0.000000	10228.000000
0.000000	10228.000000
0.000000	10228.000000
0.000000	10228.000000
0.000000	10228.000000
0.000000	10228.000000
0.000000	10228.000000
0.000000	10228.000000
0.000000	10228.000000
0.000000	10228.000000
0.000000	10228.000000
0.000000	10228.000000
0.000000	10228.000000
0.000000	10228.000000
0.000000	10228.000000
0.000000	10229.000000
0.000000	10229.000000
0.000000	10229.000000
0.000000	10229.000000
0.000000	10229.000000
0.000000	10229.000000
0.000000	10229.000000
0.000000	10229.000000
0.000000	10229.000000
0.000000	10229.000000
0.000000	10229.000000
0.000000	10229.000000
0.000000	10229.000000
0.000000	10229.000000
0.000000	10229.000000
0.000000	10229.000000
0.000000	10229.000000
0.000000	10230.000000
0.000000	10230.000000
0.000000	10230.000000
0.000000	10230.000000
0.000000	10230.000000
0.000000	10230.000000
0.000000	10230.000000
0.000000	10230.000000
0.000000	10230.000000
0.000000	10230.000000
0.000000	10230.000000
0.000000	10230.000000
0.000000	10230.000000
0.000000	10230.000000
0.000000	10230.000000
0.000000	10230.000000
0.000000	10230.000000
0.000000	10231.000000
0.000000	10231.000000
0.000000	10231.000000
0.000000	10231.000000
0.000000	10231.000000
0.000000	10231.000000
0.000000	10231.000000
0.000000	10231.000000
0.000000	10231.000000
0.000000	10231.000000
0.000000	10231.000000
0.000000	10231.000000
0.000000	10231.000000
0.000000	10231.000000
0.000000	10231.000000
0.000000	10231.000000
0.000000	10231.000000
0.000000	10232.000000
0.000000	10232.000000
0.000000	10232.000000
0.000000	10232.000000
0.000000	10232.000000
0.000000	10232.000000
0.000000	10232.000000
0.000000	10232.000000
0.000000	10232.000000
0.000000	10232.000000
0.000000	10232.000000
0.000000	10232.000000
0.000000	10232.000000
0.000000	10232.000000
0.000000	10232.000000
0.000000	10232.000000
0.000000	10232.000000
0.000000	10233.000000
0.000000	10233.000000
0.000000	10233.000000
0.000000	10233.000000
0.000000	10233.000000
0.000000	10233.000000
0.000000	10233.000000
0.000000	10233.000000
0.000000	10233.000000
0.000000	10233.000000
0.000000	10233.000000
0.000000	10233.000000
0.000000	10233.000000
0.000000	10233.000000
0.000000	10233.000000
0.000000	10233.000000
0.000000	10233.000000
0.000000	10234.000000
0.000000	10234.000000
0.000000	10234.000000
0.000000	10234.000000
0.000000	10234.000000
0.000000	10234.000000
0.000000	10234.000000
0.000000	10234.000000
0.000000	10234.000000
0.000000	10234.000000
0.000000	10234.000000
0.000000	10234.000000
0.000000	10234.000000
0.000000	10234.000000
0.000000	10234.000000
0.000000	10234.000000
0.000000	10234.000000
0.000000	10235.000000
0.000000	10235.000000
0.000000	10235.000000
0.000000	10235.000000
0.000000	10235.000000
0.000000	10235.000000
0.000000	10235.000000
0.000000	10235.000000
0.000000	10235.000000
0.000000	10235.000000
0.000000	10235.000000
0.000000	10235.000000
0.000000	10235.000000
0.000000	10235.000000
0.000000	10235.000000
0.000000	10235.000000
0.000000	10235.000000
0.000000	10236.000000
0.000000	10236.000000
0.000000	10236.000000
0.000000	10236.000000
0.000000	10236.000000
0.000000	10236.000000
0.000000	10236.000000
0.000000	10236.000000
0.000000	10236.000000
0.000000	10236.000000
0.000000	10236.000000
0.000000	10236.000000
0.000000	10236.000000
0.000000	10236.000000
0.000000	10236.000000
0.000000	10236.000000
0.000000	10236.000000
0.000000	10237.000000
0.000000	10237.000000
0.000000	10237.000000
0.000000	10237.000000
0.000000	10237.000000
0.000000	10237.000000
0.000000	10237.000000
0.000000	10237.000000
0.000000	10237.000000
0.000000	10237.000000
0.000000	10237.000000
0.000000	10237.000000
0.000000	10237.000000
0.000000	10237.000000
0.000000	10237.000000
0.000000	10237.000000
0.000000	10237.000000
0.000000	10238.000000
0.000000	10238.000000
0.000000	10238.000000
0.000000	10238.000000
0.000000	10238.000000
0.000000	10238.000000
0.000000	10238.000000
0.000000	10238.000000
0.000000	10238.000000
0.000000	10238.000000
0.000000	10238.000000
0.000000	10238.000000
0.000000	10238.000000
0.000000	10238.000000
0.000000	10238.000000
0.000000	10238.000000
0.000000	10238.000000
0.000000	10239.000000
0.000000	10239.000000
0.000000	10239.000000
0.000000	10239.000000
0.000000	10239.000000
0.000000	10239.000000
0.000000	10239.000000
0.000000	10239.000000
