0.000000	123812.000000
0.000000	123812.000000
0.000000	123812.000000
0.000000	123812.000000
0.000000	123812.000000
0.000000	123812.000000
0.000000	123812.000000
0.000000	123813.000000
0.000000	123813.000000
0.000000	123813.000000
0.000000	123813.000000
0.000000	123813.000000
0.000000	123813.000000
0.000000	123813.000000
0.000000	123813.000000
0.000000	123813.000000
0.000000	123813.000000
0.000000	123813.000000
0.000000	123813.000000
0.000000	123813.000000
0.000000	123813.000000
0.000000	123813.000000
0.000000	123813.000000
0.000000	123813.000000
0.000000	123814.000000
0.000000	123814.000000
0.000000	123814.000000
0.000000	123814.000000
0.000000	123814.000000
0.000000	123814.000000
0.000000	123814.000000
0.000000	123814.000000
0.000000	123814.000000
0.000000	123814.000000
0.000000	123814.000000
0.000000	123814.000000
0.000000	123814.000000
0.000000	123814.000000
0.000000	123814.000000
0.000000	123814.000000
0.000000	123814.000000
0.000000	123815.000000
0.000000	123815.000000
0.000000	123815.000000
0.000000	123815.000000
0.000000	123815.000000
0.000000	123815.000000
0.000000	123815.000000
0.000000	123815.000000
0.000000	123815.000000
0.000000	123815.000000
0.000000	123815.000000
0.000000	123815.000000
0.000000	123815.000000
0.000000	123815.000000
0.000000	123815.000000
0.000000	123815.000000
0.000000	123815.000000
0.000000	123816.000000
0.000000	123816.000000
0.000000	123816.000000
0.000000	123816.000000
0.000000	123816.000000
0.000000	123816.000000
0.000000	123816.000000
0.000000	123816.000000
0.000000	123816.000000
0.000000	123816.000000
0.000000	123816.000000
0.000000	123816.000000
0.000000	123816.000000
0.000000	123816.000000
0.000000	123816.000000
0.000000	123816.000000
0.000000	123816.000000
0.000000	123817.000000
0.000000	123817.000000
0.000000	123817.000000
0.000000	123817.000000
0.000000	123817.000000
0.000000	123817.000000
0.000000	123817.000000
0.000000	123817.000000
0.000000	123817.000000
0.000000	123817.000000
0.000000	123817.000000
0.000000	123817.000000
0.000000	123817.000000
0.000000	123817.000000
0.000000	123817.000000
0.000000	123817.000000
0.000000	123817.000000
0.000000	123818.000000
0.000000	123818.000000
0.000000	123818.000000
0.000000	123818.000000
0.000000	123818.000000
0.000000	123818.000000
0.000000	123818.000000
0.000000	123818.000000
0.000000	123818.000000
0.000000	123818.000000
0.000000	123818.000000
0.000000	123818.000000
0.000000	123818.000000
0.000000	123818.000000
0.000000	123818.000000
0.000000	123818.000000
0.000000	123818.000000
0.000000	123819.000000
0.000000	123819.000000
0.000000	123819.000000
0.000000	123819.000000
0.000000	123819.000000
0.000000	123819.000000
0.000000	123819.000000
0.000000	123819.000000
0.000000	123819.000000
0.000000	123819.000000
0.000000	123819.000000
0.000000	123819.000000
0.000000	123819.000000
0.000000	123819.000000
0.000000	123819.000000
0.000000	123819.000000
0.000000	123819.000000
0.000000	123820.000000
0.000000	123820.000000
0.000000	123820.000000
0.000000	123820.000000
0.000000	123820.000000
0.000000	123820.000000
0.000000	123820.000000
0.000000	123820.000000
0.000000	123820.000000
0.000000	123820.000000
0.000000	123820.000000
0.000000	123820.000000
0.000000	123820.000000
0.000000	123820.000000
0.000000	123820.000000
0.000000	123820.000000
0.000000	123820.000000
0.000000	123821.000000
0.000000	123821.000000
0.000000	123821.000000
0.000000	123821.000000
0.000000	123821.000000
0.000000	123821.000000
0.000000	123821.000000
0.000000	123821.000000
0.000000	123821.000000
0.000000	123821.000000
0.000000	123821.000000
0.000000	123821.000000
0.000000	123821.000000
0.000000	123821.000000
0.000000	123821.000000
0.000000	123821.000000
0.000000	123821.000000
0.000000	123822.000000
0.000000	123822.000000
0.000000	123822.000000
0.000000	123822.000000
0.000000	123822.000000
0.000000	123822.000000
0.000000	123822.000000
0.000000	123822.000000
0.000000	123822.000000
0.000000	123822.000000
0.000000	123822.000000
0.000000	123822.000000
0.000000	123822.000000
0.000000	123822.000000
0.000000	123822.000000
0.000000	123822.000000
0.000000	123822.000000
0.000000	123823.000000
0.000000	123823.000000
0.000000	123823.000000
0.000000	123823.000000
0.000000	123823.000000
0.000000	123823.000000
0.000000	123823.000000
0.000000	123823.000000
0.000000	123823.000000
0.000000	123823.000000
0.000000	123823.000000
0.000000	123823.000000
0.000000	123823.000000
0.000000	123823.000000
0.000000	123823.000000
0.000000	123823.000000
0.000000	123823.000000
0.000000	123824.000000
0.000000	123824.000000
0.000000	123824.000000
0.000000	123824.000000
0.000000	123824.000000
0.000000	123824.000000
0.000000	123824.000000
0.000000	123824.000000
0.000000	123824.000000
0.000000	123824.000000
0.000000	123824.000000
0.000000	123824.000000
0.000000	123824.000000
0.000000	123824.000000
0.000000	123824.000000
0.000000	123824.000000
0.000000	123824.000000
0.000000	123825.000000
0.000000	123825.000000
0.000000	123825.000000
0.000000	123825.000000
0.000000	123825.000000
0.000000	123825.000000
0.000000	123825.000000
0.000000	123825.000000
0.000000	123825.000000
0.000000	123825.000000
0.000000	123825.000000
0.000000	123825.000000
0.000000	123825.000000
0.000000	123825.000000
0.000000	123825.000000
0.000000	123825.000000
0.000000	123825.000000
0.000000	123825.000000
0.000000	123826.000000
0.000000	123826.000000
0.000000	123826.000000
0.000000	123826.000000
0.000000	123826.000000
0.000000	123826.000000
0.000000	123826.000000
0.000000	123826.000000
0.000000	123826.000000
0.000000	123826.000000
0.000000	123826.000000
0.000000	123826.000000
0.000000	123826.000000
0.000000	123826.000000
0.000000	123826.000000
0.000000	123826.000000
0.000000	123826.000000
0.000000	123827.000000
0.000000	123827.000000
0.000000	123827.000000
0.000000	123827.000000
0.000000	123827.000000
0.000000	123827.000000
0.000000	123827.000000
0.000000	123827.000000
0.000000	123827.000000
0.000000	123827.000000
0.000000	123827.000000
0.000000	123827.000000
0.000000	123827.000000
0.000000	123827.000000
0.000000	123827.000000
0.000000	123827.000000
0.000000	123827.000000
0.000000	123828.000000
0.000000	123828.000000
0.000000	123828.000000
0.000000	123828.000000
0.000000	123828.000000
0.000000	123828.000000
0.000000	123828.000000
0.000000	123828.000000
0.000000	123828.000000
0.000000	123828.000000
0.000000	123828.000000
0.000000	123828.000000
0.000000	123828.000000
0.000000	123828.000000
0.000000	123828.000000
0.000000	123828.000000
0.000000	123828.000000
0.000000	123829.000000
0.000000	123829.000000
0.000000	123829.000000
0.000000	123829.000000
0.000000	123829.000000
0.000000	123829.000000
0.000000	123829.000000
0.000000	123829.000000
0.000000	123829.000000
0.000000	123829.000000
0.000000	123829.000000
0.000000	123829.000000
0.000000	123829.000000
0.000000	123829.000000
0.000000	123829.000000
0.000000	123829.000000
0.000000	123829.000000
0.000000	123830.000000
0.000000	123830.000000
0.000000	123830.000000
0.000000	123830.000000
0.000000	123830.000000
0.000000	123830.000000
0.000000	123830.000000
0.000000	123830.000000
0.000000	123830.000000
0.000000	123830.000000
0.000000	123830.000000
0.000000	123830.000000
0.000000	123830.000000
0.000000	123830.000000
0.000000	123830.000000
0.000000	123830.000000
0.000000	123830.000000
0.000000	123831.000000
0.000000	123831.000000
0.000000	123831.000000
0.000000	123831.000000
0.000000	123831.000000
0.000000	123831.000000
0.000000	123831.000000
0.000000	123831.000000
0.000000	123831.000000
0.000000	123831.000000
0.000000	123831.000000
0.000000	123831.000000
0.000000	123831.000000
0.000000	123831.000000
0.000000	123831.000000
0.000000	123831.000000
0.000000	123831.000000
0.000000	123832.000000
0.000000	123832.000000
0.000000	123832.000000
0.000000	123832.000000
0.000000	123832.000000
0.000000	123832.000000
0.000000	123832.000000
0.000000	123832.000000
0.000000	123832.000000
0.000000	123832.000000
0.000000	123832.000000
0.000000	123832.000000
0.000000	123832.000000
0.000000	123832.000000
0.000000	123832.000000
0.000000	123832.000000
0.000000	123832.000000
0.000000	123833.000000
0.000000	123833.000000
0.000000	123833.000000
0.000000	123833.000000
0.000000	123833.000000
0.000000	123833.000000
0.000000	123833.000000
0.000000	123833.000000
0.000000	123833.000000
0.000000	123833.000000
0.000000	123833.000000
0.000000	123833.000000
0.000000	123833.000000
0.000000	123833.000000
0.000000	123833.000000
0.000000	123833.000000
0.000000	123833.000000
0.000000	123834.000000
0.000000	123834.000000
0.000000	123834.000000
0.000000	123834.000000
0.000000	123834.000000
0.000000	123834.000000
0.000000	123834.000000
0.000000	123834.000000
0.000000	123834.000000
0.000000	123834.000000
0.000000	123834.000000
0.000000	123834.000000
0.000000	123834.000000
0.000000	123834.000000
0.000000	123834.000000
0.000000	123834.000000
0.000000	123834.000000
0.000000	123835.000000
0.000000	123835.000000
0.000000	123835.000000
0.000000	123835.000000
0.000000	123835.000000
0.000000	123835.000000
0.000000	123835.000000
0.000000	123835.000000
0.000000	123835.000000
0.000000	123835.000000
0.000000	123835.000000
0.000000	123835.000000
0.000000	123835.000000
0.000000	123835.000000
0.000000	123835.000000
0.000000	123835.000000
0.000000	123835.000000
0.000000	123836.000000
0.000000	123836.000000
0.000000	123836.000000
0.000000	123836.000000
0.000000	123836.000000
0.000000	123836.000000
0.000000	123836.000000
0.000000	123836.000000
0.000000	123836.000000
0.000000	123836.000000
0.000000	123836.000000
0.000000	123836.000000
0.000000	123836.000000
0.000000	123836.000000
0.000000	123836.000000
0.000000	123836.000000
0.000000	123836.000000
0.000000	123837.000000
0.000000	123837.000000
0.000000	123837.000000
0.000000	123837.000000
0.000000	123837.000000
0.000000	123837.000000
0.000000	123837.000000
0.000000	123837.000000
0.000000	123837.000000
0.000000	123837.000000
0.000000	123837.000000
0.000000	123837.000000
0.000000	123837.000000
0.000000	123837.000000
0.000000	123837.000000
0.000000	123837.000000
0.000000	123837.000000
0.000000	123838.000000
0.000000	123838.000000
0.000000	123838.000000
0.000000	123838.000000
0.000000	123838.000000
0.000000	123838.000000
0.000000	123838.000000
0.000000	123838.000000
0.000000	123838.000000
0.000000	123838.000000
0.000000	123838.000000
0.000000	123838.000000
0.000000	123838.000000
0.000000	123838.000000
0.000000	123838.000000
0.000000	123838.000000
0.000000	123838.000000
0.000000	123839.000000
0.000000	123839.000000
0.000000	123839.000000
0.000000	123839.000000
0.000000	123839.000000
0.000000	123839.000000
0.000000	123839.000000
0.000000	123839.000000
0.000000	123839.000000
0.000000	123839.000000
0.000000	123839.000000
0.000000	123839.000000
0.000000	123839.000000
0.000000	123839.000000
0.000000	123839.000000
0.000000	123839.000000
0.000000	123839.000000
0.000000	123840.000000
0.000000	123840.000000
0.000000	123840.000000
0.000000	123840.000000
0.000000	123840.000000
0.000000	123840.000000
0.000000	123840.000000
0.000000	123840.000000
0.000000	123840.000000
0.000000	123840.000000
0.000000	123840.000000
0.000000	123840.000000
0.000000	123840.000000
0.000000	123840.000000
0.000000	123840.000000
0.000000	123840.000000
0.000000	123840.000000
0.000000	123840.000000
0.000000	123841.000000
0.000000	123841.000000
0.000000	123841.000000
0.000000	123841.000000
0.000000	123841.000000
0.000000	123841.000000
0.000000	123841.000000
0.000000	123841.000000
0.000000	123841.000000
0.000000	123841.000000
0.000000	123841.000000
0.000000	123841.000000
0.000000	123841.000000
0.000000	123841.000000
0.000000	123841.000000
0.000000	123841.000000
0.000000	123841.000000
0.000000	123842.000000
0.000000	123842.000000
0.000000	123842.000000
0.000000	123842.000000
0.000000	123842.000000
0.000000	123842.000000
0.000000	123842.000000
0.000000	123842.000000
0.000000	123842.000000
0.000000	123842.000000
0.000000	123842.000000
0.000000	123842.000000
0.000000	123842.000000
0.000000	123842.000000
0.000000	123842.000000
0.000000	123842.000000
0.000000	123842.000000
0.000000	123843.000000
0.000000	123843.000000
0.000000	123843.000000
0.000000	123843.000000
0.000000	123843.000000
0.000000	123843.000000
0.000000	123843.000000
0.000000	123843.000000
0.000000	123843.000000
0.000000	123843.000000
0.000000	123843.000000
0.000000	123843.000000
0.000000	123843.000000
0.000000	123843.000000
0.000000	123843.000000
0.000000	123843.000000
0.000000	123843.000000
0.000000	123844.000000
0.000000	123844.000000
0.000000	123844.000000
0.000000	123844.000000
0.000000	123844.000000
0.000000	123844.000000
0.000000	123844.000000
0.000000	123844.000000
0.000000	123844.000000
0.000000	123844.000000
0.000000	123844.000000
0.000000	123844.000000
0.000000	123844.000000
0.000000	123844.000000
0.000000	123844.000000
0.000000	123844.000000
0.000000	123844.000000
0.000000	123845.000000
0.000000	123845.000000
0.000000	123845.000000
0.000000	123845.000000
0.000000	123845.000000
0.000000	123845.000000
0.000000	123845.000000
0.000000	123845.000000
0.000000	123845.000000
0.000000	123845.000000
0.000000	123845.000000
0.000000	123845.000000
0.000000	123845.000000
0.000000	123845.000000
0.000000	123845.000000
0.000000	123845.000000
0.000000	123845.000000
0.000000	123846.000000
0.000000	123846.000000
0.000000	123846.000000
0.000000	123846.000000
0.000000	123846.000000
0.000000	123846.000000
0.000000	123846.000000
0.000000	123846.000000
0.000000	123846.000000
0.000000	123846.000000
0.000000	123846.000000
0.000000	123846.000000
0.000000	123846.000000
0.000000	123846.000000
0.000000	123846.000000
0.000000	123846.000000
0.000000	123846.000000
0.000000	123847.000000
0.000000	123847.000000
0.000000	123847.000000
0.000000	123847.000000
0.000000	123847.000000
0.000000	123847.000000
0.000000	123847.000000
0.000000	123847.000000
0.000000	123847.000000
0.000000	123847.000000
0.000000	123847.000000
0.000000	123847.000000
0.000000	123847.000000
0.000000	123847.000000
0.000000	123847.000000
0.000000	123847.000000
0.000000	123847.000000
0.000000	123848.000000
0.000000	123848.000000
0.000000	123848.000000
0.000000	123848.000000
0.000000	123848.000000
0.000000	123848.000000
0.000000	123848.000000
0.000000	123848.000000
0.000000	123848.000000
0.000000	123848.000000
0.000000	123848.000000
0.000000	123848.000000
0.000000	123848.000000
0.000000	123848.000000
0.000000	123848.000000
0.000000	123848.000000
0.000000	123848.000000
0.000000	123849.000000
0.000000	123849.000000
0.000000	123849.000000
0.000000	123849.000000
0.000000	123849.000000
0.000000	123849.000000
0.000000	123849.000000
0.000000	123849.000000
0.000000	123849.000000
0.000000	123849.000000
0.000000	123849.000000
0.000000	123849.000000
0.000000	123849.000000
0.000000	123849.000000
0.000000	123849.000000
0.000000	123849.000000
0.000000	123849.000000
0.000000	123850.000000
0.000000	123850.000000
0.000000	123850.000000
0.000000	123850.000000
0.000000	123850.000000
0.000000	123850.000000
0.000000	123850.000000
0.000000	123850.000000
0.000000	123850.000000
0.000000	123850.000000
0.000000	123850.000000
0.000000	123850.000000
0.000000	123850.000000
0.000000	123850.000000
0.000000	123850.000000
0.000000	123850.000000
0.000000	123850.000000
0.000000	123851.000000
0.000000	123851.000000
0.000000	123851.000000
0.000000	123851.000000
0.000000	123851.000000
0.000000	123851.000000
0.000000	123851.000000
0.000000	123851.000000
0.000000	123851.000000
0.000000	123851.000000
0.000000	123851.000000
0.000000	123851.000000
0.000000	123851.000000
0.000000	123851.000000
0.000000	123851.000000
0.000000	123851.000000
0.000000	123851.000000
0.000000	123852.000000
0.000000	123852.000000
0.000000	123852.000000
0.000000	123852.000000
0.000000	123852.000000
0.000000	123852.000000
0.000000	123852.000000
0.000000	123852.000000
0.000000	123852.000000
0.000000	123852.000000
0.000000	123852.000000
0.000000	123852.000000
0.000000	123852.000000
0.000000	123852.000000
0.000000	123852.000000
0.000000	123852.000000
0.000000	123852.000000
0.000000	123853.000000
0.000000	123853.000000
0.000000	123853.000000
0.000000	123853.000000
0.000000	123853.000000
0.000000	123853.000000
0.000000	123853.000000
0.000000	123853.000000
0.000000	123853.000000
0.000000	123853.000000
0.000000	123853.000000
0.000000	123853.000000
0.000000	123853.000000
0.000000	123853.000000
0.000000	123853.000000
0.000000	123853.000000
0.000000	123853.000000
0.000000	123854.000000
0.000000	123854.000000
0.000000	123854.000000
0.000000	123854.000000
0.000000	123854.000000
0.000000	123854.000000
0.000000	123854.000000
0.000000	123854.000000
0.000000	123854.000000
0.000000	123854.000000
0.000000	123854.000000
0.000000	123854.000000
0.000000	123854.000000
0.000000	123854.000000
0.000000	123854.000000
0.000000	123854.000000
0.000000	123854.000000
0.000000	123855.000000
0.000000	123855.000000
0.000000	123855.000000
0.000000	123855.000000
0.000000	123855.000000
0.000000	123855.000000
0.000000	123855.000000
0.000000	123855.000000
0.000000	123855.000000
0.000000	123855.000000
0.000000	123855.000000
0.000000	123855.000000
0.000000	123855.000000
0.000000	123855.000000
0.000000	123855.000000
0.000000	123855.000000
0.000000	123855.000000
0.000000	123856.000000
0.000000	123856.000000
0.000000	123856.000000
0.000000	123856.000000
0.000000	123856.000000
0.000000	123856.000000
0.000000	123856.000000
0.000000	123856.000000
0.000000	123856.000000
0.000000	123856.000000
0.000000	123856.000000
0.000000	123856.000000
0.000000	123856.000000
0.000000	123856.000000
0.000000	123856.000000
0.000000	123856.000000
0.000000	123856.000000
0.000000	123856.000000
0.000000	123857.000000
0.000000	123857.000000
0.000000	123857.000000
0.000000	123857.000000
0.000000	123857.000000
0.000000	123857.000000
0.000000	123857.000000
0.000000	123857.000000
0.000000	123857.000000
0.000000	123857.000000
0.000000	123857.000000
0.000000	123857.000000
0.000000	123857.000000
0.000000	123857.000000
0.000000	123857.000000
0.000000	123857.000000
0.000000	123857.000000
0.000000	123858.000000
0.000000	123858.000000
0.000000	123858.000000
0.000000	123858.000000
0.000000	123858.000000
0.000000	123858.000000
0.000000	123858.000000
0.000000	123858.000000
0.000000	123858.000000
0.000000	123858.000000
0.000000	123858.000000
0.000000	123858.000000
0.000000	123858.000000
0.000000	123858.000000
0.000000	123858.000000
0.000000	123858.000000
0.000000	123858.000000
0.000000	123859.000000
0.000000	123859.000000
0.000000	123859.000000
0.000000	123859.000000
0.000000	123859.000000
0.000000	123859.000000
0.000000	123859.000000
0.000000	123859.000000
0.000000	123859.000000
0.000000	123859.000000
0.000000	123859.000000
0.000000	123859.000000
0.000000	123859.000000
0.000000	123859.000000
0.000000	123859.000000
0.000000	123859.000000
0.000000	123859.000000
0.000000	123900.000000
0.000000	123900.000000
0.000000	123900.000000
0.000000	123900.000000
0.000000	123900.000000
0.000000	123900.000000
0.000000	123900.000000
0.000000	123900.000000
0.000000	123900.000000
0.000000	123900.000000
0.000000	123900.000000
0.000000	123900.000000
0.000000	123900.000000
0.000000	123900.000000
0.000000	123900.000000
0.000000	123900.000000
0.000000	123900.000000
0.000000	123901.000000
0.000000	123901.000000
0.000000	123901.000000
0.000000	123901.000000
0.000000	123901.000000
0.000000	123901.000000
0.000000	123901.000000
0.000000	123901.000000
0.000000	123901.000000
0.000000	123901.000000
0.000000	123901.000000
0.000000	123901.000000
0.000000	123901.000000
0.000000	123901.000000
0.000000	123901.000000
0.000000	123901.000000
0.000000	123901.000000
0.000000	123902.000000
0.000000	123902.000000
0.000000	123902.000000
0.000000	123902.000000
0.000000	123902.000000
0.000000	123902.000000
0.000000	123902.000000
0.000000	123902.000000
0.000000	123902.000000
0.000000	123902.000000
0.000000	123902.000000
0.000000	123902.000000
0.000000	123902.000000
0.000000	123902.000000
0.000000	123902.000000
0.000000	123902.000000
0.000000	123902.000000
0.000000	123903.000000
0.000000	123903.000000
0.000000	123903.000000
0.000000	123903.000000
0.000000	123903.000000
0.000000	123903.000000
0.000000	123903.000000
0.000000	123903.000000
0.000000	123903.000000
0.000000	123903.000000
0.000000	123903.000000
0.000000	123903.000000
0.000000	123903.000000
0.000000	123903.000000
0.000000	123903.000000
0.000000	123903.000000
0.000000	123903.000000
0.000000	123904.000000
0.000000	123904.000000
0.000000	123904.000000
0.000000	123904.000000
0.000000	123904.000000
0.000000	123904.000000
0.000000	123904.000000
0.000000	123904.000000
0.000000	123904.000000
0.000000	123904.000000
0.000000	123904.000000
0.000000	123904.000000
0.000000	123904.000000
0.000000	123904.000000
0.000000	123904.000000
0.000000	123904.000000
0.000000	123904.000000
0.000000	123905.000000
0.000000	123905.000000
0.000000	123905.000000
0.000000	123905.000000
0.000000	123905.000000
0.000000	123905.000000
0.000000	123905.000000
0.000000	123905.000000
0.000000	123905.000000
0.000000	123905.000000
0.000000	123905.000000
0.000000	123905.000000
0.000000	123905.000000
0.000000	123905.000000
0.000000	123905.000000
0.000000	123905.000000
0.000000	123905.000000
0.000000	123906.000000
0.000000	123906.000000
0.000000	123906.000000
0.000000	123906.000000
0.000000	123906.000000
0.000000	123906.000000
0.000000	123906.000000
0.000000	123906.000000
0.000000	123906.000000
0.000000	123906.000000
0.000000	123906.000000
0.000000	123906.000000
0.000000	123906.000000
0.000000	123906.000000
0.000000	123906.000000
0.000000	123906.000000
0.000000	123906.000000
0.000000	123907.000000
0.000000	123907.000000
0.000000	123907.000000
0.000000	123907.000000
0.000000	123907.000000
0.000000	123907.000000
0.000000	123907.000000
0.000000	123907.000000
0.000000	123907.000000
0.000000	123907.000000
0.000000	123907.000000
0.000000	123907.000000
0.000000	123907.000000
0.000000	123907.000000
0.000000	123907.000000
0.000000	123907.000000
0.000000	123907.000000
0.000000	123908.000000
0.000000	123908.000000
0.000000	123908.000000
0.000000	123908.000000
0.000000	123908.000000
0.000000	123908.000000
0.000000	123908.000000
0.000000	123908.000000
0.000000	123908.000000
0.000000	123908.000000
0.000000	123908.000000
0.000000	123908.000000
0.000000	123908.000000
0.000000	123908.000000
0.000000	123908.000000
0.000000	123908.000000
0.000000	123908.000000
0.000000	123909.000000
0.000000	123909.000000
0.000000	123909.000000
0.000000	123909.000000
0.000000	123909.000000
0.000000	123909.000000
0.000000	123909.000000
0.000000	123909.000000
0.000000	123909.000000
0.000000	123909.000000
0.000000	123909.000000
0.000000	123909.000000
0.000000	123909.000000
0.000000	123909.000000
0.000000	123909.000000
0.000000	123909.000000
0.000000	123909.000000
0.000000	123910.000000
0.000000	123910.000000
0.000000	123910.000000
0.000000	123910.000000
0.000000	123910.000000
0.000000	123910.000000
0.000000	123910.000000
0.000000	123910.000000
0.000000	123910.000000
0.000000	123910.000000
0.000000	123910.000000
0.000000	123910.000000
0.000000	123910.000000
0.000000	123910.000000
0.000000	123910.000000
0.000000	123910.000000
0.000000	123910.000000
0.000000	123911.000000
0.000000	123911.000000
0.000000	123911.000000
0.000000	123911.000000
0.000000	123911.000000
0.000000	123911.000000
0.000000	123911.000000
0.000000	123911.000000
0.000000	123911.000000
0.000000	123911.000000
0.000000	123911.000000
0.000000	123911.000000
0.000000	123911.000000
0.000000	123911.000000
0.000000	123911.000000
0.000000	123911.000000
0.000000	123911.000000
0.000000	123911.000000
0.000000	123912.000000
0.000000	123912.000000
0.000000	123912.000000
0.000000	123912.000000
0.000000	123912.000000
0.000000	123912.000000
0.000000	123912.000000
0.000000	123912.000000
0.000000	123912.000000
0.000000	123912.000000
0.000000	123912.000000
0.000000	123912.000000
0.000000	123912.000000
0.000000	123912.000000
0.000000	123912.000000
0.000000	123912.000000
0.000000	123912.000000
0.000000	123913.000000
0.000000	123913.000000
0.000000	123913.000000
0.000000	123913.000000
0.000000	123913.000000
0.000000	123913.000000
0.000000	123913.000000
0.000000	123913.000000
0.000000	123913.000000
0.000000	123913.000000
0.000000	123913.000000
0.000000	123913.000000
0.000000	123913.000000
0.000000	123913.000000
0.000000	123913.000000
0.000000	123913.000000
0.000000	123913.000000
0.000000	123914.000000
0.000000	123914.000000
0.000000	123914.000000
0.000000	123914.000000
0.000000	123914.000000
0.000000	123914.000000
0.000000	123914.000000
0.000000	123914.000000
0.000000	123914.000000
0.000000	123914.000000
0.000000	123914.000000
0.000000	123914.000000
0.000000	123914.000000
0.000000	123914.000000
0.000000	123914.000000
0.000000	123914.000000
0.000000	123914.000000
0.000000	123915.000000
0.000000	123915.000000
0.000000	123915.000000
0.000000	123915.000000
0.000000	123915.000000
0.000000	123915.000000
0.000000	123915.000000
0.000000	123915.000000
0.000000	123915.000000
0.000000	123915.000000
0.000000	123915.000000
0.000000	123915.000000
0.000000	123915.000000
0.000000	123915.000000
0.000000	123915.000000
0.000000	123915.000000
0.000000	123915.000000
0.000000	123916.000000
0.000000	123916.000000
0.000000	123916.000000
0.000000	123916.000000
0.000000	123916.000000
0.000000	123916.000000
0.000000	123916.000000
0.000000	123916.000000
0.000000	123916.000000
0.000000	123916.000000
0.000000	123916.000000
0.000000	123916.000000
0.000000	123916.000000
0.000000	123916.000000
0.000000	123916.000000
0.000000	123916.000000
0.000000	123916.000000
0.000000	123917.000000
0.000000	123917.000000
0.000000	123917.000000
0.000000	123917.000000
0.000000	123917.000000
0.000000	123917.000000
0.000000	123917.000000
0.000000	123917.000000
0.000000	123917.000000
0.000000	123917.000000
0.000000	123917.000000
0.000000	123917.000000
0.000000	123917.000000
0.000000	123917.000000
0.000000	123917.000000
0.000000	123917.000000
0.000000	123917.000000
0.000000	123918.000000
0.000000	123918.000000
0.000000	123918.000000
0.000000	123918.000000
0.000000	123918.000000
0.000000	123918.000000
0.000000	123918.000000
0.000000	123918.000000
0.000000	123918.000000
0.000000	123918.000000
0.000000	123918.000000
0.000000	123918.000000
0.000000	123918.000000
0.000000	123918.000000
0.000000	123918.000000
0.000000	123918.000000
0.000000	123918.000000
0.000000	123919.000000
0.000000	123919.000000
0.000000	123919.000000
0.000000	123919.000000
0.000000	123919.000000
0.000000	123919.000000
0.000000	123919.000000
0.000000	123919.000000
0.000000	123919.000000
0.000000	123919.000000
0.000000	123919.000000
0.000000	123919.000000
0.000000	123919.000000
0.000000	123919.000000
0.000000	123919.000000
0.000000	123919.000000
0.000000	123919.000000
0.000000	123920.000000
0.000000	123920.000000
0.000000	123920.000000
0.000000	123920.000000
0.000000	123920.000000
0.000000	123920.000000
0.000000	123920.000000
0.000000	123920.000000
0.000000	123920.000000
0.000000	123920.000000
0.000000	123920.000000
0.000000	123920.000000
0.000000	123920.000000
0.000000	123920.000000
0.000000	123920.000000
0.000000	123920.000000
0.000000	123920.000000
0.000000	123921.000000
0.000000	123921.000000
0.000000	123921.000000
0.000000	123921.000000
0.000000	123921.000000
0.000000	123921.000000
0.000000	123921.000000
0.000000	123921.000000
0.000000	123921.000000
0.000000	123921.000000
0.000000	123921.000000
0.000000	123921.000000
0.000000	123921.000000
0.000000	123921.000000
0.000000	123921.000000
0.000000	123921.000000
0.000000	123921.000000
0.000000	123922.000000
0.000000	123922.000000
0.000000	123922.000000
0.000000	123922.000000
0.000000	123922.000000
0.000000	123922.000000
0.000000	123922.000000
0.000000	123922.000000
0.000000	123922.000000
0.000000	123922.000000
0.000000	123922.000000
0.000000	123922.000000
0.000000	123922.000000
0.000000	123922.000000
0.000000	123922.000000
0.000000	123922.000000
0.000000	123922.000000
0.000000	123923.000000
0.000000	123923.000000
0.000000	123923.000000
0.000000	123923.000000
0.000000	123923.000000
0.000000	123923.000000
0.000000	123923.000000
0.000000	123923.000000
0.000000	123923.000000
0.000000	123923.000000
0.000000	123923.000000
0.000000	123923.000000
0.000000	123923.000000
0.000000	123923.000000
0.000000	123923.000000
0.000000	123923.000000
0.000000	123923.000000
0.000000	123924.000000
0.000000	123924.000000
0.000000	123924.000000
0.000000	123924.000000
0.000000	123924.000000
0.000000	123924.000000
0.000000	123924.000000
0.000000	123924.000000
0.000000	123924.000000
0.000000	123924.000000
0.000000	123924.000000
0.000000	123924.000000
0.000000	123924.000000
0.000000	123924.000000
0.000000	123924.000000
0.000000	123924.000000
0.000000	123924.000000
0.000000	123925.000000
0.000000	123925.000000
0.000000	123925.000000
0.000000	123925.000000
0.000000	123925.000000
0.000000	123925.000000
0.000000	123925.000000
0.000000	123925.000000
0.000000	123925.000000
0.000000	123925.000000
0.000000	123925.000000
0.000000	123925.000000
0.000000	123925.000000
0.000000	123925.000000
0.000000	123925.000000
0.000000	123925.000000
0.000000	123925.000000
0.000000	123926.000000
0.000000	123926.000000
0.000000	123926.000000
0.000000	123926.000000
0.000000	123926.000000
0.000000	123926.000000
0.000000	123926.000000
0.000000	123926.000000
0.000000	123926.000000
0.000000	123926.000000
0.000000	123926.000000
0.000000	123926.000000
0.000000	123926.000000
0.000000	123926.000000
0.000000	123926.000000
0.000000	123926.000000
0.000000	123926.000000
0.000000	123926.000000
0.000000	123927.000000
0.000000	123927.000000
0.000000	123927.000000
0.000000	123927.000000
0.000000	123927.000000
0.000000	123927.000000
0.000000	123927.000000
0.000000	123927.000000
0.000000	123927.000000
0.000000	123927.000000
0.000000	123927.000000
0.000000	123927.000000
0.000000	123927.000000
0.000000	123927.000000
0.000000	123927.000000
0.000000	123927.000000
0.000000	123927.000000
0.000000	123928.000000
0.000000	123928.000000
0.000000	123928.000000
0.000000	123928.000000
0.000000	123928.000000
0.000000	123928.000000
0.000000	123928.000000
0.000000	123928.000000
0.000000	123928.000000
0.000000	123928.000000
0.000000	123928.000000
0.000000	123928.000000
0.000000	123928.000000
0.000000	123928.000000
0.000000	123928.000000
0.000000	123928.000000
0.000000	123928.000000
0.000000	123929.000000
0.000000	123929.000000
0.000000	123929.000000
0.000000	123929.000000
0.000000	123929.000000
0.000000	123929.000000
0.000000	123929.000000
0.000000	123929.000000
0.000000	123929.000000
0.000000	123929.000000
0.000000	123929.000000
0.000000	123929.000000
0.000000	123929.000000
0.000000	123929.000000
0.000000	123929.000000
0.000000	123929.000000
0.000000	123929.000000
0.000000	123930.000000
0.000000	123930.000000
0.000000	123930.000000
0.000000	123930.000000
0.000000	123930.000000
0.000000	123930.000000
0.000000	123930.000000
0.000000	123930.000000
0.000000	123930.000000
0.000000	123930.000000
0.000000	123930.000000
0.000000	123930.000000
0.000000	123930.000000
0.000000	123930.000000
0.000000	123930.000000
0.000000	123930.000000
0.000000	123930.000000
0.000000	123931.000000
0.000000	123931.000000
0.000000	123931.000000
0.000000	123931.000000
0.000000	123931.000000
0.000000	123931.000000
0.000000	123931.000000
0.000000	123931.000000
0.000000	123931.000000
0.000000	123931.000000
0.000000	123931.000000
0.000000	123931.000000
0.000000	123931.000000
0.000000	123931.000000
0.000000	123931.000000
0.000000	123931.000000
0.000000	123931.000000
0.000000	123932.000000
0.000000	123932.000000
0.000000	123932.000000
0.000000	123932.000000
0.000000	123932.000000
0.000000	123932.000000
0.000000	123932.000000
0.000000	123932.000000
0.000000	123932.000000
0.000000	123932.000000
0.000000	123932.000000
0.000000	123932.000000
0.000000	123932.000000
0.000000	123932.000000
0.000000	123932.000000
0.000000	123932.000000
0.000000	123932.000000
0.000000	123933.000000
0.000000	123933.000000
0.000000	123933.000000
0.000000	123933.000000
0.000000	123933.000000
0.000000	123933.000000
0.000000	123933.000000
0.000000	123933.000000
0.000000	123933.000000
0.000000	123933.000000
0.000000	123933.000000
0.000000	123933.000000
0.000000	123933.000000
0.000000	123933.000000
0.000000	123933.000000
0.000000	123933.000000
0.000000	123933.000000
0.000000	123934.000000
0.000000	123934.000000
0.000000	123934.000000
0.000000	123934.000000
0.000000	123934.000000
0.000000	123934.000000
0.000000	123934.000000
0.000000	123934.000000
0.000000	123934.000000
0.000000	123934.000000
0.000000	123934.000000
0.000000	123934.000000
0.000000	123934.000000
0.000000	123934.000000
0.000000	123934.000000
0.000000	123934.000000
0.000000	123934.000000
0.000000	123935.000000
0.000000	123935.000000
0.000000	123935.000000
0.000000	123935.000000
0.000000	123935.000000
0.000000	123935.000000
0.000000	123935.000000
0.000000	123935.000000
0.000000	123935.000000
0.000000	123935.000000
0.000000	123935.000000
0.000000	123935.000000
0.000000	123935.000000
0.000000	123935.000000
0.000000	123935.000000
0.000000	123935.000000
0.000000	123935.000000
0.000000	123936.000000
0.000000	123936.000000
0.000000	123936.000000
0.000000	123936.000000
0.000000	123936.000000
0.000000	123936.000000
0.000000	123936.000000
0.000000	123936.000000
0.000000	123936.000000
0.000000	123936.000000
0.000000	123936.000000
0.000000	123936.000000
0.000000	123936.000000
0.000000	123936.000000
0.000000	123936.000000
0.000000	123936.000000
0.000000	123936.000000
0.000000	123937.000000
0.000000	123937.000000
0.000000	123937.000000
0.000000	123937.000000
0.000000	123937.000000
0.000000	123937.000000
0.000000	123937.000000
0.000000	123937.000000
0.000000	123937.000000
0.000000	123937.000000
0.000000	123937.000000
0.000000	123937.000000
0.000000	123937.000000
0.000000	123937.000000
0.000000	123937.000000
0.000000	123937.000000
0.000000	123937.000000
0.000000	123938.000000
0.000000	123938.000000
0.000000	123938.000000
0.000000	123938.000000
0.000000	123938.000000
0.000000	123938.000000
0.000000	123938.000000
0.000000	123938.000000
0.000000	123938.000000
0.000000	123938.000000
0.000000	123938.000000
0.000000	123938.000000
0.000000	123938.000000
0.000000	123938.000000
0.000000	123938.000000
0.000000	123938.000000
0.000000	123938.000000
0.000000	123939.000000
0.000000	123939.000000
0.000000	123939.000000
0.000000	123939.000000
0.000000	123939.000000
0.000000	123939.000000
0.000000	123939.000000
0.000000	123939.000000
0.000000	123939.000000
0.000000	123939.000000
0.000000	123939.000000
0.000000	123939.000000
0.000000	123939.000000
0.000000	123939.000000
0.000000	123939.000000
0.000000	123939.000000
0.000000	123939.000000
0.000000	123940.000000
0.000000	123940.000000
0.000000	123940.000000
0.000000	123940.000000
0.000000	123940.000000
0.000000	123940.000000
0.000000	123940.000000
0.000000	123940.000000
0.000000	123940.000000
0.000000	123940.000000
0.000000	123940.000000
0.000000	123940.000000
0.000000	123940.000000
0.000000	123940.000000
0.000000	123940.000000
0.000000	123940.000000
0.000000	123940.000000
0.000000	123941.000000
0.000000	123941.000000
0.000000	123941.000000
0.000000	123941.000000
0.000000	123941.000000
0.000000	123941.000000
0.000000	123941.000000
0.000000	123941.000000
0.000000	123941.000000
0.000000	123941.000000
0.000000	123941.000000
0.000000	123941.000000
0.000000	123941.000000
0.000000	123941.000000
0.000000	123941.000000
0.000000	123941.000000
0.000000	123941.000000
0.000000	123941.000000
0.000000	123942.000000
0.000000	123942.000000
0.000000	123942.000000
0.000000	123942.000000
0.000000	123942.000000
0.000000	123942.000000
0.000000	123942.000000
0.000000	123942.000000
0.000000	123942.000000
0.000000	123942.000000
0.000000	123942.000000
0.000000	123942.000000
0.000000	123942.000000
0.000000	123942.000000
0.000000	123942.000000
0.000000	123942.000000
0.000000	123942.000000
0.000000	123943.000000
0.000000	123943.000000
0.000000	123943.000000
0.000000	123943.000000
0.000000	123943.000000
0.000000	123943.000000
0.000000	123943.000000
0.000000	123943.000000
0.000000	123943.000000
0.000000	123943.000000
0.000000	123943.000000
0.000000	123943.000000
0.000000	123943.000000
0.000000	123943.000000
0.000000	123943.000000
0.000000	123943.000000
0.000000	123943.000000
0.000000	123944.000000
0.000000	123944.000000
0.000000	123944.000000
0.000000	123944.000000
0.000000	123944.000000
0.000000	123944.000000
0.000000	123944.000000
0.000000	123944.000000
0.000000	123944.000000
0.000000	123944.000000
0.000000	123944.000000
0.000000	123944.000000
0.000000	123944.000000
0.000000	123944.000000
0.000000	123944.000000
0.000000	123944.000000
0.000000	123944.000000
0.000000	123945.000000
0.000000	123945.000000
0.000000	123945.000000
0.000000	123945.000000
0.000000	123945.000000
0.000000	123945.000000
0.000000	123945.000000
0.000000	123945.000000
0.000000	123945.000000
0.000000	123945.000000
0.000000	123945.000000
0.000000	123945.000000
0.000000	123945.000000
0.000000	123945.000000
0.000000	123945.000000
0.000000	123945.000000
0.000000	123945.000000
0.000000	123946.000000
0.000000	123946.000000
0.000000	123946.000000
0.000000	123946.000000
0.000000	123946.000000
0.000000	123946.000000
0.000000	123946.000000
0.000000	123946.000000
0.000000	123946.000000
0.000000	123946.000000
0.000000	123946.000000
0.000000	123946.000000
0.000000	123946.000000
0.000000	123946.000000
0.000000	123946.000000
0.000000	123946.000000
0.000000	123946.000000
0.000000	123947.000000
0.000000	123947.000000
0.000000	123947.000000
0.000000	123947.000000
0.000000	123947.000000
0.000000	123947.000000
0.000000	123947.000000
0.000000	123947.000000
0.000000	123947.000000
0.000000	123947.000000
0.000000	123947.000000
0.000000	123947.000000
0.000000	123947.000000
0.000000	123947.000000
0.000000	123947.000000
0.000000	123947.000000
0.000000	123947.000000
0.000000	123948.000000
0.000000	123948.000000
0.000000	123948.000000
0.000000	123948.000000
0.000000	123948.000000
0.000000	123948.000000
0.000000	123948.000000
0.000000	123948.000000
0.000000	123948.000000
0.000000	123948.000000
0.000000	123948.000000
0.000000	123948.000000
0.000000	123948.000000
0.000000	123948.000000
0.000000	123948.000000
0.000000	123948.000000
0.000000	123948.000000
0.000000	123949.000000
0.000000	123949.000000
0.000000	123949.000000
0.000000	123949.000000
0.000000	123949.000000
0.000000	123949.000000
0.000000	123949.000000
0.000000	123949.000000
0.000000	123949.000000
0.000000	123949.000000
0.000000	123949.000000
0.000000	123949.000000
0.000000	123949.000000
0.000000	123949.000000
0.000000	123949.000000
0.000000	123949.000000
0.000000	123949.000000
0.000000	123950.000000
0.000000	123950.000000
0.000000	123950.000000
0.000000	123950.000000
0.000000	123950.000000
0.000000	123950.000000
0.000000	123950.000000
0.000000	123950.000000
0.000000	123950.000000
0.000000	123950.000000
0.000000	123950.000000
0.000000	123950.000000
0.000000	123950.000000
0.000000	123950.000000
0.000000	123950.000000
0.000000	123950.000000
0.000000	123950.000000
0.000000	123951.000000
0.000000	123951.000000
0.000000	123951.000000
0.000000	123951.000000
0.000000	123951.000000
0.000000	123951.000000
0.000000	123951.000000
0.000000	123951.000000
0.000000	123951.000000
0.000000	123951.000000
0.000000	123951.000000
0.000000	123951.000000
0.000000	123951.000000
0.000000	123951.000000
0.000000	123951.000000
0.000000	123951.000000
0.000000	123951.000000
0.000000	123952.000000
0.000000	123952.000000
0.000000	123952.000000
0.000000	123952.000000
0.000000	123952.000000
0.000000	123952.000000
0.000000	123952.000000
0.000000	123952.000000
0.000000	123952.000000
0.000000	123952.000000
0.000000	123952.000000
0.000000	123952.000000
0.000000	123952.000000
0.000000	123952.000000
0.000000	123952.000000
0.000000	123952.000000
0.000000	123952.000000
0.000000	123953.000000
0.000000	123953.000000
0.000000	123953.000000
0.000000	123953.000000
0.000000	123953.000000
0.000000	123953.000000
0.000000	123953.000000
0.000000	123953.000000
0.000000	123953.000000
0.000000	123953.000000
0.000000	123953.000000
0.000000	123953.000000
0.000000	123953.000000
0.000000	123953.000000
0.000000	123953.000000
0.000000	123953.000000
0.000000	123953.000000
0.000000	123954.000000
0.000000	123954.000000
0.000000	123954.000000
0.000000	123954.000000
0.000000	123954.000000
0.000000	123954.000000
0.000000	123954.000000
0.000000	123954.000000
0.000000	123954.000000
0.000000	123954.000000
0.000000	123954.000000
0.000000	123954.000000
0.000000	123954.000000
0.000000	123954.000000
0.000000	123954.000000
0.000000	123954.000000
0.000000	123954.000000
0.000000	123955.000000
0.000000	123955.000000
0.000000	123955.000000
0.000000	123955.000000
0.000000	123955.000000
0.000000	123955.000000
0.000000	123955.000000
0.000000	123955.000000
0.000000	123955.000000
0.000000	123955.000000
0.000000	123955.000000
0.000000	123955.000000
0.000000	123955.000000
0.000000	123955.000000
0.000000	123955.000000
0.000000	123955.000000
0.000000	123955.000000
0.000000	123956.000000
0.000000	123956.000000
0.000000	123956.000000
0.000000	123956.000000
0.000000	123956.000000
0.000000	123956.000000
0.000000	123956.000000
0.000000	123956.000000
0.000000	123956.000000
0.000000	123956.000000
0.000000	123956.000000
0.000000	123956.000000
0.000000	123956.000000
0.000000	123956.000000
0.000000	123956.000000
0.000000	123956.000000
0.000000	123956.000000
0.000000	123956.000000
0.000000	123957.000000
0.000000	123957.000000
0.000000	123957.000000
0.000000	123957.000000
0.000000	123957.000000
0.000000	123957.000000
0.000000	123957.000000
0.000000	123957.000000
0.000000	123957.000000
0.000000	123957.000000
0.000000	123957.000000
0.000000	123957.000000
0.000000	123957.000000
0.000000	123957.000000
0.000000	123957.000000
0.000000	123957.000000
0.000000	123957.000000
0.000000	123958.000000
0.000000	123958.000000
0.000000	123958.000000
0.000000	123958.000000
0.000000	123958.000000
0.000000	123958.000000
0.000000	123958.000000
0.000000	123958.000000
0.000000	123958.000000
0.000000	123958.000000
0.000000	123958.000000
0.000000	123958.000000
0.000000	123958.000000
0.000000	123958.000000
0.000000	123958.000000
0.000000	123958.000000
0.000000	123958.000000
0.000000	123959.000000
0.000000	123959.000000
0.000000	123959.000000
0.000000	123959.000000
0.000000	123959.000000
0.000000	123959.000000
0.000000	123959.000000
0.000000	123959.000000
0.000000	123959.000000
0.000000	123959.000000
0.000000	123959.000000
0.000000	123959.000000
0.000000	123959.000000
0.000000	123959.000000
0.000000	123959.000000
0.000000	123959.000000
0.000000	123959.000000
0.000000	124000.000000
0.000000	124000.000000
0.000000	124000.000000
0.000000	124000.000000
0.000000	124000.000000
0.000000	124000.000000
0.000000	124000.000000
0.000000	124000.000000
0.000000	124000.000000
0.000000	124000.000000
0.000000	124000.000000
0.000000	124000.000000
0.000000	124000.000000
0.000000	124000.000000
0.000000	124000.000000
0.000000	124000.000000
0.000000	124000.000000
0.000000	124001.000000
0.000000	124001.000000
0.000000	124001.000000
0.000000	124001.000000
0.000000	124001.000000
0.000000	124001.000000
0.000000	124001.000000
0.000000	124001.000000
0.000000	124001.000000
0.000000	124001.000000
0.000000	124001.000000
0.000000	124001.000000
0.000000	124001.000000
0.000000	124001.000000
0.000000	124001.000000
0.000000	124001.000000
0.000000	124001.000000
0.000000	124002.000000
0.000000	124002.000000
0.000000	124002.000000
0.000000	124002.000000
0.000000	124002.000000
0.000000	124002.000000
0.000000	124002.000000
0.000000	124002.000000
0.000000	124002.000000
0.000000	124002.000000
0.000000	124002.000000
0.000000	124002.000000
0.000000	124002.000000
0.000000	124002.000000
0.000000	124002.000000
0.000000	124002.000000
0.000000	124002.000000
0.000000	124003.000000
0.000000	124003.000000
0.000000	124003.000000
0.000000	124003.000000
0.000000	124003.000000
0.000000	124003.000000
0.000000	124003.000000
0.000000	124003.000000
0.000000	124003.000000
0.000000	124003.000000
0.000000	124003.000000
0.000000	124003.000000
0.000000	124003.000000
0.000000	124003.000000
0.000000	124003.000000
0.000000	124003.000000
0.000000	124003.000000
0.000000	124004.000000
0.000000	124004.000000
0.000000	124004.000000
0.000000	124004.000000
0.000000	124004.000000
0.000000	124004.000000
0.000000	124004.000000
0.000000	124004.000000
0.000000	124004.000000
0.000000	124004.000000
0.000000	124004.000000
0.000000	124004.000000
0.000000	124004.000000
0.000000	124004.000000
0.000000	124004.000000
0.000000	124004.000000
0.000000	124004.000000
0.000000	124005.000000
0.000000	124005.000000
0.000000	124005.000000
0.000000	124005.000000
0.000000	124005.000000
0.000000	124005.000000
0.000000	124005.000000
0.000000	124005.000000
0.000000	124005.000000
0.000000	124005.000000
0.000000	124005.000000
0.000000	124005.000000
0.000000	124005.000000
0.000000	124005.000000
0.000000	124005.000000
0.000000	124005.000000
0.000000	124005.000000
0.000000	124006.000000
0.000000	124006.000000
0.000000	124006.000000
0.000000	124006.000000
0.000000	124006.000000
0.000000	124006.000000
0.000000	124006.000000
0.000000	124006.000000
0.000000	124006.000000
0.000000	124006.000000
0.000000	124006.000000
0.000000	124006.000000
0.000000	124006.000000
0.000000	124006.000000
0.000000	124006.000000
0.000000	124006.000000
0.000000	124006.000000
0.000000	124007.000000
0.000000	124007.000000
0.000000	124007.000000
0.000000	124007.000000
0.000000	124007.000000
0.000000	124007.000000
0.000000	124007.000000
0.000000	124007.000000
0.000000	124007.000000
0.000000	124007.000000
0.000000	124007.000000
0.000000	124007.000000
0.000000	124007.000000
0.000000	124007.000000
0.000000	124007.000000
0.000000	124007.000000
0.000000	124007.000000
0.000000	124008.000000
0.000000	124008.000000
0.000000	124008.000000
0.000000	124008.000000
0.000000	124008.000000
0.000000	124008.000000
0.000000	124008.000000
0.000000	124008.000000
0.000000	124008.000000
0.000000	124008.000000
0.000000	124008.000000
0.000000	124008.000000
0.000000	124008.000000
0.000000	124008.000000
0.000000	124008.000000
0.000000	124008.000000
0.000000	124008.000000
0.000000	124009.000000
0.000000	124009.000000
0.000000	124009.000000
0.000000	124009.000000
0.000000	124009.000000
0.000000	124009.000000
0.000000	124009.000000
0.000000	124009.000000
0.000000	124009.000000
0.000000	124009.000000
0.000000	124009.000000
0.000000	124009.000000
0.000000	124009.000000
0.000000	124009.000000
0.000000	124009.000000
0.000000	124009.000000
0.000000	124009.000000
0.000000	124010.000000
0.000000	124010.000000
0.000000	124010.000000
0.000000	124010.000000
0.000000	124010.000000
0.000000	124010.000000
0.000000	124010.000000
0.000000	124010.000000
0.000000	124010.000000
0.000000	124010.000000
0.000000	124010.000000
0.000000	124010.000000
0.000000	124010.000000
0.000000	124010.000000
0.000000	124010.000000
0.000000	124010.000000
0.000000	124010.000000
0.000000	124011.000000
0.000000	124011.000000
0.000000	124011.000000
0.000000	124011.000000
0.000000	124011.000000
0.000000	124011.000000
0.000000	124011.000000
0.000000	124011.000000
0.000000	124011.000000
0.000000	124011.000000
0.000000	124011.000000
0.000000	124011.000000
0.000000	124011.000000
0.000000	124011.000000
0.000000	124011.000000
0.000000	124011.000000
0.000000	124011.000000
0.000000	124011.000000
0.000000	124012.000000
0.000000	124012.000000
0.000000	124012.000000
0.000000	124012.000000
0.000000	124012.000000
0.000000	124012.000000
0.000000	124012.000000
0.000000	124012.000000
0.000000	124012.000000
0.000000	124012.000000
0.000000	124012.000000
0.000000	124012.000000
0.000000	124012.000000
0.000000	124012.000000
0.000000	124012.000000
0.000000	124012.000000
0.000000	124012.000000
0.000000	124013.000000
0.000000	124013.000000
0.000000	124013.000000
0.000000	124013.000000
0.000000	124013.000000
0.000000	124013.000000
0.000000	124013.000000
0.000000	124013.000000
0.000000	124013.000000
0.000000	124013.000000
0.000000	124013.000000
0.000000	124013.000000
0.000000	124013.000000
0.000000	124013.000000
0.000000	124013.000000
0.000000	124013.000000
0.000000	124013.000000
0.000000	124014.000000
0.000000	124014.000000
0.000000	124014.000000
0.000000	124014.000000
0.000000	124014.000000
0.000000	124014.000000
0.000000	124014.000000
0.000000	124014.000000
0.000000	124014.000000
0.000000	124014.000000
0.000000	124014.000000
0.000000	124014.000000
0.000000	124014.000000
0.000000	124014.000000
0.000000	124014.000000
0.000000	124014.000000
0.000000	124014.000000
0.000000	124015.000000
0.000000	124015.000000
0.000000	124015.000000
0.000000	124015.000000
0.000000	124015.000000
0.000000	124015.000000
0.000000	124015.000000
0.000000	124015.000000
0.000000	124015.000000
0.000000	124015.000000
0.000000	124015.000000
0.000000	124015.000000
0.000000	124015.000000
0.000000	124015.000000
0.000000	124015.000000
0.000000	124015.000000
0.000000	124015.000000
0.000000	124016.000000
0.000000	124016.000000
0.000000	124016.000000
0.000000	124016.000000
0.000000	124016.000000
0.000000	124016.000000
0.000000	124016.000000
0.000000	124016.000000
0.000000	124016.000000
0.000000	124016.000000
0.000000	124016.000000
0.000000	124016.000000
0.000000	124016.000000
0.000000	124016.000000
0.000000	124016.000000
0.000000	124016.000000
0.000000	124016.000000
0.000000	124017.000000
0.000000	124017.000000
0.000000	124017.000000
0.000000	124017.000000
0.000000	124017.000000
0.000000	124017.000000
0.000000	124017.000000
0.000000	124017.000000
0.000000	124017.000000
0.000000	124017.000000
0.000000	124017.000000
0.000000	124017.000000
0.000000	124017.000000
0.000000	124017.000000
0.000000	124017.000000
0.000000	124017.000000
0.000000	124017.000000
0.000000	124018.000000
0.000000	124018.000000
0.000000	124018.000000
0.000000	124018.000000
0.000000	124018.000000
0.000000	124018.000000
0.000000	124018.000000
0.000000	124018.000000
0.000000	124018.000000
0.000000	124018.000000
0.000000	124018.000000
0.000000	124018.000000
0.000000	124018.000000
0.000000	124018.000000
0.000000	124018.000000
0.000000	124018.000000
0.000000	124018.000000
0.000000	124019.000000
0.000000	124019.000000
0.000000	124019.000000
0.000000	124019.000000
0.000000	124019.000000
0.000000	124019.000000
0.000000	124019.000000
0.000000	124019.000000
0.000000	124019.000000
0.000000	124019.000000
0.000000	124019.000000
0.000000	124019.000000
0.000000	124019.000000
0.000000	124019.000000
0.000000	124019.000000
0.000000	124019.000000
0.000000	124019.000000
0.000000	124020.000000
0.000000	124020.000000
0.000000	124020.000000
0.000000	124020.000000
0.000000	124020.000000
0.000000	124020.000000
0.000000	124020.000000
0.000000	124020.000000
0.000000	124020.000000
0.000000	124020.000000
0.000000	124020.000000
0.000000	124020.000000
0.000000	124020.000000
0.000000	124020.000000
0.000000	124020.000000
0.000000	124020.000000
0.000000	124020.000000
0.000000	124021.000000
0.000000	124021.000000
0.000000	124021.000000
0.000000	124021.000000
0.000000	124021.000000
0.000000	124021.000000
0.000000	124021.000000
0.000000	124021.000000
0.000000	124021.000000
0.000000	124021.000000
0.000000	124021.000000
0.000000	124021.000000
0.000000	124021.000000
0.000000	124021.000000
0.000000	124021.000000
0.000000	124021.000000
0.000000	124021.000000
0.000000	124022.000000
0.000000	124022.000000
0.000000	124022.000000
0.000000	124022.000000
0.000000	124022.000000
0.000000	124022.000000
0.000000	124022.000000
0.000000	124022.000000
0.000000	124022.000000
0.000000	124022.000000
0.000000	124022.000000
0.000000	124022.000000
0.000000	124022.000000
0.000000	124022.000000
0.000000	124022.000000
0.000000	124022.000000
0.000000	124022.000000
0.000000	124023.000000
0.000000	124023.000000
0.000000	124023.000000
0.000000	124023.000000
0.000000	124023.000000
0.000000	124023.000000
0.000000	124023.000000
0.000000	124023.000000
0.000000	124023.000000
0.000000	124023.000000
0.000000	124023.000000
0.000000	124023.000000
0.000000	124023.000000
0.000000	124023.000000
0.000000	124023.000000
0.000000	124023.000000
0.000000	124023.000000
0.000000	124024.000000
0.000000	124024.000000
0.000000	124024.000000
0.000000	124024.000000
0.000000	124024.000000
0.000000	124024.000000
0.000000	124024.000000
0.000000	124024.000000
0.000000	124024.000000
0.000000	124024.000000
0.000000	124024.000000
0.000000	124024.000000
0.000000	124024.000000
0.000000	124024.000000
0.000000	124024.000000
0.000000	124024.000000
0.000000	124024.000000
0.000000	124025.000000
0.000000	124025.000000
0.000000	124025.000000
0.000000	124025.000000
0.000000	124025.000000
0.000000	124025.000000
0.000000	124025.000000
0.000000	124025.000000
0.000000	124025.000000
0.000000	124025.000000
0.000000	124025.000000
0.000000	124025.000000
0.000000	124025.000000
0.000000	124025.000000
0.000000	124025.000000
0.000000	124025.000000
0.000000	124025.000000
0.000000	124026.000000
0.000000	124026.000000
0.000000	124026.000000
0.000000	124026.000000
0.000000	124026.000000
0.000000	124026.000000
0.000000	124026.000000
0.000000	124026.000000
0.000000	124026.000000
0.000000	124026.000000
0.000000	124026.000000
0.000000	124026.000000
0.000000	124026.000000
0.000000	124026.000000
0.000000	124026.000000
0.000000	124026.000000
0.000000	124026.000000
0.000000	124026.000000
0.000000	124027.000000
0.000000	124027.000000
0.000000	124027.000000
0.000000	124027.000000
0.000000	124027.000000
0.000000	124027.000000
0.000000	124027.000000
0.000000	124027.000000
0.000000	124027.000000
0.000000	124027.000000
0.000000	124027.000000
0.000000	124027.000000
0.000000	124027.000000
0.000000	124027.000000
0.000000	124027.000000
0.000000	124027.000000
0.000000	124027.000000
0.000000	124028.000000
0.000000	124028.000000
0.000000	124028.000000
0.000000	124028.000000
0.000000	124028.000000
0.000000	124028.000000
0.000000	124028.000000
0.000000	124028.000000
0.000000	124028.000000
0.000000	124028.000000
0.000000	124028.000000
0.000000	124028.000000
0.000000	124028.000000
0.000000	124028.000000
0.000000	124028.000000
0.000000	124028.000000
0.000000	124028.000000
0.000000	124029.000000
0.000000	124029.000000
0.000000	124029.000000
0.000000	124029.000000
0.000000	124029.000000
0.000000	124029.000000
0.000000	124029.000000
0.000000	124029.000000
0.000000	124029.000000
0.000000	124029.000000
0.000000	124029.000000
0.000000	124029.000000
0.000000	124029.000000
0.000000	124029.000000
0.000000	124029.000000
0.000000	124029.000000
0.000000	124029.000000
0.000000	124030.000000
0.000000	124030.000000
0.000000	124030.000000
0.000000	124030.000000
0.000000	124030.000000
0.000000	124030.000000
0.000000	124030.000000
0.000000	124030.000000
0.000000	124030.000000
0.000000	124030.000000
0.000000	124030.000000
0.000000	124030.000000
0.000000	124030.000000
0.000000	124030.000000
0.000000	124030.000000
0.000000	124030.000000
0.000000	124030.000000
0.000000	124031.000000
0.000000	124031.000000
0.000000	124031.000000
0.000000	124031.000000
0.000000	124031.000000
0.000000	124031.000000
0.000000	124031.000000
0.000000	124031.000000
0.000000	124031.000000
0.000000	124031.000000
0.000000	124031.000000
0.000000	124031.000000
0.000000	124031.000000
0.000000	124031.000000
0.000000	124031.000000
0.000000	124031.000000
0.000000	124031.000000
0.000000	124032.000000
0.000000	124032.000000
0.000000	124032.000000
0.000000	124032.000000
0.000000	124032.000000
0.000000	124032.000000
0.000000	124032.000000
0.000000	124032.000000
0.000000	124032.000000
0.000000	124032.000000
0.000000	124032.000000
0.000000	124032.000000
0.000000	124032.000000
0.000000	124032.000000
0.000000	124032.000000
0.000000	124032.000000
0.000000	124032.000000
0.000000	124033.000000
0.000000	124033.000000
0.000000	124033.000000
0.000000	124033.000000
0.000000	124033.000000
0.000000	124033.000000
0.000000	124033.000000
0.000000	124033.000000
0.000000	124033.000000
0.000000	124033.000000
0.000000	124033.000000
0.000000	124033.000000
0.000000	124033.000000
0.000000	124033.000000
0.000000	124033.000000
0.000000	124033.000000
0.000000	124033.000000
0.000000	124034.000000
0.000000	124034.000000
0.000000	124034.000000
0.000000	124034.000000
0.000000	124034.000000
0.000000	124034.000000
0.000000	124034.000000
0.000000	124034.000000
0.000000	124034.000000
0.000000	124034.000000
0.000000	124034.000000
0.000000	124034.000000
0.000000	124034.000000
0.000000	124034.000000
0.000000	124034.000000
0.000000	124034.000000
0.000000	124034.000000
0.000000	124035.000000
0.000000	124035.000000
0.000000	124035.000000
0.000000	124035.000000
0.000000	124035.000000
0.000000	124035.000000
0.000000	124035.000000
0.000000	124035.000000
0.000000	124035.000000
0.000000	124035.000000
0.000000	124035.000000
0.000000	124035.000000
0.000000	124035.000000
0.000000	124035.000000
0.000000	124035.000000
0.000000	124035.000000
0.000000	124035.000000
0.000000	124036.000000
0.000000	124036.000000
0.000000	124036.000000
0.000000	124036.000000
0.000000	124036.000000
0.000000	124036.000000
0.000000	124036.000000
0.000000	124036.000000
0.000000	124036.000000
0.000000	124036.000000
0.000000	124036.000000
0.000000	124036.000000
0.000000	124036.000000
0.000000	124036.000000
0.000000	124036.000000
0.000000	124036.000000
0.000000	124036.000000
0.000000	124037.000000
0.000000	124037.000000
0.000000	124037.000000
0.000000	124037.000000
0.000000	124037.000000
0.000000	124037.000000
0.000000	124037.000000
0.000000	124037.000000
0.000000	124037.000000
0.000000	124037.000000
0.000000	124037.000000
0.000000	124037.000000
0.000000	124037.000000
0.000000	124037.000000
0.000000	124037.000000
0.000000	124037.000000
0.000000	124037.000000
0.000000	124038.000000
0.000000	124038.000000
0.000000	124038.000000
0.000000	124038.000000
0.000000	124038.000000
0.000000	124038.000000
0.000000	124038.000000
0.000000	124038.000000
0.000000	124038.000000
0.000000	124038.000000
0.000000	124038.000000
0.000000	124038.000000
0.000000	124038.000000
0.000000	124038.000000
0.000000	124038.000000
0.000000	124038.000000
0.000000	124038.000000
0.000000	124039.000000
0.000000	124039.000000
0.000000	124039.000000
0.000000	124039.000000
0.000000	124039.000000
0.000000	124039.000000
0.000000	124039.000000
0.000000	124039.000000
0.000000	124039.000000
0.000000	124039.000000
0.000000	124039.000000
0.000000	124039.000000
0.000000	124039.000000
0.000000	124039.000000
0.000000	124039.000000
0.000000	124039.000000
0.000000	124039.000000
0.000000	124040.000000
0.000000	124040.000000
0.000000	124040.000000
0.000000	124040.000000
0.000000	124040.000000
0.000000	124040.000000
0.000000	124040.000000
0.000000	124040.000000
0.000000	124040.000000
0.000000	124040.000000
0.000000	124040.000000
0.000000	124040.000000
0.000000	124040.000000
0.000000	124040.000000
0.000000	124040.000000
0.000000	124040.000000
0.000000	124040.000000
0.000000	124041.000000
0.000000	124041.000000
0.000000	124041.000000
0.000000	124041.000000
0.000000	124041.000000
0.000000	124041.000000
0.000000	124041.000000
0.000000	124041.000000
0.000000	124041.000000
0.000000	124041.000000
0.000000	124041.000000
0.000000	124041.000000
0.000000	124041.000000
0.000000	124041.000000
0.000000	124041.000000
0.000000	124041.000000
0.000000	124041.000000
0.000000	124041.000000
0.000000	124042.000000
0.000000	124042.000000
0.000000	124042.000000
0.000000	124042.000000
0.000000	124042.000000
0.000000	124042.000000
0.000000	124042.000000
0.000000	124042.000000
0.000000	124042.000000
0.000000	124042.000000
0.000000	124042.000000
0.000000	124042.000000
0.000000	124042.000000
0.000000	124042.000000
0.000000	124042.000000
0.000000	124042.000000
0.000000	124042.000000
0.000000	124043.000000
0.000000	124043.000000
0.000000	124043.000000
0.000000	124043.000000
0.000000	124043.000000
0.000000	124043.000000
0.000000	124043.000000
0.000000	124043.000000
0.000000	124043.000000
0.000000	124043.000000
0.000000	124043.000000
0.000000	124043.000000
0.000000	124043.000000
0.000000	124043.000000
0.000000	124043.000000
0.000000	124043.000000
0.000000	124043.000000
0.000000	124044.000000
0.000000	124044.000000
0.000000	124044.000000
0.000000	124044.000000
0.000000	124044.000000
0.000000	124044.000000
0.000000	124044.000000
0.000000	124044.000000
0.000000	124044.000000
0.000000	124044.000000
0.000000	124044.000000
0.000000	124044.000000
0.000000	124044.000000
0.000000	124044.000000
0.000000	124044.000000
0.000000	124044.000000
0.000000	124044.000000
0.000000	124045.000000
0.000000	124045.000000
0.000000	124045.000000
0.000000	124045.000000
0.000000	124045.000000
0.000000	124045.000000
0.000000	124045.000000
0.000000	124045.000000
0.000000	124045.000000
0.000000	124045.000000
0.000000	124045.000000
0.000000	124045.000000
0.000000	124045.000000
0.000000	124045.000000
0.000000	124045.000000
0.000000	124045.000000
0.000000	124045.000000
0.000000	124046.000000
0.000000	124046.000000
0.000000	124046.000000
0.000000	124046.000000
0.000000	124046.000000
0.000000	124046.000000
0.000000	124046.000000
0.000000	124046.000000
0.000000	124046.000000
0.000000	124046.000000
0.000000	124046.000000
0.000000	124046.000000
0.000000	124046.000000
0.000000	124046.000000
0.000000	124046.000000
0.000000	124046.000000
0.000000	124046.000000
0.000000	124047.000000
0.000000	124047.000000
0.000000	124047.000000
0.000000	124047.000000
0.000000	124047.000000
0.000000	124047.000000
0.000000	124047.000000
0.000000	124047.000000
0.000000	124047.000000
0.000000	124047.000000
0.000000	124047.000000
0.000000	124047.000000
0.000000	124047.000000
0.000000	124047.000000
0.000000	124047.000000
0.000000	124047.000000
0.000000	124047.000000
0.000000	124048.000000
0.000000	124048.000000
0.000000	124048.000000
0.000000	124048.000000
0.000000	124048.000000
0.000000	124048.000000
0.000000	124048.000000
0.000000	124048.000000
0.000000	124048.000000
0.000000	124048.000000
0.000000	124048.000000
0.000000	124048.000000
0.000000	124048.000000
0.000000	124048.000000
0.000000	124048.000000
0.000000	124048.000000
0.000000	124048.000000
0.000000	124049.000000
0.000000	124049.000000
0.000000	124049.000000
0.000000	124049.000000
0.000000	124049.000000
0.000000	124049.000000
0.000000	124049.000000
0.000000	124049.000000
0.000000	124049.000000
0.000000	124049.000000
0.000000	124049.000000
0.000000	124049.000000
0.000000	124049.000000
0.000000	124049.000000
0.000000	124049.000000
0.000000	124049.000000
0.000000	124049.000000
0.000000	124050.000000
0.000000	124050.000000
0.000000	124050.000000
0.000000	124050.000000
0.000000	124050.000000
0.000000	124050.000000
0.000000	124050.000000
0.000000	124050.000000
0.000000	124050.000000
0.000000	124050.000000
0.000000	124050.000000
0.000000	124050.000000
0.000000	124050.000000
0.000000	124050.000000
0.000000	124050.000000
0.000000	124050.000000
0.000000	124050.000000
0.000000	124051.000000
0.000000	124051.000000
0.000000	124051.000000
0.000000	124051.000000
0.000000	124051.000000
0.000000	124051.000000
0.000000	124051.000000
0.000000	124051.000000
0.000000	124051.000000
0.000000	124051.000000
0.000000	124051.000000
0.000000	124051.000000
0.000000	124051.000000
0.000000	124051.000000
0.000000	124051.000000
0.000000	124051.000000
0.000000	124051.000000
0.000000	124052.000000
0.000000	124052.000000
0.000000	124052.000000
0.000000	124052.000000
0.000000	124052.000000
0.000000	124052.000000
0.000000	124052.000000
0.000000	124052.000000
0.000000	124052.000000
0.000000	124052.000000
0.000000	124052.000000
0.000000	124052.000000
0.000000	124052.000000
0.000000	124052.000000
0.000000	124052.000000
0.000000	124052.000000
0.000000	124052.000000
0.000000	124053.000000
0.000000	124053.000000
0.000000	124053.000000
0.000000	124053.000000
0.000000	124053.000000
0.000000	124053.000000
0.000000	124053.000000
0.000000	124053.000000
0.000000	124053.000000
0.000000	124053.000000
0.000000	124053.000000
0.000000	124053.000000
0.000000	124053.000000
0.000000	124053.000000
0.000000	124053.000000
0.000000	124053.000000
0.000000	124053.000000
0.000000	124054.000000
0.000000	124054.000000
0.000000	124054.000000
0.000000	124054.000000
0.000000	124054.000000
0.000000	124054.000000
0.000000	124054.000000
0.000000	124054.000000
0.000000	124054.000000
0.000000	124054.000000
0.000000	124054.000000
0.000000	124054.000000
0.000000	124054.000000
0.000000	124054.000000
0.000000	124054.000000
0.000000	124054.000000
0.000000	124054.000000
0.000000	124055.000000
0.000000	124055.000000
0.000000	124055.000000
0.000000	124055.000000
0.000000	124055.000000
0.000000	124055.000000
0.000000	124055.000000
0.000000	124055.000000
0.000000	124055.000000
0.000000	124055.000000
0.000000	124055.000000
0.000000	124055.000000
0.000000	124055.000000
0.000000	124055.000000
0.000000	124055.000000
0.000000	124055.000000
0.000000	124055.000000
0.000000	124056.000000
0.000000	124056.000000
0.000000	124056.000000
0.000000	124056.000000
0.000000	124056.000000
0.000000	124056.000000
0.000000	124056.000000
0.000000	124056.000000
0.000000	124056.000000
0.000000	124056.000000
0.000000	124056.000000
0.000000	124056.000000
0.000000	124056.000000
0.000000	124056.000000
0.000000	124056.000000
0.000000	124056.000000
0.000000	124056.000000
0.000000	124056.000000
0.000000	124057.000000
0.000000	124057.000000
0.000000	124057.000000
0.000000	124057.000000
0.000000	124057.000000
0.000000	124057.000000
0.000000	124057.000000
0.000000	124057.000000
0.000000	124057.000000
0.000000	124057.000000
0.000000	124057.000000
0.000000	124057.000000
0.000000	124057.000000
0.000000	124057.000000
0.000000	124057.000000
0.000000	124057.000000
0.000000	124057.000000
0.000000	124058.000000
0.000000	124058.000000
0.000000	124058.000000
0.000000	124058.000000
0.000000	124058.000000
0.000000	124058.000000
0.000000	124058.000000
0.000000	124058.000000
0.000000	124058.000000
0.000000	124058.000000
0.000000	124058.000000
0.000000	124058.000000
0.000000	124058.000000
0.000000	124058.000000
0.000000	124058.000000
0.000000	124058.000000
0.000000	124058.000000
0.000000	124059.000000
0.000000	124059.000000
0.000000	124059.000000
0.000000	124059.000000
0.000000	124059.000000
0.000000	124059.000000
0.000000	124059.000000
0.000000	124059.000000
0.000000	124059.000000
0.000000	124059.000000
0.000000	124059.000000
0.000000	124059.000000
0.000000	124059.000000
0.000000	124059.000000
0.000000	124059.000000
0.000000	124059.000000
0.000000	124059.000000
0.000000	124100.000000
0.000000	124100.000000
0.000000	124100.000000
0.000000	124100.000000
0.000000	124100.000000
0.000000	124100.000000
0.000000	124100.000000
0.000000	124100.000000
0.000000	124100.000000
0.000000	124100.000000
0.000000	124100.000000
0.000000	124100.000000
0.000000	124100.000000
0.000000	124100.000000
0.000000	124100.000000
0.000000	124100.000000
0.000000	124100.000000
0.000000	124101.000000
0.000000	124101.000000
0.000000	124101.000000
0.000000	124101.000000
0.000000	124101.000000
0.000000	124101.000000
0.000000	124101.000000
0.000000	124101.000000
0.000000	124101.000000
0.000000	124101.000000
0.000000	124101.000000
0.000000	124101.000000
0.000000	124101.000000
0.000000	124101.000000
0.000000	124101.000000
0.000000	124101.000000
0.000000	124101.000000
0.000000	124102.000000
0.000000	124102.000000
0.000000	124102.000000
0.000000	124102.000000
0.000000	124102.000000
0.000000	124102.000000
0.000000	124102.000000
0.000000	124102.000000
0.000000	124102.000000
0.000000	124102.000000
0.000000	124102.000000
0.000000	124102.000000
0.000000	124102.000000
0.000000	124102.000000
0.000000	124102.000000
0.000000	124102.000000
0.000000	124102.000000
0.000000	124103.000000
0.000000	124103.000000
0.000000	124103.000000
0.000000	124103.000000
0.000000	124103.000000
0.000000	124103.000000
0.000000	124103.000000
0.000000	124103.000000
0.000000	124103.000000
0.000000	124103.000000
0.000000	124103.000000
0.000000	124103.000000
0.000000	124103.000000
0.000000	124103.000000
0.000000	124103.000000
0.000000	124103.000000
0.000000	124103.000000
0.000000	124104.000000
0.000000	124104.000000
0.000000	124104.000000
0.000000	124104.000000
0.000000	124104.000000
0.000000	124104.000000
0.000000	124104.000000
0.000000	124104.000000
0.000000	124104.000000
0.000000	124104.000000
0.000000	124104.000000
0.000000	124104.000000
0.000000	124104.000000
0.000000	124104.000000
0.000000	124104.000000
0.000000	124104.000000
0.000000	124104.000000
0.000000	124105.000000
0.000000	124105.000000
0.000000	124105.000000
0.000000	124105.000000
0.000000	124105.000000
0.000000	124105.000000
0.000000	124105.000000
0.000000	124105.000000
0.000000	124105.000000
0.000000	124105.000000
0.000000	124105.000000
0.000000	124105.000000
0.000000	124105.000000
0.000000	124105.000000
0.000000	124105.000000
0.000000	124105.000000
0.000000	124105.000000
0.000000	124106.000000
0.000000	124106.000000
0.000000	124106.000000
0.000000	124106.000000
0.000000	124106.000000
0.000000	124106.000000
0.000000	124106.000000
0.000000	124106.000000
0.000000	124106.000000
0.000000	124106.000000
0.000000	124106.000000
0.000000	124106.000000
0.000000	124106.000000
0.000000	124106.000000
0.000000	124106.000000
0.000000	124106.000000
0.000000	124106.000000
0.000000	124107.000000
0.000000	124107.000000
0.000000	124107.000000
0.000000	124107.000000
0.000000	124107.000000
0.000000	124107.000000
0.000000	124107.000000
0.000000	124107.000000
0.000000	124107.000000
0.000000	124107.000000
0.000000	124107.000000
0.000000	124107.000000
0.000000	124107.000000
0.000000	124107.000000
0.000000	124107.000000
0.000000	124107.000000
0.000000	124107.000000
0.000000	124108.000000
0.000000	124108.000000
0.000000	124108.000000
0.000000	124108.000000
0.000000	124108.000000
0.000000	124108.000000
0.000000	124108.000000
0.000000	124108.000000
0.000000	124108.000000
0.000000	124108.000000
0.000000	124108.000000
0.000000	124108.000000
0.000000	124108.000000
0.000000	124108.000000
0.000000	124108.000000
0.000000	124108.000000
0.000000	124108.000000
0.000000	124109.000000
0.000000	124109.000000
0.000000	124109.000000
0.000000	124109.000000
0.000000	124109.000000
0.000000	124109.000000
0.000000	124109.000000
0.000000	124109.000000
0.000000	124109.000000
0.000000	124109.000000
0.000000	124109.000000
0.000000	124109.000000
0.000000	124109.000000
0.000000	124109.000000
0.000000	124109.000000
0.000000	124109.000000
0.000000	124109.000000
0.000000	124110.000000
0.000000	124110.000000
0.000000	124110.000000
0.000000	124110.000000
0.000000	124110.000000
0.000000	124110.000000
0.000000	124110.000000
0.000000	124110.000000
0.000000	124110.000000
0.000000	124110.000000
0.000000	124110.000000
0.000000	124110.000000
0.000000	124110.000000
0.000000	124110.000000
0.000000	124110.000000
0.000000	124110.000000
0.000000	124110.000000
0.000000	124111.000000
0.000000	124111.000000
0.000000	124111.000000
0.000000	124111.000000
0.000000	124111.000000
0.000000	124111.000000
0.000000	124111.000000
0.000000	124111.000000
0.000000	124111.000000
0.000000	124111.000000
0.000000	124111.000000
0.000000	124111.000000
0.000000	124111.000000
0.000000	124111.000000
0.000000	124111.000000
0.000000	124111.000000
0.000000	124111.000000
0.000000	124111.000000
0.000000	124112.000000
0.000000	124112.000000
0.000000	124112.000000
0.000000	124112.000000
0.000000	124112.000000
0.000000	124112.000000
0.000000	124112.000000
