0.000000	43053.000000
0.000000	43053.000000
0.000000	43053.000000
0.000000	43053.000000
0.000000	43053.000000
0.000000	43053.000000
0.000000	43053.000000
0.000000	43053.000000
0.000000	43053.000000
0.000000	43054.000000
0.000000	43054.000000
0.000000	43054.000000
0.000000	43054.000000
0.000000	43054.000000
0.000000	43054.000000
0.000000	43054.000000
0.000000	43054.000000
0.000000	43054.000000
0.000000	43054.000000
0.000000	43054.000000
0.000000	43054.000000
0.000000	43054.000000
0.000000	43054.000000
0.000000	43054.000000
0.000000	43054.000000
0.000000	43054.000000
0.000000	43055.000000
0.000000	43055.000000
0.000000	43055.000000
0.000000	43055.000000
0.000000	43055.000000
0.000000	43055.000000
0.000000	43055.000000
0.000000	43055.000000
0.000000	43055.000000
0.000000	43055.000000
0.000000	43055.000000
0.000000	43055.000000
0.000000	43055.000000
0.000000	43055.000000
0.000000	43055.000000
0.000000	43055.000000
0.000000	43055.000000
0.000000	43056.000000
0.000000	43056.000000
0.000000	43056.000000
0.000000	43056.000000
0.000000	43056.000000
0.000000	43056.000000
0.000000	43056.000000
0.000000	43056.000000
0.000000	43056.000000
0.000000	43056.000000
0.000000	43056.000000
0.000000	43056.000000
0.000000	43056.000000
0.000000	43056.000000
0.000000	43056.000000
0.000000	43056.000000
0.000000	43056.000000
0.000000	43056.000000
0.000000	43057.000000
0.000000	43057.000000
0.000000	43057.000000
0.000000	43057.000000
0.000000	43057.000000
0.000000	43057.000000
0.000000	43057.000000
0.000000	43057.000000
0.000000	43057.000000
0.000000	43057.000000
0.000000	43057.000000
0.000000	43057.000000
0.000000	43057.000000
0.000000	43057.000000
0.000000	43057.000000
0.000000	43057.000000
0.000000	43057.000000
0.000000	43058.000000
0.000000	43058.000000
0.000000	43058.000000
0.000000	43058.000000
0.000000	43058.000000
0.000000	43058.000000
0.000000	43058.000000
0.000000	43058.000000
0.000000	43058.000000
0.000000	43058.000000
0.000000	43058.000000
0.000000	43058.000000
0.000000	43058.000000
0.000000	43058.000000
0.000000	43058.000000
0.000000	43058.000000
0.000000	43058.000000
0.000000	43059.000000
0.000000	43059.000000
0.000000	43059.000000
0.000000	43059.000000
0.000000	43059.000000
0.000000	43059.000000
0.000000	43059.000000
0.000000	43059.000000
0.000000	43059.000000
0.000000	43059.000000
0.000000	43059.000000
0.000000	43059.000000
0.000000	43059.000000
0.000000	43059.000000
0.000000	43059.000000
0.000000	43059.000000
0.000000	43059.000000
0.000000	43100.000000
0.000000	43100.000000
0.000000	43100.000000
0.000000	43100.000000
0.000000	43100.000000
0.000000	43100.000000
0.000000	43100.000000
0.000000	43100.000000
0.000000	43100.000000
0.000000	43100.000000
0.000000	43100.000000
0.000000	43100.000000
0.000000	43100.000000
0.000000	43100.000000
0.000000	43100.000000
0.000000	43100.000000
0.000000	43100.000000
0.000000	43101.000000
0.000000	43101.000000
0.000000	43101.000000
0.000000	43101.000000
0.000000	43101.000000
0.000000	43101.000000
0.000000	43101.000000
0.000000	43101.000000
0.000000	43101.000000
0.000000	43101.000000
0.000000	43101.000000
0.000000	43101.000000
0.000000	43101.000000
0.000000	43101.000000
0.000000	43101.000000
0.000000	43101.000000
0.000000	43101.000000
0.000000	43102.000000
0.000000	43102.000000
0.000000	43102.000000
0.000000	43102.000000
0.000000	43102.000000
0.000000	43102.000000
0.000000	43102.000000
0.000000	43102.000000
0.000000	43102.000000
0.000000	43102.000000
0.000000	43102.000000
0.000000	43102.000000
0.000000	43102.000000
0.000000	43102.000000
0.000000	43102.000000
0.000000	43102.000000
0.000000	43102.000000
0.000000	43103.000000
0.000000	43103.000000
0.000000	43103.000000
0.000000	43103.000000
0.000000	43103.000000
0.000000	43103.000000
0.000000	43103.000000
0.000000	43103.000000
0.000000	43103.000000
0.000000	43103.000000
0.000000	43103.000000
0.000000	43103.000000
0.000000	43103.000000
0.000000	43103.000000
0.000000	43103.000000
0.000000	43103.000000
0.000000	43103.000000
0.000000	43104.000000
0.000000	43104.000000
0.000000	43104.000000
0.000000	43104.000000
0.000000	43104.000000
0.000000	43104.000000
0.000000	43104.000000
0.000000	43104.000000
0.000000	43104.000000
0.000000	43104.000000
0.000000	43104.000000
0.000000	43104.000000
0.000000	43104.000000
0.000000	43104.000000
0.000000	43104.000000
0.000000	43104.000000
0.000000	43104.000000
0.000000	43105.000000
0.000000	43105.000000
0.000000	43105.000000
0.000000	43105.000000
0.000000	43105.000000
0.000000	43105.000000
0.000000	43105.000000
0.000000	43105.000000
0.000000	43105.000000
0.000000	43105.000000
0.000000	43105.000000
0.000000	43105.000000
0.000000	43105.000000
0.000000	43105.000000
0.000000	43105.000000
0.000000	43105.000000
0.000000	43106.000000
0.000000	43106.000000
0.000000	43106.000000
0.000000	43106.000000
0.000000	43106.000000
0.000000	43106.000000
0.000000	43106.000000
0.000000	43106.000000
0.000000	43106.000000
0.000000	43106.000000
0.000000	43106.000000
0.000000	43106.000000
0.000000	43106.000000
0.000000	43106.000000
0.000000	43106.000000
0.000000	43106.000000
0.000000	43106.000000
0.000000	43106.000000
0.000000	43107.000000
0.000000	43107.000000
0.000000	43107.000000
0.000000	43107.000000
0.000000	43107.000000
0.000000	43107.000000
0.000000	43107.000000
0.000000	43107.000000
0.000000	43107.000000
0.000000	43107.000000
0.000000	43107.000000
0.000000	43107.000000
0.000000	43107.000000
0.000000	43107.000000
0.000000	43107.000000
0.000000	43107.000000
0.000000	43107.000000
0.000000	43108.000000
0.000000	43108.000000
0.000000	43108.000000
0.000000	43108.000000
0.000000	43108.000000
0.000000	43108.000000
0.000000	43108.000000
0.000000	43108.000000
0.000000	43108.000000
0.000000	43108.000000
0.000000	43108.000000
0.000000	43108.000000
0.000000	43108.000000
0.000000	43108.000000
0.000000	43108.000000
0.000000	43108.000000
0.000000	43108.000000
0.000000	43109.000000
0.000000	43109.000000
0.000000	43109.000000
0.000000	43109.000000
0.000000	43109.000000
0.000000	43109.000000
0.000000	43109.000000
0.000000	43109.000000
0.000000	43109.000000
0.000000	43109.000000
0.000000	43109.000000
0.000000	43109.000000
0.000000	43109.000000
0.000000	43109.000000
0.000000	43109.000000
0.000000	43109.000000
0.000000	43109.000000
0.000000	43110.000000
0.000000	43110.000000
0.000000	43110.000000
0.000000	43110.000000
0.000000	43110.000000
0.000000	43110.000000
0.000000	43110.000000
0.000000	43110.000000
0.000000	43110.000000
0.000000	43110.000000
0.000000	43110.000000
0.000000	43110.000000
0.000000	43110.000000
0.000000	43110.000000
0.000000	43110.000000
0.000000	43110.000000
0.000000	43110.000000
0.000000	43111.000000
0.000000	43111.000000
0.000000	43111.000000
0.000000	43111.000000
0.000000	43111.000000
0.000000	43111.000000
0.000000	43111.000000
0.000000	43111.000000
0.000000	43111.000000
0.000000	43111.000000
0.000000	43111.000000
0.000000	43111.000000
0.000000	43112.000000
0.000000	43112.000000
0.000000	43112.000000
0.000000	43112.000000
0.000000	43112.000000
0.000000	43112.000000
0.000000	43112.000000
0.000000	43112.000000
0.000000	43112.000000
0.000000	43112.000000
0.000000	43112.000000
0.000000	43112.000000
0.000000	43112.000000
0.000000	43112.000000
0.000000	43112.000000
0.000000	43112.000000
0.000000	43112.000000
0.000000	43112.000000
0.000000	43112.000000
0.000000	43112.000000
0.000000	43112.000000
0.000000	43112.000000
0.000000	43112.000000
0.000000	43113.000000
0.000000	43113.000000
0.000000	43113.000000
0.000000	43113.000000
0.000000	43113.000000
0.000000	43113.000000
0.000000	43113.000000
0.000000	43113.000000
0.000000	43113.000000
0.000000	43113.000000
0.000000	43113.000000
0.000000	43113.000000
0.000000	43113.000000
0.000000	43113.000000
0.000000	43113.000000
0.000000	43113.000000
0.000000	43113.000000
0.000000	43114.000000
0.000000	43114.000000
0.000000	43114.000000
0.000000	43114.000000
0.000000	43114.000000
0.000000	43114.000000
0.000000	43114.000000
0.000000	43114.000000
0.000000	43114.000000
0.000000	43114.000000
0.000000	43114.000000
0.000000	43114.000000
0.000000	43114.000000
0.000000	43114.000000
0.000000	43114.000000
0.000000	43114.000000
0.000000	43114.000000
0.000000	43115.000000
0.000000	43115.000000
0.000000	43115.000000
0.000000	43115.000000
0.000000	43115.000000
0.000000	43115.000000
0.000000	43115.000000
0.000000	43115.000000
0.000000	43115.000000
0.000000	43115.000000
0.000000	43115.000000
0.000000	43115.000000
0.000000	43115.000000
0.000000	43115.000000
0.000000	43116.000000
0.000000	43116.000000
0.000000	43116.000000
0.000000	43116.000000
0.000000	43116.000000
0.000000	43116.000000
0.000000	43116.000000
0.000000	43116.000000
0.000000	43116.000000
0.000000	43116.000000
0.000000	43116.000000
0.000000	43116.000000
0.000000	43116.000000
0.000000	43116.000000
0.000000	43116.000000
0.000000	43116.000000
0.000000	43116.000000
0.000000	43116.000000
0.000000	43116.000000
0.000000	43116.000000
0.000000	43117.000000
0.000000	43117.000000
0.000000	43117.000000
0.000000	43117.000000
0.000000	43117.000000
0.000000	43117.000000
0.000000	43117.000000
0.000000	43117.000000
0.000000	43117.000000
0.000000	43117.000000
0.000000	43117.000000
0.000000	43117.000000
0.000000	43118.000000
0.000000	43118.000000
0.000000	43118.000000
0.000000	43118.000000
0.000000	43118.000000
0.000000	43118.000000
0.000000	43118.000000
0.000000	43118.000000
0.000000	43118.000000
0.000000	43118.000000
0.000000	43118.000000
0.000000	43118.000000
0.000000	43118.000000
0.000000	43118.000000
0.000000	43118.000000
0.000000	43118.000000
0.000000	43118.000000
0.000000	43119.000000
0.000000	43119.000000
0.000000	43119.000000
0.000000	43119.000000
0.000000	43119.000000
0.000000	43119.000000
0.000000	43119.000000
0.000000	43119.000000
0.000000	43119.000000
0.000000	43119.000000
0.000000	43119.000000
0.000000	43119.000000
0.000000	43119.000000
0.000000	43119.000000
0.000000	43119.000000
0.000000	43119.000000
0.000000	43119.000000
0.000000	43119.000000
0.000000	43119.000000
0.000000	43119.000000
0.000000	43119.000000
0.000000	43119.000000
0.000000	43120.000000
0.000000	43120.000000
0.000000	43120.000000
0.000000	43120.000000
0.000000	43120.000000
0.000000	43120.000000
0.000000	43120.000000
0.000000	43120.000000
0.000000	43120.000000
0.000000	43120.000000
0.000000	43120.000000
0.000000	43120.000000
0.000000	43120.000000
0.000000	43120.000000
0.000000	43120.000000
0.000000	43120.000000
0.000000	43120.000000
0.000000	43121.000000
0.000000	43121.000000
0.000000	43121.000000
0.000000	43121.000000
0.000000	43121.000000
0.000000	43121.000000
0.000000	43121.000000
0.000000	43121.000000
0.000000	43121.000000
0.000000	43121.000000
0.000000	43121.000000
0.000000	43121.000000
0.000000	43121.000000
0.000000	43121.000000
0.000000	43121.000000
0.000000	43121.000000
0.000000	43121.000000
0.000000	43122.000000
0.000000	43122.000000
0.000000	43122.000000
0.000000	43122.000000
0.000000	43122.000000
0.000000	43122.000000
0.000000	43122.000000
0.000000	43122.000000
0.000000	43122.000000
0.000000	43122.000000
0.000000	43122.000000
0.000000	43122.000000
0.000000	43122.000000
0.000000	43122.000000
0.000000	43122.000000
0.000000	43122.000000
0.000000	43122.000000
0.000000	43123.000000
0.000000	43123.000000
0.000000	43123.000000
0.000000	43123.000000
0.000000	43123.000000
0.000000	43123.000000
0.000000	43123.000000
0.000000	43123.000000
0.000000	43123.000000
0.000000	43123.000000
0.000000	43123.000000
0.000000	43123.000000
0.000000	43123.000000
0.000000	43123.000000
0.000000	43123.000000
0.000000	43123.000000
0.000000	43123.000000
0.000000	43124.000000
0.000000	43124.000000
0.000000	43124.000000
0.000000	43124.000000
0.000000	43124.000000
0.000000	43124.000000
0.000000	43124.000000
0.000000	43124.000000
0.000000	43124.000000
0.000000	43124.000000
0.000000	43124.000000
0.000000	43124.000000
0.000000	43124.000000
0.000000	43125.000000
0.000000	43125.000000
0.000000	43125.000000
0.000000	43125.000000
0.000000	43125.000000
0.000000	43125.000000
0.000000	43125.000000
0.000000	43125.000000
0.000000	43125.000000
0.000000	43125.000000
0.000000	43125.000000
0.000000	43125.000000
0.000000	43125.000000
0.000000	43125.000000
0.000000	43125.000000
0.000000	43125.000000
0.000000	43125.000000
0.000000	43125.000000
0.000000	43125.000000
0.000000	43125.000000
0.000000	43125.000000
0.000000	43126.000000
0.000000	43126.000000
0.000000	43126.000000
0.000000	43126.000000
0.000000	43126.000000
0.000000	43126.000000
0.000000	43126.000000
0.000000	43126.000000
0.000000	43126.000000
0.000000	43126.000000
0.000000	43126.000000
0.000000	43126.000000
0.000000	43126.000000
0.000000	43126.000000
0.000000	43126.000000
0.000000	43126.000000
0.000000	43126.000000
0.000000	43127.000000
0.000000	43127.000000
0.000000	43127.000000
0.000000	43127.000000
0.000000	43127.000000
0.000000	43127.000000
0.000000	43127.000000
0.000000	43127.000000
0.000000	43127.000000
0.000000	43127.000000
0.000000	43127.000000
0.000000	43127.000000
0.000000	43127.000000
0.000000	43127.000000
0.000000	43127.000000
0.000000	43127.000000
0.000000	43127.000000
0.000000	43127.000000
0.000000	43128.000000
0.000000	43128.000000
0.000000	43128.000000
0.000000	43128.000000
0.000000	43128.000000
0.000000	43128.000000
0.000000	43128.000000
0.000000	43128.000000
0.000000	43128.000000
0.000000	43128.000000
0.000000	43128.000000
0.000000	43128.000000
0.000000	43128.000000
0.000000	43128.000000
0.000000	43128.000000
0.000000	43128.000000
0.000000	43128.000000
0.000000	43129.000000
0.000000	43129.000000
0.000000	43129.000000
0.000000	43129.000000
0.000000	43129.000000
0.000000	43129.000000
0.000000	43129.000000
0.000000	43129.000000
0.000000	43129.000000
0.000000	43129.000000
0.000000	43129.000000
0.000000	43129.000000
0.000000	43129.000000
0.000000	43129.000000
0.000000	43129.000000
0.000000	43129.000000
0.000000	43129.000000
0.000000	43130.000000
0.000000	43130.000000
0.000000	43130.000000
0.000000	43130.000000
0.000000	43130.000000
0.000000	43130.000000
0.000000	43130.000000
0.000000	43130.000000
0.000000	43130.000000
0.000000	43130.000000
0.000000	43130.000000
0.000000	43130.000000
0.000000	43130.000000
0.000000	43130.000000
0.000000	43130.000000
0.000000	43130.000000
0.000000	43130.000000
0.000000	43131.000000
0.000000	43131.000000
0.000000	43131.000000
0.000000	43131.000000
0.000000	43131.000000
0.000000	43131.000000
0.000000	43131.000000
0.000000	43131.000000
0.000000	43131.000000
0.000000	43131.000000
0.000000	43131.000000
0.000000	43131.000000
0.000000	43131.000000
0.000000	43131.000000
0.000000	43131.000000
0.000000	43131.000000
0.000000	43131.000000
0.000000	43132.000000
0.000000	43132.000000
0.000000	43132.000000
0.000000	43132.000000
0.000000	43132.000000
0.000000	43132.000000
0.000000	43132.000000
0.000000	43132.000000
0.000000	43132.000000
0.000000	43132.000000
0.000000	43132.000000
0.000000	43132.000000
0.000000	43132.000000
0.000000	43132.000000
0.000000	43132.000000
0.000000	43132.000000
0.000000	43132.000000
0.000000	43133.000000
0.000000	43133.000000
0.000000	43133.000000
0.000000	43133.000000
0.000000	43133.000000
0.000000	43133.000000
0.000000	43133.000000
0.000000	43133.000000
0.000000	43133.000000
0.000000	43133.000000
0.000000	43133.000000
0.000000	43133.000000
0.000000	43133.000000
0.000000	43133.000000
0.000000	43133.000000
0.000000	43133.000000
0.000000	43133.000000
0.000000	43134.000000
0.000000	43134.000000
0.000000	43134.000000
0.000000	43134.000000
0.000000	43134.000000
0.000000	43134.000000
0.000000	43134.000000
0.000000	43134.000000
0.000000	43134.000000
0.000000	43134.000000
0.000000	43134.000000
0.000000	43134.000000
0.000000	43134.000000
0.000000	43134.000000
0.000000	43134.000000
0.000000	43134.000000
0.000000	43134.000000
0.000000	43135.000000
0.000000	43135.000000
0.000000	43135.000000
0.000000	43135.000000
0.000000	43135.000000
0.000000	43135.000000
0.000000	43135.000000
0.000000	43135.000000
0.000000	43135.000000
0.000000	43135.000000
0.000000	43135.000000
0.000000	43135.000000
0.000000	43136.000000
0.000000	43136.000000
0.000000	43136.000000
0.000000	43136.000000
0.000000	43136.000000
0.000000	43136.000000
0.000000	43136.000000
0.000000	43136.000000
0.000000	43136.000000
0.000000	43136.000000
0.000000	43136.000000
0.000000	43136.000000
0.000000	43136.000000
0.000000	43136.000000
0.000000	43136.000000
0.000000	43136.000000
0.000000	43136.000000
0.000000	43136.000000
0.000000	43137.000000
0.000000	43137.000000
0.000000	43137.000000
0.000000	43137.000000
0.000000	43137.000000
0.000000	43137.000000
0.000000	43137.000000
0.000000	43137.000000
0.000000	43137.000000
0.000000	43137.000000
0.000000	43137.000000
0.000000	43137.000000
0.000000	43137.000000
0.000000	43137.000000
0.000000	43137.000000
0.000000	43137.000000
0.000000	43137.000000
0.000000	43137.000000
0.000000	43137.000000
0.000000	43137.000000
0.000000	43137.000000
0.000000	43138.000000
0.000000	43138.000000
0.000000	43138.000000
0.000000	43138.000000
0.000000	43138.000000
0.000000	43138.000000
0.000000	43138.000000
0.000000	43138.000000
0.000000	43138.000000
0.000000	43138.000000
0.000000	43138.000000
0.000000	43138.000000
0.000000	43139.000000
0.000000	43139.000000
0.000000	43139.000000
0.000000	43139.000000
0.000000	43139.000000
0.000000	43139.000000
0.000000	43139.000000
0.000000	43139.000000
0.000000	43139.000000
0.000000	43139.000000
0.000000	43139.000000
0.000000	43139.000000
0.000000	43139.000000
0.000000	43139.000000
0.000000	43139.000000
0.000000	43139.000000
0.000000	43140.000000
0.000000	43140.000000
0.000000	43140.000000
0.000000	43140.000000
0.000000	43140.000000
0.000000	43140.000000
0.000000	43140.000000
0.000000	43140.000000
0.000000	43140.000000
0.000000	43140.000000
0.000000	43140.000000
0.000000	43140.000000
0.000000	43140.000000
0.000000	43140.000000
0.000000	43140.000000
0.000000	43140.000000
0.000000	43140.000000
0.000000	43140.000000
0.000000	43140.000000
0.000000	43140.000000
0.000000	43140.000000
0.000000	43140.000000
0.000000	43140.000000
0.000000	43141.000000
0.000000	43141.000000
0.000000	43141.000000
0.000000	43141.000000
0.000000	43141.000000
0.000000	43141.000000
0.000000	43141.000000
0.000000	43141.000000
0.000000	43141.000000
0.000000	43141.000000
0.000000	43141.000000
0.000000	43141.000000
0.000000	43141.000000
0.000000	43141.000000
0.000000	43141.000000
0.000000	43141.000000
0.000000	43141.000000
0.000000	43142.000000
0.000000	43142.000000
0.000000	43142.000000
0.000000	43142.000000
0.000000	43142.000000
0.000000	43142.000000
0.000000	43142.000000
0.000000	43142.000000
0.000000	43142.000000
0.000000	43142.000000
0.000000	43142.000000
0.000000	43142.000000
0.000000	43142.000000
0.000000	43142.000000
0.000000	43142.000000
0.000000	43142.000000
0.000000	43142.000000
0.000000	43142.000000
0.000000	43143.000000
0.000000	43143.000000
0.000000	43143.000000
0.000000	43143.000000
0.000000	43143.000000
0.000000	43143.000000
0.000000	43143.000000
0.000000	43143.000000
0.000000	43143.000000
0.000000	43144.000000
0.000000	43144.000000
0.000000	43144.000000
0.000000	43144.000000
0.000000	43144.000000
0.000000	43144.000000
0.000000	43144.000000
0.000000	43144.000000
0.000000	43144.000000
0.000000	43144.000000
0.000000	43144.000000
0.000000	43144.000000
0.000000	43144.000000
0.000000	43144.000000
0.000000	43144.000000
0.000000	43144.000000
0.000000	43144.000000
0.000000	43144.000000
0.000000	43144.000000
0.000000	43144.000000
0.000000	43144.000000
0.000000	43144.000000
0.000000	43144.000000
0.000000	43144.000000
0.000000	43144.000000
0.000000	43145.000000
0.000000	43145.000000
0.000000	43145.000000
0.000000	43145.000000
0.000000	43145.000000
0.000000	43145.000000
0.000000	43145.000000
0.000000	43145.000000
0.000000	43145.000000
0.000000	43145.000000
0.000000	43145.000000
0.000000	43145.000000
0.000000	43145.000000
0.000000	43145.000000
0.000000	43145.000000
0.000000	43145.000000
0.000000	43145.000000
0.000000	43146.000000
0.000000	43146.000000
0.000000	43146.000000
0.000000	43146.000000
0.000000	43146.000000
0.000000	43146.000000
0.000000	43146.000000
0.000000	43146.000000
0.000000	43146.000000
0.000000	43146.000000
0.000000	43146.000000
0.000000	43146.000000
0.000000	43146.000000
0.000000	43146.000000
0.000000	43146.000000
0.000000	43146.000000
0.000000	43146.000000
0.000000	43147.000000
0.000000	43147.000000
0.000000	43147.000000
0.000000	43147.000000
0.000000	43147.000000
0.000000	43147.000000
0.000000	43147.000000
0.000000	43147.000000
0.000000	43147.000000
0.000000	43147.000000
0.000000	43147.000000
0.000000	43147.000000
0.000000	43147.000000
0.000000	43147.000000
0.000000	43147.000000
0.000000	43147.000000
0.000000	43147.000000
0.000000	43148.000000
0.000000	43148.000000
0.000000	43148.000000
0.000000	43148.000000
0.000000	43148.000000
0.000000	43148.000000
0.000000	43148.000000
0.000000	43148.000000
0.000000	43148.000000
0.000000	43148.000000
0.000000	43148.000000
0.000000	43148.000000
0.000000	43148.000000
0.000000	43148.000000
0.000000	43149.000000
0.000000	43149.000000
0.000000	43149.000000
0.000000	43149.000000
0.000000	43149.000000
0.000000	43149.000000
0.000000	43149.000000
0.000000	43149.000000
0.000000	43149.000000
0.000000	43149.000000
0.000000	43149.000000
0.000000	43149.000000
0.000000	43149.000000
0.000000	43149.000000
0.000000	43149.000000
0.000000	43149.000000
0.000000	43149.000000
0.000000	43149.000000
0.000000	43150.000000
0.000000	43150.000000
0.000000	43150.000000
0.000000	43150.000000
0.000000	43150.000000
0.000000	43150.000000
0.000000	43150.000000
0.000000	43150.000000
0.000000	43150.000000
0.000000	43150.000000
0.000000	43150.000000
0.000000	43150.000000
0.000000	43150.000000
0.000000	43150.000000
0.000000	43150.000000
0.000000	43150.000000
0.000000	43150.000000
0.000000	43150.000000
0.000000	43150.000000
0.000000	43151.000000
0.000000	43151.000000
0.000000	43151.000000
0.000000	43151.000000
0.000000	43151.000000
0.000000	43151.000000
0.000000	43151.000000
0.000000	43151.000000
0.000000	43151.000000
0.000000	43151.000000
0.000000	43151.000000
0.000000	43151.000000
0.000000	43151.000000
0.000000	43151.000000
0.000000	43151.000000
0.000000	43151.000000
0.000000	43152.000000
0.000000	43152.000000
0.000000	43152.000000
0.000000	43152.000000
0.000000	43152.000000
0.000000	43152.000000
0.000000	43152.000000
0.000000	43152.000000
0.000000	43152.000000
0.000000	43152.000000
0.000000	43152.000000
0.000000	43152.000000
0.000000	43152.000000
0.000000	43152.000000
0.000000	43152.000000
0.000000	43152.000000
0.000000	43152.000000
0.000000	43152.000000
0.000000	43153.000000
0.000000	43153.000000
0.000000	43153.000000
0.000000	43153.000000
0.000000	43153.000000
0.000000	43153.000000
0.000000	43153.000000
0.000000	43153.000000
0.000000	43153.000000
0.000000	43153.000000
0.000000	43153.000000
0.000000	43153.000000
0.000000	43153.000000
0.000000	43153.000000
0.000000	43153.000000
0.000000	43153.000000
0.000000	43153.000000
0.000000	43154.000000
0.000000	43154.000000
0.000000	43154.000000
0.000000	43154.000000
0.000000	43154.000000
0.000000	43154.000000
0.000000	43154.000000
0.000000	43154.000000
0.000000	43154.000000
0.000000	43154.000000
0.000000	43154.000000
0.000000	43154.000000
0.000000	43154.000000
0.000000	43154.000000
0.000000	43154.000000
0.000000	43154.000000
0.000000	43154.000000
0.000000	43155.000000
0.000000	43155.000000
0.000000	43155.000000
0.000000	43155.000000
0.000000	43155.000000
0.000000	43155.000000
0.000000	43155.000000
0.000000	43155.000000
0.000000	43155.000000
0.000000	43155.000000
0.000000	43155.000000
0.000000	43155.000000
0.000000	43155.000000
0.000000	43155.000000
0.000000	43155.000000
0.000000	43155.000000
0.000000	43155.000000
0.000000	43156.000000
0.000000	43156.000000
0.000000	43156.000000
0.000000	43156.000000
0.000000	43156.000000
0.000000	43156.000000
0.000000	43156.000000
0.000000	43156.000000
0.000000	43156.000000
0.000000	43156.000000
0.000000	43156.000000
0.000000	43156.000000
0.000000	43156.000000
0.000000	43156.000000
0.000000	43156.000000
0.000000	43156.000000
0.000000	43156.000000
0.000000	43157.000000
0.000000	43157.000000
0.000000	43157.000000
0.000000	43157.000000
0.000000	43157.000000
0.000000	43157.000000
0.000000	43157.000000
0.000000	43157.000000
0.000000	43157.000000
0.000000	43157.000000
0.000000	43157.000000
0.000000	43157.000000
0.000000	43157.000000
0.000000	43157.000000
0.000000	43157.000000
0.000000	43157.000000
0.000000	43157.000000
0.000000	43157.000000
0.000000	43158.000000
0.000000	43158.000000
0.000000	43158.000000
0.000000	43158.000000
0.000000	43158.000000
0.000000	43158.000000
0.000000	43158.000000
0.000000	43158.000000
0.000000	43158.000000
0.000000	43158.000000
0.000000	43158.000000
0.000000	43158.000000
0.000000	43158.000000
0.000000	43158.000000
0.000000	43158.000000
0.000000	43158.000000
0.000000	43158.000000
0.000000	43159.000000
0.000000	43159.000000
0.000000	43159.000000
0.000000	43159.000000
0.000000	43159.000000
0.000000	43159.000000
0.000000	43159.000000
0.000000	43159.000000
0.000000	43159.000000
0.000000	43159.000000
0.000000	43159.000000
0.000000	43159.000000
0.000000	43159.000000
0.000000	43159.000000
0.000000	43159.000000
0.000000	43159.000000
0.000000	43159.000000
0.000000	43200.000000
0.000000	43200.000000
0.000000	43200.000000
0.000000	43200.000000
0.000000	43200.000000
0.000000	43200.000000
0.000000	43200.000000
0.000000	43200.000000
0.000000	43200.000000
0.000000	43200.000000
0.000000	43200.000000
0.000000	43200.000000
0.000000	43200.000000
0.000000	43200.000000
0.000000	43200.000000
0.000000	43200.000000
0.000000	43200.000000
0.000000	43201.000000
0.000000	43201.000000
0.000000	43201.000000
0.000000	43201.000000
0.000000	43201.000000
0.000000	43201.000000
0.000000	43201.000000
0.000000	43201.000000
0.000000	43201.000000
0.000000	43201.000000
0.000000	43201.000000
0.000000	43201.000000
0.000000	43201.000000
0.000000	43201.000000
0.000000	43201.000000
0.000000	43201.000000
0.000000	43201.000000
0.000000	43202.000000
0.000000	43202.000000
0.000000	43202.000000
0.000000	43202.000000
0.000000	43202.000000
0.000000	43202.000000
0.000000	43202.000000
0.000000	43202.000000
0.000000	43202.000000
0.000000	43202.000000
0.000000	43202.000000
0.000000	43202.000000
0.000000	43202.000000
0.000000	43202.000000
0.000000	43202.000000
0.000000	43202.000000
0.000000	43202.000000
0.000000	43203.000000
0.000000	43203.000000
0.000000	43203.000000
0.000000	43203.000000
0.000000	43203.000000
0.000000	43203.000000
0.000000	43203.000000
0.000000	43203.000000
0.000000	43203.000000
0.000000	43203.000000
0.000000	43203.000000
0.000000	43203.000000
0.000000	43203.000000
0.000000	43203.000000
0.000000	43203.000000
0.000000	43203.000000
0.000000	43204.000000
0.000000	43204.000000
0.000000	43204.000000
0.000000	43204.000000
0.000000	43204.000000
0.000000	43204.000000
0.000000	43204.000000
0.000000	43204.000000
0.000000	43204.000000
0.000000	43204.000000
0.000000	43204.000000
0.000000	43204.000000
0.000000	43204.000000
0.000000	43204.000000
0.000000	43204.000000
0.000000	43204.000000
0.000000	43204.000000
0.000000	43204.000000
0.000000	43205.000000
0.000000	43205.000000
0.000000	43205.000000
0.000000	43205.000000
0.000000	43205.000000
0.000000	43205.000000
0.000000	43205.000000
0.000000	43205.000000
0.000000	43205.000000
0.000000	43205.000000
0.000000	43205.000000
0.000000	43205.000000
0.000000	43205.000000
0.000000	43205.000000
0.000000	43205.000000
0.000000	43205.000000
0.000000	43205.000000
0.000000	43206.000000
0.000000	43206.000000
0.000000	43206.000000
0.000000	43206.000000
0.000000	43206.000000
0.000000	43206.000000
0.000000	43206.000000
0.000000	43206.000000
0.000000	43206.000000
0.000000	43206.000000
0.000000	43206.000000
0.000000	43206.000000
0.000000	43206.000000
0.000000	43206.000000
0.000000	43206.000000
0.000000	43206.000000
0.000000	43206.000000
0.000000	43207.000000
0.000000	43207.000000
0.000000	43207.000000
0.000000	43207.000000
0.000000	43207.000000
0.000000	43207.000000
0.000000	43207.000000
0.000000	43207.000000
0.000000	43207.000000
0.000000	43207.000000
0.000000	43207.000000
0.000000	43207.000000
0.000000	43207.000000
0.000000	43207.000000
0.000000	43207.000000
0.000000	43207.000000
0.000000	43207.000000
0.000000	43208.000000
0.000000	43208.000000
0.000000	43208.000000
0.000000	43208.000000
0.000000	43208.000000
0.000000	43208.000000
0.000000	43208.000000
0.000000	43208.000000
0.000000	43208.000000
0.000000	43208.000000
0.000000	43208.000000
0.000000	43208.000000
0.000000	43208.000000
0.000000	43208.000000
0.000000	43208.000000
0.000000	43208.000000
0.000000	43208.000000
0.000000	43209.000000
0.000000	43209.000000
0.000000	43209.000000
0.000000	43209.000000
0.000000	43209.000000
0.000000	43209.000000
0.000000	43209.000000
0.000000	43209.000000
0.000000	43209.000000
0.000000	43209.000000
0.000000	43209.000000
0.000000	43209.000000
0.000000	43209.000000
0.000000	43209.000000
0.000000	43209.000000
0.000000	43209.000000
0.000000	43209.000000
0.000000	43210.000000
0.000000	43210.000000
0.000000	43210.000000
0.000000	43210.000000
0.000000	43210.000000
0.000000	43210.000000
0.000000	43210.000000
0.000000	43210.000000
0.000000	43210.000000
0.000000	43210.000000
0.000000	43210.000000
0.000000	43210.000000
0.000000	43210.000000
0.000000	43210.000000
0.000000	43210.000000
0.000000	43210.000000
0.000000	43210.000000
0.000000	43211.000000
0.000000	43211.000000
0.000000	43211.000000
0.000000	43211.000000
0.000000	43211.000000
0.000000	43211.000000
0.000000	43211.000000
0.000000	43211.000000
0.000000	43211.000000
0.000000	43211.000000
0.000000	43211.000000
0.000000	43211.000000
0.000000	43211.000000
0.000000	43211.000000
0.000000	43211.000000
0.000000	43211.000000
0.000000	43211.000000
0.000000	43212.000000
0.000000	43212.000000
0.000000	43212.000000
0.000000	43212.000000
0.000000	43212.000000
0.000000	43212.000000
0.000000	43212.000000
0.000000	43212.000000
0.000000	43212.000000
0.000000	43212.000000
0.000000	43212.000000
0.000000	43212.000000
0.000000	43213.000000
0.000000	43213.000000
0.000000	43213.000000
0.000000	43213.000000
0.000000	43213.000000
0.000000	43213.000000
0.000000	43213.000000
0.000000	43213.000000
0.000000	43213.000000
0.000000	43213.000000
0.000000	43213.000000
0.000000	43213.000000
0.000000	43213.000000
0.000000	43213.000000
0.000000	43213.000000
0.000000	43213.000000
0.000000	43213.000000
0.000000	43213.000000
0.000000	43213.000000
0.000000	43213.000000
0.000000	43213.000000
0.000000	43213.000000
0.000000	43214.000000
0.000000	43214.000000
0.000000	43214.000000
0.000000	43214.000000
0.000000	43214.000000
0.000000	43214.000000
0.000000	43214.000000
0.000000	43214.000000
0.000000	43214.000000
0.000000	43214.000000
0.000000	43214.000000
0.000000	43214.000000
0.000000	43214.000000
0.000000	43214.000000
0.000000	43214.000000
0.000000	43214.000000
0.000000	43214.000000
0.000000	43214.000000
0.000000	43215.000000
0.000000	43215.000000
0.000000	43215.000000
0.000000	43215.000000
0.000000	43215.000000
0.000000	43215.000000
0.000000	43215.000000
0.000000	43215.000000
0.000000	43215.000000
0.000000	43215.000000
0.000000	43215.000000
0.000000	43215.000000
0.000000	43216.000000
0.000000	43216.000000
0.000000	43216.000000
0.000000	43216.000000
0.000000	43216.000000
0.000000	43216.000000
0.000000	43216.000000
0.000000	43216.000000
0.000000	43216.000000
0.000000	43216.000000
0.000000	43216.000000
0.000000	43216.000000
0.000000	43216.000000
0.000000	43216.000000
0.000000	43216.000000
0.000000	43216.000000
0.000000	43216.000000
0.000000	43216.000000
0.000000	43216.000000
0.000000	43216.000000
0.000000	43216.000000
0.000000	43216.000000
0.000000	43217.000000
0.000000	43217.000000
0.000000	43217.000000
0.000000	43217.000000
0.000000	43217.000000
0.000000	43217.000000
0.000000	43217.000000
0.000000	43217.000000
0.000000	43217.000000
0.000000	43217.000000
0.000000	43217.000000
0.000000	43217.000000
0.000000	43217.000000
0.000000	43217.000000
0.000000	43217.000000
0.000000	43217.000000
0.000000	43217.000000
0.000000	43218.000000
0.000000	43218.000000
0.000000	43218.000000
0.000000	43218.000000
0.000000	43218.000000
0.000000	43218.000000
0.000000	43218.000000
0.000000	43218.000000
0.000000	43218.000000
0.000000	43218.000000
0.000000	43218.000000
0.000000	43218.000000
0.000000	43218.000000
0.000000	43218.000000
0.000000	43218.000000
0.000000	43218.000000
0.000000	43218.000000
0.000000	43219.000000
0.000000	43219.000000
0.000000	43219.000000
0.000000	43219.000000
0.000000	43219.000000
0.000000	43219.000000
0.000000	43219.000000
0.000000	43219.000000
0.000000	43219.000000
0.000000	43219.000000
0.000000	43219.000000
0.000000	43219.000000
0.000000	43219.000000
0.000000	43219.000000
0.000000	43219.000000
0.000000	43219.000000
0.000000	43219.000000
0.000000	43220.000000
0.000000	43220.000000
0.000000	43220.000000
0.000000	43220.000000
0.000000	43220.000000
0.000000	43220.000000
0.000000	43220.000000
0.000000	43220.000000
0.000000	43220.000000
0.000000	43220.000000
0.000000	43220.000000
0.000000	43220.000000
0.000000	43220.000000
0.000000	43220.000000
0.000000	43220.000000
0.000000	43220.000000
0.000000	43220.000000
0.000000	43221.000000
0.000000	43221.000000
0.000000	43221.000000
0.000000	43221.000000
0.000000	43221.000000
0.000000	43221.000000
0.000000	43221.000000
0.000000	43221.000000
0.000000	43221.000000
0.000000	43221.000000
0.000000	43221.000000
0.000000	43221.000000
0.000000	43221.000000
0.000000	43221.000000
0.000000	43221.000000
0.000000	43221.000000
0.000000	43221.000000
0.000000	43222.000000
0.000000	43222.000000
0.000000	43222.000000
0.000000	43222.000000
0.000000	43222.000000
0.000000	43222.000000
0.000000	43222.000000
0.000000	43222.000000
0.000000	43222.000000
0.000000	43222.000000
0.000000	43222.000000
0.000000	43222.000000
0.000000	43222.000000
0.000000	43222.000000
0.000000	43222.000000
0.000000	43222.000000
0.000000	43222.000000
0.000000	43223.000000
0.000000	43223.000000
0.000000	43223.000000
0.000000	43223.000000
0.000000	43223.000000
0.000000	43223.000000
0.000000	43223.000000
0.000000	43223.000000
0.000000	43223.000000
0.000000	43223.000000
0.000000	43223.000000
0.000000	43223.000000
0.000000	43223.000000
0.000000	43223.000000
0.000000	43223.000000
0.000000	43223.000000
0.000000	43223.000000
0.000000	43224.000000
0.000000	43224.000000
0.000000	43224.000000
0.000000	43224.000000
0.000000	43224.000000
0.000000	43224.000000
0.000000	43224.000000
0.000000	43224.000000
0.000000	43224.000000
0.000000	43224.000000
0.000000	43224.000000
0.000000	43224.000000
0.000000	43224.000000
0.000000	43224.000000
0.000000	43224.000000
0.000000	43224.000000
0.000000	43224.000000
0.000000	43225.000000
0.000000	43225.000000
0.000000	43225.000000
0.000000	43225.000000
0.000000	43225.000000
0.000000	43225.000000
0.000000	43225.000000
0.000000	43225.000000
0.000000	43225.000000
0.000000	43225.000000
0.000000	43225.000000
0.000000	43225.000000
0.000000	43225.000000
0.000000	43225.000000
0.000000	43225.000000
0.000000	43225.000000
0.000000	43225.000000
0.000000	43226.000000
0.000000	43226.000000
0.000000	43226.000000
0.000000	43226.000000
0.000000	43226.000000
0.000000	43226.000000
0.000000	43226.000000
0.000000	43226.000000
0.000000	43226.000000
0.000000	43226.000000
0.000000	43226.000000
0.000000	43226.000000
0.000000	43226.000000
0.000000	43226.000000
0.000000	43226.000000
0.000000	43226.000000
0.000000	43226.000000
0.000000	43227.000000
0.000000	43227.000000
0.000000	43227.000000
0.000000	43227.000000
0.000000	43227.000000
0.000000	43227.000000
0.000000	43227.000000
0.000000	43227.000000
0.000000	43227.000000
0.000000	43227.000000
0.000000	43227.000000
0.000000	43227.000000
0.000000	43227.000000
0.000000	43227.000000
0.000000	43227.000000
0.000000	43227.000000
0.000000	43227.000000
0.000000	43228.000000
0.000000	43228.000000
0.000000	43228.000000
0.000000	43228.000000
0.000000	43228.000000
0.000000	43228.000000
0.000000	43228.000000
0.000000	43228.000000
0.000000	43228.000000
0.000000	43228.000000
0.000000	43228.000000
0.000000	43228.000000
0.000000	43229.000000
0.000000	43229.000000
0.000000	43229.000000
0.000000	43229.000000
0.000000	43229.000000
0.000000	43229.000000
0.000000	43229.000000
0.000000	43229.000000
0.000000	43229.000000
0.000000	43229.000000
0.000000	43229.000000
0.000000	43229.000000
0.000000	43229.000000
0.000000	43229.000000
0.000000	43229.000000
0.000000	43229.000000
0.000000	43229.000000
0.000000	43229.000000
0.000000	43229.000000
0.000000	43229.000000
0.000000	43229.000000
0.000000	43229.000000
0.000000	43229.000000
0.000000	43230.000000
0.000000	43230.000000
0.000000	43230.000000
0.000000	43230.000000
0.000000	43230.000000
0.000000	43230.000000
0.000000	43230.000000
0.000000	43230.000000
0.000000	43230.000000
0.000000	43230.000000
0.000000	43230.000000
0.000000	43230.000000
0.000000	43230.000000
0.000000	43230.000000
0.000000	43230.000000
0.000000	43230.000000
0.000000	43230.000000
0.000000	43231.000000
0.000000	43231.000000
0.000000	43231.000000
0.000000	43231.000000
0.000000	43231.000000
0.000000	43231.000000
0.000000	43231.000000
0.000000	43231.000000
0.000000	43231.000000
0.000000	43231.000000
0.000000	43231.000000
0.000000	43231.000000
0.000000	43231.000000
0.000000	43231.000000
0.000000	43231.000000
0.000000	43231.000000
0.000000	43231.000000
0.000000	43232.000000
0.000000	43232.000000
0.000000	43232.000000
0.000000	43232.000000
0.000000	43232.000000
0.000000	43232.000000
0.000000	43232.000000
0.000000	43232.000000
0.000000	43232.000000
0.000000	43232.000000
0.000000	43232.000000
0.000000	43232.000000
0.000000	43232.000000
0.000000	43232.000000
0.000000	43232.000000
0.000000	43232.000000
0.000000	43232.000000
0.000000	43233.000000
0.000000	43233.000000
0.000000	43233.000000
0.000000	43233.000000
0.000000	43233.000000
0.000000	43233.000000
0.000000	43233.000000
0.000000	43233.000000
0.000000	43233.000000
0.000000	43233.000000
0.000000	43233.000000
0.000000	43233.000000
0.000000	43233.000000
0.000000	43233.000000
0.000000	43233.000000
0.000000	43233.000000
0.000000	43233.000000
0.000000	43234.000000
0.000000	43234.000000
0.000000	43234.000000
0.000000	43234.000000
0.000000	43234.000000
0.000000	43234.000000
0.000000	43234.000000
0.000000	43234.000000
0.000000	43234.000000
0.000000	43234.000000
0.000000	43234.000000
0.000000	43234.000000
0.000000	43234.000000
0.000000	43234.000000
0.000000	43234.000000
0.000000	43234.000000
0.000000	43234.000000
0.000000	43235.000000
0.000000	43235.000000
0.000000	43235.000000
0.000000	43235.000000
0.000000	43235.000000
0.000000	43235.000000
0.000000	43235.000000
0.000000	43235.000000
0.000000	43235.000000
0.000000	43235.000000
0.000000	43235.000000
0.000000	43235.000000
0.000000	43235.000000
0.000000	43235.000000
0.000000	43235.000000
0.000000	43235.000000
0.000000	43235.000000
0.000000	43236.000000
0.000000	43236.000000
0.000000	43236.000000
0.000000	43236.000000
0.000000	43236.000000
0.000000	43236.000000
0.000000	43236.000000
0.000000	43236.000000
0.000000	43236.000000
0.000000	43236.000000
0.000000	43236.000000
0.000000	43236.000000
0.000000	43236.000000
0.000000	43236.000000
0.000000	43237.000000
0.000000	43237.000000
0.000000	43237.000000
0.000000	43237.000000
0.000000	43237.000000
0.000000	43237.000000
0.000000	43237.000000
0.000000	43237.000000
0.000000	43237.000000
0.000000	43237.000000
0.000000	43237.000000
0.000000	43237.000000
0.000000	43237.000000
0.000000	43237.000000
0.000000	43237.000000
0.000000	43237.000000
0.000000	43237.000000
0.000000	43237.000000
0.000000	43237.000000
0.000000	43237.000000
0.000000	43238.000000
0.000000	43238.000000
0.000000	43238.000000
0.000000	43238.000000
0.000000	43238.000000
0.000000	43238.000000
0.000000	43238.000000
0.000000	43238.000000
0.000000	43238.000000
0.000000	43238.000000
0.000000	43238.000000
0.000000	43238.000000
0.000000	43238.000000
0.000000	43238.000000
0.000000	43238.000000
0.000000	43238.000000
0.000000	43238.000000
0.000000	43239.000000
0.000000	43239.000000
0.000000	43239.000000
0.000000	43239.000000
0.000000	43239.000000
0.000000	43239.000000
0.000000	43239.000000
0.000000	43239.000000
0.000000	43239.000000
0.000000	43239.000000
0.000000	43239.000000
0.000000	43239.000000
0.000000	43239.000000
0.000000	43239.000000
0.000000	43239.000000
0.000000	43239.000000
0.000000	43239.000000
0.000000	43240.000000
0.000000	43240.000000
0.000000	43240.000000
0.000000	43240.000000
0.000000	43240.000000
0.000000	43240.000000
0.000000	43240.000000
0.000000	43240.000000
0.000000	43240.000000
0.000000	43240.000000
0.000000	43240.000000
0.000000	43240.000000
0.000000	43240.000000
0.000000	43240.000000
0.000000	43240.000000
0.000000	43240.000000
0.000000	43240.000000
0.000000	43241.000000
0.000000	43241.000000
0.000000	43241.000000
0.000000	43241.000000
0.000000	43241.000000
0.000000	43241.000000
0.000000	43241.000000
0.000000	43241.000000
0.000000	43241.000000
0.000000	43241.000000
0.000000	43241.000000
0.000000	43242.000000
0.000000	43242.000000
0.000000	43242.000000
0.000000	43242.000000
0.000000	43242.000000
0.000000	43242.000000
0.000000	43242.000000
0.000000	43242.000000
0.000000	43242.000000
0.000000	43242.000000
0.000000	43242.000000
0.000000	43242.000000
0.000000	43242.000000
0.000000	43242.000000
0.000000	43242.000000
0.000000	43242.000000
0.000000	43242.000000
0.000000	43242.000000
0.000000	43242.000000
0.000000	43242.000000
0.000000	43242.000000
0.000000	43242.000000
0.000000	43242.000000
0.000000	43242.000000
0.000000	43243.000000
0.000000	43243.000000
0.000000	43243.000000
0.000000	43243.000000
0.000000	43243.000000
0.000000	43243.000000
0.000000	43243.000000
0.000000	43243.000000
0.000000	43243.000000
0.000000	43243.000000
0.000000	43243.000000
0.000000	43243.000000
0.000000	43243.000000
0.000000	43243.000000
0.000000	43243.000000
0.000000	43243.000000
0.000000	43243.000000
0.000000	43244.000000
0.000000	43244.000000
0.000000	43244.000000
0.000000	43244.000000
0.000000	43244.000000
0.000000	43244.000000
0.000000	43244.000000
0.000000	43244.000000
0.000000	43244.000000
0.000000	43244.000000
0.000000	43244.000000
0.000000	43244.000000
0.000000	43244.000000
0.000000	43244.000000
0.000000	43244.000000
0.000000	43244.000000
0.000000	43244.000000
0.000000	43245.000000
0.000000	43245.000000
0.000000	43245.000000
0.000000	43245.000000
0.000000	43245.000000
0.000000	43245.000000
0.000000	43245.000000
0.000000	43245.000000
0.000000	43245.000000
0.000000	43245.000000
0.000000	43245.000000
0.000000	43245.000000
0.000000	43245.000000
0.000000	43245.000000
0.000000	43245.000000
0.000000	43245.000000
0.000000	43245.000000
0.000000	43246.000000
0.000000	43246.000000
0.000000	43246.000000
0.000000	43246.000000
0.000000	43246.000000
0.000000	43246.000000
0.000000	43246.000000
0.000000	43246.000000
0.000000	43246.000000
0.000000	43246.000000
0.000000	43246.000000
0.000000	43246.000000
0.000000	43246.000000
0.000000	43246.000000
0.000000	43246.000000
0.000000	43246.000000
0.000000	43246.000000
0.000000	43247.000000
0.000000	43247.000000
0.000000	43247.000000
0.000000	43247.000000
0.000000	43247.000000
0.000000	43247.000000
0.000000	43247.000000
0.000000	43247.000000
0.000000	43247.000000
0.000000	43247.000000
0.000000	43247.000000
0.000000	43247.000000
0.000000	43247.000000
0.000000	43247.000000
0.000000	43247.000000
0.000000	43247.000000
0.000000	43247.000000
0.000000	43248.000000
0.000000	43248.000000
0.000000	43248.000000
0.000000	43248.000000
0.000000	43248.000000
0.000000	43248.000000
0.000000	43248.000000
0.000000	43248.000000
0.000000	43248.000000
0.000000	43248.000000
0.000000	43248.000000
0.000000	43248.000000
0.000000	43248.000000
0.000000	43248.000000
0.000000	43248.000000
0.000000	43248.000000
0.000000	43248.000000
0.000000	43249.000000
0.000000	43249.000000
0.000000	43249.000000
0.000000	43249.000000
0.000000	43249.000000
0.000000	43249.000000
0.000000	43249.000000
0.000000	43249.000000
0.000000	43249.000000
0.000000	43249.000000
0.000000	43249.000000
0.000000	43249.000000
0.000000	43249.000000
0.000000	43249.000000
0.000000	43249.000000
0.000000	43249.000000
0.000000	43249.000000
0.000000	43250.000000
0.000000	43250.000000
0.000000	43250.000000
0.000000	43250.000000
0.000000	43250.000000
0.000000	43250.000000
0.000000	43250.000000
0.000000	43250.000000
0.000000	43250.000000
0.000000	43250.000000
0.000000	43250.000000
0.000000	43250.000000
0.000000	43250.000000
0.000000	43250.000000
0.000000	43250.000000
0.000000	43250.000000
0.000000	43250.000000
0.000000	43251.000000
0.000000	43251.000000
0.000000	43251.000000
0.000000	43251.000000
0.000000	43251.000000
0.000000	43251.000000
0.000000	43251.000000
0.000000	43251.000000
0.000000	43251.000000
0.000000	43251.000000
0.000000	43251.000000
0.000000	43251.000000
0.000000	43252.000000
0.000000	43252.000000
0.000000	43252.000000
0.000000	43252.000000
0.000000	43252.000000
0.000000	43252.000000
0.000000	43252.000000
0.000000	43252.000000
0.000000	43252.000000
0.000000	43252.000000
0.000000	43252.000000
0.000000	43252.000000
0.000000	43252.000000
0.000000	43252.000000
0.000000	43252.000000
0.000000	43252.000000
0.000000	43252.000000
0.000000	43253.000000
0.000000	43253.000000
0.000000	43253.000000
0.000000	43253.000000
0.000000	43253.000000
0.000000	43253.000000
0.000000	43253.000000
0.000000	43253.000000
0.000000	43253.000000
0.000000	43253.000000
0.000000	43253.000000
0.000000	43253.000000
0.000000	43253.000000
0.000000	43253.000000
0.000000	43253.000000
0.000000	43253.000000
0.000000	43253.000000
0.000000	43253.000000
0.000000	43253.000000
0.000000	43253.000000
0.000000	43253.000000
0.000000	43253.000000
0.000000	43254.000000
0.000000	43254.000000
0.000000	43254.000000
0.000000	43254.000000
0.000000	43254.000000
0.000000	43254.000000
0.000000	43254.000000
0.000000	43254.000000
0.000000	43254.000000
0.000000	43254.000000
0.000000	43254.000000
0.000000	43254.000000
0.000000	43254.000000
0.000000	43254.000000
0.000000	43254.000000
0.000000	43254.000000
0.000000	43254.000000
0.000000	43255.000000
0.000000	43255.000000
0.000000	43255.000000
0.000000	43255.000000
0.000000	43255.000000
0.000000	43255.000000
0.000000	43255.000000
0.000000	43255.000000
0.000000	43255.000000
0.000000	43255.000000
0.000000	43255.000000
0.000000	43255.000000
0.000000	43255.000000
0.000000	43255.000000
0.000000	43255.000000
0.000000	43255.000000
0.000000	43255.000000
0.000000	43256.000000
0.000000	43256.000000
0.000000	43256.000000
0.000000	43256.000000
0.000000	43256.000000
0.000000	43256.000000
0.000000	43256.000000
0.000000	43256.000000
0.000000	43256.000000
0.000000	43256.000000
0.000000	43256.000000
0.000000	43256.000000
0.000000	43256.000000
0.000000	43256.000000
0.000000	43256.000000
0.000000	43256.000000
0.000000	43256.000000
0.000000	43257.000000
0.000000	43257.000000
0.000000	43257.000000
0.000000	43257.000000
0.000000	43257.000000
0.000000	43257.000000
0.000000	43257.000000
0.000000	43257.000000
0.000000	43257.000000
0.000000	43257.000000
0.000000	43257.000000
0.000000	43257.000000
0.000000	43257.000000
0.000000	43257.000000
0.000000	43257.000000
0.000000	43257.000000
0.000000	43257.000000
0.000000	43257.000000
0.000000	43258.000000
0.000000	43258.000000
0.000000	43258.000000
0.000000	43258.000000
0.000000	43258.000000
0.000000	43258.000000
0.000000	43258.000000
0.000000	43258.000000
0.000000	43258.000000
0.000000	43258.000000
0.000000	43258.000000
0.000000	43258.000000
0.000000	43258.000000
0.000000	43258.000000
0.000000	43258.000000
0.000000	43258.000000
0.000000	43259.000000
0.000000	43259.000000
0.000000	43259.000000
0.000000	43259.000000
0.000000	43259.000000
0.000000	43259.000000
0.000000	43259.000000
0.000000	43259.000000
0.000000	43259.000000
0.000000	43259.000000
0.000000	43259.000000
0.000000	43259.000000
0.000000	43259.000000
0.000000	43259.000000
0.000000	43259.000000
0.000000	43259.000000
0.000000	43259.000000
0.000000	43259.000000
0.000000	43300.000000
0.000000	43300.000000
0.000000	43300.000000
0.000000	43300.000000
0.000000	43300.000000
0.000000	43300.000000
0.000000	43300.000000
0.000000	43300.000000
0.000000	43300.000000
0.000000	43300.000000
0.000000	43300.000000
0.000000	43300.000000
0.000000	43300.000000
0.000000	43300.000000
0.000000	43300.000000
0.000000	43300.000000
0.000000	43300.000000
0.000000	43301.000000
0.000000	43301.000000
0.000000	43301.000000
0.000000	43301.000000
0.000000	43301.000000
0.000000	43301.000000
0.000000	43301.000000
0.000000	43301.000000
0.000000	43301.000000
0.000000	43301.000000
0.000000	43301.000000
0.000000	43301.000000
0.000000	43301.000000
0.000000	43301.000000
0.000000	43301.000000
0.000000	43301.000000
0.000000	43301.000000
0.000000	43302.000000
0.000000	43302.000000
0.000000	43302.000000
0.000000	43302.000000
0.000000	43302.000000
0.000000	43302.000000
0.000000	43302.000000
0.000000	43302.000000
0.000000	43302.000000
0.000000	43302.000000
0.000000	43302.000000
0.000000	43302.000000
0.000000	43302.000000
0.000000	43302.000000
0.000000	43302.000000
0.000000	43302.000000
0.000000	43302.000000
0.000000	43303.000000
0.000000	43303.000000
0.000000	43303.000000
0.000000	43303.000000
0.000000	43303.000000
0.000000	43303.000000
0.000000	43303.000000
0.000000	43303.000000
0.000000	43303.000000
0.000000	43303.000000
0.000000	43303.000000
0.000000	43303.000000
0.000000	43303.000000
0.000000	43303.000000
0.000000	43303.000000
0.000000	43303.000000
0.000000	43303.000000
0.000000	43304.000000
0.000000	43304.000000
0.000000	43304.000000
0.000000	43304.000000
0.000000	43304.000000
0.000000	43304.000000
0.000000	43304.000000
0.000000	43304.000000
0.000000	43304.000000
0.000000	43304.000000
0.000000	43305.000000
0.000000	43305.000000
0.000000	43305.000000
0.000000	43305.000000
0.000000	43305.000000
0.000000	43305.000000
0.000000	43305.000000
0.000000	43305.000000
0.000000	43305.000000
0.000000	43305.000000
0.000000	43305.000000
0.000000	43305.000000
0.000000	43305.000000
0.000000	43305.000000
0.000000	43305.000000
0.000000	43305.000000
0.000000	43305.000000
0.000000	43305.000000
0.000000	43305.000000
0.000000	43305.000000
0.000000	43305.000000
0.000000	43305.000000
0.000000	43305.000000
0.000000	43305.000000
0.000000	43306.000000
0.000000	43306.000000
0.000000	43306.000000
0.000000	43306.000000
0.000000	43306.000000
0.000000	43306.000000
0.000000	43306.000000
0.000000	43306.000000
0.000000	43306.000000
0.000000	43306.000000
0.000000	43306.000000
0.000000	43306.000000
0.000000	43306.000000
0.000000	43306.000000
0.000000	43306.000000
0.000000	43306.000000
0.000000	43306.000000
0.000000	43307.000000
0.000000	43307.000000
0.000000	43307.000000
0.000000	43307.000000
0.000000	43307.000000
0.000000	43307.000000
0.000000	43307.000000
0.000000	43307.000000
0.000000	43307.000000
0.000000	43307.000000
0.000000	43307.000000
0.000000	43307.000000
0.000000	43307.000000
0.000000	43307.000000
0.000000	43307.000000
0.000000	43307.000000
0.000000	43307.000000
0.000000	43308.000000
0.000000	43308.000000
0.000000	43308.000000
0.000000	43308.000000
0.000000	43308.000000
0.000000	43308.000000
0.000000	43308.000000
0.000000	43308.000000
0.000000	43308.000000
0.000000	43308.000000
0.000000	43308.000000
0.000000	43308.000000
0.000000	43308.000000
0.000000	43308.000000
0.000000	43308.000000
0.000000	43308.000000
0.000000	43308.000000
0.000000	43309.000000
0.000000	43309.000000
0.000000	43309.000000
0.000000	43309.000000
0.000000	43309.000000
0.000000	43309.000000
0.000000	43309.000000
0.000000	43309.000000
0.000000	43309.000000
0.000000	43309.000000
0.000000	43309.000000
0.000000	43309.000000
0.000000	43309.000000
0.000000	43309.000000
0.000000	43309.000000
0.000000	43309.000000
0.000000	43309.000000
0.000000	43310.000000
0.000000	43310.000000
0.000000	43310.000000
0.000000	43310.000000
0.000000	43310.000000
0.000000	43310.000000
0.000000	43310.000000
0.000000	43310.000000
0.000000	43310.000000
0.000000	43310.000000
0.000000	43310.000000
0.000000	43310.000000
0.000000	43311.000000
0.000000	43311.000000
0.000000	43311.000000
0.000000	43311.000000
0.000000	43311.000000
0.000000	43311.000000
0.000000	43311.000000
0.000000	43311.000000
0.000000	43311.000000
0.000000	43311.000000
0.000000	43311.000000
0.000000	43311.000000
0.000000	43311.000000
0.000000	43311.000000
0.000000	43311.000000
0.000000	43311.000000
0.000000	43311.000000
0.000000	43311.000000
0.000000	43311.000000
0.000000	43311.000000
0.000000	43311.000000
0.000000	43311.000000
0.000000	43312.000000
0.000000	43312.000000
0.000000	43312.000000
0.000000	43312.000000
0.000000	43312.000000
0.000000	43312.000000
0.000000	43312.000000
0.000000	43312.000000
0.000000	43312.000000
0.000000	43312.000000
0.000000	43312.000000
0.000000	43312.000000
0.000000	43312.000000
0.000000	43312.000000
0.000000	43312.000000
0.000000	43312.000000
0.000000	43312.000000
0.000000	43312.000000
0.000000	43313.000000
0.000000	43313.000000
0.000000	43313.000000
0.000000	43313.000000
0.000000	43313.000000
0.000000	43313.000000
0.000000	43313.000000
0.000000	43313.000000
0.000000	43313.000000
0.000000	43313.000000
0.000000	43313.000000
0.000000	43314.000000
0.000000	43314.000000
0.000000	43314.000000
0.000000	43314.000000
0.000000	43314.000000
0.000000	43314.000000
0.000000	43314.000000
0.000000	43314.000000
0.000000	43314.000000
0.000000	43314.000000
0.000000	43314.000000
0.000000	43314.000000
0.000000	43314.000000
0.000000	43314.000000
0.000000	43314.000000
0.000000	43314.000000
0.000000	43314.000000
0.000000	43314.000000
0.000000	43314.000000
0.000000	43314.000000
0.000000	43314.000000
0.000000	43314.000000
0.000000	43314.000000
0.000000	43315.000000
0.000000	43315.000000
0.000000	43315.000000
0.000000	43315.000000
0.000000	43315.000000
0.000000	43315.000000
0.000000	43315.000000
0.000000	43315.000000
0.000000	43315.000000
0.000000	43315.000000
0.000000	43315.000000
0.000000	43315.000000
0.000000	43315.000000
0.000000	43315.000000
0.000000	43315.000000
0.000000	43315.000000
0.000000	43315.000000
0.000000	43316.000000
0.000000	43316.000000
0.000000	43316.000000
0.000000	43316.000000
0.000000	43316.000000
0.000000	43316.000000
0.000000	43316.000000
0.000000	43316.000000
0.000000	43316.000000
0.000000	43316.000000
0.000000	43316.000000
0.000000	43316.000000
0.000000	43316.000000
0.000000	43316.000000
0.000000	43316.000000
0.000000	43316.000000
0.000000	43316.000000
0.000000	43317.000000
0.000000	43317.000000
0.000000	43317.000000
0.000000	43317.000000
0.000000	43317.000000
0.000000	43317.000000
0.000000	43317.000000
0.000000	43317.000000
0.000000	43317.000000
0.000000	43317.000000
0.000000	43317.000000
0.000000	43317.000000
0.000000	43317.000000
0.000000	43317.000000
0.000000	43317.000000
0.000000	43317.000000
0.000000	43317.000000
0.000000	43318.000000
0.000000	43318.000000
0.000000	43318.000000
0.000000	43318.000000
0.000000	43318.000000
0.000000	43318.000000
0.000000	43318.000000
0.000000	43318.000000
0.000000	43318.000000
0.000000	43318.000000
0.000000	43318.000000
0.000000	43318.000000
0.000000	43318.000000
0.000000	43318.000000
0.000000	43318.000000
0.000000	43318.000000
0.000000	43318.000000
0.000000	43319.000000
0.000000	43319.000000
0.000000	43319.000000
0.000000	43319.000000
0.000000	43319.000000
0.000000	43319.000000
0.000000	43319.000000
0.000000	43319.000000
0.000000	43319.000000
0.000000	43319.000000
0.000000	43319.000000
0.000000	43319.000000
0.000000	43319.000000
0.000000	43319.000000
0.000000	43319.000000
0.000000	43319.000000
0.000000	43319.000000
0.000000	43320.000000
0.000000	43320.000000
0.000000	43320.000000
0.000000	43320.000000
0.000000	43320.000000
0.000000	43320.000000
0.000000	43320.000000
0.000000	43320.000000
0.000000	43320.000000
0.000000	43320.000000
0.000000	43320.000000
0.000000	43320.000000
0.000000	43320.000000
0.000000	43320.000000
0.000000	43320.000000
0.000000	43320.000000
0.000000	43320.000000
0.000000	43321.000000
0.000000	43321.000000
0.000000	43321.000000
0.000000	43321.000000
0.000000	43321.000000
0.000000	43321.000000
0.000000	43321.000000
0.000000	43321.000000
0.000000	43321.000000
0.000000	43321.000000
0.000000	43321.000000
0.000000	43321.000000
0.000000	43321.000000
0.000000	43321.000000
0.000000	43321.000000
0.000000	43321.000000
0.000000	43321.000000
0.000000	43322.000000
0.000000	43322.000000
0.000000	43322.000000
0.000000	43322.000000
0.000000	43322.000000
0.000000	43322.000000
0.000000	43322.000000
0.000000	43322.000000
0.000000	43322.000000
0.000000	43322.000000
0.000000	43322.000000
0.000000	43322.000000
0.000000	43322.000000
0.000000	43322.000000
0.000000	43322.000000
0.000000	43322.000000
0.000000	43322.000000
0.000000	43323.000000
0.000000	43323.000000
0.000000	43323.000000
0.000000	43323.000000
0.000000	43323.000000
0.000000	43323.000000
0.000000	43323.000000
0.000000	43323.000000
0.000000	43323.000000
0.000000	43323.000000
0.000000	43323.000000
0.000000	43323.000000
0.000000	43323.000000
0.000000	43323.000000
0.000000	43323.000000
0.000000	43323.000000
0.000000	43323.000000
0.000000	43324.000000
0.000000	43324.000000
0.000000	43324.000000
0.000000	43324.000000
0.000000	43324.000000
0.000000	43324.000000
0.000000	43324.000000
0.000000	43324.000000
0.000000	43324.000000
0.000000	43324.000000
0.000000	43324.000000
0.000000	43324.000000
0.000000	43324.000000
0.000000	43324.000000
0.000000	43324.000000
0.000000	43324.000000
0.000000	43324.000000
0.000000	43325.000000
0.000000	43325.000000
0.000000	43325.000000
0.000000	43325.000000
0.000000	43325.000000
0.000000	43325.000000
0.000000	43325.000000
0.000000	43325.000000
0.000000	43325.000000
0.000000	43325.000000
0.000000	43325.000000
0.000000	43325.000000
0.000000	43325.000000
0.000000	43325.000000
0.000000	43325.000000
0.000000	43325.000000
0.000000	43325.000000
0.000000	43326.000000
0.000000	43326.000000
0.000000	43326.000000
0.000000	43326.000000
0.000000	43326.000000
0.000000	43326.000000
0.000000	43326.000000
0.000000	43326.000000
0.000000	43326.000000
0.000000	43326.000000
0.000000	43326.000000
0.000000	43326.000000
0.000000	43326.000000
0.000000	43326.000000
0.000000	43326.000000
0.000000	43326.000000
0.000000	43326.000000
0.000000	43327.000000
0.000000	43327.000000
0.000000	43327.000000
0.000000	43327.000000
0.000000	43327.000000
0.000000	43327.000000
0.000000	43327.000000
0.000000	43327.000000
0.000000	43327.000000
0.000000	43327.000000
0.000000	43327.000000
0.000000	43327.000000
0.000000	43327.000000
0.000000	43327.000000
0.000000	43327.000000
0.000000	43327.000000
0.000000	43327.000000
0.000000	43328.000000
0.000000	43328.000000
0.000000	43328.000000
0.000000	43328.000000
0.000000	43328.000000
0.000000	43328.000000
0.000000	43328.000000
0.000000	43328.000000
0.000000	43328.000000
0.000000	43328.000000
0.000000	43328.000000
0.000000	43328.000000
0.000000	43328.000000
0.000000	43328.000000
0.000000	43328.000000
0.000000	43328.000000
0.000000	43328.000000
0.000000	43328.000000
0.000000	43329.000000
0.000000	43329.000000
0.000000	43329.000000
0.000000	43329.000000
0.000000	43329.000000
0.000000	43329.000000
0.000000	43329.000000
0.000000	43329.000000
0.000000	43329.000000
0.000000	43329.000000
0.000000	43329.000000
0.000000	43329.000000
0.000000	43329.000000
0.000000	43329.000000
0.000000	43329.000000
0.000000	43329.000000
0.000000	43329.000000
0.000000	43330.000000
0.000000	43330.000000
0.000000	43330.000000
0.000000	43330.000000
0.000000	43330.000000
0.000000	43330.000000
0.000000	43330.000000
0.000000	43330.000000
0.000000	43330.000000
0.000000	43330.000000
0.000000	43330.000000
0.000000	43330.000000
0.000000	43330.000000
0.000000	43330.000000
0.000000	43330.000000
0.000000	43330.000000
0.000000	43330.000000
0.000000	43331.000000
0.000000	43331.000000
0.000000	43331.000000
0.000000	43331.000000
0.000000	43331.000000
0.000000	43331.000000
0.000000	43331.000000
0.000000	43331.000000
0.000000	43331.000000
0.000000	43331.000000
0.000000	43331.000000
0.000000	43331.000000
0.000000	43331.000000
0.000000	43331.000000
0.000000	43331.000000
0.000000	43331.000000
0.000000	43331.000000
0.000000	43332.000000
0.000000	43332.000000
0.000000	43332.000000
0.000000	43332.000000
0.000000	43332.000000
0.000000	43332.000000
0.000000	43332.000000
0.000000	43332.000000
0.000000	43332.000000
0.000000	43332.000000
0.000000	43332.000000
0.000000	43332.000000
0.000000	43332.000000
0.000000	43332.000000
0.000000	43332.000000
0.000000	43332.000000
0.000000	43332.000000
0.000000	43333.000000
0.000000	43333.000000
0.000000	43333.000000
0.000000	43333.000000
0.000000	43333.000000
0.000000	43333.000000
0.000000	43333.000000
0.000000	43333.000000
0.000000	43333.000000
0.000000	43333.000000
0.000000	43333.000000
0.000000	43333.000000
0.000000	43333.000000
0.000000	43333.000000
0.000000	43333.000000
0.000000	43333.000000
0.000000	43333.000000
0.000000	43334.000000
0.000000	43334.000000
0.000000	43334.000000
0.000000	43334.000000
0.000000	43334.000000
0.000000	43334.000000
0.000000	43334.000000
0.000000	43334.000000
0.000000	43334.000000
0.000000	43334.000000
0.000000	43334.000000
0.000000	43334.000000
0.000000	43334.000000
0.000000	43334.000000
0.000000	43334.000000
0.000000	43334.000000
0.000000	43334.000000
0.000000	43335.000000
0.000000	43335.000000
0.000000	43335.000000
0.000000	43335.000000
0.000000	43335.000000
0.000000	43335.000000
0.000000	43335.000000
0.000000	43335.000000
0.000000	43335.000000
0.000000	43335.000000
0.000000	43335.000000
0.000000	43335.000000
0.000000	43335.000000
0.000000	43335.000000
0.000000	43335.000000
0.000000	43335.000000
0.000000	43335.000000
0.000000	43336.000000
0.000000	43336.000000
0.000000	43336.000000
0.000000	43336.000000
0.000000	43336.000000
0.000000	43336.000000
0.000000	43336.000000
0.000000	43336.000000
0.000000	43336.000000
0.000000	43336.000000
0.000000	43336.000000
0.000000	43336.000000
0.000000	43336.000000
0.000000	43336.000000
0.000000	43336.000000
0.000000	43337.000000
0.000000	43337.000000
0.000000	43337.000000
0.000000	43337.000000
0.000000	43337.000000
0.000000	43337.000000
0.000000	43337.000000
0.000000	43337.000000
0.000000	43337.000000
0.000000	43337.000000
0.000000	43337.000000
0.000000	43337.000000
0.000000	43337.000000
0.000000	43337.000000
0.000000	43337.000000
0.000000	43337.000000
0.000000	43337.000000
0.000000	43337.000000
0.000000	43337.000000
0.000000	43338.000000
0.000000	43338.000000
0.000000	43338.000000
0.000000	43338.000000
0.000000	43338.000000
0.000000	43338.000000
0.000000	43338.000000
0.000000	43338.000000
0.000000	43338.000000
0.000000	43338.000000
0.000000	43338.000000
0.000000	43338.000000
0.000000	43338.000000
0.000000	43338.000000
0.000000	43338.000000
0.000000	43338.000000
0.000000	43338.000000
0.000000	43339.000000
0.000000	43339.000000
0.000000	43339.000000
0.000000	43339.000000
0.000000	43339.000000
0.000000	43339.000000
0.000000	43339.000000
0.000000	43339.000000
0.000000	43339.000000
0.000000	43339.000000
0.000000	43339.000000
0.000000	43339.000000
0.000000	43339.000000
0.000000	43339.000000
0.000000	43339.000000
0.000000	43339.000000
0.000000	43339.000000
0.000000	43340.000000
0.000000	43340.000000
0.000000	43340.000000
0.000000	43340.000000
0.000000	43340.000000
0.000000	43340.000000
0.000000	43340.000000
0.000000	43340.000000
0.000000	43340.000000
0.000000	43340.000000
0.000000	43341.000000
0.000000	43341.000000
0.000000	43341.000000
0.000000	43341.000000
0.000000	43341.000000
0.000000	43341.000000
0.000000	43341.000000
0.000000	43341.000000
0.000000	43341.000000
0.000000	43341.000000
0.000000	43341.000000
0.000000	43341.000000
0.000000	43341.000000
0.000000	43341.000000
0.000000	43341.000000
0.000000	43341.000000
0.000000	43341.000000
0.000000	43342.000000
0.000000	43342.000000
0.000000	43342.000000
0.000000	43342.000000
0.000000	43342.000000
0.000000	43342.000000
0.000000	43342.000000
0.000000	43342.000000
0.000000	43342.000000
0.000000	43342.000000
0.000000	43342.000000
0.000000	43342.000000
0.000000	43342.000000
0.000000	43342.000000
0.000000	43342.000000
0.000000	43342.000000
0.000000	43342.000000
0.000000	43342.000000
0.000000	43342.000000
0.000000	43342.000000
0.000000	43342.000000
0.000000	43342.000000
0.000000	43342.000000
0.000000	43342.000000
0.000000	43343.000000
0.000000	43343.000000
0.000000	43343.000000
0.000000	43343.000000
0.000000	43343.000000
0.000000	43343.000000
0.000000	43343.000000
0.000000	43343.000000
0.000000	43343.000000
0.000000	43343.000000
0.000000	43343.000000
0.000000	43343.000000
0.000000	43344.000000
0.000000	43344.000000
0.000000	43344.000000
0.000000	43344.000000
0.000000	43344.000000
0.000000	43344.000000
0.000000	43344.000000
0.000000	43344.000000
0.000000	43344.000000
0.000000	43344.000000
0.000000	43344.000000
0.000000	43344.000000
0.000000	43344.000000
0.000000	43344.000000
0.000000	43344.000000
0.000000	43344.000000
0.000000	43344.000000
0.000000	43344.000000
0.000000	43344.000000
0.000000	43344.000000
0.000000	43344.000000
0.000000	43344.000000
0.000000	43344.000000
0.000000	43345.000000
0.000000	43345.000000
0.000000	43345.000000
0.000000	43345.000000
0.000000	43345.000000
0.000000	43345.000000
0.000000	43345.000000
0.000000	43345.000000
0.000000	43345.000000
0.000000	43345.000000
0.000000	43345.000000
0.000000	43345.000000
0.000000	43345.000000
0.000000	43345.000000
0.000000	43345.000000
0.000000	43345.000000
0.000000	43345.000000
0.000000	43346.000000
0.000000	43346.000000
0.000000	43346.000000
0.000000	43346.000000
0.000000	43346.000000
0.000000	43346.000000
0.000000	43346.000000
0.000000	43346.000000
0.000000	43346.000000
0.000000	43346.000000
0.000000	43346.000000
0.000000	43346.000000
0.000000	43346.000000
0.000000	43347.000000
0.000000	43347.000000
0.000000	43347.000000
0.000000	43347.000000
0.000000	43347.000000
0.000000	43347.000000
0.000000	43347.000000
0.000000	43347.000000
0.000000	43347.000000
0.000000	43347.000000
0.000000	43347.000000
0.000000	43347.000000
0.000000	43347.000000
0.000000	43347.000000
0.000000	43347.000000
0.000000	43347.000000
0.000000	43347.000000
0.000000	43347.000000
0.000000	43348.000000
0.000000	43348.000000
0.000000	43348.000000
0.000000	43348.000000
0.000000	43348.000000
0.000000	43348.000000
0.000000	43348.000000
0.000000	43348.000000
0.000000	43348.000000
0.000000	43348.000000
0.000000	43348.000000
0.000000	43348.000000
0.000000	43348.000000
0.000000	43348.000000
0.000000	43348.000000
0.000000	43348.000000
0.000000	43348.000000
0.000000	43348.000000
0.000000	43348.000000
0.000000	43348.000000
0.000000	43349.000000
0.000000	43349.000000
0.000000	43349.000000
0.000000	43349.000000
0.000000	43349.000000
0.000000	43349.000000
0.000000	43349.000000
0.000000	43349.000000
0.000000	43349.000000
0.000000	43349.000000
0.000000	43349.000000
0.000000	43349.000000
0.000000	43349.000000
0.000000	43349.000000
0.000000	43349.000000
0.000000	43349.000000
0.000000	43349.000000
0.000000	43350.000000
0.000000	43350.000000
0.000000	43350.000000
0.000000	43350.000000
0.000000	43350.000000
0.000000	43350.000000
0.000000	43350.000000
0.000000	43350.000000
0.000000	43350.000000
0.000000	43350.000000
0.000000	43350.000000
0.000000	43350.000000
0.000000	43350.000000
0.000000	43350.000000
0.000000	43350.000000
0.000000	43350.000000
0.000000	43350.000000
0.000000	43351.000000
0.000000	43351.000000
0.000000	43351.000000
0.000000	43351.000000
0.000000	43351.000000
0.000000	43351.000000
0.000000	43351.000000
0.000000	43351.000000
0.000000	43351.000000
0.000000	43351.000000
0.000000	43351.000000
0.000000	43351.000000
0.000000	43351.000000
0.000000	43351.000000
0.000000	43351.000000
0.000000	43351.000000
0.000000	43351.000000
0.000000	43352.000000
0.000000	43352.000000
0.000000	43352.000000
0.000000	43352.000000
0.000000	43352.000000
0.000000	43352.000000
0.000000	43352.000000
0.000000	43352.000000
0.000000	43352.000000
0.000000	43352.000000
0.000000	43352.000000
0.000000	43352.000000
0.000000	43352.000000
0.000000	43352.000000
0.000000	43352.000000
0.000000	43352.000000
0.000000	43352.000000
0.000000	43353.000000
0.000000	43353.000000
0.000000	43353.000000
0.000000	43353.000000
0.000000	43353.000000
0.000000	43353.000000
0.000000	43353.000000
0.000000	43353.000000
