0.000000	102143.000000
0.000000	102143.000000
0.000000	102143.000000
0.000000	102143.000000
0.000000	102143.000000
0.000000	102143.000000
0.000000	102143.000000
0.000000	102143.000000
0.000000	102143.000000
0.000000	102144.000000
0.000000	102144.000000
0.000000	102144.000000
0.000000	102144.000000
0.000000	102144.000000
0.000000	102144.000000
0.000000	102144.000000
0.000000	102144.000000
0.000000	102144.000000
0.000000	102144.000000
0.000000	102144.000000
0.000000	102144.000000
0.000000	102144.000000
0.000000	102144.000000
0.000000	102144.000000
0.000000	102144.000000
0.000000	102144.000000
0.000000	102144.000000
0.000000	102145.000000
0.000000	102145.000000
0.000000	102145.000000
0.000000	102145.000000
0.000000	102145.000000
0.000000	102145.000000
0.000000	102145.000000
0.000000	102145.000000
0.000000	102145.000000
0.000000	102145.000000
0.000000	102145.000000
0.000000	102145.000000
0.000000	102145.000000
0.000000	102145.000000
0.000000	102145.000000
0.000000	102145.000000
0.000000	102145.000000
0.000000	102146.000000
0.000000	102146.000000
0.000000	102146.000000
0.000000	102146.000000
0.000000	102146.000000
0.000000	102146.000000
0.000000	102146.000000
0.000000	102146.000000
0.000000	102146.000000
0.000000	102146.000000
0.000000	102146.000000
0.000000	102146.000000
0.000000	102146.000000
0.000000	102146.000000
0.000000	102146.000000
0.000000	102146.000000
0.000000	102146.000000
0.000000	102147.000000
0.000000	102147.000000
0.000000	102147.000000
0.000000	102147.000000
0.000000	102147.000000
0.000000	102147.000000
0.000000	102147.000000
0.000000	102147.000000
0.000000	102147.000000
0.000000	102147.000000
0.000000	102147.000000
0.000000	102147.000000
0.000000	102147.000000
0.000000	102147.000000
0.000000	102147.000000
0.000000	102147.000000
0.000000	102147.000000
0.000000	102148.000000
0.000000	102148.000000
0.000000	102148.000000
0.000000	102148.000000
0.000000	102148.000000
0.000000	102148.000000
0.000000	102148.000000
0.000000	102148.000000
0.000000	102148.000000
0.000000	102148.000000
0.000000	102148.000000
0.000000	102148.000000
0.000000	102148.000000
0.000000	102148.000000
0.000000	102148.000000
0.000000	102148.000000
0.000000	102148.000000
0.000000	102149.000000
0.000000	102149.000000
0.000000	102149.000000
0.000000	102149.000000
0.000000	102149.000000
0.000000	102149.000000
0.000000	102149.000000
0.000000	102149.000000
0.000000	102149.000000
0.000000	102149.000000
0.000000	102149.000000
0.000000	102149.000000
0.000000	102149.000000
0.000000	102149.000000
0.000000	102149.000000
0.000000	102149.000000
0.000000	102149.000000
0.000000	102150.000000
0.000000	102150.000000
0.000000	102150.000000
0.000000	102150.000000
0.000000	102150.000000
0.000000	102150.000000
0.000000	102150.000000
0.000000	102150.000000
0.000000	102150.000000
0.000000	102150.000000
0.000000	102150.000000
0.000000	102150.000000
0.000000	102150.000000
0.000000	102150.000000
0.000000	102150.000000
0.000000	102150.000000
0.000000	102150.000000
0.000000	102151.000000
0.000000	102151.000000
0.000000	102151.000000
0.000000	102151.000000
0.000000	102151.000000
0.000000	102151.000000
0.000000	102151.000000
0.000000	102151.000000
0.000000	102151.000000
0.000000	102151.000000
0.000000	102151.000000
0.000000	102151.000000
0.000000	102151.000000
0.000000	102151.000000
0.000000	102151.000000
0.000000	102151.000000
0.000000	102151.000000
0.000000	102152.000000
0.000000	102152.000000
0.000000	102152.000000
0.000000	102152.000000
0.000000	102152.000000
0.000000	102152.000000
0.000000	102152.000000
0.000000	102152.000000
0.000000	102152.000000
0.000000	102152.000000
0.000000	102152.000000
0.000000	102152.000000
0.000000	102152.000000
0.000000	102152.000000
0.000000	102152.000000
0.000000	102152.000000
0.000000	102152.000000
0.000000	102153.000000
0.000000	102153.000000
0.000000	102153.000000
0.000000	102153.000000
0.000000	102153.000000
0.000000	102153.000000
0.000000	102153.000000
0.000000	102153.000000
0.000000	102153.000000
0.000000	102153.000000
0.000000	102153.000000
0.000000	102153.000000
0.000000	102153.000000
0.000000	102153.000000
0.000000	102153.000000
0.000000	102153.000000
0.000000	102153.000000
0.000000	102154.000000
0.000000	102154.000000
0.000000	102154.000000
0.000000	102154.000000
0.000000	102154.000000
0.000000	102154.000000
0.000000	102154.000000
0.000000	102154.000000
0.000000	102154.000000
0.000000	102154.000000
0.000000	102154.000000
0.000000	102154.000000
0.000000	102154.000000
0.000000	102154.000000
0.000000	102154.000000
0.000000	102154.000000
0.000000	102154.000000
0.000000	102155.000000
0.000000	102155.000000
0.000000	102155.000000
0.000000	102155.000000
0.000000	102155.000000
0.000000	102155.000000
0.000000	102155.000000
0.000000	102155.000000
0.000000	102155.000000
0.000000	102155.000000
0.000000	102155.000000
0.000000	102155.000000
0.000000	102155.000000
0.000000	102155.000000
0.000000	102155.000000
0.000000	102155.000000
0.000000	102155.000000
0.000000	102156.000000
0.000000	102156.000000
0.000000	102156.000000
0.000000	102156.000000
0.000000	102156.000000
0.000000	102156.000000
0.000000	102156.000000
0.000000	102156.000000
0.000000	102156.000000
0.000000	102156.000000
0.000000	102156.000000
0.000000	102156.000000
0.000000	102156.000000
0.000000	102156.000000
0.000000	102156.000000
0.000000	102156.000000
0.000000	102156.000000
0.000000	102157.000000
0.000000	102157.000000
0.000000	102157.000000
0.000000	102157.000000
0.000000	102157.000000
0.000000	102157.000000
0.000000	102157.000000
0.000000	102157.000000
0.000000	102157.000000
0.000000	102157.000000
0.000000	102157.000000
0.000000	102157.000000
0.000000	102157.000000
0.000000	102157.000000
0.000000	102157.000000
0.000000	102157.000000
0.000000	102157.000000
0.000000	102158.000000
0.000000	102158.000000
0.000000	102158.000000
0.000000	102158.000000
0.000000	102158.000000
0.000000	102158.000000
0.000000	102158.000000
0.000000	102158.000000
0.000000	102158.000000
0.000000	102158.000000
0.000000	102158.000000
0.000000	102158.000000
0.000000	102158.000000
0.000000	102158.000000
0.000000	102158.000000
0.000000	102158.000000
0.000000	102158.000000
0.000000	102159.000000
0.000000	102159.000000
0.000000	102159.000000
0.000000	102159.000000
0.000000	102159.000000
0.000000	102159.000000
0.000000	102159.000000
0.000000	102159.000000
0.000000	102159.000000
0.000000	102159.000000
0.000000	102159.000000
0.000000	102159.000000
0.000000	102159.000000
0.000000	102159.000000
0.000000	102159.000000
0.000000	102159.000000
0.000000	102159.000000
0.000000	102159.000000
0.000000	102200.000000
0.000000	102200.000000
0.000000	102200.000000
0.000000	102200.000000
0.000000	102200.000000
0.000000	102200.000000
0.000000	102200.000000
0.000000	102200.000000
0.000000	102200.000000
0.000000	102200.000000
0.000000	102200.000000
0.000000	102200.000000
0.000000	102200.000000
0.000000	102200.000000
0.000000	102200.000000
0.000000	102200.000000
0.000000	102200.000000
0.000000	102201.000000
0.000000	102201.000000
0.000000	102201.000000
0.000000	102201.000000
0.000000	102201.000000
0.000000	102201.000000
0.000000	102201.000000
0.000000	102201.000000
0.000000	102201.000000
0.000000	102201.000000
0.000000	102201.000000
0.000000	102201.000000
0.000000	102201.000000
0.000000	102201.000000
0.000000	102201.000000
0.000000	102201.000000
0.000000	102201.000000
0.000000	102202.000000
0.000000	102202.000000
0.000000	102202.000000
0.000000	102202.000000
0.000000	102202.000000
0.000000	102202.000000
0.000000	102202.000000
0.000000	102202.000000
0.000000	102202.000000
0.000000	102202.000000
0.000000	102202.000000
0.000000	102202.000000
0.000000	102202.000000
0.000000	102202.000000
0.000000	102202.000000
0.000000	102202.000000
0.000000	102202.000000
0.000000	102203.000000
0.000000	102203.000000
0.000000	102203.000000
0.000000	102203.000000
0.000000	102203.000000
0.000000	102203.000000
0.000000	102203.000000
0.000000	102203.000000
0.000000	102203.000000
0.000000	102203.000000
0.000000	102203.000000
0.000000	102203.000000
0.000000	102203.000000
0.000000	102203.000000
0.000000	102203.000000
0.000000	102203.000000
0.000000	102203.000000
0.000000	102204.000000
0.000000	102204.000000
0.000000	102204.000000
0.000000	102204.000000
0.000000	102204.000000
0.000000	102204.000000
0.000000	102204.000000
0.000000	102204.000000
0.000000	102204.000000
0.000000	102204.000000
0.000000	102204.000000
0.000000	102204.000000
0.000000	102204.000000
0.000000	102204.000000
0.000000	102204.000000
0.000000	102204.000000
0.000000	102204.000000
0.000000	102205.000000
0.000000	102205.000000
0.000000	102205.000000
0.000000	102205.000000
0.000000	102205.000000
0.000000	102205.000000
0.000000	102205.000000
0.000000	102205.000000
0.000000	102205.000000
0.000000	102205.000000
0.000000	102205.000000
0.000000	102205.000000
0.000000	102205.000000
0.000000	102205.000000
0.000000	102205.000000
0.000000	102205.000000
0.000000	102205.000000
0.000000	102206.000000
0.000000	102206.000000
0.000000	102206.000000
0.000000	102206.000000
0.000000	102206.000000
0.000000	102206.000000
0.000000	102206.000000
0.000000	102206.000000
0.000000	102206.000000
0.000000	102206.000000
0.000000	102206.000000
0.000000	102206.000000
0.000000	102206.000000
0.000000	102206.000000
0.000000	102206.000000
0.000000	102206.000000
0.000000	102206.000000
0.000000	102207.000000
0.000000	102207.000000
0.000000	102207.000000
0.000000	102207.000000
0.000000	102207.000000
0.000000	102207.000000
0.000000	102207.000000
0.000000	102207.000000
0.000000	102207.000000
0.000000	102207.000000
0.000000	102207.000000
0.000000	102207.000000
0.000000	102207.000000
0.000000	102207.000000
0.000000	102207.000000
0.000000	102207.000000
0.000000	102207.000000
0.000000	102208.000000
0.000000	102208.000000
0.000000	102208.000000
0.000000	102208.000000
0.000000	102208.000000
0.000000	102208.000000
0.000000	102208.000000
0.000000	102208.000000
0.000000	102208.000000
0.000000	102208.000000
0.000000	102208.000000
0.000000	102208.000000
0.000000	102208.000000
0.000000	102208.000000
0.000000	102208.000000
0.000000	102208.000000
0.000000	102208.000000
0.000000	102209.000000
0.000000	102209.000000
0.000000	102209.000000
0.000000	102209.000000
0.000000	102209.000000
0.000000	102209.000000
0.000000	102209.000000
0.000000	102209.000000
0.000000	102209.000000
0.000000	102209.000000
0.000000	102209.000000
0.000000	102209.000000
0.000000	102209.000000
0.000000	102209.000000
0.000000	102209.000000
0.000000	102209.000000
0.000000	102209.000000
0.000000	102210.000000
0.000000	102210.000000
0.000000	102210.000000
0.000000	102210.000000
0.000000	102210.000000
0.000000	102210.000000
0.000000	102210.000000
0.000000	102210.000000
0.000000	102210.000000
0.000000	102210.000000
0.000000	102210.000000
0.000000	102210.000000
0.000000	102210.000000
0.000000	102210.000000
0.000000	102210.000000
0.000000	102210.000000
0.000000	102210.000000
0.000000	102211.000000
0.000000	102211.000000
0.000000	102211.000000
0.000000	102211.000000
0.000000	102211.000000
0.000000	102211.000000
0.000000	102211.000000
0.000000	102211.000000
0.000000	102211.000000
0.000000	102211.000000
0.000000	102211.000000
0.000000	102211.000000
0.000000	102211.000000
0.000000	102211.000000
0.000000	102211.000000
0.000000	102211.000000
0.000000	102211.000000
0.000000	102212.000000
0.000000	102212.000000
0.000000	102212.000000
0.000000	102212.000000
0.000000	102212.000000
0.000000	102212.000000
0.000000	102212.000000
0.000000	102212.000000
0.000000	102212.000000
0.000000	102212.000000
0.000000	102212.000000
0.000000	102212.000000
0.000000	102212.000000
0.000000	102212.000000
0.000000	102212.000000
0.000000	102212.000000
0.000000	102212.000000
0.000000	102213.000000
0.000000	102213.000000
0.000000	102213.000000
0.000000	102213.000000
0.000000	102213.000000
0.000000	102213.000000
0.000000	102213.000000
0.000000	102213.000000
0.000000	102213.000000
0.000000	102213.000000
0.000000	102213.000000
0.000000	102213.000000
0.000000	102213.000000
0.000000	102213.000000
0.000000	102213.000000
0.000000	102213.000000
0.000000	102213.000000
0.000000	102214.000000
0.000000	102214.000000
0.000000	102214.000000
0.000000	102214.000000
0.000000	102214.000000
0.000000	102214.000000
0.000000	102214.000000
0.000000	102214.000000
0.000000	102214.000000
0.000000	102214.000000
0.000000	102214.000000
0.000000	102214.000000
0.000000	102214.000000
0.000000	102214.000000
0.000000	102214.000000
0.000000	102214.000000
0.000000	102214.000000
0.000000	102214.000000
0.000000	102215.000000
0.000000	102215.000000
0.000000	102215.000000
0.000000	102215.000000
0.000000	102215.000000
0.000000	102215.000000
0.000000	102215.000000
0.000000	102215.000000
0.000000	102215.000000
0.000000	102215.000000
0.000000	102215.000000
0.000000	102215.000000
0.000000	102215.000000
0.000000	102215.000000
0.000000	102215.000000
0.000000	102215.000000
0.000000	102215.000000
0.000000	102216.000000
0.000000	102216.000000
0.000000	102216.000000
0.000000	102216.000000
0.000000	102216.000000
0.000000	102216.000000
0.000000	102216.000000
0.000000	102216.000000
0.000000	102216.000000
0.000000	102216.000000
0.000000	102216.000000
0.000000	102216.000000
0.000000	102216.000000
0.000000	102216.000000
0.000000	102216.000000
0.000000	102216.000000
0.000000	102216.000000
0.000000	102217.000000
0.000000	102217.000000
0.000000	102217.000000
0.000000	102217.000000
0.000000	102217.000000
0.000000	102217.000000
0.000000	102217.000000
0.000000	102217.000000
0.000000	102217.000000
0.000000	102217.000000
0.000000	102217.000000
0.000000	102217.000000
0.000000	102217.000000
0.000000	102217.000000
0.000000	102217.000000
0.000000	102217.000000
0.000000	102217.000000
0.000000	102218.000000
0.000000	102218.000000
0.000000	102218.000000
0.000000	102218.000000
0.000000	102218.000000
0.000000	102218.000000
0.000000	102218.000000
0.000000	102218.000000
0.000000	102218.000000
0.000000	102218.000000
0.000000	102218.000000
0.000000	102218.000000
0.000000	102218.000000
0.000000	102218.000000
0.000000	102218.000000
0.000000	102218.000000
0.000000	102218.000000
0.000000	102219.000000
0.000000	102219.000000
0.000000	102219.000000
0.000000	102219.000000
0.000000	102219.000000
0.000000	102219.000000
0.000000	102219.000000
0.000000	102219.000000
0.000000	102219.000000
0.000000	102219.000000
0.000000	102219.000000
0.000000	102219.000000
0.000000	102219.000000
0.000000	102219.000000
0.000000	102219.000000
0.000000	102219.000000
0.000000	102219.000000
0.000000	102220.000000
0.000000	102220.000000
0.000000	102220.000000
0.000000	102220.000000
0.000000	102220.000000
0.000000	102220.000000
0.000000	102220.000000
0.000000	102220.000000
0.000000	102220.000000
0.000000	102220.000000
0.000000	102220.000000
0.000000	102220.000000
0.000000	102220.000000
0.000000	102220.000000
0.000000	102220.000000
0.000000	102220.000000
0.000000	102220.000000
0.000000	102221.000000
0.000000	102221.000000
0.000000	102221.000000
0.000000	102221.000000
0.000000	102221.000000
0.000000	102221.000000
0.000000	102221.000000
0.000000	102221.000000
0.000000	102221.000000
0.000000	102221.000000
0.000000	102221.000000
0.000000	102221.000000
0.000000	102221.000000
0.000000	102221.000000
0.000000	102221.000000
0.000000	102221.000000
0.000000	102221.000000
0.000000	102222.000000
0.000000	102222.000000
0.000000	102222.000000
0.000000	102222.000000
0.000000	102222.000000
0.000000	102222.000000
0.000000	102222.000000
0.000000	102222.000000
0.000000	102222.000000
0.000000	102222.000000
0.000000	102222.000000
0.000000	102222.000000
0.000000	102222.000000
0.000000	102222.000000
0.000000	102222.000000
0.000000	102222.000000
0.000000	102222.000000
0.000000	102223.000000
0.000000	102223.000000
0.000000	102223.000000
0.000000	102223.000000
0.000000	102223.000000
0.000000	102223.000000
0.000000	102223.000000
0.000000	102223.000000
0.000000	102223.000000
0.000000	102223.000000
0.000000	102223.000000
0.000000	102223.000000
0.000000	102223.000000
0.000000	102223.000000
0.000000	102223.000000
0.000000	102223.000000
0.000000	102223.000000
0.000000	102224.000000
0.000000	102224.000000
0.000000	102224.000000
0.000000	102224.000000
0.000000	102224.000000
0.000000	102224.000000
0.000000	102224.000000
0.000000	102224.000000
0.000000	102224.000000
0.000000	102224.000000
0.000000	102224.000000
0.000000	102224.000000
0.000000	102224.000000
0.000000	102224.000000
0.000000	102224.000000
0.000000	102224.000000
0.000000	102224.000000
0.000000	102225.000000
0.000000	102225.000000
0.000000	102225.000000
0.000000	102225.000000
0.000000	102225.000000
0.000000	102225.000000
0.000000	102225.000000
0.000000	102225.000000
0.000000	102225.000000
0.000000	102225.000000
0.000000	102225.000000
0.000000	102225.000000
0.000000	102225.000000
0.000000	102225.000000
0.000000	102225.000000
0.000000	102225.000000
0.000000	102225.000000
0.000000	102226.000000
0.000000	102226.000000
0.000000	102226.000000
0.000000	102226.000000
0.000000	102226.000000
0.000000	102226.000000
0.000000	102226.000000
0.000000	102226.000000
0.000000	102226.000000
0.000000	102226.000000
0.000000	102226.000000
0.000000	102226.000000
0.000000	102226.000000
0.000000	102226.000000
0.000000	102226.000000
0.000000	102226.000000
0.000000	102226.000000
0.000000	102227.000000
0.000000	102227.000000
0.000000	102227.000000
0.000000	102227.000000
0.000000	102227.000000
0.000000	102227.000000
0.000000	102227.000000
0.000000	102227.000000
0.000000	102227.000000
0.000000	102227.000000
0.000000	102227.000000
0.000000	102227.000000
0.000000	102227.000000
0.000000	102227.000000
0.000000	102227.000000
0.000000	102227.000000
0.000000	102227.000000
0.000000	102228.000000
0.000000	102228.000000
0.000000	102228.000000
0.000000	102228.000000
0.000000	102228.000000
0.000000	102228.000000
0.000000	102228.000000
0.000000	102228.000000
0.000000	102228.000000
0.000000	102228.000000
0.000000	102228.000000
0.000000	102228.000000
0.000000	102228.000000
0.000000	102228.000000
0.000000	102228.000000
0.000000	102228.000000
0.000000	102228.000000
0.000000	102229.000000
0.000000	102229.000000
0.000000	102229.000000
0.000000	102229.000000
0.000000	102229.000000
0.000000	102229.000000
0.000000	102229.000000
0.000000	102229.000000
0.000000	102229.000000
0.000000	102229.000000
0.000000	102229.000000
0.000000	102229.000000
0.000000	102229.000000
0.000000	102229.000000
0.000000	102229.000000
0.000000	102229.000000
0.000000	102229.000000
0.000000	102229.000000
0.000000	102230.000000
0.000000	102230.000000
0.000000	102230.000000
0.000000	102230.000000
0.000000	102230.000000
0.000000	102230.000000
0.000000	102230.000000
0.000000	102230.000000
0.000000	102230.000000
0.000000	102230.000000
0.000000	102230.000000
0.000000	102230.000000
0.000000	102230.000000
0.000000	102230.000000
0.000000	102230.000000
0.000000	102230.000000
0.000000	102230.000000
0.000000	102231.000000
0.000000	102231.000000
0.000000	102231.000000
0.000000	102231.000000
0.000000	102231.000000
0.000000	102231.000000
0.000000	102231.000000
0.000000	102231.000000
0.000000	102231.000000
0.000000	102231.000000
0.000000	102231.000000
0.000000	102231.000000
0.000000	102231.000000
0.000000	102231.000000
0.000000	102231.000000
0.000000	102231.000000
0.000000	102231.000000
0.000000	102232.000000
0.000000	102232.000000
0.000000	102232.000000
0.000000	102232.000000
0.000000	102232.000000
0.000000	102232.000000
0.000000	102232.000000
0.000000	102232.000000
0.000000	102232.000000
0.000000	102232.000000
0.000000	102232.000000
0.000000	102232.000000
0.000000	102232.000000
0.000000	102232.000000
0.000000	102232.000000
0.000000	102232.000000
0.000000	102232.000000
0.000000	102233.000000
0.000000	102233.000000
0.000000	102233.000000
0.000000	102233.000000
0.000000	102233.000000
0.000000	102233.000000
0.000000	102233.000000
0.000000	102233.000000
0.000000	102233.000000
0.000000	102233.000000
0.000000	102233.000000
0.000000	102233.000000
0.000000	102233.000000
0.000000	102233.000000
0.000000	102233.000000
0.000000	102233.000000
0.000000	102233.000000
0.000000	102234.000000
0.000000	102234.000000
0.000000	102234.000000
0.000000	102234.000000
0.000000	102234.000000
0.000000	102234.000000
0.000000	102234.000000
0.000000	102234.000000
0.000000	102234.000000
0.000000	102234.000000
0.000000	102234.000000
0.000000	102234.000000
0.000000	102234.000000
0.000000	102234.000000
0.000000	102234.000000
0.000000	102234.000000
0.000000	102234.000000
0.000000	102235.000000
0.000000	102235.000000
0.000000	102235.000000
0.000000	102235.000000
0.000000	102235.000000
0.000000	102235.000000
0.000000	102235.000000
0.000000	102235.000000
0.000000	102235.000000
0.000000	102235.000000
0.000000	102235.000000
0.000000	102235.000000
0.000000	102235.000000
0.000000	102235.000000
0.000000	102235.000000
0.000000	102235.000000
0.000000	102235.000000
0.000000	102236.000000
0.000000	102236.000000
0.000000	102236.000000
0.000000	102236.000000
0.000000	102236.000000
0.000000	102236.000000
0.000000	102236.000000
0.000000	102236.000000
0.000000	102236.000000
0.000000	102236.000000
0.000000	102236.000000
0.000000	102236.000000
0.000000	102236.000000
0.000000	102236.000000
0.000000	102236.000000
0.000000	102236.000000
0.000000	102236.000000
0.000000	102237.000000
0.000000	102237.000000
0.000000	102237.000000
0.000000	102237.000000
0.000000	102237.000000
0.000000	102237.000000
0.000000	102237.000000
0.000000	102237.000000
0.000000	102237.000000
0.000000	102237.000000
0.000000	102237.000000
0.000000	102237.000000
0.000000	102237.000000
0.000000	102237.000000
0.000000	102237.000000
0.000000	102237.000000
0.000000	102237.000000
0.000000	102238.000000
0.000000	102238.000000
0.000000	102238.000000
0.000000	102238.000000
0.000000	102238.000000
0.000000	102238.000000
0.000000	102238.000000
0.000000	102238.000000
0.000000	102238.000000
0.000000	102238.000000
0.000000	102238.000000
0.000000	102238.000000
0.000000	102238.000000
0.000000	102238.000000
0.000000	102238.000000
0.000000	102238.000000
0.000000	102238.000000
0.000000	102239.000000
0.000000	102239.000000
0.000000	102239.000000
0.000000	102239.000000
0.000000	102239.000000
0.000000	102239.000000
0.000000	102239.000000
0.000000	102239.000000
0.000000	102239.000000
0.000000	102239.000000
0.000000	102239.000000
0.000000	102239.000000
0.000000	102239.000000
0.000000	102239.000000
0.000000	102239.000000
0.000000	102239.000000
0.000000	102239.000000
0.000000	102240.000000
0.000000	102240.000000
0.000000	102240.000000
0.000000	102240.000000
0.000000	102240.000000
0.000000	102240.000000
0.000000	102240.000000
0.000000	102240.000000
0.000000	102240.000000
0.000000	102240.000000
0.000000	102240.000000
0.000000	102240.000000
0.000000	102240.000000
0.000000	102240.000000
0.000000	102240.000000
0.000000	102240.000000
0.000000	102240.000000
0.000000	102241.000000
0.000000	102241.000000
0.000000	102241.000000
0.000000	102241.000000
0.000000	102241.000000
0.000000	102241.000000
0.000000	102241.000000
0.000000	102241.000000
0.000000	102241.000000
0.000000	102241.000000
0.000000	102241.000000
0.000000	102241.000000
0.000000	102241.000000
0.000000	102241.000000
0.000000	102241.000000
0.000000	102241.000000
0.000000	102241.000000
0.000000	102242.000000
0.000000	102242.000000
0.000000	102242.000000
0.000000	102242.000000
0.000000	102242.000000
0.000000	102242.000000
0.000000	102242.000000
0.000000	102242.000000
0.000000	102242.000000
0.000000	102242.000000
0.000000	102242.000000
0.000000	102242.000000
0.000000	102242.000000
0.000000	102242.000000
0.000000	102242.000000
0.000000	102242.000000
0.000000	102242.000000
0.000000	102243.000000
0.000000	102243.000000
0.000000	102243.000000
0.000000	102243.000000
0.000000	102243.000000
0.000000	102243.000000
0.000000	102243.000000
0.000000	102243.000000
0.000000	102243.000000
0.000000	102243.000000
0.000000	102243.000000
0.000000	102243.000000
0.000000	102243.000000
0.000000	102243.000000
0.000000	102243.000000
0.000000	102243.000000
0.000000	102243.000000
0.000000	102244.000000
0.000000	102244.000000
0.000000	102244.000000
0.000000	102244.000000
0.000000	102244.000000
0.000000	102244.000000
0.000000	102244.000000
0.000000	102244.000000
0.000000	102244.000000
0.000000	102244.000000
0.000000	102244.000000
0.000000	102244.000000
0.000000	102244.000000
0.000000	102244.000000
0.000000	102244.000000
0.000000	102244.000000
0.000000	102244.000000
0.000000	102244.000000
0.000000	102245.000000
0.000000	102245.000000
0.000000	102245.000000
0.000000	102245.000000
0.000000	102245.000000
0.000000	102245.000000
0.000000	102245.000000
0.000000	102245.000000
0.000000	102245.000000
0.000000	102245.000000
0.000000	102245.000000
0.000000	102245.000000
0.000000	102245.000000
0.000000	102245.000000
0.000000	102245.000000
0.000000	102245.000000
0.000000	102245.000000
0.000000	102246.000000
0.000000	102246.000000
0.000000	102246.000000
0.000000	102246.000000
0.000000	102246.000000
0.000000	102246.000000
0.000000	102246.000000
0.000000	102246.000000
0.000000	102246.000000
0.000000	102246.000000
0.000000	102246.000000
0.000000	102246.000000
0.000000	102246.000000
0.000000	102246.000000
0.000000	102246.000000
0.000000	102246.000000
0.000000	102246.000000
0.000000	102247.000000
0.000000	102247.000000
0.000000	102247.000000
0.000000	102247.000000
0.000000	102247.000000
0.000000	102247.000000
0.000000	102247.000000
0.000000	102247.000000
0.000000	102247.000000
0.000000	102247.000000
0.000000	102247.000000
0.000000	102247.000000
0.000000	102247.000000
0.000000	102247.000000
0.000000	102247.000000
0.000000	102247.000000
0.000000	102247.000000
0.000000	102248.000000
0.000000	102248.000000
0.000000	102248.000000
0.000000	102248.000000
0.000000	102248.000000
0.000000	102248.000000
0.000000	102248.000000
0.000000	102248.000000
0.000000	102248.000000
0.000000	102248.000000
0.000000	102248.000000
0.000000	102248.000000
0.000000	102248.000000
0.000000	102248.000000
0.000000	102248.000000
0.000000	102248.000000
0.000000	102248.000000
0.000000	102249.000000
0.000000	102249.000000
0.000000	102249.000000
0.000000	102249.000000
0.000000	102249.000000
0.000000	102249.000000
0.000000	102249.000000
0.000000	102249.000000
0.000000	102249.000000
0.000000	102249.000000
0.000000	102249.000000
0.000000	102249.000000
0.000000	102249.000000
0.000000	102249.000000
0.000000	102249.000000
0.000000	102249.000000
0.000000	102249.000000
0.000000	102250.000000
0.000000	102250.000000
0.000000	102250.000000
0.000000	102250.000000
0.000000	102250.000000
0.000000	102250.000000
0.000000	102250.000000
0.000000	102250.000000
0.000000	102250.000000
0.000000	102250.000000
0.000000	102250.000000
0.000000	102250.000000
0.000000	102250.000000
0.000000	102250.000000
0.000000	102250.000000
0.000000	102250.000000
0.000000	102250.000000
0.000000	102251.000000
0.000000	102251.000000
0.000000	102251.000000
0.000000	102251.000000
0.000000	102251.000000
0.000000	102251.000000
0.000000	102251.000000
0.000000	102251.000000
0.000000	102251.000000
0.000000	102251.000000
0.000000	102251.000000
0.000000	102251.000000
0.000000	102251.000000
0.000000	102251.000000
0.000000	102251.000000
0.000000	102251.000000
0.000000	102251.000000
0.000000	102252.000000
0.000000	102252.000000
0.000000	102252.000000
0.000000	102252.000000
0.000000	102252.000000
0.000000	102252.000000
0.000000	102252.000000
0.000000	102252.000000
0.000000	102252.000000
0.000000	102252.000000
0.000000	102252.000000
0.000000	102252.000000
0.000000	102252.000000
0.000000	102252.000000
0.000000	102252.000000
0.000000	102252.000000
0.000000	102252.000000
0.000000	102253.000000
0.000000	102253.000000
0.000000	102253.000000
0.000000	102253.000000
0.000000	102253.000000
0.000000	102253.000000
0.000000	102253.000000
0.000000	102253.000000
0.000000	102253.000000
0.000000	102253.000000
0.000000	102253.000000
0.000000	102253.000000
0.000000	102253.000000
0.000000	102253.000000
0.000000	102253.000000
0.000000	102253.000000
0.000000	102253.000000
0.000000	102254.000000
0.000000	102254.000000
0.000000	102254.000000
0.000000	102254.000000
0.000000	102254.000000
0.000000	102254.000000
0.000000	102254.000000
0.000000	102254.000000
0.000000	102254.000000
0.000000	102254.000000
0.000000	102254.000000
0.000000	102254.000000
0.000000	102254.000000
0.000000	102254.000000
0.000000	102254.000000
0.000000	102254.000000
0.000000	102254.000000
0.000000	102255.000000
0.000000	102255.000000
0.000000	102255.000000
0.000000	102255.000000
0.000000	102255.000000
0.000000	102255.000000
0.000000	102255.000000
0.000000	102255.000000
0.000000	102255.000000
0.000000	102255.000000
0.000000	102255.000000
0.000000	102255.000000
0.000000	102255.000000
0.000000	102255.000000
0.000000	102255.000000
0.000000	102255.000000
0.000000	102255.000000
0.000000	102256.000000
0.000000	102256.000000
0.000000	102256.000000
0.000000	102256.000000
0.000000	102256.000000
0.000000	102256.000000
0.000000	102256.000000
0.000000	102256.000000
0.000000	102256.000000
0.000000	102256.000000
0.000000	102256.000000
0.000000	102256.000000
0.000000	102256.000000
0.000000	102256.000000
0.000000	102256.000000
0.000000	102256.000000
0.000000	102256.000000
0.000000	102257.000000
0.000000	102257.000000
0.000000	102257.000000
0.000000	102257.000000
0.000000	102257.000000
0.000000	102257.000000
0.000000	102257.000000
0.000000	102257.000000
0.000000	102257.000000
0.000000	102257.000000
0.000000	102257.000000
0.000000	102257.000000
0.000000	102257.000000
0.000000	102257.000000
0.000000	102257.000000
0.000000	102257.000000
0.000000	102257.000000
0.000000	102258.000000
0.000000	102258.000000
0.000000	102258.000000
0.000000	102258.000000
0.000000	102258.000000
0.000000	102258.000000
0.000000	102258.000000
0.000000	102258.000000
0.000000	102258.000000
0.000000	102258.000000
0.000000	102258.000000
0.000000	102258.000000
0.000000	102258.000000
0.000000	102258.000000
0.000000	102258.000000
0.000000	102258.000000
0.000000	102258.000000
0.000000	102259.000000
0.000000	102259.000000
0.000000	102259.000000
0.000000	102259.000000
0.000000	102259.000000
0.000000	102259.000000
0.000000	102259.000000
0.000000	102259.000000
0.000000	102259.000000
0.000000	102259.000000
0.000000	102259.000000
0.000000	102259.000000
0.000000	102259.000000
0.000000	102259.000000
0.000000	102259.000000
0.000000	102259.000000
0.000000	102259.000000
0.000000	102259.000000
0.000000	102300.000000
0.000000	102300.000000
0.000000	102300.000000
0.000000	102300.000000
0.000000	102300.000000
0.000000	102300.000000
0.000000	102300.000000
0.000000	102300.000000
0.000000	102300.000000
0.000000	102300.000000
0.000000	102300.000000
0.000000	102300.000000
0.000000	102300.000000
0.000000	102300.000000
0.000000	102300.000000
0.000000	102300.000000
0.000000	102300.000000
0.000000	102301.000000
0.000000	102301.000000
0.000000	102301.000000
0.000000	102301.000000
0.000000	102301.000000
0.000000	102301.000000
0.000000	102301.000000
0.000000	102301.000000
0.000000	102301.000000
0.000000	102301.000000
0.000000	102301.000000
0.000000	102301.000000
0.000000	102301.000000
0.000000	102301.000000
0.000000	102301.000000
0.000000	102301.000000
0.000000	102301.000000
0.000000	102302.000000
0.000000	102302.000000
0.000000	102302.000000
0.000000	102302.000000
0.000000	102302.000000
0.000000	102302.000000
0.000000	102302.000000
0.000000	102302.000000
0.000000	102302.000000
0.000000	102302.000000
0.000000	102302.000000
0.000000	102302.000000
0.000000	102302.000000
0.000000	102302.000000
0.000000	102302.000000
0.000000	102302.000000
0.000000	102302.000000
0.000000	102303.000000
0.000000	102303.000000
0.000000	102303.000000
0.000000	102303.000000
0.000000	102303.000000
0.000000	102303.000000
0.000000	102303.000000
0.000000	102303.000000
0.000000	102303.000000
0.000000	102303.000000
0.000000	102303.000000
0.000000	102303.000000
0.000000	102303.000000
0.000000	102303.000000
0.000000	102303.000000
0.000000	102303.000000
0.000000	102303.000000
0.000000	102304.000000
0.000000	102304.000000
0.000000	102304.000000
0.000000	102304.000000
0.000000	102304.000000
0.000000	102304.000000
0.000000	102304.000000
0.000000	102304.000000
0.000000	102304.000000
0.000000	102304.000000
0.000000	102304.000000
0.000000	102304.000000
0.000000	102304.000000
0.000000	102304.000000
0.000000	102304.000000
0.000000	102304.000000
0.000000	102304.000000
0.000000	102305.000000
0.000000	102305.000000
0.000000	102305.000000
0.000000	102305.000000
0.000000	102305.000000
0.000000	102305.000000
0.000000	102305.000000
0.000000	102305.000000
0.000000	102305.000000
0.000000	102305.000000
0.000000	102305.000000
0.000000	102305.000000
0.000000	102305.000000
0.000000	102305.000000
0.000000	102305.000000
0.000000	102305.000000
0.000000	102305.000000
0.000000	102306.000000
0.000000	102306.000000
0.000000	102306.000000
0.000000	102306.000000
0.000000	102306.000000
0.000000	102306.000000
0.000000	102306.000000
0.000000	102306.000000
0.000000	102306.000000
0.000000	102306.000000
0.000000	102306.000000
0.000000	102306.000000
0.000000	102306.000000
0.000000	102306.000000
0.000000	102306.000000
0.000000	102306.000000
0.000000	102306.000000
0.000000	102307.000000
0.000000	102307.000000
0.000000	102307.000000
0.000000	102307.000000
0.000000	102307.000000
0.000000	102307.000000
0.000000	102307.000000
0.000000	102307.000000
0.000000	102307.000000
0.000000	102307.000000
0.000000	102307.000000
0.000000	102307.000000
0.000000	102307.000000
0.000000	102307.000000
0.000000	102307.000000
0.000000	102307.000000
0.000000	102307.000000
0.000000	102308.000000
0.000000	102308.000000
0.000000	102308.000000
0.000000	102308.000000
0.000000	102308.000000
0.000000	102308.000000
0.000000	102308.000000
0.000000	102308.000000
0.000000	102308.000000
0.000000	102308.000000
0.000000	102308.000000
0.000000	102308.000000
0.000000	102308.000000
0.000000	102308.000000
0.000000	102308.000000
0.000000	102308.000000
0.000000	102308.000000
0.000000	102309.000000
0.000000	102309.000000
0.000000	102309.000000
0.000000	102309.000000
0.000000	102309.000000
0.000000	102309.000000
0.000000	102309.000000
0.000000	102309.000000
0.000000	102309.000000
0.000000	102309.000000
0.000000	102309.000000
0.000000	102309.000000
0.000000	102309.000000
0.000000	102309.000000
0.000000	102309.000000
0.000000	102309.000000
0.000000	102309.000000
0.000000	102310.000000
0.000000	102310.000000
0.000000	102310.000000
0.000000	102310.000000
0.000000	102310.000000
0.000000	102310.000000
0.000000	102310.000000
0.000000	102310.000000
0.000000	102310.000000
0.000000	102310.000000
0.000000	102310.000000
0.000000	102310.000000
0.000000	102310.000000
0.000000	102310.000000
0.000000	102310.000000
0.000000	102310.000000
0.000000	102310.000000
0.000000	102311.000000
0.000000	102311.000000
0.000000	102311.000000
0.000000	102311.000000
0.000000	102311.000000
0.000000	102311.000000
0.000000	102311.000000
0.000000	102311.000000
0.000000	102311.000000
0.000000	102311.000000
0.000000	102311.000000
0.000000	102311.000000
0.000000	102311.000000
0.000000	102311.000000
0.000000	102311.000000
0.000000	102311.000000
0.000000	102311.000000
0.000000	102312.000000
0.000000	102312.000000
0.000000	102312.000000
0.000000	102312.000000
0.000000	102312.000000
0.000000	102312.000000
0.000000	102312.000000
0.000000	102312.000000
0.000000	102312.000000
0.000000	102312.000000
0.000000	102312.000000
0.000000	102312.000000
0.000000	102312.000000
0.000000	102312.000000
0.000000	102312.000000
0.000000	102312.000000
0.000000	102312.000000
0.000000	102313.000000
0.000000	102313.000000
0.000000	102313.000000
0.000000	102313.000000
0.000000	102313.000000
0.000000	102313.000000
0.000000	102313.000000
0.000000	102313.000000
0.000000	102313.000000
0.000000	102313.000000
0.000000	102313.000000
0.000000	102313.000000
0.000000	102313.000000
0.000000	102313.000000
0.000000	102313.000000
0.000000	102313.000000
0.000000	102313.000000
0.000000	102314.000000
0.000000	102314.000000
0.000000	102314.000000
0.000000	102314.000000
0.000000	102314.000000
0.000000	102314.000000
0.000000	102314.000000
0.000000	102314.000000
0.000000	102314.000000
0.000000	102314.000000
0.000000	102314.000000
0.000000	102314.000000
0.000000	102314.000000
0.000000	102314.000000
0.000000	102314.000000
0.000000	102314.000000
0.000000	102314.000000
0.000000	102314.000000
0.000000	102315.000000
0.000000	102315.000000
0.000000	102315.000000
0.000000	102315.000000
0.000000	102315.000000
0.000000	102315.000000
0.000000	102315.000000
0.000000	102315.000000
0.000000	102315.000000
0.000000	102315.000000
0.000000	102315.000000
0.000000	102315.000000
0.000000	102315.000000
0.000000	102315.000000
0.000000	102315.000000
0.000000	102315.000000
0.000000	102315.000000
0.000000	102316.000000
0.000000	102316.000000
0.000000	102316.000000
0.000000	102316.000000
0.000000	102316.000000
0.000000	102316.000000
0.000000	102316.000000
0.000000	102316.000000
0.000000	102316.000000
0.000000	102316.000000
0.000000	102316.000000
0.000000	102316.000000
0.000000	102316.000000
0.000000	102316.000000
0.000000	102316.000000
0.000000	102316.000000
0.000000	102316.000000
0.000000	102317.000000
0.000000	102317.000000
0.000000	102317.000000
0.000000	102317.000000
0.000000	102317.000000
0.000000	102317.000000
0.000000	102317.000000
0.000000	102317.000000
0.000000	102317.000000
0.000000	102317.000000
0.000000	102317.000000
0.000000	102317.000000
0.000000	102317.000000
0.000000	102317.000000
0.000000	102317.000000
0.000000	102317.000000
0.000000	102317.000000
0.000000	102318.000000
0.000000	102318.000000
0.000000	102318.000000
0.000000	102318.000000
0.000000	102318.000000
0.000000	102318.000000
0.000000	102318.000000
0.000000	102318.000000
0.000000	102318.000000
0.000000	102318.000000
0.000000	102318.000000
0.000000	102318.000000
0.000000	102318.000000
0.000000	102318.000000
0.000000	102318.000000
0.000000	102318.000000
0.000000	102318.000000
0.000000	102319.000000
0.000000	102319.000000
0.000000	102319.000000
0.000000	102319.000000
0.000000	102319.000000
0.000000	102319.000000
0.000000	102319.000000
0.000000	102319.000000
0.000000	102319.000000
0.000000	102319.000000
0.000000	102319.000000
0.000000	102319.000000
0.000000	102319.000000
0.000000	102319.000000
0.000000	102319.000000
0.000000	102319.000000
0.000000	102319.000000
0.000000	102320.000000
0.000000	102320.000000
0.000000	102320.000000
0.000000	102320.000000
0.000000	102320.000000
0.000000	102320.000000
0.000000	102320.000000
0.000000	102320.000000
0.000000	102320.000000
0.000000	102320.000000
0.000000	102320.000000
0.000000	102320.000000
0.000000	102320.000000
0.000000	102320.000000
0.000000	102320.000000
0.000000	102320.000000
0.000000	102320.000000
0.000000	102321.000000
0.000000	102321.000000
0.000000	102321.000000
0.000000	102321.000000
0.000000	102321.000000
0.000000	102321.000000
0.000000	102321.000000
0.000000	102321.000000
0.000000	102321.000000
0.000000	102321.000000
0.000000	102321.000000
0.000000	102321.000000
0.000000	102321.000000
0.000000	102321.000000
0.000000	102321.000000
0.000000	102321.000000
0.000000	102321.000000
0.000000	102322.000000
0.000000	102322.000000
0.000000	102322.000000
0.000000	102322.000000
0.000000	102322.000000
0.000000	102322.000000
0.000000	102322.000000
0.000000	102322.000000
0.000000	102322.000000
0.000000	102322.000000
0.000000	102322.000000
0.000000	102322.000000
0.000000	102322.000000
0.000000	102322.000000
0.000000	102322.000000
0.000000	102322.000000
0.000000	102322.000000
0.000000	102323.000000
0.000000	102323.000000
0.000000	102323.000000
0.000000	102323.000000
0.000000	102323.000000
0.000000	102323.000000
0.000000	102323.000000
0.000000	102323.000000
0.000000	102323.000000
0.000000	102323.000000
0.000000	102323.000000
0.000000	102323.000000
0.000000	102323.000000
0.000000	102323.000000
0.000000	102323.000000
0.000000	102323.000000
0.000000	102323.000000
0.000000	102324.000000
0.000000	102324.000000
0.000000	102324.000000
0.000000	102324.000000
0.000000	102324.000000
0.000000	102324.000000
0.000000	102324.000000
0.000000	102324.000000
0.000000	102324.000000
0.000000	102324.000000
0.000000	102324.000000
0.000000	102324.000000
0.000000	102324.000000
0.000000	102324.000000
0.000000	102324.000000
0.000000	102324.000000
0.000000	102324.000000
0.000000	102325.000000
0.000000	102325.000000
0.000000	102325.000000
0.000000	102325.000000
0.000000	102325.000000
0.000000	102325.000000
0.000000	102325.000000
0.000000	102325.000000
0.000000	102325.000000
0.000000	102325.000000
0.000000	102325.000000
0.000000	102325.000000
0.000000	102325.000000
0.000000	102325.000000
0.000000	102325.000000
0.000000	102325.000000
0.000000	102325.000000
0.000000	102326.000000
0.000000	102326.000000
0.000000	102326.000000
0.000000	102326.000000
0.000000	102326.000000
0.000000	102326.000000
0.000000	102326.000000
0.000000	102326.000000
0.000000	102326.000000
0.000000	102326.000000
0.000000	102326.000000
0.000000	102326.000000
0.000000	102326.000000
0.000000	102326.000000
0.000000	102326.000000
0.000000	102326.000000
0.000000	102326.000000
0.000000	102327.000000
0.000000	102327.000000
0.000000	102327.000000
0.000000	102327.000000
0.000000	102327.000000
0.000000	102327.000000
0.000000	102327.000000
0.000000	102327.000000
0.000000	102327.000000
0.000000	102327.000000
0.000000	102327.000000
0.000000	102327.000000
0.000000	102327.000000
0.000000	102327.000000
0.000000	102327.000000
0.000000	102327.000000
0.000000	102327.000000
0.000000	102328.000000
0.000000	102328.000000
0.000000	102328.000000
0.000000	102328.000000
0.000000	102328.000000
0.000000	102328.000000
0.000000	102328.000000
0.000000	102328.000000
0.000000	102328.000000
0.000000	102328.000000
0.000000	102328.000000
0.000000	102328.000000
0.000000	102328.000000
0.000000	102328.000000
0.000000	102328.000000
0.000000	102328.000000
0.000000	102328.000000
0.000000	102329.000000
0.000000	102329.000000
0.000000	102329.000000
0.000000	102329.000000
0.000000	102329.000000
0.000000	102329.000000
0.000000	102329.000000
0.000000	102329.000000
0.000000	102329.000000
0.000000	102329.000000
0.000000	102329.000000
0.000000	102329.000000
0.000000	102329.000000
0.000000	102329.000000
0.000000	102329.000000
0.000000	102329.000000
0.000000	102329.000000
0.000000	102329.000000
0.000000	102330.000000
0.000000	102330.000000
0.000000	102330.000000
0.000000	102330.000000
0.000000	102330.000000
0.000000	102330.000000
0.000000	102330.000000
0.000000	102330.000000
0.000000	102330.000000
0.000000	102330.000000
0.000000	102330.000000
0.000000	102330.000000
0.000000	102330.000000
0.000000	102330.000000
0.000000	102330.000000
0.000000	102330.000000
0.000000	102330.000000
0.000000	102331.000000
0.000000	102331.000000
0.000000	102331.000000
0.000000	102331.000000
0.000000	102331.000000
0.000000	102331.000000
0.000000	102331.000000
0.000000	102331.000000
0.000000	102331.000000
0.000000	102331.000000
0.000000	102331.000000
0.000000	102331.000000
0.000000	102331.000000
0.000000	102331.000000
0.000000	102331.000000
0.000000	102331.000000
0.000000	102331.000000
0.000000	102332.000000
0.000000	102332.000000
0.000000	102332.000000
0.000000	102332.000000
0.000000	102332.000000
0.000000	102332.000000
0.000000	102332.000000
0.000000	102332.000000
0.000000	102332.000000
0.000000	102332.000000
0.000000	102332.000000
0.000000	102332.000000
0.000000	102332.000000
0.000000	102332.000000
0.000000	102332.000000
0.000000	102332.000000
0.000000	102332.000000
0.000000	102333.000000
0.000000	102333.000000
0.000000	102333.000000
0.000000	102333.000000
0.000000	102333.000000
0.000000	102333.000000
0.000000	102333.000000
0.000000	102333.000000
0.000000	102333.000000
0.000000	102333.000000
0.000000	102333.000000
0.000000	102333.000000
0.000000	102333.000000
0.000000	102333.000000
0.000000	102333.000000
0.000000	102333.000000
0.000000	102333.000000
0.000000	102334.000000
0.000000	102334.000000
0.000000	102334.000000
0.000000	102334.000000
0.000000	102334.000000
0.000000	102334.000000
0.000000	102334.000000
0.000000	102334.000000
0.000000	102334.000000
0.000000	102334.000000
0.000000	102334.000000
0.000000	102334.000000
0.000000	102334.000000
0.000000	102334.000000
0.000000	102334.000000
0.000000	102334.000000
0.000000	102334.000000
0.000000	102335.000000
0.000000	102335.000000
0.000000	102335.000000
0.000000	102335.000000
0.000000	102335.000000
0.000000	102335.000000
0.000000	102335.000000
0.000000	102335.000000
0.000000	102335.000000
0.000000	102335.000000
0.000000	102335.000000
0.000000	102335.000000
0.000000	102335.000000
0.000000	102335.000000
0.000000	102335.000000
0.000000	102335.000000
0.000000	102335.000000
0.000000	102336.000000
0.000000	102336.000000
0.000000	102336.000000
0.000000	102336.000000
0.000000	102336.000000
0.000000	102336.000000
0.000000	102336.000000
0.000000	102336.000000
0.000000	102336.000000
0.000000	102336.000000
0.000000	102336.000000
0.000000	102336.000000
0.000000	102336.000000
0.000000	102336.000000
0.000000	102336.000000
0.000000	102336.000000
0.000000	102336.000000
0.000000	102337.000000
0.000000	102337.000000
0.000000	102337.000000
0.000000	102337.000000
0.000000	102337.000000
0.000000	102337.000000
0.000000	102337.000000
0.000000	102337.000000
0.000000	102337.000000
0.000000	102337.000000
0.000000	102337.000000
0.000000	102337.000000
0.000000	102337.000000
0.000000	102337.000000
0.000000	102337.000000
0.000000	102337.000000
0.000000	102337.000000
0.000000	102338.000000
0.000000	102338.000000
0.000000	102338.000000
0.000000	102338.000000
0.000000	102338.000000
0.000000	102338.000000
0.000000	102338.000000
0.000000	102338.000000
0.000000	102338.000000
0.000000	102338.000000
0.000000	102338.000000
0.000000	102338.000000
0.000000	102338.000000
0.000000	102338.000000
0.000000	102338.000000
0.000000	102338.000000
0.000000	102338.000000
0.000000	102339.000000
0.000000	102339.000000
0.000000	102339.000000
0.000000	102339.000000
0.000000	102339.000000
0.000000	102339.000000
0.000000	102339.000000
0.000000	102339.000000
0.000000	102339.000000
0.000000	102339.000000
0.000000	102339.000000
0.000000	102339.000000
0.000000	102339.000000
0.000000	102339.000000
0.000000	102339.000000
0.000000	102339.000000
0.000000	102339.000000
0.000000	102340.000000
0.000000	102340.000000
0.000000	102340.000000
0.000000	102340.000000
0.000000	102340.000000
0.000000	102340.000000
0.000000	102340.000000
0.000000	102340.000000
0.000000	102340.000000
0.000000	102340.000000
0.000000	102340.000000
0.000000	102340.000000
0.000000	102340.000000
0.000000	102340.000000
0.000000	102340.000000
0.000000	102340.000000
0.000000	102340.000000
0.000000	102341.000000
0.000000	102341.000000
0.000000	102341.000000
0.000000	102341.000000
0.000000	102341.000000
0.000000	102341.000000
0.000000	102341.000000
0.000000	102341.000000
0.000000	102341.000000
0.000000	102341.000000
0.000000	102341.000000
0.000000	102341.000000
0.000000	102341.000000
0.000000	102341.000000
0.000000	102341.000000
0.000000	102341.000000
0.000000	102341.000000
0.000000	102342.000000
0.000000	102342.000000
0.000000	102342.000000
0.000000	102342.000000
0.000000	102342.000000
0.000000	102342.000000
0.000000	102342.000000
0.000000	102342.000000
0.000000	102342.000000
0.000000	102342.000000
0.000000	102342.000000
0.000000	102342.000000
0.000000	102342.000000
0.000000	102342.000000
0.000000	102342.000000
0.000000	102342.000000
0.000000	102342.000000
0.000000	102343.000000
0.000000	102343.000000
0.000000	102343.000000
0.000000	102343.000000
0.000000	102343.000000
0.000000	102343.000000
0.000000	102343.000000
0.000000	102343.000000
0.000000	102343.000000
0.000000	102343.000000
0.000000	102343.000000
0.000000	102343.000000
0.000000	102343.000000
0.000000	102343.000000
0.000000	102343.000000
0.000000	102343.000000
0.000000	102343.000000
0.000000	102344.000000
0.000000	102344.000000
0.000000	102344.000000
0.000000	102344.000000
0.000000	102344.000000
0.000000	102344.000000
0.000000	102344.000000
0.000000	102344.000000
0.000000	102344.000000
0.000000	102344.000000
0.000000	102344.000000
0.000000	102344.000000
0.000000	102344.000000
0.000000	102344.000000
0.000000	102344.000000
0.000000	102344.000000
0.000000	102344.000000
0.000000	102344.000000
0.000000	102345.000000
0.000000	102345.000000
0.000000	102345.000000
0.000000	102345.000000
0.000000	102345.000000
0.000000	102345.000000
0.000000	102345.000000
0.000000	102345.000000
0.000000	102345.000000
0.000000	102345.000000
0.000000	102345.000000
0.000000	102345.000000
0.000000	102345.000000
0.000000	102345.000000
0.000000	102345.000000
0.000000	102345.000000
0.000000	102345.000000
0.000000	102346.000000
0.000000	102346.000000
0.000000	102346.000000
0.000000	102346.000000
0.000000	102346.000000
0.000000	102346.000000
0.000000	102346.000000
0.000000	102346.000000
0.000000	102346.000000
0.000000	102346.000000
0.000000	102346.000000
0.000000	102346.000000
0.000000	102346.000000
0.000000	102346.000000
0.000000	102346.000000
0.000000	102346.000000
0.000000	102346.000000
0.000000	102347.000000
0.000000	102347.000000
0.000000	102347.000000
0.000000	102347.000000
0.000000	102347.000000
0.000000	102347.000000
0.000000	102347.000000
0.000000	102347.000000
0.000000	102347.000000
0.000000	102347.000000
0.000000	102347.000000
0.000000	102347.000000
0.000000	102347.000000
0.000000	102347.000000
0.000000	102347.000000
0.000000	102347.000000
0.000000	102347.000000
0.000000	102348.000000
0.000000	102348.000000
0.000000	102348.000000
0.000000	102348.000000
0.000000	102348.000000
0.000000	102348.000000
0.000000	102348.000000
0.000000	102348.000000
0.000000	102348.000000
0.000000	102348.000000
0.000000	102348.000000
0.000000	102348.000000
0.000000	102348.000000
0.000000	102348.000000
0.000000	102348.000000
0.000000	102348.000000
0.000000	102348.000000
0.000000	102349.000000
0.000000	102349.000000
0.000000	102349.000000
0.000000	102349.000000
0.000000	102349.000000
0.000000	102349.000000
0.000000	102349.000000
0.000000	102349.000000
0.000000	102349.000000
0.000000	102349.000000
0.000000	102349.000000
0.000000	102349.000000
0.000000	102349.000000
0.000000	102349.000000
0.000000	102349.000000
0.000000	102349.000000
0.000000	102349.000000
0.000000	102350.000000
0.000000	102350.000000
0.000000	102350.000000
0.000000	102350.000000
0.000000	102350.000000
0.000000	102350.000000
0.000000	102350.000000
0.000000	102350.000000
0.000000	102350.000000
0.000000	102350.000000
0.000000	102350.000000
0.000000	102350.000000
0.000000	102350.000000
0.000000	102350.000000
0.000000	102350.000000
0.000000	102350.000000
0.000000	102350.000000
0.000000	102351.000000
0.000000	102351.000000
0.000000	102351.000000
0.000000	102351.000000
0.000000	102351.000000
0.000000	102351.000000
0.000000	102351.000000
0.000000	102351.000000
0.000000	102351.000000
0.000000	102351.000000
0.000000	102351.000000
0.000000	102351.000000
0.000000	102351.000000
0.000000	102351.000000
0.000000	102351.000000
0.000000	102351.000000
0.000000	102351.000000
0.000000	102352.000000
0.000000	102352.000000
0.000000	102352.000000
0.000000	102352.000000
0.000000	102352.000000
0.000000	102352.000000
0.000000	102352.000000
0.000000	102352.000000
0.000000	102352.000000
0.000000	102352.000000
0.000000	102352.000000
0.000000	102352.000000
0.000000	102352.000000
0.000000	102352.000000
0.000000	102352.000000
0.000000	102352.000000
0.000000	102352.000000
0.000000	102353.000000
0.000000	102353.000000
0.000000	102353.000000
0.000000	102353.000000
0.000000	102353.000000
0.000000	102353.000000
0.000000	102353.000000
0.000000	102353.000000
0.000000	102353.000000
0.000000	102353.000000
0.000000	102353.000000
0.000000	102353.000000
0.000000	102353.000000
0.000000	102353.000000
0.000000	102353.000000
0.000000	102353.000000
0.000000	102353.000000
0.000000	102354.000000
0.000000	102354.000000
0.000000	102354.000000
0.000000	102354.000000
0.000000	102354.000000
0.000000	102354.000000
0.000000	102354.000000
0.000000	102354.000000
0.000000	102354.000000
0.000000	102354.000000
0.000000	102354.000000
0.000000	102354.000000
0.000000	102354.000000
0.000000	102354.000000
0.000000	102354.000000
0.000000	102354.000000
0.000000	102354.000000
0.000000	102355.000000
0.000000	102355.000000
0.000000	102355.000000
0.000000	102355.000000
0.000000	102355.000000
0.000000	102355.000000
0.000000	102355.000000
0.000000	102355.000000
0.000000	102355.000000
0.000000	102355.000000
0.000000	102355.000000
0.000000	102355.000000
0.000000	102355.000000
0.000000	102355.000000
0.000000	102355.000000
0.000000	102355.000000
0.000000	102355.000000
0.000000	102356.000000
0.000000	102356.000000
0.000000	102356.000000
0.000000	102356.000000
0.000000	102356.000000
0.000000	102356.000000
0.000000	102356.000000
0.000000	102356.000000
0.000000	102356.000000
0.000000	102356.000000
0.000000	102356.000000
0.000000	102356.000000
0.000000	102356.000000
0.000000	102356.000000
0.000000	102356.000000
0.000000	102356.000000
0.000000	102356.000000
0.000000	102357.000000
0.000000	102357.000000
0.000000	102357.000000
0.000000	102357.000000
0.000000	102357.000000
0.000000	102357.000000
0.000000	102357.000000
0.000000	102357.000000
0.000000	102357.000000
0.000000	102357.000000
0.000000	102357.000000
0.000000	102357.000000
0.000000	102357.000000
0.000000	102357.000000
0.000000	102357.000000
0.000000	102357.000000
0.000000	102357.000000
0.000000	102358.000000
0.000000	102358.000000
0.000000	102358.000000
0.000000	102358.000000
0.000000	102358.000000
0.000000	102358.000000
0.000000	102358.000000
0.000000	102358.000000
0.000000	102358.000000
0.000000	102358.000000
0.000000	102358.000000
0.000000	102358.000000
0.000000	102358.000000
0.000000	102358.000000
0.000000	102358.000000
0.000000	102358.000000
0.000000	102358.000000
0.000000	102359.000000
0.000000	102359.000000
0.000000	102359.000000
0.000000	102359.000000
0.000000	102359.000000
0.000000	102359.000000
0.000000	102359.000000
0.000000	102359.000000
0.000000	102359.000000
0.000000	102359.000000
0.000000	102359.000000
0.000000	102359.000000
0.000000	102359.000000
0.000000	102359.000000
0.000000	102359.000000
0.000000	102359.000000
0.000000	102359.000000
0.000000	102359.000000
0.000000	102400.000000
0.000000	102400.000000
0.000000	102400.000000
0.000000	102400.000000
0.000000	102400.000000
0.000000	102400.000000
0.000000	102400.000000
0.000000	102400.000000
0.000000	102400.000000
0.000000	102400.000000
0.000000	102400.000000
0.000000	102400.000000
0.000000	102400.000000
0.000000	102400.000000
0.000000	102400.000000
0.000000	102400.000000
0.000000	102400.000000
0.000000	102401.000000
0.000000	102401.000000
0.000000	102401.000000
0.000000	102401.000000
0.000000	102401.000000
0.000000	102401.000000
0.000000	102401.000000
0.000000	102401.000000
0.000000	102401.000000
0.000000	102401.000000
0.000000	102401.000000
0.000000	102401.000000
0.000000	102401.000000
0.000000	102401.000000
0.000000	102401.000000
0.000000	102401.000000
0.000000	102401.000000
0.000000	102402.000000
0.000000	102402.000000
0.000000	102402.000000
0.000000	102402.000000
0.000000	102402.000000
0.000000	102402.000000
0.000000	102402.000000
0.000000	102402.000000
0.000000	102402.000000
0.000000	102402.000000
0.000000	102402.000000
0.000000	102402.000000
0.000000	102402.000000
0.000000	102402.000000
0.000000	102402.000000
0.000000	102402.000000
0.000000	102402.000000
0.000000	102403.000000
0.000000	102403.000000
0.000000	102403.000000
0.000000	102403.000000
0.000000	102403.000000
0.000000	102403.000000
0.000000	102403.000000
0.000000	102403.000000
0.000000	102403.000000
0.000000	102403.000000
0.000000	102403.000000
0.000000	102403.000000
0.000000	102403.000000
0.000000	102403.000000
0.000000	102403.000000
0.000000	102403.000000
0.000000	102403.000000
0.000000	102404.000000
0.000000	102404.000000
0.000000	102404.000000
0.000000	102404.000000
0.000000	102404.000000
0.000000	102404.000000
0.000000	102404.000000
0.000000	102404.000000
0.000000	102404.000000
0.000000	102404.000000
0.000000	102404.000000
0.000000	102404.000000
0.000000	102404.000000
0.000000	102404.000000
0.000000	102404.000000
0.000000	102404.000000
0.000000	102404.000000
0.000000	102405.000000
0.000000	102405.000000
0.000000	102405.000000
0.000000	102405.000000
0.000000	102405.000000
0.000000	102405.000000
0.000000	102405.000000
0.000000	102405.000000
0.000000	102405.000000
0.000000	102405.000000
0.000000	102405.000000
0.000000	102405.000000
0.000000	102405.000000
0.000000	102405.000000
0.000000	102405.000000
0.000000	102405.000000
0.000000	102405.000000
0.000000	102406.000000
0.000000	102406.000000
0.000000	102406.000000
0.000000	102406.000000
0.000000	102406.000000
0.000000	102406.000000
0.000000	102406.000000
0.000000	102406.000000
0.000000	102406.000000
0.000000	102406.000000
0.000000	102406.000000
0.000000	102406.000000
0.000000	102406.000000
0.000000	102406.000000
0.000000	102406.000000
0.000000	102406.000000
0.000000	102406.000000
0.000000	102407.000000
0.000000	102407.000000
0.000000	102407.000000
0.000000	102407.000000
0.000000	102407.000000
0.000000	102407.000000
0.000000	102407.000000
0.000000	102407.000000
0.000000	102407.000000
0.000000	102407.000000
0.000000	102407.000000
0.000000	102407.000000
0.000000	102407.000000
0.000000	102407.000000
0.000000	102407.000000
0.000000	102407.000000
0.000000	102407.000000
0.000000	102408.000000
0.000000	102408.000000
0.000000	102408.000000
0.000000	102408.000000
0.000000	102408.000000
0.000000	102408.000000
0.000000	102408.000000
0.000000	102408.000000
0.000000	102408.000000
0.000000	102408.000000
0.000000	102408.000000
0.000000	102408.000000
0.000000	102408.000000
0.000000	102408.000000
0.000000	102408.000000
0.000000	102408.000000
0.000000	102408.000000
0.000000	102409.000000
0.000000	102409.000000
0.000000	102409.000000
0.000000	102409.000000
0.000000	102409.000000
0.000000	102409.000000
0.000000	102409.000000
0.000000	102409.000000
0.000000	102409.000000
0.000000	102409.000000
0.000000	102409.000000
0.000000	102409.000000
0.000000	102409.000000
0.000000	102409.000000
0.000000	102409.000000
0.000000	102409.000000
0.000000	102409.000000
0.000000	102410.000000
0.000000	102410.000000
0.000000	102410.000000
0.000000	102410.000000
0.000000	102410.000000
0.000000	102410.000000
0.000000	102410.000000
0.000000	102410.000000
0.000000	102410.000000
0.000000	102410.000000
0.000000	102410.000000
0.000000	102410.000000
0.000000	102410.000000
0.000000	102410.000000
0.000000	102410.000000
0.000000	102410.000000
0.000000	102410.000000
0.000000	102411.000000
0.000000	102411.000000
0.000000	102411.000000
0.000000	102411.000000
0.000000	102411.000000
0.000000	102411.000000
0.000000	102411.000000
0.000000	102411.000000
0.000000	102411.000000
0.000000	102411.000000
0.000000	102411.000000
0.000000	102411.000000
0.000000	102411.000000
0.000000	102411.000000
0.000000	102411.000000
0.000000	102411.000000
0.000000	102411.000000
0.000000	102412.000000
0.000000	102412.000000
0.000000	102412.000000
0.000000	102412.000000
0.000000	102412.000000
0.000000	102412.000000
0.000000	102412.000000
0.000000	102412.000000
0.000000	102412.000000
0.000000	102412.000000
0.000000	102412.000000
0.000000	102412.000000
0.000000	102412.000000
0.000000	102412.000000
0.000000	102412.000000
0.000000	102412.000000
0.000000	102412.000000
0.000000	102413.000000
0.000000	102413.000000
0.000000	102413.000000
0.000000	102413.000000
0.000000	102413.000000
0.000000	102413.000000
0.000000	102413.000000
0.000000	102413.000000
0.000000	102413.000000
0.000000	102413.000000
0.000000	102413.000000
0.000000	102413.000000
0.000000	102413.000000
0.000000	102413.000000
0.000000	102413.000000
0.000000	102413.000000
0.000000	102413.000000
0.000000	102414.000000
0.000000	102414.000000
0.000000	102414.000000
0.000000	102414.000000
0.000000	102414.000000
0.000000	102414.000000
0.000000	102414.000000
0.000000	102414.000000
0.000000	102414.000000
0.000000	102414.000000
0.000000	102414.000000
0.000000	102414.000000
0.000000	102414.000000
0.000000	102414.000000
0.000000	102414.000000
0.000000	102414.000000
0.000000	102414.000000
0.000000	102414.000000
0.000000	102415.000000
0.000000	102415.000000
0.000000	102415.000000
0.000000	102415.000000
0.000000	102415.000000
0.000000	102415.000000
0.000000	102415.000000
0.000000	102415.000000
0.000000	102415.000000
0.000000	102415.000000
0.000000	102415.000000
0.000000	102415.000000
0.000000	102415.000000
0.000000	102415.000000
0.000000	102415.000000
0.000000	102415.000000
0.000000	102415.000000
0.000000	102416.000000
0.000000	102416.000000
0.000000	102416.000000
0.000000	102416.000000
0.000000	102416.000000
0.000000	102416.000000
0.000000	102416.000000
0.000000	102416.000000
0.000000	102416.000000
0.000000	102416.000000
0.000000	102416.000000
0.000000	102416.000000
0.000000	102416.000000
0.000000	102416.000000
0.000000	102416.000000
0.000000	102416.000000
0.000000	102416.000000
0.000000	102417.000000
0.000000	102417.000000
0.000000	102417.000000
0.000000	102417.000000
0.000000	102417.000000
0.000000	102417.000000
0.000000	102417.000000
0.000000	102417.000000
0.000000	102417.000000
0.000000	102417.000000
0.000000	102417.000000
0.000000	102417.000000
0.000000	102417.000000
0.000000	102417.000000
0.000000	102417.000000
0.000000	102417.000000
0.000000	102417.000000
0.000000	102418.000000
0.000000	102418.000000
0.000000	102418.000000
0.000000	102418.000000
0.000000	102418.000000
0.000000	102418.000000
0.000000	102418.000000
0.000000	102418.000000
0.000000	102418.000000
0.000000	102418.000000
0.000000	102418.000000
0.000000	102418.000000
0.000000	102418.000000
0.000000	102418.000000
0.000000	102418.000000
0.000000	102418.000000
0.000000	102418.000000
0.000000	102419.000000
0.000000	102419.000000
0.000000	102419.000000
0.000000	102419.000000
0.000000	102419.000000
0.000000	102419.000000
0.000000	102419.000000
0.000000	102419.000000
0.000000	102419.000000
0.000000	102419.000000
0.000000	102419.000000
0.000000	102419.000000
0.000000	102419.000000
0.000000	102419.000000
0.000000	102419.000000
0.000000	102419.000000
0.000000	102419.000000
0.000000	102420.000000
0.000000	102420.000000
0.000000	102420.000000
0.000000	102420.000000
0.000000	102420.000000
0.000000	102420.000000
0.000000	102420.000000
0.000000	102420.000000
0.000000	102420.000000
0.000000	102420.000000
0.000000	102420.000000
0.000000	102420.000000
0.000000	102420.000000
0.000000	102420.000000
0.000000	102420.000000
0.000000	102420.000000
0.000000	102420.000000
0.000000	102421.000000
0.000000	102421.000000
0.000000	102421.000000
0.000000	102421.000000
0.000000	102421.000000
0.000000	102421.000000
0.000000	102421.000000
0.000000	102421.000000
0.000000	102421.000000
0.000000	102421.000000
0.000000	102421.000000
0.000000	102421.000000
0.000000	102421.000000
0.000000	102421.000000
0.000000	102421.000000
0.000000	102421.000000
0.000000	102421.000000
0.000000	102422.000000
0.000000	102422.000000
0.000000	102422.000000
0.000000	102422.000000
0.000000	102422.000000
0.000000	102422.000000
0.000000	102422.000000
0.000000	102422.000000
0.000000	102422.000000
0.000000	102422.000000
0.000000	102422.000000
0.000000	102422.000000
0.000000	102422.000000
0.000000	102422.000000
0.000000	102422.000000
0.000000	102422.000000
0.000000	102422.000000
0.000000	102423.000000
0.000000	102423.000000
0.000000	102423.000000
0.000000	102423.000000
0.000000	102423.000000
0.000000	102423.000000
0.000000	102423.000000
0.000000	102423.000000
0.000000	102423.000000
0.000000	102423.000000
0.000000	102423.000000
0.000000	102423.000000
0.000000	102423.000000
0.000000	102423.000000
0.000000	102423.000000
0.000000	102423.000000
0.000000	102423.000000
0.000000	102424.000000
0.000000	102424.000000
0.000000	102424.000000
0.000000	102424.000000
0.000000	102424.000000
0.000000	102424.000000
0.000000	102424.000000
0.000000	102424.000000
0.000000	102424.000000
0.000000	102424.000000
0.000000	102424.000000
0.000000	102424.000000
0.000000	102424.000000
0.000000	102424.000000
0.000000	102424.000000
0.000000	102424.000000
0.000000	102424.000000
0.000000	102425.000000
0.000000	102425.000000
0.000000	102425.000000
0.000000	102425.000000
0.000000	102425.000000
0.000000	102425.000000
0.000000	102425.000000
0.000000	102425.000000
0.000000	102425.000000
0.000000	102425.000000
0.000000	102425.000000
0.000000	102425.000000
0.000000	102425.000000
0.000000	102425.000000
0.000000	102425.000000
0.000000	102425.000000
0.000000	102425.000000
0.000000	102426.000000
0.000000	102426.000000
0.000000	102426.000000
0.000000	102426.000000
0.000000	102426.000000
0.000000	102426.000000
0.000000	102426.000000
0.000000	102426.000000
0.000000	102426.000000
0.000000	102426.000000
0.000000	102426.000000
0.000000	102426.000000
0.000000	102426.000000
0.000000	102426.000000
0.000000	102426.000000
0.000000	102426.000000
0.000000	102426.000000
0.000000	102427.000000
0.000000	102427.000000
0.000000	102427.000000
0.000000	102427.000000
0.000000	102427.000000
0.000000	102427.000000
0.000000	102427.000000
0.000000	102427.000000
0.000000	102427.000000
0.000000	102427.000000
0.000000	102427.000000
0.000000	102427.000000
0.000000	102427.000000
0.000000	102427.000000
0.000000	102427.000000
0.000000	102427.000000
0.000000	102427.000000
0.000000	102428.000000
0.000000	102428.000000
0.000000	102428.000000
0.000000	102428.000000
0.000000	102428.000000
0.000000	102428.000000
0.000000	102428.000000
0.000000	102428.000000
0.000000	102428.000000
0.000000	102428.000000
0.000000	102428.000000
0.000000	102428.000000
0.000000	102428.000000
0.000000	102428.000000
0.000000	102428.000000
0.000000	102428.000000
0.000000	102428.000000
0.000000	102429.000000
0.000000	102429.000000
0.000000	102429.000000
0.000000	102429.000000
0.000000	102429.000000
0.000000	102429.000000
0.000000	102429.000000
0.000000	102429.000000
0.000000	102429.000000
0.000000	102429.000000
0.000000	102429.000000
0.000000	102429.000000
0.000000	102429.000000
0.000000	102429.000000
0.000000	102429.000000
0.000000	102429.000000
0.000000	102429.000000
0.000000	102429.000000
0.000000	102430.000000
0.000000	102430.000000
0.000000	102430.000000
0.000000	102430.000000
0.000000	102430.000000
0.000000	102430.000000
0.000000	102430.000000
0.000000	102430.000000
0.000000	102430.000000
0.000000	102430.000000
0.000000	102430.000000
0.000000	102430.000000
0.000000	102430.000000
0.000000	102430.000000
0.000000	102430.000000
0.000000	102430.000000
0.000000	102430.000000
0.000000	102431.000000
0.000000	102431.000000
0.000000	102431.000000
0.000000	102431.000000
0.000000	102431.000000
0.000000	102431.000000
0.000000	102431.000000
0.000000	102431.000000
0.000000	102431.000000
0.000000	102431.000000
0.000000	102431.000000
0.000000	102431.000000
0.000000	102431.000000
0.000000	102431.000000
0.000000	102431.000000
0.000000	102431.000000
0.000000	102431.000000
0.000000	102432.000000
0.000000	102432.000000
0.000000	102432.000000
0.000000	102432.000000
0.000000	102432.000000
0.000000	102432.000000
0.000000	102432.000000
0.000000	102432.000000
0.000000	102432.000000
0.000000	102432.000000
0.000000	102432.000000
0.000000	102432.000000
0.000000	102432.000000
0.000000	102432.000000
0.000000	102432.000000
0.000000	102432.000000
0.000000	102432.000000
0.000000	102433.000000
0.000000	102433.000000
0.000000	102433.000000
0.000000	102433.000000
0.000000	102433.000000
0.000000	102433.000000
0.000000	102433.000000
0.000000	102433.000000
0.000000	102433.000000
0.000000	102433.000000
0.000000	102433.000000
0.000000	102433.000000
0.000000	102433.000000
0.000000	102433.000000
0.000000	102433.000000
0.000000	102433.000000
0.000000	102433.000000
0.000000	102434.000000
0.000000	102434.000000
0.000000	102434.000000
0.000000	102434.000000
0.000000	102434.000000
0.000000	102434.000000
0.000000	102434.000000
0.000000	102434.000000
0.000000	102434.000000
0.000000	102434.000000
0.000000	102434.000000
0.000000	102434.000000
0.000000	102434.000000
0.000000	102434.000000
0.000000	102434.000000
0.000000	102434.000000
0.000000	102434.000000
0.000000	102435.000000
0.000000	102435.000000
0.000000	102435.000000
0.000000	102435.000000
0.000000	102435.000000
0.000000	102435.000000
0.000000	102435.000000
0.000000	102435.000000
0.000000	102435.000000
0.000000	102435.000000
0.000000	102435.000000
0.000000	102435.000000
0.000000	102435.000000
0.000000	102435.000000
0.000000	102435.000000
0.000000	102435.000000
0.000000	102435.000000
0.000000	102436.000000
0.000000	102436.000000
0.000000	102436.000000
0.000000	102436.000000
0.000000	102436.000000
0.000000	102436.000000
0.000000	102436.000000
0.000000	102436.000000
0.000000	102436.000000
0.000000	102436.000000
0.000000	102436.000000
0.000000	102436.000000
0.000000	102436.000000
0.000000	102436.000000
0.000000	102436.000000
0.000000	102436.000000
0.000000	102436.000000
0.000000	102437.000000
0.000000	102437.000000
0.000000	102437.000000
0.000000	102437.000000
0.000000	102437.000000
0.000000	102437.000000
0.000000	102437.000000
0.000000	102437.000000
0.000000	102437.000000
0.000000	102437.000000
0.000000	102437.000000
0.000000	102437.000000
0.000000	102437.000000
0.000000	102437.000000
0.000000	102437.000000
0.000000	102437.000000
0.000000	102437.000000
0.000000	102438.000000
0.000000	102438.000000
0.000000	102438.000000
0.000000	102438.000000
0.000000	102438.000000
0.000000	102438.000000
0.000000	102438.000000
0.000000	102438.000000
0.000000	102438.000000
0.000000	102438.000000
0.000000	102438.000000
0.000000	102438.000000
0.000000	102438.000000
0.000000	102438.000000
0.000000	102438.000000
0.000000	102438.000000
0.000000	102438.000000
0.000000	102439.000000
0.000000	102439.000000
0.000000	102439.000000
0.000000	102439.000000
0.000000	102439.000000
0.000000	102439.000000
0.000000	102439.000000
0.000000	102439.000000
0.000000	102439.000000
0.000000	102439.000000
0.000000	102439.000000
0.000000	102439.000000
0.000000	102439.000000
0.000000	102439.000000
0.000000	102439.000000
0.000000	102439.000000
0.000000	102439.000000
0.000000	102440.000000
0.000000	102440.000000
0.000000	102440.000000
0.000000	102440.000000
0.000000	102440.000000
0.000000	102440.000000
0.000000	102440.000000
0.000000	102440.000000
0.000000	102440.000000
0.000000	102440.000000
0.000000	102440.000000
0.000000	102440.000000
0.000000	102440.000000
0.000000	102440.000000
0.000000	102440.000000
0.000000	102440.000000
0.000000	102440.000000
0.000000	102441.000000
0.000000	102441.000000
0.000000	102441.000000
0.000000	102441.000000
0.000000	102441.000000
0.000000	102441.000000
0.000000	102441.000000
0.000000	102441.000000
0.000000	102441.000000
0.000000	102441.000000
0.000000	102441.000000
0.000000	102441.000000
0.000000	102441.000000
0.000000	102441.000000
0.000000	102441.000000
0.000000	102441.000000
0.000000	102441.000000
0.000000	102442.000000
0.000000	102442.000000
0.000000	102442.000000
0.000000	102442.000000
0.000000	102442.000000
0.000000	102442.000000
0.000000	102442.000000
0.000000	102442.000000
0.000000	102442.000000
0.000000	102442.000000
0.000000	102442.000000
0.000000	102442.000000
0.000000	102442.000000
0.000000	102442.000000
0.000000	102442.000000
0.000000	102442.000000
0.000000	102442.000000
0.000000	102443.000000
0.000000	102443.000000
0.000000	102443.000000
0.000000	102443.000000
0.000000	102443.000000
0.000000	102443.000000
0.000000	102443.000000
0.000000	102443.000000
