0.000000	103220.000000
0.000000	103220.000000
0.000000	103220.000000
0.000000	103220.000000
0.000000	103220.000000
0.000000	103220.000000
0.000000	103220.000000
0.000000	103220.000000
0.000000	103220.000000
0.000000	103221.000000
0.000000	103221.000000
0.000000	103221.000000
0.000000	103221.000000
0.000000	103221.000000
0.000000	103221.000000
0.000000	103221.000000
0.000000	103221.000000
0.000000	103221.000000
0.000000	103221.000000
0.000000	103221.000000
0.000000	103221.000000
0.000000	103221.000000
0.000000	103221.000000
0.000000	103221.000000
0.000000	103221.000000
0.000000	103221.000000
0.000000	103222.000000
0.000000	103222.000000
0.000000	103222.000000
0.000000	103222.000000
0.000000	103222.000000
0.000000	103222.000000
0.000000	103222.000000
0.000000	103222.000000
0.000000	103222.000000
0.000000	103222.000000
0.000000	103222.000000
0.000000	103222.000000
0.000000	103222.000000
0.000000	103222.000000
0.000000	103222.000000
0.000000	103222.000000
0.000000	103222.000000
0.000000	103223.000000
0.000000	103223.000000
0.000000	103223.000000
0.000000	103223.000000
0.000000	103223.000000
0.000000	103223.000000
0.000000	103223.000000
0.000000	103223.000000
0.000000	103223.000000
0.000000	103223.000000
0.000000	103223.000000
0.000000	103223.000000
0.000000	103223.000000
0.000000	103223.000000
0.000000	103223.000000
0.000000	103223.000000
0.000000	103223.000000
0.000000	103224.000000
0.000000	103224.000000
0.000000	103224.000000
0.000000	103224.000000
0.000000	103224.000000
0.000000	103224.000000
0.000000	103224.000000
0.000000	103224.000000
0.000000	103224.000000
0.000000	103224.000000
0.000000	103224.000000
0.000000	103224.000000
0.000000	103224.000000
0.000000	103224.000000
0.000000	103224.000000
0.000000	103224.000000
0.000000	103224.000000
0.000000	103225.000000
0.000000	103225.000000
0.000000	103225.000000
0.000000	103225.000000
0.000000	103225.000000
0.000000	103225.000000
0.000000	103225.000000
0.000000	103225.000000
0.000000	103225.000000
0.000000	103225.000000
0.000000	103225.000000
0.000000	103225.000000
0.000000	103225.000000
0.000000	103225.000000
0.000000	103225.000000
0.000000	103225.000000
0.000000	103225.000000
0.000000	103225.000000
0.000000	103226.000000
0.000000	103226.000000
0.000000	103226.000000
0.000000	103226.000000
0.000000	103226.000000
0.000000	103226.000000
0.000000	103226.000000
0.000000	103226.000000
0.000000	103226.000000
0.000000	103226.000000
0.000000	103226.000000
0.000000	103226.000000
0.000000	103226.000000
0.000000	103226.000000
0.000000	103226.000000
0.000000	103226.000000
0.000000	103226.000000
0.000000	103227.000000
0.000000	103227.000000
0.000000	103227.000000
0.000000	103227.000000
0.000000	103227.000000
0.000000	103227.000000
0.000000	103227.000000
0.000000	103227.000000
0.000000	103227.000000
0.000000	103227.000000
0.000000	103227.000000
0.000000	103227.000000
0.000000	103227.000000
0.000000	103227.000000
0.000000	103227.000000
0.000000	103227.000000
0.000000	103227.000000
0.000000	103228.000000
0.000000	103228.000000
0.000000	103228.000000
0.000000	103228.000000
0.000000	103228.000000
0.000000	103228.000000
0.000000	103228.000000
0.000000	103228.000000
0.000000	103228.000000
0.000000	103228.000000
0.000000	103228.000000
0.000000	103228.000000
0.000000	103228.000000
0.000000	103228.000000
0.000000	103228.000000
0.000000	103228.000000
0.000000	103228.000000
0.000000	103229.000000
0.000000	103229.000000
0.000000	103229.000000
0.000000	103229.000000
0.000000	103229.000000
0.000000	103229.000000
0.000000	103229.000000
0.000000	103229.000000
0.000000	103229.000000
0.000000	103229.000000
0.000000	103229.000000
0.000000	103229.000000
0.000000	103229.000000
0.000000	103229.000000
0.000000	103229.000000
0.000000	103229.000000
0.000000	103229.000000
0.000000	103230.000000
0.000000	103230.000000
0.000000	103230.000000
0.000000	103230.000000
0.000000	103230.000000
0.000000	103230.000000
0.000000	103230.000000
0.000000	103230.000000
0.000000	103230.000000
0.000000	103230.000000
0.000000	103230.000000
0.000000	103230.000000
0.000000	103230.000000
0.000000	103230.000000
0.000000	103230.000000
0.000000	103230.000000
0.000000	103230.000000
0.000000	103231.000000
0.000000	103231.000000
0.000000	103231.000000
0.000000	103231.000000
0.000000	103231.000000
0.000000	103231.000000
0.000000	103231.000000
0.000000	103231.000000
0.000000	103231.000000
0.000000	103231.000000
0.000000	103231.000000
0.000000	103231.000000
0.000000	103231.000000
0.000000	103231.000000
0.000000	103231.000000
0.000000	103231.000000
0.000000	103231.000000
0.000000	103232.000000
0.000000	103232.000000
0.000000	103232.000000
0.000000	103232.000000
0.000000	103232.000000
0.000000	103232.000000
0.000000	103232.000000
0.000000	103232.000000
0.000000	103232.000000
0.000000	103232.000000
0.000000	103232.000000
0.000000	103232.000000
0.000000	103232.000000
0.000000	103232.000000
0.000000	103232.000000
0.000000	103232.000000
0.000000	103232.000000
0.000000	103233.000000
0.000000	103233.000000
0.000000	103233.000000
0.000000	103233.000000
0.000000	103233.000000
0.000000	103233.000000
0.000000	103233.000000
0.000000	103233.000000
0.000000	103233.000000
0.000000	103233.000000
0.000000	103233.000000
0.000000	103233.000000
0.000000	103233.000000
0.000000	103233.000000
0.000000	103233.000000
0.000000	103233.000000
0.000000	103233.000000
0.000000	103234.000000
0.000000	103234.000000
0.000000	103234.000000
0.000000	103234.000000
0.000000	103234.000000
0.000000	103234.000000
0.000000	103234.000000
0.000000	103234.000000
0.000000	103234.000000
0.000000	103234.000000
0.000000	103234.000000
0.000000	103234.000000
0.000000	103234.000000
0.000000	103234.000000
0.000000	103234.000000
0.000000	103234.000000
0.000000	103234.000000
0.000000	103235.000000
0.000000	103235.000000
0.000000	103235.000000
0.000000	103235.000000
0.000000	103235.000000
0.000000	103235.000000
0.000000	103235.000000
0.000000	103235.000000
0.000000	103235.000000
0.000000	103235.000000
0.000000	103235.000000
0.000000	103235.000000
0.000000	103235.000000
0.000000	103235.000000
0.000000	103235.000000
0.000000	103235.000000
0.000000	103235.000000
0.000000	103236.000000
0.000000	103236.000000
0.000000	103236.000000
0.000000	103236.000000
0.000000	103236.000000
0.000000	103236.000000
0.000000	103236.000000
0.000000	103236.000000
0.000000	103236.000000
0.000000	103236.000000
0.000000	103236.000000
0.000000	103236.000000
0.000000	103236.000000
0.000000	103236.000000
0.000000	103236.000000
0.000000	103236.000000
0.000000	103236.000000
0.000000	103237.000000
0.000000	103237.000000
0.000000	103237.000000
0.000000	103237.000000
0.000000	103237.000000
0.000000	103237.000000
0.000000	103237.000000
0.000000	103237.000000
0.000000	103237.000000
0.000000	103237.000000
0.000000	103237.000000
0.000000	103237.000000
0.000000	103237.000000
0.000000	103237.000000
0.000000	103237.000000
0.000000	103237.000000
0.000000	103237.000000
0.000000	103238.000000
0.000000	103238.000000
0.000000	103238.000000
0.000000	103238.000000
0.000000	103238.000000
0.000000	103238.000000
0.000000	103238.000000
0.000000	103238.000000
0.000000	103238.000000
0.000000	103238.000000
0.000000	103238.000000
0.000000	103238.000000
0.000000	103238.000000
0.000000	103238.000000
0.000000	103238.000000
0.000000	103238.000000
0.000000	103238.000000
0.000000	103239.000000
0.000000	103239.000000
0.000000	103239.000000
0.000000	103239.000000
0.000000	103239.000000
0.000000	103239.000000
0.000000	103239.000000
0.000000	103239.000000
0.000000	103239.000000
0.000000	103239.000000
0.000000	103239.000000
0.000000	103239.000000
0.000000	103239.000000
0.000000	103239.000000
0.000000	103239.000000
0.000000	103239.000000
0.000000	103239.000000
0.000000	103240.000000
0.000000	103240.000000
0.000000	103240.000000
0.000000	103240.000000
0.000000	103240.000000
0.000000	103240.000000
0.000000	103240.000000
0.000000	103240.000000
0.000000	103240.000000
0.000000	103240.000000
0.000000	103240.000000
0.000000	103240.000000
0.000000	103240.000000
0.000000	103240.000000
0.000000	103240.000000
0.000000	103240.000000
0.000000	103240.000000
0.000000	103240.000000
0.000000	103241.000000
0.000000	103241.000000
0.000000	103241.000000
0.000000	103241.000000
0.000000	103241.000000
0.000000	103241.000000
0.000000	103241.000000
0.000000	103241.000000
0.000000	103241.000000
0.000000	103241.000000
0.000000	103241.000000
0.000000	103241.000000
0.000000	103241.000000
0.000000	103241.000000
0.000000	103241.000000
0.000000	103241.000000
0.000000	103241.000000
0.000000	103242.000000
0.000000	103242.000000
0.000000	103242.000000
0.000000	103242.000000
0.000000	103242.000000
0.000000	103242.000000
0.000000	103242.000000
0.000000	103242.000000
0.000000	103242.000000
0.000000	103242.000000
0.000000	103242.000000
0.000000	103242.000000
0.000000	103242.000000
0.000000	103242.000000
0.000000	103242.000000
0.000000	103242.000000
0.000000	103242.000000
0.000000	103243.000000
0.000000	103243.000000
0.000000	103243.000000
0.000000	103243.000000
0.000000	103243.000000
0.000000	103243.000000
0.000000	103243.000000
0.000000	103243.000000
0.000000	103243.000000
0.000000	103243.000000
0.000000	103243.000000
0.000000	103243.000000
0.000000	103243.000000
0.000000	103243.000000
0.000000	103243.000000
0.000000	103243.000000
0.000000	103243.000000
0.000000	103244.000000
0.000000	103244.000000
0.000000	103244.000000
0.000000	103244.000000
0.000000	103244.000000
0.000000	103244.000000
0.000000	103244.000000
0.000000	103244.000000
0.000000	103244.000000
0.000000	103244.000000
0.000000	103244.000000
0.000000	103244.000000
0.000000	103244.000000
0.000000	103244.000000
0.000000	103244.000000
0.000000	103244.000000
0.000000	103245.000000
0.000000	103245.000000
0.000000	103245.000000
0.000000	103245.000000
0.000000	103245.000000
0.000000	103245.000000
0.000000	103245.000000
0.000000	103245.000000
0.000000	103245.000000
0.000000	103245.000000
0.000000	103245.000000
0.000000	103245.000000
0.000000	103245.000000
0.000000	103245.000000
0.000000	103245.000000
0.000000	103245.000000
0.000000	103245.000000
0.000000	103245.000000
0.000000	103246.000000
0.000000	103246.000000
0.000000	103246.000000
0.000000	103246.000000
0.000000	103246.000000
0.000000	103246.000000
0.000000	103246.000000
0.000000	103246.000000
0.000000	103246.000000
0.000000	103246.000000
0.000000	103246.000000
0.000000	103246.000000
0.000000	103246.000000
0.000000	103246.000000
0.000000	103246.000000
0.000000	103246.000000
0.000000	103246.000000
0.000000	103247.000000
0.000000	103247.000000
0.000000	103247.000000
0.000000	103247.000000
0.000000	103247.000000
0.000000	103247.000000
0.000000	103247.000000
0.000000	103247.000000
0.000000	103247.000000
0.000000	103247.000000
0.000000	103247.000000
0.000000	103247.000000
0.000000	103247.000000
0.000000	103247.000000
0.000000	103247.000000
0.000000	103247.000000
0.000000	103247.000000
0.000000	103248.000000
0.000000	103248.000000
0.000000	103248.000000
0.000000	103248.000000
0.000000	103248.000000
0.000000	103248.000000
0.000000	103248.000000
0.000000	103248.000000
0.000000	103248.000000
0.000000	103248.000000
0.000000	103248.000000
0.000000	103248.000000
0.000000	103248.000000
0.000000	103248.000000
0.000000	103248.000000
0.000000	103248.000000
0.000000	103248.000000
0.000000	103249.000000
0.000000	103249.000000
0.000000	103249.000000
0.000000	103249.000000
0.000000	103249.000000
0.000000	103249.000000
0.000000	103249.000000
0.000000	103249.000000
0.000000	103249.000000
0.000000	103249.000000
0.000000	103249.000000
0.000000	103249.000000
0.000000	103249.000000
0.000000	103249.000000
0.000000	103249.000000
0.000000	103249.000000
0.000000	103249.000000
0.000000	103250.000000
0.000000	103250.000000
0.000000	103250.000000
0.000000	103250.000000
0.000000	103250.000000
0.000000	103250.000000
0.000000	103250.000000
0.000000	103250.000000
0.000000	103250.000000
0.000000	103250.000000
0.000000	103250.000000
0.000000	103250.000000
0.000000	103250.000000
0.000000	103250.000000
0.000000	103250.000000
0.000000	103250.000000
0.000000	103250.000000
0.000000	103251.000000
0.000000	103251.000000
0.000000	103251.000000
0.000000	103251.000000
0.000000	103251.000000
0.000000	103251.000000
0.000000	103251.000000
0.000000	103251.000000
0.000000	103251.000000
0.000000	103251.000000
0.000000	103251.000000
0.000000	103251.000000
0.000000	103251.000000
0.000000	103251.000000
0.000000	103251.000000
0.000000	103251.000000
0.000000	103251.000000
0.000000	103252.000000
0.000000	103252.000000
0.000000	103252.000000
0.000000	103252.000000
0.000000	103252.000000
0.000000	103252.000000
0.000000	103252.000000
0.000000	103252.000000
0.000000	103252.000000
0.000000	103252.000000
0.000000	103252.000000
0.000000	103252.000000
0.000000	103252.000000
0.000000	103252.000000
0.000000	103252.000000
0.000000	103252.000000
0.000000	103252.000000
0.000000	103253.000000
0.000000	103253.000000
0.000000	103253.000000
0.000000	103253.000000
0.000000	103253.000000
0.000000	103253.000000
0.000000	103253.000000
0.000000	103253.000000
0.000000	103253.000000
0.000000	103253.000000
0.000000	103253.000000
0.000000	103253.000000
0.000000	103253.000000
0.000000	103253.000000
0.000000	103253.000000
0.000000	103253.000000
0.000000	103253.000000
0.000000	103254.000000
0.000000	103254.000000
0.000000	103254.000000
0.000000	103254.000000
0.000000	103254.000000
0.000000	103254.000000
0.000000	103254.000000
0.000000	103254.000000
0.000000	103254.000000
0.000000	103254.000000
0.000000	103254.000000
0.000000	103254.000000
0.000000	103254.000000
0.000000	103254.000000
0.000000	103254.000000
0.000000	103254.000000
0.000000	103254.000000
0.000000	103255.000000
0.000000	103255.000000
0.000000	103255.000000
0.000000	103255.000000
0.000000	103255.000000
0.000000	103255.000000
0.000000	103255.000000
0.000000	103255.000000
0.000000	103255.000000
0.000000	103255.000000
0.000000	103255.000000
0.000000	103255.000000
0.000000	103255.000000
0.000000	103255.000000
0.000000	103255.000000
0.000000	103255.000000
0.000000	103255.000000
0.000000	103256.000000
0.000000	103256.000000
0.000000	103256.000000
0.000000	103256.000000
0.000000	103256.000000
0.000000	103256.000000
0.000000	103256.000000
0.000000	103256.000000
0.000000	103256.000000
0.000000	103256.000000
0.000000	103256.000000
0.000000	103256.000000
0.000000	103256.000000
0.000000	103256.000000
0.000000	103256.000000
0.000000	103256.000000
0.000000	103256.000000
0.000000	103256.000000
0.000000	103257.000000
0.000000	103257.000000
0.000000	103257.000000
0.000000	103257.000000
0.000000	103257.000000
0.000000	103257.000000
0.000000	103257.000000
0.000000	103257.000000
0.000000	103257.000000
0.000000	103257.000000
0.000000	103257.000000
0.000000	103257.000000
0.000000	103257.000000
0.000000	103257.000000
0.000000	103257.000000
0.000000	103257.000000
0.000000	103258.000000
0.000000	103258.000000
0.000000	103258.000000
0.000000	103258.000000
0.000000	103258.000000
0.000000	103258.000000
0.000000	103258.000000
0.000000	103258.000000
0.000000	103258.000000
0.000000	103258.000000
0.000000	103258.000000
0.000000	103258.000000
0.000000	103258.000000
0.000000	103258.000000
0.000000	103258.000000
0.000000	103258.000000
0.000000	103258.000000
0.000000	103258.000000
0.000000	103259.000000
0.000000	103259.000000
0.000000	103259.000000
0.000000	103259.000000
0.000000	103259.000000
0.000000	103259.000000
0.000000	103259.000000
0.000000	103259.000000
0.000000	103259.000000
0.000000	103259.000000
0.000000	103259.000000
0.000000	103259.000000
0.000000	103259.000000
0.000000	103259.000000
0.000000	103259.000000
0.000000	103259.000000
0.000000	103259.000000
0.000000	103300.000000
0.000000	103300.000000
0.000000	103300.000000
0.000000	103300.000000
0.000000	103300.000000
0.000000	103300.000000
0.000000	103300.000000
0.000000	103300.000000
0.000000	103300.000000
0.000000	103300.000000
0.000000	103300.000000
0.000000	103300.000000
0.000000	103300.000000
0.000000	103300.000000
0.000000	103300.000000
0.000000	103300.000000
0.000000	103301.000000
0.000000	103301.000000
0.000000	103301.000000
0.000000	103301.000000
0.000000	103301.000000
0.000000	103301.000000
0.000000	103301.000000
0.000000	103301.000000
0.000000	103301.000000
0.000000	103301.000000
0.000000	103301.000000
0.000000	103301.000000
0.000000	103301.000000
0.000000	103301.000000
0.000000	103301.000000
0.000000	103301.000000
0.000000	103301.000000
0.000000	103301.000000
0.000000	103302.000000
0.000000	103302.000000
0.000000	103302.000000
0.000000	103302.000000
0.000000	103302.000000
0.000000	103302.000000
0.000000	103302.000000
0.000000	103302.000000
0.000000	103302.000000
0.000000	103302.000000
0.000000	103302.000000
0.000000	103302.000000
0.000000	103302.000000
0.000000	103302.000000
0.000000	103302.000000
0.000000	103302.000000
0.000000	103302.000000
0.000000	103303.000000
0.000000	103303.000000
0.000000	103303.000000
0.000000	103303.000000
0.000000	103303.000000
0.000000	103303.000000
0.000000	103303.000000
0.000000	103303.000000
0.000000	103303.000000
0.000000	103303.000000
0.000000	103303.000000
0.000000	103303.000000
0.000000	103303.000000
0.000000	103303.000000
0.000000	103303.000000
0.000000	103303.000000
0.000000	103303.000000
0.000000	103304.000000
0.000000	103304.000000
0.000000	103304.000000
0.000000	103304.000000
0.000000	103304.000000
0.000000	103304.000000
0.000000	103304.000000
0.000000	103304.000000
0.000000	103304.000000
0.000000	103304.000000
0.000000	103304.000000
0.000000	103304.000000
0.000000	103304.000000
0.000000	103304.000000
0.000000	103304.000000
0.000000	103304.000000
0.000000	103304.000000
0.000000	103305.000000
0.000000	103305.000000
0.000000	103305.000000
0.000000	103305.000000
0.000000	103305.000000
0.000000	103305.000000
0.000000	103305.000000
0.000000	103305.000000
0.000000	103305.000000
0.000000	103305.000000
0.000000	103305.000000
0.000000	103305.000000
0.000000	103305.000000
0.000000	103305.000000
0.000000	103305.000000
0.000000	103305.000000
0.000000	103305.000000
0.000000	103306.000000
0.000000	103306.000000
0.000000	103306.000000
0.000000	103306.000000
0.000000	103306.000000
0.000000	103306.000000
0.000000	103306.000000
0.000000	103306.000000
0.000000	103306.000000
0.000000	103306.000000
0.000000	103306.000000
0.000000	103306.000000
0.000000	103306.000000
0.000000	103306.000000
0.000000	103306.000000
0.000000	103306.000000
0.000000	103306.000000
0.000000	103307.000000
0.000000	103307.000000
0.000000	103307.000000
0.000000	103307.000000
0.000000	103307.000000
0.000000	103307.000000
0.000000	103307.000000
0.000000	103307.000000
0.000000	103307.000000
0.000000	103307.000000
0.000000	103307.000000
0.000000	103307.000000
0.000000	103307.000000
0.000000	103307.000000
0.000000	103307.000000
0.000000	103307.000000
0.000000	103307.000000
0.000000	103308.000000
0.000000	103308.000000
0.000000	103308.000000
0.000000	103308.000000
0.000000	103308.000000
0.000000	103308.000000
0.000000	103308.000000
0.000000	103308.000000
0.000000	103308.000000
0.000000	103308.000000
0.000000	103308.000000
0.000000	103308.000000
0.000000	103308.000000
0.000000	103308.000000
0.000000	103308.000000
0.000000	103308.000000
0.000000	103308.000000
0.000000	103309.000000
0.000000	103309.000000
0.000000	103309.000000
0.000000	103309.000000
0.000000	103309.000000
0.000000	103309.000000
0.000000	103309.000000
0.000000	103309.000000
0.000000	103309.000000
0.000000	103309.000000
0.000000	103309.000000
0.000000	103309.000000
0.000000	103309.000000
0.000000	103309.000000
0.000000	103309.000000
0.000000	103309.000000
0.000000	103309.000000
0.000000	103310.000000
0.000000	103310.000000
0.000000	103310.000000
0.000000	103310.000000
0.000000	103310.000000
0.000000	103310.000000
0.000000	103310.000000
0.000000	103310.000000
0.000000	103310.000000
0.000000	103310.000000
0.000000	103310.000000
0.000000	103310.000000
0.000000	103310.000000
0.000000	103310.000000
0.000000	103310.000000
0.000000	103310.000000
0.000000	103310.000000
0.000000	103311.000000
0.000000	103311.000000
0.000000	103311.000000
0.000000	103311.000000
0.000000	103311.000000
0.000000	103311.000000
0.000000	103311.000000
0.000000	103311.000000
0.000000	103311.000000
0.000000	103311.000000
0.000000	103311.000000
0.000000	103311.000000
0.000000	103311.000000
0.000000	103311.000000
0.000000	103311.000000
0.000000	103311.000000
0.000000	103311.000000
0.000000	103311.000000
0.000000	103312.000000
0.000000	103312.000000
0.000000	103312.000000
0.000000	103312.000000
0.000000	103312.000000
0.000000	103312.000000
0.000000	103312.000000
0.000000	103312.000000
0.000000	103312.000000
0.000000	103312.000000
0.000000	103312.000000
0.000000	103312.000000
0.000000	103312.000000
0.000000	103312.000000
0.000000	103312.000000
0.000000	103312.000000
0.000000	103312.000000
0.000000	103313.000000
0.000000	103313.000000
0.000000	103313.000000
0.000000	103313.000000
0.000000	103313.000000
0.000000	103313.000000
0.000000	103313.000000
0.000000	103313.000000
0.000000	103313.000000
0.000000	103313.000000
0.000000	103313.000000
0.000000	103313.000000
0.000000	103313.000000
0.000000	103313.000000
0.000000	103313.000000
0.000000	103313.000000
0.000000	103313.000000
0.000000	103314.000000
0.000000	103314.000000
0.000000	103314.000000
0.000000	103314.000000
0.000000	103314.000000
0.000000	103314.000000
0.000000	103314.000000
0.000000	103314.000000
0.000000	103314.000000
0.000000	103314.000000
0.000000	103314.000000
0.000000	103314.000000
0.000000	103314.000000
0.000000	103314.000000
0.000000	103314.000000
0.000000	103314.000000
0.000000	103314.000000
0.000000	103315.000000
0.000000	103315.000000
0.000000	103315.000000
0.000000	103315.000000
0.000000	103315.000000
0.000000	103315.000000
0.000000	103315.000000
0.000000	103315.000000
0.000000	103315.000000
0.000000	103315.000000
0.000000	103315.000000
0.000000	103315.000000
0.000000	103315.000000
0.000000	103315.000000
0.000000	103315.000000
0.000000	103315.000000
0.000000	103315.000000
0.000000	103316.000000
0.000000	103316.000000
0.000000	103316.000000
0.000000	103316.000000
0.000000	103316.000000
0.000000	103316.000000
0.000000	103316.000000
0.000000	103316.000000
0.000000	103316.000000
0.000000	103316.000000
0.000000	103316.000000
0.000000	103316.000000
0.000000	103316.000000
0.000000	103316.000000
0.000000	103316.000000
0.000000	103316.000000
0.000000	103316.000000
0.000000	103317.000000
0.000000	103317.000000
0.000000	103317.000000
0.000000	103317.000000
0.000000	103317.000000
0.000000	103317.000000
0.000000	103317.000000
0.000000	103317.000000
0.000000	103317.000000
0.000000	103317.000000
0.000000	103317.000000
0.000000	103317.000000
0.000000	103317.000000
0.000000	103317.000000
0.000000	103317.000000
0.000000	103317.000000
0.000000	103317.000000
0.000000	103318.000000
0.000000	103318.000000
0.000000	103318.000000
0.000000	103318.000000
0.000000	103318.000000
0.000000	103318.000000
0.000000	103318.000000
0.000000	103318.000000
0.000000	103318.000000
0.000000	103318.000000
0.000000	103318.000000
0.000000	103318.000000
0.000000	103318.000000
0.000000	103318.000000
0.000000	103318.000000
0.000000	103318.000000
0.000000	103318.000000
0.000000	103319.000000
0.000000	103319.000000
0.000000	103319.000000
0.000000	103319.000000
0.000000	103319.000000
0.000000	103319.000000
0.000000	103319.000000
0.000000	103319.000000
0.000000	103319.000000
0.000000	103319.000000
0.000000	103319.000000
0.000000	103319.000000
0.000000	103319.000000
0.000000	103319.000000
0.000000	103319.000000
0.000000	103319.000000
0.000000	103319.000000
0.000000	103320.000000
0.000000	103320.000000
0.000000	103320.000000
0.000000	103320.000000
0.000000	103320.000000
0.000000	103320.000000
0.000000	103320.000000
0.000000	103320.000000
0.000000	103320.000000
0.000000	103320.000000
0.000000	103320.000000
0.000000	103320.000000
0.000000	103320.000000
0.000000	103320.000000
0.000000	103320.000000
0.000000	103320.000000
0.000000	103320.000000
0.000000	103321.000000
0.000000	103321.000000
0.000000	103321.000000
0.000000	103321.000000
0.000000	103321.000000
0.000000	103321.000000
0.000000	103321.000000
0.000000	103321.000000
0.000000	103321.000000
0.000000	103321.000000
0.000000	103321.000000
0.000000	103321.000000
0.000000	103321.000000
0.000000	103321.000000
0.000000	103321.000000
0.000000	103321.000000
0.000000	103321.000000
0.000000	103322.000000
0.000000	103322.000000
0.000000	103322.000000
0.000000	103322.000000
0.000000	103322.000000
0.000000	103322.000000
0.000000	103322.000000
0.000000	103322.000000
0.000000	103322.000000
0.000000	103322.000000
0.000000	103322.000000
0.000000	103322.000000
0.000000	103322.000000
0.000000	103322.000000
0.000000	103322.000000
0.000000	103322.000000
0.000000	103322.000000
0.000000	103323.000000
0.000000	103323.000000
0.000000	103323.000000
0.000000	103323.000000
0.000000	103323.000000
0.000000	103323.000000
0.000000	103323.000000
0.000000	103323.000000
0.000000	103323.000000
0.000000	103323.000000
0.000000	103323.000000
0.000000	103323.000000
0.000000	103323.000000
0.000000	103323.000000
0.000000	103323.000000
0.000000	103323.000000
0.000000	103323.000000
0.000000	103324.000000
0.000000	103324.000000
0.000000	103324.000000
0.000000	103324.000000
0.000000	103324.000000
0.000000	103324.000000
0.000000	103324.000000
0.000000	103324.000000
0.000000	103324.000000
0.000000	103324.000000
0.000000	103324.000000
0.000000	103324.000000
0.000000	103324.000000
0.000000	103324.000000
0.000000	103324.000000
0.000000	103324.000000
0.000000	103324.000000
0.000000	103325.000000
0.000000	103325.000000
0.000000	103325.000000
0.000000	103325.000000
0.000000	103325.000000
0.000000	103325.000000
0.000000	103325.000000
0.000000	103325.000000
0.000000	103325.000000
0.000000	103325.000000
0.000000	103325.000000
0.000000	103325.000000
0.000000	103325.000000
0.000000	103325.000000
0.000000	103325.000000
0.000000	103325.000000
0.000000	103326.000000
0.000000	103326.000000
0.000000	103326.000000
0.000000	103326.000000
0.000000	103326.000000
0.000000	103326.000000
0.000000	103326.000000
0.000000	103326.000000
0.000000	103326.000000
0.000000	103326.000000
0.000000	103326.000000
0.000000	103326.000000
0.000000	103326.000000
0.000000	103326.000000
0.000000	103326.000000
0.000000	103326.000000
0.000000	103326.000000
0.000000	103326.000000
0.000000	103326.000000
0.000000	103327.000000
0.000000	103327.000000
0.000000	103327.000000
0.000000	103327.000000
0.000000	103327.000000
0.000000	103327.000000
0.000000	103327.000000
0.000000	103327.000000
0.000000	103327.000000
0.000000	103327.000000
0.000000	103327.000000
0.000000	103327.000000
0.000000	103327.000000
0.000000	103327.000000
0.000000	103327.000000
0.000000	103327.000000
0.000000	103327.000000
0.000000	103328.000000
0.000000	103328.000000
0.000000	103328.000000
0.000000	103328.000000
0.000000	103328.000000
0.000000	103328.000000
0.000000	103328.000000
0.000000	103328.000000
0.000000	103328.000000
0.000000	103328.000000
0.000000	103328.000000
0.000000	103328.000000
0.000000	103328.000000
0.000000	103328.000000
0.000000	103328.000000
0.000000	103328.000000
0.000000	103328.000000
0.000000	103329.000000
0.000000	103329.000000
0.000000	103329.000000
0.000000	103329.000000
0.000000	103329.000000
0.000000	103329.000000
0.000000	103329.000000
0.000000	103329.000000
0.000000	103329.000000
0.000000	103329.000000
0.000000	103329.000000
0.000000	103329.000000
0.000000	103329.000000
0.000000	103329.000000
0.000000	103329.000000
0.000000	103329.000000
0.000000	103329.000000
0.000000	103330.000000
0.000000	103330.000000
0.000000	103330.000000
0.000000	103330.000000
0.000000	103330.000000
0.000000	103330.000000
0.000000	103330.000000
0.000000	103330.000000
0.000000	103330.000000
0.000000	103330.000000
0.000000	103330.000000
0.000000	103330.000000
0.000000	103330.000000
0.000000	103330.000000
0.000000	103330.000000
0.000000	103330.000000
0.000000	103330.000000
0.000000	103331.000000
0.000000	103331.000000
0.000000	103331.000000
0.000000	103331.000000
0.000000	103331.000000
0.000000	103331.000000
0.000000	103331.000000
0.000000	103331.000000
0.000000	103331.000000
0.000000	103331.000000
0.000000	103331.000000
0.000000	103331.000000
0.000000	103331.000000
0.000000	103331.000000
0.000000	103331.000000
0.000000	103331.000000
0.000000	103331.000000
0.000000	103332.000000
0.000000	103332.000000
0.000000	103332.000000
0.000000	103332.000000
0.000000	103332.000000
0.000000	103332.000000
0.000000	103332.000000
0.000000	103332.000000
0.000000	103332.000000
0.000000	103332.000000
0.000000	103332.000000
0.000000	103332.000000
0.000000	103332.000000
0.000000	103332.000000
0.000000	103332.000000
0.000000	103332.000000
0.000000	103332.000000
0.000000	103333.000000
0.000000	103333.000000
0.000000	103333.000000
0.000000	103333.000000
0.000000	103333.000000
0.000000	103333.000000
0.000000	103333.000000
0.000000	103333.000000
0.000000	103333.000000
0.000000	103333.000000
0.000000	103333.000000
0.000000	103333.000000
0.000000	103333.000000
0.000000	103333.000000
0.000000	103333.000000
0.000000	103333.000000
0.000000	103333.000000
0.000000	103334.000000
0.000000	103334.000000
0.000000	103334.000000
0.000000	103334.000000
0.000000	103334.000000
0.000000	103334.000000
0.000000	103334.000000
0.000000	103334.000000
0.000000	103334.000000
0.000000	103334.000000
0.000000	103334.000000
0.000000	103334.000000
0.000000	103334.000000
0.000000	103334.000000
0.000000	103334.000000
0.000000	103334.000000
0.000000	103334.000000
0.000000	103335.000000
0.000000	103335.000000
0.000000	103335.000000
0.000000	103335.000000
0.000000	103335.000000
0.000000	103335.000000
0.000000	103335.000000
0.000000	103335.000000
0.000000	103335.000000
0.000000	103335.000000
0.000000	103335.000000
0.000000	103335.000000
0.000000	103335.000000
0.000000	103335.000000
0.000000	103335.000000
0.000000	103335.000000
0.000000	103335.000000
0.000000	103336.000000
0.000000	103336.000000
0.000000	103336.000000
0.000000	103336.000000
0.000000	103336.000000
0.000000	103336.000000
0.000000	103336.000000
0.000000	103336.000000
0.000000	103336.000000
0.000000	103336.000000
0.000000	103336.000000
0.000000	103336.000000
0.000000	103336.000000
0.000000	103336.000000
0.000000	103336.000000
0.000000	103336.000000
0.000000	103336.000000
0.000000	103337.000000
0.000000	103337.000000
0.000000	103337.000000
0.000000	103337.000000
0.000000	103337.000000
0.000000	103337.000000
0.000000	103337.000000
0.000000	103337.000000
0.000000	103337.000000
0.000000	103337.000000
0.000000	103337.000000
0.000000	103337.000000
0.000000	103337.000000
0.000000	103337.000000
0.000000	103337.000000
0.000000	103337.000000
0.000000	103337.000000
0.000000	103338.000000
0.000000	103338.000000
0.000000	103338.000000
0.000000	103338.000000
0.000000	103338.000000
0.000000	103338.000000
0.000000	103338.000000
0.000000	103338.000000
0.000000	103338.000000
0.000000	103338.000000
0.000000	103338.000000
0.000000	103338.000000
0.000000	103338.000000
0.000000	103338.000000
0.000000	103338.000000
0.000000	103338.000000
0.000000	103338.000000
0.000000	103339.000000
0.000000	103339.000000
0.000000	103339.000000
0.000000	103339.000000
0.000000	103339.000000
0.000000	103339.000000
0.000000	103339.000000
0.000000	103339.000000
0.000000	103339.000000
0.000000	103339.000000
0.000000	103339.000000
0.000000	103339.000000
0.000000	103339.000000
0.000000	103339.000000
0.000000	103339.000000
0.000000	103339.000000
0.000000	103339.000000
0.000000	103340.000000
0.000000	103340.000000
0.000000	103340.000000
0.000000	103340.000000
0.000000	103340.000000
0.000000	103340.000000
0.000000	103340.000000
0.000000	103340.000000
0.000000	103340.000000
0.000000	103340.000000
0.000000	103340.000000
0.000000	103340.000000
0.000000	103340.000000
0.000000	103340.000000
0.000000	103340.000000
0.000000	103340.000000
0.000000	103340.000000
0.000000	103340.000000
0.000000	103341.000000
0.000000	103341.000000
0.000000	103341.000000
0.000000	103341.000000
0.000000	103341.000000
0.000000	103341.000000
0.000000	103341.000000
0.000000	103341.000000
0.000000	103341.000000
0.000000	103341.000000
0.000000	103341.000000
0.000000	103341.000000
0.000000	103341.000000
0.000000	103341.000000
0.000000	103341.000000
0.000000	103341.000000
0.000000	103342.000000
0.000000	103342.000000
0.000000	103342.000000
0.000000	103342.000000
0.000000	103342.000000
0.000000	103342.000000
0.000000	103342.000000
0.000000	103342.000000
0.000000	103342.000000
0.000000	103342.000000
0.000000	103342.000000
0.000000	103342.000000
0.000000	103342.000000
0.000000	103342.000000
0.000000	103342.000000
0.000000	103342.000000
0.000000	103342.000000
0.000000	103342.000000
0.000000	103343.000000
0.000000	103343.000000
0.000000	103343.000000
0.000000	103343.000000
0.000000	103343.000000
0.000000	103343.000000
0.000000	103343.000000
0.000000	103343.000000
0.000000	103343.000000
0.000000	103343.000000
0.000000	103343.000000
0.000000	103343.000000
0.000000	103343.000000
0.000000	103343.000000
0.000000	103343.000000
0.000000	103343.000000
0.000000	103343.000000
0.000000	103344.000000
0.000000	103344.000000
0.000000	103344.000000
0.000000	103344.000000
0.000000	103344.000000
0.000000	103344.000000
0.000000	103344.000000
0.000000	103344.000000
0.000000	103344.000000
0.000000	103344.000000
0.000000	103344.000000
0.000000	103344.000000
0.000000	103344.000000
0.000000	103344.000000
0.000000	103344.000000
0.000000	103344.000000
0.000000	103344.000000
0.000000	103345.000000
0.000000	103345.000000
0.000000	103345.000000
0.000000	103345.000000
0.000000	103345.000000
0.000000	103345.000000
0.000000	103345.000000
0.000000	103345.000000
0.000000	103345.000000
0.000000	103345.000000
0.000000	103345.000000
0.000000	103345.000000
0.000000	103345.000000
0.000000	103345.000000
0.000000	103345.000000
0.000000	103345.000000
0.000000	103345.000000
0.000000	103346.000000
0.000000	103346.000000
0.000000	103346.000000
0.000000	103346.000000
0.000000	103346.000000
0.000000	103346.000000
0.000000	103346.000000
0.000000	103346.000000
0.000000	103346.000000
0.000000	103346.000000
0.000000	103346.000000
0.000000	103346.000000
0.000000	103346.000000
0.000000	103346.000000
0.000000	103346.000000
0.000000	103346.000000
0.000000	103346.000000
0.000000	103347.000000
0.000000	103347.000000
0.000000	103347.000000
0.000000	103347.000000
0.000000	103347.000000
0.000000	103347.000000
0.000000	103347.000000
0.000000	103347.000000
0.000000	103347.000000
0.000000	103347.000000
0.000000	103347.000000
0.000000	103347.000000
0.000000	103347.000000
0.000000	103347.000000
0.000000	103347.000000
0.000000	103347.000000
0.000000	103347.000000
0.000000	103348.000000
0.000000	103348.000000
0.000000	103348.000000
0.000000	103348.000000
0.000000	103348.000000
0.000000	103348.000000
0.000000	103348.000000
0.000000	103348.000000
0.000000	103348.000000
0.000000	103348.000000
0.000000	103348.000000
0.000000	103348.000000
0.000000	103348.000000
0.000000	103348.000000
0.000000	103348.000000
0.000000	103348.000000
0.000000	103348.000000
0.000000	103349.000000
0.000000	103349.000000
0.000000	103349.000000
0.000000	103349.000000
0.000000	103349.000000
0.000000	103349.000000
0.000000	103349.000000
0.000000	103349.000000
0.000000	103349.000000
0.000000	103349.000000
0.000000	103349.000000
0.000000	103349.000000
0.000000	103349.000000
0.000000	103349.000000
0.000000	103349.000000
0.000000	103350.000000
0.000000	103350.000000
0.000000	103350.000000
0.000000	103350.000000
0.000000	103350.000000
0.000000	103350.000000
0.000000	103350.000000
0.000000	103350.000000
0.000000	103350.000000
0.000000	103350.000000
0.000000	103350.000000
0.000000	103350.000000
0.000000	103350.000000
0.000000	103350.000000
0.000000	103350.000000
0.000000	103350.000000
0.000000	103350.000000
0.000000	103350.000000
0.000000	103350.000000
0.000000	103351.000000
0.000000	103351.000000
0.000000	103351.000000
0.000000	103351.000000
0.000000	103351.000000
0.000000	103351.000000
0.000000	103351.000000
0.000000	103351.000000
0.000000	103351.000000
0.000000	103351.000000
0.000000	103351.000000
0.000000	103351.000000
0.000000	103351.000000
0.000000	103351.000000
0.000000	103351.000000
0.000000	103351.000000
0.000000	103351.000000
0.000000	103352.000000
0.000000	103352.000000
0.000000	103352.000000
0.000000	103352.000000
0.000000	103352.000000
0.000000	103352.000000
0.000000	103352.000000
0.000000	103352.000000
0.000000	103352.000000
0.000000	103352.000000
0.000000	103352.000000
0.000000	103352.000000
0.000000	103352.000000
0.000000	103352.000000
0.000000	103352.000000
0.000000	103352.000000
0.000000	103352.000000
0.000000	103353.000000
0.000000	103353.000000
0.000000	103353.000000
0.000000	103353.000000
0.000000	103353.000000
0.000000	103353.000000
0.000000	103353.000000
0.000000	103353.000000
0.000000	103353.000000
0.000000	103353.000000
0.000000	103353.000000
0.000000	103353.000000
0.000000	103353.000000
0.000000	103353.000000
0.000000	103353.000000
0.000000	103353.000000
0.000000	103353.000000
0.000000	103354.000000
0.000000	103354.000000
0.000000	103354.000000
0.000000	103354.000000
0.000000	103354.000000
0.000000	103354.000000
0.000000	103354.000000
0.000000	103354.000000
0.000000	103354.000000
0.000000	103354.000000
0.000000	103354.000000
0.000000	103354.000000
0.000000	103354.000000
0.000000	103354.000000
0.000000	103354.000000
0.000000	103354.000000
0.000000	103354.000000
0.000000	103355.000000
0.000000	103355.000000
0.000000	103355.000000
0.000000	103355.000000
0.000000	103355.000000
0.000000	103355.000000
0.000000	103355.000000
0.000000	103355.000000
0.000000	103355.000000
0.000000	103355.000000
0.000000	103355.000000
0.000000	103355.000000
0.000000	103355.000000
0.000000	103355.000000
0.000000	103355.000000
0.000000	103355.000000
0.000000	103355.000000
0.000000	103356.000000
0.000000	103356.000000
0.000000	103356.000000
0.000000	103356.000000
0.000000	103356.000000
0.000000	103356.000000
0.000000	103356.000000
0.000000	103356.000000
0.000000	103356.000000
0.000000	103356.000000
0.000000	103356.000000
0.000000	103356.000000
0.000000	103356.000000
0.000000	103356.000000
0.000000	103356.000000
0.000000	103356.000000
0.000000	103356.000000
0.000000	103356.000000
0.000000	103357.000000
0.000000	103357.000000
0.000000	103357.000000
0.000000	103357.000000
0.000000	103357.000000
0.000000	103357.000000
0.000000	103357.000000
0.000000	103357.000000
0.000000	103357.000000
0.000000	103357.000000
0.000000	103357.000000
0.000000	103357.000000
0.000000	103357.000000
0.000000	103357.000000
0.000000	103357.000000
0.000000	103357.000000
0.000000	103357.000000
0.000000	103358.000000
0.000000	103358.000000
0.000000	103358.000000
0.000000	103358.000000
0.000000	103358.000000
0.000000	103358.000000
0.000000	103358.000000
0.000000	103358.000000
0.000000	103358.000000
0.000000	103358.000000
0.000000	103358.000000
0.000000	103358.000000
0.000000	103358.000000
0.000000	103358.000000
0.000000	103358.000000
0.000000	103358.000000
0.000000	103358.000000
0.000000	103359.000000
0.000000	103359.000000
0.000000	103359.000000
0.000000	103359.000000
0.000000	103359.000000
0.000000	103359.000000
0.000000	103359.000000
0.000000	103359.000000
0.000000	103359.000000
0.000000	103359.000000
0.000000	103359.000000
0.000000	103359.000000
0.000000	103359.000000
0.000000	103359.000000
0.000000	103359.000000
0.000000	103359.000000
0.000000	103359.000000
0.000000	103400.000000
0.000000	103400.000000
0.000000	103400.000000
0.000000	103400.000000
0.000000	103400.000000
0.000000	103400.000000
0.000000	103400.000000
0.000000	103400.000000
0.000000	103400.000000
0.000000	103400.000000
0.000000	103400.000000
0.000000	103400.000000
0.000000	103400.000000
0.000000	103400.000000
0.000000	103400.000000
0.000000	103400.000000
0.000000	103400.000000
0.000000	103401.000000
0.000000	103401.000000
0.000000	103401.000000
0.000000	103401.000000
0.000000	103401.000000
0.000000	103401.000000
0.000000	103401.000000
0.000000	103401.000000
0.000000	103401.000000
0.000000	103401.000000
0.000000	103401.000000
0.000000	103401.000000
0.000000	103401.000000
0.000000	103401.000000
0.000000	103401.000000
0.000000	103401.000000
0.000000	103401.000000
0.000000	103402.000000
0.000000	103402.000000
0.000000	103402.000000
0.000000	103402.000000
0.000000	103402.000000
0.000000	103402.000000
0.000000	103402.000000
0.000000	103402.000000
0.000000	103402.000000
0.000000	103402.000000
0.000000	103402.000000
0.000000	103402.000000
0.000000	103402.000000
0.000000	103402.000000
0.000000	103402.000000
0.000000	103402.000000
0.000000	103402.000000
0.000000	103403.000000
0.000000	103403.000000
0.000000	103403.000000
0.000000	103403.000000
0.000000	103403.000000
0.000000	103403.000000
0.000000	103403.000000
0.000000	103403.000000
0.000000	103403.000000
0.000000	103403.000000
0.000000	103403.000000
0.000000	103403.000000
0.000000	103403.000000
0.000000	103403.000000
0.000000	103403.000000
0.000000	103403.000000
0.000000	103403.000000
0.000000	103404.000000
0.000000	103404.000000
0.000000	103404.000000
0.000000	103404.000000
0.000000	103404.000000
0.000000	103404.000000
0.000000	103404.000000
0.000000	103404.000000
0.000000	103404.000000
0.000000	103404.000000
0.000000	103404.000000
0.000000	103404.000000
0.000000	103404.000000
0.000000	103404.000000
0.000000	103404.000000
0.000000	103404.000000
0.000000	103404.000000
0.000000	103405.000000
0.000000	103405.000000
0.000000	103405.000000
0.000000	103405.000000
0.000000	103405.000000
0.000000	103405.000000
0.000000	103405.000000
0.000000	103405.000000
0.000000	103405.000000
0.000000	103405.000000
0.000000	103405.000000
0.000000	103405.000000
0.000000	103405.000000
0.000000	103405.000000
0.000000	103405.000000
0.000000	103405.000000
0.000000	103405.000000
0.000000	103406.000000
0.000000	103406.000000
0.000000	103406.000000
0.000000	103406.000000
0.000000	103406.000000
0.000000	103406.000000
0.000000	103406.000000
0.000000	103406.000000
0.000000	103406.000000
0.000000	103406.000000
0.000000	103406.000000
0.000000	103406.000000
0.000000	103406.000000
0.000000	103406.000000
0.000000	103406.000000
0.000000	103406.000000
0.000000	103407.000000
0.000000	103407.000000
0.000000	103407.000000
0.000000	103407.000000
0.000000	103407.000000
0.000000	103407.000000
0.000000	103407.000000
0.000000	103407.000000
0.000000	103407.000000
0.000000	103407.000000
0.000000	103407.000000
0.000000	103407.000000
0.000000	103407.000000
0.000000	103407.000000
0.000000	103407.000000
0.000000	103407.000000
0.000000	103407.000000
0.000000	103407.000000
0.000000	103408.000000
0.000000	103408.000000
0.000000	103408.000000
0.000000	103408.000000
0.000000	103408.000000
0.000000	103408.000000
0.000000	103408.000000
0.000000	103408.000000
0.000000	103408.000000
0.000000	103408.000000
0.000000	103408.000000
0.000000	103408.000000
0.000000	103408.000000
0.000000	103408.000000
0.000000	103408.000000
0.000000	103408.000000
0.000000	103408.000000
0.000000	103409.000000
0.000000	103409.000000
0.000000	103409.000000
0.000000	103409.000000
0.000000	103409.000000
0.000000	103409.000000
0.000000	103409.000000
0.000000	103409.000000
0.000000	103409.000000
0.000000	103409.000000
0.000000	103409.000000
0.000000	103409.000000
0.000000	103409.000000
0.000000	103409.000000
0.000000	103409.000000
0.000000	103409.000000
0.000000	103409.000000
0.000000	103410.000000
0.000000	103410.000000
0.000000	103410.000000
0.000000	103410.000000
0.000000	103410.000000
0.000000	103410.000000
0.000000	103410.000000
0.000000	103410.000000
0.000000	103410.000000
0.000000	103410.000000
0.000000	103410.000000
0.000000	103410.000000
0.000000	103410.000000
0.000000	103410.000000
0.000000	103410.000000
0.000000	103410.000000
0.000000	103410.000000
0.000000	103411.000000
0.000000	103411.000000
0.000000	103411.000000
0.000000	103411.000000
0.000000	103411.000000
0.000000	103411.000000
0.000000	103411.000000
0.000000	103411.000000
0.000000	103411.000000
0.000000	103411.000000
0.000000	103411.000000
0.000000	103411.000000
0.000000	103411.000000
0.000000	103411.000000
0.000000	103411.000000
0.000000	103411.000000
0.000000	103411.000000
0.000000	103411.000000
0.000000	103412.000000
0.000000	103412.000000
0.000000	103412.000000
0.000000	103412.000000
0.000000	103412.000000
0.000000	103412.000000
0.000000	103412.000000
0.000000	103412.000000
0.000000	103412.000000
0.000000	103412.000000
0.000000	103412.000000
0.000000	103412.000000
0.000000	103412.000000
0.000000	103412.000000
0.000000	103412.000000
0.000000	103412.000000
0.000000	103412.000000
0.000000	103413.000000
0.000000	103413.000000
0.000000	103413.000000
0.000000	103413.000000
0.000000	103413.000000
0.000000	103413.000000
0.000000	103413.000000
0.000000	103413.000000
0.000000	103413.000000
0.000000	103413.000000
0.000000	103413.000000
0.000000	103413.000000
0.000000	103413.000000
0.000000	103413.000000
0.000000	103413.000000
0.000000	103413.000000
0.000000	103413.000000
0.000000	103414.000000
0.000000	103414.000000
0.000000	103414.000000
0.000000	103414.000000
0.000000	103414.000000
0.000000	103414.000000
0.000000	103414.000000
0.000000	103414.000000
0.000000	103414.000000
0.000000	103414.000000
0.000000	103414.000000
0.000000	103414.000000
0.000000	103414.000000
0.000000	103414.000000
0.000000	103414.000000
0.000000	103414.000000
0.000000	103414.000000
0.000000	103415.000000
0.000000	103415.000000
0.000000	103415.000000
0.000000	103415.000000
0.000000	103415.000000
0.000000	103415.000000
0.000000	103415.000000
0.000000	103415.000000
0.000000	103415.000000
0.000000	103415.000000
0.000000	103415.000000
0.000000	103415.000000
0.000000	103415.000000
0.000000	103415.000000
0.000000	103415.000000
0.000000	103415.000000
0.000000	103415.000000
0.000000	103416.000000
0.000000	103416.000000
0.000000	103416.000000
0.000000	103416.000000
0.000000	103416.000000
0.000000	103416.000000
0.000000	103416.000000
0.000000	103416.000000
0.000000	103416.000000
0.000000	103416.000000
0.000000	103416.000000
0.000000	103416.000000
0.000000	103416.000000
0.000000	103416.000000
0.000000	103416.000000
0.000000	103416.000000
0.000000	103416.000000
0.000000	103417.000000
0.000000	103417.000000
0.000000	103417.000000
0.000000	103417.000000
0.000000	103417.000000
0.000000	103417.000000
0.000000	103417.000000
0.000000	103417.000000
0.000000	103417.000000
0.000000	103417.000000
0.000000	103417.000000
0.000000	103417.000000
0.000000	103417.000000
0.000000	103417.000000
0.000000	103417.000000
0.000000	103417.000000
0.000000	103417.000000
0.000000	103418.000000
0.000000	103418.000000
0.000000	103418.000000
0.000000	103418.000000
0.000000	103418.000000
0.000000	103418.000000
0.000000	103418.000000
0.000000	103418.000000
0.000000	103418.000000
0.000000	103418.000000
0.000000	103418.000000
0.000000	103418.000000
0.000000	103418.000000
0.000000	103418.000000
0.000000	103418.000000
0.000000	103418.000000
0.000000	103418.000000
0.000000	103419.000000
0.000000	103419.000000
0.000000	103419.000000
0.000000	103419.000000
0.000000	103419.000000
0.000000	103419.000000
0.000000	103419.000000
0.000000	103419.000000
0.000000	103419.000000
0.000000	103419.000000
0.000000	103419.000000
0.000000	103419.000000
0.000000	103419.000000
0.000000	103419.000000
0.000000	103419.000000
0.000000	103419.000000
0.000000	103419.000000
0.000000	103420.000000
0.000000	103420.000000
0.000000	103420.000000
0.000000	103420.000000
0.000000	103420.000000
0.000000	103420.000000
0.000000	103420.000000
0.000000	103420.000000
0.000000	103420.000000
0.000000	103420.000000
0.000000	103420.000000
0.000000	103420.000000
0.000000	103420.000000
0.000000	103420.000000
0.000000	103420.000000
0.000000	103420.000000
0.000000	103420.000000
0.000000	103421.000000
0.000000	103421.000000
0.000000	103421.000000
0.000000	103421.000000
0.000000	103421.000000
0.000000	103421.000000
0.000000	103421.000000
0.000000	103421.000000
0.000000	103421.000000
0.000000	103421.000000
0.000000	103421.000000
0.000000	103421.000000
0.000000	103421.000000
0.000000	103421.000000
0.000000	103421.000000
0.000000	103422.000000
0.000000	103422.000000
0.000000	103422.000000
0.000000	103422.000000
0.000000	103422.000000
0.000000	103422.000000
0.000000	103422.000000
0.000000	103422.000000
0.000000	103422.000000
0.000000	103422.000000
0.000000	103422.000000
0.000000	103422.000000
0.000000	103422.000000
0.000000	103422.000000
0.000000	103422.000000
0.000000	103422.000000
0.000000	103422.000000
0.000000	103422.000000
0.000000	103422.000000
0.000000	103423.000000
0.000000	103423.000000
0.000000	103423.000000
0.000000	103423.000000
0.000000	103423.000000
0.000000	103423.000000
0.000000	103423.000000
0.000000	103423.000000
0.000000	103423.000000
0.000000	103423.000000
0.000000	103423.000000
0.000000	103423.000000
0.000000	103423.000000
0.000000	103423.000000
0.000000	103423.000000
0.000000	103423.000000
0.000000	103423.000000
0.000000	103424.000000
0.000000	103424.000000
0.000000	103424.000000
0.000000	103424.000000
0.000000	103424.000000
0.000000	103424.000000
0.000000	103424.000000
0.000000	103424.000000
0.000000	103424.000000
0.000000	103424.000000
0.000000	103424.000000
0.000000	103424.000000
0.000000	103424.000000
0.000000	103424.000000
0.000000	103424.000000
0.000000	103424.000000
0.000000	103424.000000
0.000000	103425.000000
0.000000	103425.000000
0.000000	103425.000000
0.000000	103425.000000
0.000000	103425.000000
0.000000	103425.000000
0.000000	103425.000000
0.000000	103425.000000
0.000000	103425.000000
0.000000	103425.000000
0.000000	103425.000000
0.000000	103425.000000
0.000000	103425.000000
0.000000	103425.000000
0.000000	103425.000000
0.000000	103425.000000
0.000000	103425.000000
0.000000	103426.000000
0.000000	103426.000000
0.000000	103426.000000
0.000000	103426.000000
0.000000	103426.000000
0.000000	103426.000000
0.000000	103426.000000
0.000000	103426.000000
0.000000	103426.000000
0.000000	103426.000000
0.000000	103426.000000
0.000000	103426.000000
0.000000	103426.000000
0.000000	103426.000000
0.000000	103426.000000
0.000000	103426.000000
0.000000	103426.000000
0.000000	103426.000000
0.000000	103427.000000
0.000000	103427.000000
0.000000	103427.000000
0.000000	103427.000000
0.000000	103427.000000
0.000000	103427.000000
0.000000	103427.000000
0.000000	103427.000000
0.000000	103427.000000
0.000000	103427.000000
0.000000	103427.000000
0.000000	103427.000000
0.000000	103427.000000
0.000000	103427.000000
0.000000	103427.000000
0.000000	103427.000000
0.000000	103427.000000
0.000000	103428.000000
0.000000	103428.000000
0.000000	103428.000000
0.000000	103428.000000
0.000000	103428.000000
0.000000	103428.000000
0.000000	103428.000000
0.000000	103428.000000
0.000000	103428.000000
0.000000	103428.000000
0.000000	103428.000000
0.000000	103428.000000
0.000000	103428.000000
0.000000	103428.000000
0.000000	103428.000000
0.000000	103428.000000
0.000000	103428.000000
0.000000	103429.000000
0.000000	103429.000000
0.000000	103429.000000
0.000000	103429.000000
0.000000	103429.000000
0.000000	103429.000000
0.000000	103429.000000
0.000000	103429.000000
0.000000	103429.000000
0.000000	103429.000000
0.000000	103429.000000
0.000000	103429.000000
0.000000	103429.000000
0.000000	103429.000000
0.000000	103429.000000
0.000000	103429.000000
0.000000	103429.000000
0.000000	103430.000000
0.000000	103430.000000
0.000000	103430.000000
0.000000	103430.000000
0.000000	103430.000000
0.000000	103430.000000
0.000000	103430.000000
0.000000	103430.000000
0.000000	103430.000000
0.000000	103430.000000
0.000000	103430.000000
0.000000	103430.000000
0.000000	103430.000000
0.000000	103430.000000
0.000000	103430.000000
0.000000	103431.000000
0.000000	103431.000000
0.000000	103431.000000
0.000000	103431.000000
0.000000	103431.000000
0.000000	103431.000000
0.000000	103431.000000
0.000000	103431.000000
0.000000	103431.000000
0.000000	103431.000000
0.000000	103431.000000
0.000000	103431.000000
0.000000	103431.000000
0.000000	103431.000000
0.000000	103431.000000
0.000000	103431.000000
0.000000	103431.000000
0.000000	103431.000000
0.000000	103431.000000
0.000000	103432.000000
0.000000	103432.000000
0.000000	103432.000000
0.000000	103432.000000
0.000000	103432.000000
0.000000	103432.000000
0.000000	103432.000000
0.000000	103432.000000
0.000000	103432.000000
0.000000	103432.000000
0.000000	103432.000000
0.000000	103432.000000
0.000000	103432.000000
0.000000	103432.000000
0.000000	103432.000000
0.000000	103432.000000
0.000000	103432.000000
0.000000	103433.000000
0.000000	103433.000000
0.000000	103433.000000
0.000000	103433.000000
0.000000	103433.000000
0.000000	103433.000000
0.000000	103433.000000
0.000000	103433.000000
0.000000	103433.000000
0.000000	103433.000000
0.000000	103433.000000
0.000000	103433.000000
0.000000	103433.000000
0.000000	103433.000000
0.000000	103433.000000
0.000000	103433.000000
0.000000	103433.000000
0.000000	103434.000000
0.000000	103434.000000
0.000000	103434.000000
0.000000	103434.000000
0.000000	103434.000000
0.000000	103434.000000
0.000000	103434.000000
0.000000	103434.000000
0.000000	103434.000000
0.000000	103434.000000
0.000000	103434.000000
0.000000	103434.000000
0.000000	103434.000000
0.000000	103434.000000
0.000000	103434.000000
0.000000	103434.000000
0.000000	103434.000000
0.000000	103435.000000
0.000000	103435.000000
0.000000	103435.000000
0.000000	103435.000000
0.000000	103435.000000
0.000000	103435.000000
0.000000	103435.000000
0.000000	103435.000000
0.000000	103435.000000
0.000000	103435.000000
0.000000	103435.000000
0.000000	103435.000000
0.000000	103435.000000
0.000000	103435.000000
0.000000	103435.000000
0.000000	103435.000000
0.000000	103435.000000
0.000000	103436.000000
0.000000	103436.000000
0.000000	103436.000000
0.000000	103436.000000
0.000000	103436.000000
0.000000	103436.000000
0.000000	103436.000000
0.000000	103436.000000
0.000000	103436.000000
0.000000	103436.000000
0.000000	103436.000000
0.000000	103436.000000
0.000000	103436.000000
0.000000	103436.000000
0.000000	103436.000000
0.000000	103436.000000
0.000000	103436.000000
0.000000	103437.000000
0.000000	103437.000000
0.000000	103437.000000
0.000000	103437.000000
0.000000	103437.000000
0.000000	103437.000000
0.000000	103437.000000
0.000000	103437.000000
0.000000	103437.000000
0.000000	103437.000000
0.000000	103437.000000
0.000000	103437.000000
0.000000	103437.000000
0.000000	103437.000000
0.000000	103437.000000
0.000000	103437.000000
0.000000	103437.000000
0.000000	103438.000000
0.000000	103438.000000
0.000000	103438.000000
0.000000	103438.000000
0.000000	103438.000000
0.000000	103438.000000
0.000000	103438.000000
0.000000	103438.000000
0.000000	103438.000000
0.000000	103438.000000
0.000000	103438.000000
0.000000	103438.000000
0.000000	103438.000000
0.000000	103438.000000
0.000000	103438.000000
0.000000	103438.000000
0.000000	103438.000000
0.000000	103439.000000
0.000000	103439.000000
0.000000	103439.000000
0.000000	103439.000000
0.000000	103439.000000
0.000000	103439.000000
0.000000	103439.000000
0.000000	103439.000000
0.000000	103439.000000
0.000000	103439.000000
0.000000	103439.000000
0.000000	103439.000000
0.000000	103439.000000
0.000000	103439.000000
0.000000	103439.000000
0.000000	103439.000000
0.000000	103439.000000
0.000000	103440.000000
0.000000	103440.000000
0.000000	103440.000000
0.000000	103440.000000
0.000000	103440.000000
0.000000	103440.000000
0.000000	103440.000000
0.000000	103440.000000
0.000000	103440.000000
0.000000	103440.000000
0.000000	103440.000000
0.000000	103440.000000
0.000000	103440.000000
0.000000	103440.000000
0.000000	103440.000000
0.000000	103440.000000
0.000000	103440.000000
0.000000	103440.000000
0.000000	103441.000000
0.000000	103441.000000
0.000000	103441.000000
0.000000	103441.000000
0.000000	103441.000000
0.000000	103441.000000
0.000000	103441.000000
0.000000	103441.000000
0.000000	103441.000000
0.000000	103441.000000
0.000000	103441.000000
0.000000	103441.000000
0.000000	103441.000000
0.000000	103441.000000
0.000000	103441.000000
0.000000	103441.000000
0.000000	103441.000000
0.000000	103442.000000
0.000000	103442.000000
0.000000	103442.000000
0.000000	103442.000000
0.000000	103442.000000
0.000000	103442.000000
0.000000	103442.000000
0.000000	103442.000000
0.000000	103442.000000
0.000000	103442.000000
0.000000	103442.000000
0.000000	103442.000000
0.000000	103442.000000
0.000000	103442.000000
0.000000	103442.000000
0.000000	103442.000000
0.000000	103442.000000
0.000000	103443.000000
0.000000	103443.000000
0.000000	103443.000000
0.000000	103443.000000
0.000000	103443.000000
0.000000	103443.000000
0.000000	103443.000000
0.000000	103443.000000
0.000000	103443.000000
0.000000	103443.000000
0.000000	103443.000000
0.000000	103443.000000
0.000000	103443.000000
0.000000	103443.000000
0.000000	103443.000000
0.000000	103443.000000
0.000000	103443.000000
0.000000	103444.000000
0.000000	103444.000000
0.000000	103444.000000
0.000000	103444.000000
0.000000	103444.000000
0.000000	103444.000000
0.000000	103444.000000
0.000000	103444.000000
0.000000	103444.000000
0.000000	103444.000000
0.000000	103444.000000
0.000000	103444.000000
0.000000	103444.000000
0.000000	103444.000000
0.000000	103444.000000
0.000000	103444.000000
0.000000	103444.000000
0.000000	103445.000000
0.000000	103445.000000
0.000000	103445.000000
0.000000	103445.000000
0.000000	103445.000000
0.000000	103445.000000
0.000000	103445.000000
0.000000	103445.000000
0.000000	103445.000000
0.000000	103445.000000
0.000000	103445.000000
0.000000	103445.000000
0.000000	103445.000000
0.000000	103445.000000
0.000000	103445.000000
0.000000	103445.000000
0.000000	103445.000000
0.000000	103446.000000
0.000000	103446.000000
0.000000	103446.000000
0.000000	103446.000000
0.000000	103446.000000
0.000000	103446.000000
0.000000	103446.000000
0.000000	103446.000000
0.000000	103446.000000
0.000000	103446.000000
0.000000	103446.000000
0.000000	103446.000000
0.000000	103446.000000
0.000000	103446.000000
0.000000	103446.000000
0.000000	103446.000000
0.000000	103446.000000
0.000000	103447.000000
0.000000	103447.000000
0.000000	103447.000000
0.000000	103447.000000
0.000000	103447.000000
0.000000	103447.000000
0.000000	103447.000000
0.000000	103447.000000
0.000000	103447.000000
0.000000	103447.000000
0.000000	103447.000000
0.000000	103447.000000
0.000000	103447.000000
0.000000	103447.000000
0.000000	103447.000000
0.000000	103447.000000
0.000000	103447.000000
0.000000	103448.000000
0.000000	103448.000000
0.000000	103448.000000
0.000000	103448.000000
0.000000	103448.000000
0.000000	103448.000000
0.000000	103448.000000
0.000000	103448.000000
0.000000	103448.000000
0.000000	103448.000000
0.000000	103448.000000
0.000000	103448.000000
0.000000	103448.000000
0.000000	103448.000000
0.000000	103448.000000
0.000000	103448.000000
0.000000	103448.000000
0.000000	103449.000000
0.000000	103449.000000
0.000000	103449.000000
0.000000	103449.000000
0.000000	103449.000000
0.000000	103449.000000
0.000000	103449.000000
0.000000	103449.000000
0.000000	103449.000000
0.000000	103449.000000
0.000000	103449.000000
0.000000	103449.000000
0.000000	103449.000000
0.000000	103449.000000
0.000000	103449.000000
0.000000	103450.000000
0.000000	103450.000000
0.000000	103450.000000
0.000000	103450.000000
0.000000	103450.000000
0.000000	103450.000000
0.000000	103450.000000
0.000000	103450.000000
0.000000	103450.000000
0.000000	103450.000000
0.000000	103450.000000
0.000000	103450.000000
0.000000	103450.000000
0.000000	103450.000000
0.000000	103450.000000
0.000000	103450.000000
0.000000	103450.000000
0.000000	103450.000000
0.000000	103450.000000
0.000000	103451.000000
0.000000	103451.000000
0.000000	103451.000000
0.000000	103451.000000
0.000000	103451.000000
0.000000	103451.000000
0.000000	103451.000000
0.000000	103451.000000
0.000000	103451.000000
0.000000	103451.000000
0.000000	103451.000000
0.000000	103451.000000
0.000000	103451.000000
0.000000	103451.000000
0.000000	103451.000000
0.000000	103451.000000
0.000000	103451.000000
0.000000	103452.000000
0.000000	103452.000000
0.000000	103452.000000
0.000000	103452.000000
0.000000	103452.000000
0.000000	103452.000000
0.000000	103452.000000
0.000000	103452.000000
0.000000	103452.000000
0.000000	103452.000000
0.000000	103452.000000
0.000000	103452.000000
0.000000	103452.000000
0.000000	103452.000000
0.000000	103452.000000
0.000000	103452.000000
0.000000	103452.000000
0.000000	103453.000000
0.000000	103453.000000
0.000000	103453.000000
0.000000	103453.000000
0.000000	103453.000000
0.000000	103453.000000
0.000000	103453.000000
0.000000	103453.000000
0.000000	103453.000000
0.000000	103453.000000
0.000000	103453.000000
0.000000	103453.000000
0.000000	103453.000000
0.000000	103453.000000
0.000000	103453.000000
0.000000	103453.000000
0.000000	103453.000000
0.000000	103454.000000
0.000000	103454.000000
0.000000	103454.000000
0.000000	103454.000000
0.000000	103454.000000
0.000000	103454.000000
0.000000	103454.000000
0.000000	103454.000000
0.000000	103454.000000
0.000000	103454.000000
0.000000	103454.000000
0.000000	103454.000000
0.000000	103454.000000
0.000000	103454.000000
0.000000	103454.000000
0.000000	103454.000000
0.000000	103454.000000
0.000000	103455.000000
0.000000	103455.000000
0.000000	103455.000000
0.000000	103455.000000
0.000000	103455.000000
0.000000	103455.000000
0.000000	103455.000000
0.000000	103455.000000
0.000000	103455.000000
0.000000	103455.000000
0.000000	103455.000000
0.000000	103455.000000
0.000000	103455.000000
0.000000	103455.000000
0.000000	103455.000000
0.000000	103455.000000
0.000000	103456.000000
0.000000	103456.000000
0.000000	103456.000000
0.000000	103456.000000
0.000000	103456.000000
0.000000	103456.000000
0.000000	103456.000000
0.000000	103456.000000
0.000000	103456.000000
0.000000	103456.000000
0.000000	103456.000000
0.000000	103456.000000
0.000000	103456.000000
0.000000	103456.000000
0.000000	103456.000000
0.000000	103456.000000
0.000000	103456.000000
0.000000	103456.000000
0.000000	103456.000000
0.000000	103457.000000
0.000000	103457.000000
0.000000	103457.000000
0.000000	103457.000000
0.000000	103457.000000
0.000000	103457.000000
0.000000	103457.000000
0.000000	103457.000000
0.000000	103457.000000
0.000000	103457.000000
0.000000	103457.000000
0.000000	103457.000000
0.000000	103457.000000
0.000000	103457.000000
0.000000	103457.000000
0.000000	103457.000000
0.000000	103457.000000
0.000000	103458.000000
0.000000	103458.000000
0.000000	103458.000000
0.000000	103458.000000
0.000000	103458.000000
0.000000	103458.000000
0.000000	103458.000000
0.000000	103458.000000
0.000000	103458.000000
0.000000	103458.000000
0.000000	103458.000000
0.000000	103458.000000
0.000000	103458.000000
0.000000	103458.000000
0.000000	103458.000000
0.000000	103458.000000
0.000000	103458.000000
0.000000	103459.000000
0.000000	103459.000000
0.000000	103459.000000
0.000000	103459.000000
0.000000	103459.000000
0.000000	103459.000000
0.000000	103459.000000
0.000000	103459.000000
0.000000	103459.000000
0.000000	103459.000000
0.000000	103459.000000
0.000000	103459.000000
0.000000	103459.000000
0.000000	103459.000000
0.000000	103459.000000
0.000000	103459.000000
0.000000	103459.000000
0.000000	103500.000000
0.000000	103500.000000
0.000000	103500.000000
0.000000	103500.000000
0.000000	103500.000000
0.000000	103500.000000
0.000000	103500.000000
0.000000	103500.000000
0.000000	103500.000000
0.000000	103500.000000
0.000000	103500.000000
0.000000	103500.000000
0.000000	103500.000000
0.000000	103500.000000
0.000000	103500.000000
0.000000	103500.000000
0.000000	103500.000000
0.000000	103501.000000
0.000000	103501.000000
0.000000	103501.000000
0.000000	103501.000000
0.000000	103501.000000
0.000000	103501.000000
0.000000	103501.000000
0.000000	103501.000000
0.000000	103501.000000
0.000000	103501.000000
0.000000	103501.000000
0.000000	103501.000000
0.000000	103501.000000
0.000000	103501.000000
0.000000	103501.000000
0.000000	103501.000000
0.000000	103501.000000
0.000000	103502.000000
0.000000	103502.000000
0.000000	103502.000000
0.000000	103502.000000
0.000000	103502.000000
0.000000	103502.000000
0.000000	103502.000000
0.000000	103502.000000
0.000000	103502.000000
0.000000	103502.000000
0.000000	103502.000000
0.000000	103502.000000
0.000000	103502.000000
0.000000	103502.000000
0.000000	103502.000000
0.000000	103502.000000
0.000000	103502.000000
0.000000	103503.000000
0.000000	103503.000000
0.000000	103503.000000
0.000000	103503.000000
0.000000	103503.000000
0.000000	103503.000000
0.000000	103503.000000
0.000000	103503.000000
0.000000	103503.000000
0.000000	103503.000000
0.000000	103503.000000
0.000000	103503.000000
0.000000	103503.000000
0.000000	103503.000000
0.000000	103503.000000
0.000000	103503.000000
0.000000	103503.000000
0.000000	103504.000000
0.000000	103504.000000
0.000000	103504.000000
0.000000	103504.000000
0.000000	103504.000000
0.000000	103504.000000
0.000000	103504.000000
0.000000	103504.000000
0.000000	103504.000000
0.000000	103504.000000
0.000000	103504.000000
0.000000	103504.000000
0.000000	103504.000000
0.000000	103504.000000
0.000000	103504.000000
0.000000	103504.000000
0.000000	103504.000000
0.000000	103505.000000
0.000000	103505.000000
0.000000	103505.000000
0.000000	103505.000000
0.000000	103505.000000
0.000000	103505.000000
0.000000	103505.000000
0.000000	103505.000000
0.000000	103505.000000
0.000000	103505.000000
0.000000	103505.000000
0.000000	103505.000000
0.000000	103505.000000
0.000000	103505.000000
0.000000	103505.000000
0.000000	103505.000000
0.000000	103505.000000
0.000000	103506.000000
0.000000	103506.000000
0.000000	103506.000000
0.000000	103506.000000
0.000000	103506.000000
0.000000	103506.000000
0.000000	103506.000000
0.000000	103506.000000
0.000000	103506.000000
0.000000	103506.000000
0.000000	103506.000000
0.000000	103506.000000
0.000000	103506.000000
0.000000	103506.000000
0.000000	103506.000000
0.000000	103506.000000
0.000000	103506.000000
0.000000	103507.000000
0.000000	103507.000000
0.000000	103507.000000
0.000000	103507.000000
0.000000	103507.000000
0.000000	103507.000000
0.000000	103507.000000
0.000000	103507.000000
0.000000	103507.000000
0.000000	103507.000000
0.000000	103507.000000
0.000000	103507.000000
0.000000	103507.000000
0.000000	103507.000000
0.000000	103507.000000
0.000000	103507.000000
0.000000	103507.000000
0.000000	103508.000000
0.000000	103508.000000
0.000000	103508.000000
0.000000	103508.000000
0.000000	103508.000000
0.000000	103508.000000
0.000000	103508.000000
0.000000	103508.000000
0.000000	103508.000000
0.000000	103508.000000
0.000000	103508.000000
0.000000	103508.000000
0.000000	103508.000000
0.000000	103508.000000
0.000000	103508.000000
0.000000	103508.000000
0.000000	103508.000000
0.000000	103509.000000
0.000000	103509.000000
0.000000	103509.000000
0.000000	103509.000000
0.000000	103509.000000
0.000000	103509.000000
0.000000	103509.000000
0.000000	103509.000000
0.000000	103509.000000
0.000000	103509.000000
0.000000	103509.000000
0.000000	103509.000000
0.000000	103509.000000
0.000000	103509.000000
0.000000	103509.000000
0.000000	103509.000000
0.000000	103509.000000
0.000000	103510.000000
0.000000	103510.000000
0.000000	103510.000000
0.000000	103510.000000
0.000000	103510.000000
0.000000	103510.000000
0.000000	103510.000000
0.000000	103510.000000
0.000000	103510.000000
0.000000	103510.000000
0.000000	103510.000000
0.000000	103510.000000
0.000000	103510.000000
0.000000	103510.000000
0.000000	103510.000000
0.000000	103510.000000
0.000000	103510.000000
0.000000	103510.000000
0.000000	103511.000000
0.000000	103511.000000
0.000000	103511.000000
0.000000	103511.000000
0.000000	103511.000000
0.000000	103511.000000
0.000000	103511.000000
0.000000	103511.000000
0.000000	103511.000000
0.000000	103511.000000
0.000000	103511.000000
0.000000	103511.000000
0.000000	103511.000000
0.000000	103511.000000
0.000000	103511.000000
0.000000	103511.000000
0.000000	103511.000000
0.000000	103512.000000
0.000000	103512.000000
0.000000	103512.000000
0.000000	103512.000000
0.000000	103512.000000
0.000000	103512.000000
0.000000	103512.000000
0.000000	103512.000000
0.000000	103512.000000
0.000000	103512.000000
0.000000	103512.000000
0.000000	103512.000000
0.000000	103512.000000
0.000000	103512.000000
0.000000	103512.000000
0.000000	103512.000000
0.000000	103512.000000
0.000000	103513.000000
0.000000	103513.000000
0.000000	103513.000000
0.000000	103513.000000
0.000000	103513.000000
0.000000	103513.000000
0.000000	103513.000000
0.000000	103513.000000
0.000000	103513.000000
0.000000	103513.000000
0.000000	103513.000000
0.000000	103513.000000
0.000000	103513.000000
0.000000	103513.000000
0.000000	103513.000000
0.000000	103513.000000
0.000000	103513.000000
0.000000	103514.000000
0.000000	103514.000000
0.000000	103514.000000
0.000000	103514.000000
0.000000	103514.000000
0.000000	103514.000000
0.000000	103514.000000
0.000000	103514.000000
0.000000	103514.000000
0.000000	103514.000000
0.000000	103514.000000
0.000000	103514.000000
0.000000	103514.000000
0.000000	103514.000000
0.000000	103514.000000
0.000000	103514.000000
0.000000	103514.000000
0.000000	103515.000000
0.000000	103515.000000
0.000000	103515.000000
0.000000	103515.000000
0.000000	103515.000000
0.000000	103515.000000
0.000000	103515.000000
0.000000	103515.000000
0.000000	103515.000000
0.000000	103515.000000
0.000000	103515.000000
0.000000	103515.000000
0.000000	103515.000000
0.000000	103515.000000
0.000000	103515.000000
0.000000	103515.000000
0.000000	103515.000000
0.000000	103516.000000
0.000000	103516.000000
0.000000	103516.000000
0.000000	103516.000000
0.000000	103516.000000
0.000000	103516.000000
0.000000	103516.000000
0.000000	103516.000000
0.000000	103516.000000
0.000000	103516.000000
0.000000	103516.000000
0.000000	103516.000000
0.000000	103516.000000
0.000000	103516.000000
0.000000	103516.000000
0.000000	103516.000000
0.000000	103516.000000
0.000000	103517.000000
0.000000	103517.000000
0.000000	103517.000000
0.000000	103517.000000
0.000000	103517.000000
0.000000	103517.000000
0.000000	103517.000000
0.000000	103517.000000
0.000000	103517.000000
0.000000	103517.000000
0.000000	103517.000000
0.000000	103517.000000
0.000000	103517.000000
0.000000	103517.000000
0.000000	103517.000000
0.000000	103517.000000
0.000000	103517.000000
0.000000	103518.000000
0.000000	103518.000000
0.000000	103518.000000
0.000000	103518.000000
0.000000	103518.000000
0.000000	103518.000000
0.000000	103518.000000
0.000000	103518.000000
0.000000	103518.000000
0.000000	103518.000000
0.000000	103518.000000
0.000000	103518.000000
0.000000	103518.000000
0.000000	103518.000000
0.000000	103518.000000
0.000000	103518.000000
0.000000	103519.000000
0.000000	103519.000000
0.000000	103519.000000
0.000000	103519.000000
0.000000	103519.000000
0.000000	103519.000000
0.000000	103519.000000
0.000000	103519.000000
0.000000	103519.000000
0.000000	103519.000000
0.000000	103519.000000
0.000000	103519.000000
0.000000	103519.000000
0.000000	103519.000000
0.000000	103519.000000
0.000000	103519.000000
0.000000	103519.000000
0.000000	103519.000000
0.000000	103520.000000
0.000000	103520.000000
0.000000	103520.000000
0.000000	103520.000000
0.000000	103520.000000
0.000000	103520.000000
0.000000	103520.000000
0.000000	103520.000000
