0.000000	102920.000000
0.000000	102920.000000
0.000000	102920.000000
0.000000	102920.000000
0.000000	102920.000000
0.000000	102920.000000
0.000000	102920.000000
0.000000	102920.000000
0.000000	102920.000000
0.000000	102921.000000
0.000000	102921.000000
0.000000	102921.000000
0.000000	102921.000000
0.000000	102921.000000
0.000000	102921.000000
0.000000	102921.000000
0.000000	102921.000000
0.000000	102921.000000
0.000000	102921.000000
0.000000	102921.000000
0.000000	102921.000000
0.000000	102921.000000
0.000000	102921.000000
0.000000	102921.000000
0.000000	102921.000000
0.000000	102921.000000
0.000000	102922.000000
0.000000	102922.000000
0.000000	102922.000000
0.000000	102922.000000
0.000000	102922.000000
0.000000	102922.000000
0.000000	102922.000000
0.000000	102922.000000
0.000000	102922.000000
0.000000	102922.000000
0.000000	102922.000000
0.000000	102922.000000
0.000000	102922.000000
0.000000	102922.000000
0.000000	102922.000000
0.000000	102922.000000
0.000000	102922.000000
0.000000	102923.000000
0.000000	102923.000000
0.000000	102923.000000
0.000000	102923.000000
0.000000	102923.000000
0.000000	102923.000000
0.000000	102923.000000
0.000000	102923.000000
0.000000	102923.000000
0.000000	102923.000000
0.000000	102923.000000
0.000000	102923.000000
0.000000	102923.000000
0.000000	102923.000000
0.000000	102923.000000
0.000000	102923.000000
0.000000	102923.000000
0.000000	102924.000000
0.000000	102924.000000
0.000000	102924.000000
0.000000	102924.000000
0.000000	102924.000000
0.000000	102924.000000
0.000000	102924.000000
0.000000	102924.000000
0.000000	102924.000000
0.000000	102924.000000
0.000000	102924.000000
0.000000	102924.000000
0.000000	102924.000000
0.000000	102924.000000
0.000000	102924.000000
0.000000	102924.000000
0.000000	102924.000000
0.000000	102924.000000
0.000000	102925.000000
0.000000	102925.000000
0.000000	102925.000000
0.000000	102925.000000
0.000000	102925.000000
0.000000	102925.000000
0.000000	102925.000000
0.000000	102925.000000
0.000000	102925.000000
0.000000	102925.000000
0.000000	102925.000000
0.000000	102925.000000
0.000000	102925.000000
0.000000	102925.000000
0.000000	102925.000000
0.000000	102925.000000
0.000000	102925.000000
0.000000	102926.000000
0.000000	102926.000000
0.000000	102926.000000
0.000000	102926.000000
0.000000	102926.000000
0.000000	102926.000000
0.000000	102926.000000
0.000000	102926.000000
0.000000	102926.000000
0.000000	102926.000000
0.000000	102926.000000
0.000000	102926.000000
0.000000	102926.000000
0.000000	102926.000000
0.000000	102926.000000
0.000000	102926.000000
0.000000	102926.000000
0.000000	102927.000000
0.000000	102927.000000
0.000000	102927.000000
0.000000	102927.000000
0.000000	102927.000000
0.000000	102927.000000
0.000000	102927.000000
0.000000	102927.000000
0.000000	102927.000000
0.000000	102927.000000
0.000000	102927.000000
0.000000	102927.000000
0.000000	102927.000000
0.000000	102927.000000
0.000000	102927.000000
0.000000	102927.000000
0.000000	102927.000000
0.000000	102928.000000
0.000000	102928.000000
0.000000	102928.000000
0.000000	102928.000000
0.000000	102928.000000
0.000000	102928.000000
0.000000	102928.000000
0.000000	102928.000000
0.000000	102928.000000
0.000000	102928.000000
0.000000	102928.000000
0.000000	102928.000000
0.000000	102928.000000
0.000000	102928.000000
0.000000	102928.000000
0.000000	102928.000000
0.000000	102929.000000
0.000000	102929.000000
0.000000	102929.000000
0.000000	102929.000000
0.000000	102929.000000
0.000000	102929.000000
0.000000	102929.000000
0.000000	102929.000000
0.000000	102929.000000
0.000000	102929.000000
0.000000	102929.000000
0.000000	102929.000000
0.000000	102929.000000
0.000000	102929.000000
0.000000	102929.000000
0.000000	102929.000000
0.000000	102929.000000
0.000000	102929.000000
0.000000	102930.000000
0.000000	102930.000000
0.000000	102930.000000
0.000000	102930.000000
0.000000	102930.000000
0.000000	102930.000000
0.000000	102930.000000
0.000000	102930.000000
0.000000	102930.000000
0.000000	102930.000000
0.000000	102930.000000
0.000000	102930.000000
0.000000	102930.000000
0.000000	102930.000000
0.000000	102930.000000
0.000000	102930.000000
0.000000	102930.000000
0.000000	102931.000000
0.000000	102931.000000
0.000000	102931.000000
0.000000	102931.000000
0.000000	102931.000000
0.000000	102931.000000
0.000000	102931.000000
0.000000	102931.000000
0.000000	102931.000000
0.000000	102931.000000
0.000000	102931.000000
0.000000	102931.000000
0.000000	102931.000000
0.000000	102931.000000
0.000000	102931.000000
0.000000	102931.000000
0.000000	102931.000000
0.000000	102932.000000
0.000000	102932.000000
0.000000	102932.000000
0.000000	102932.000000
0.000000	102932.000000
0.000000	102932.000000
0.000000	102932.000000
0.000000	102932.000000
0.000000	102932.000000
0.000000	102932.000000
0.000000	102932.000000
0.000000	102932.000000
0.000000	102932.000000
0.000000	102932.000000
0.000000	102932.000000
0.000000	102932.000000
0.000000	102932.000000
0.000000	102933.000000
0.000000	102933.000000
0.000000	102933.000000
0.000000	102933.000000
0.000000	102933.000000
0.000000	102933.000000
0.000000	102933.000000
0.000000	102933.000000
0.000000	102933.000000
0.000000	102933.000000
0.000000	102933.000000
0.000000	102933.000000
0.000000	102933.000000
0.000000	102933.000000
0.000000	102933.000000
0.000000	102933.000000
0.000000	102933.000000
0.000000	102934.000000
0.000000	102934.000000
0.000000	102934.000000
0.000000	102934.000000
0.000000	102934.000000
0.000000	102934.000000
0.000000	102934.000000
0.000000	102934.000000
0.000000	102934.000000
0.000000	102934.000000
0.000000	102934.000000
0.000000	102934.000000
0.000000	102934.000000
0.000000	102934.000000
0.000000	102934.000000
0.000000	102934.000000
0.000000	102934.000000
0.000000	102935.000000
0.000000	102935.000000
0.000000	102935.000000
0.000000	102935.000000
0.000000	102935.000000
0.000000	102935.000000
0.000000	102935.000000
0.000000	102935.000000
0.000000	102935.000000
0.000000	102935.000000
0.000000	102935.000000
0.000000	102935.000000
0.000000	102935.000000
0.000000	102935.000000
0.000000	102935.000000
0.000000	102935.000000
0.000000	102935.000000
0.000000	102936.000000
0.000000	102936.000000
0.000000	102936.000000
0.000000	102936.000000
0.000000	102936.000000
0.000000	102936.000000
0.000000	102936.000000
0.000000	102936.000000
0.000000	102936.000000
0.000000	102936.000000
0.000000	102936.000000
0.000000	102936.000000
0.000000	102936.000000
0.000000	102936.000000
0.000000	102936.000000
0.000000	102936.000000
0.000000	102936.000000
0.000000	102937.000000
0.000000	102937.000000
0.000000	102937.000000
0.000000	102937.000000
0.000000	102937.000000
0.000000	102937.000000
0.000000	102937.000000
0.000000	102937.000000
0.000000	102937.000000
0.000000	102937.000000
0.000000	102937.000000
0.000000	102937.000000
0.000000	102937.000000
0.000000	102937.000000
0.000000	102937.000000
0.000000	102937.000000
0.000000	102937.000000
0.000000	102938.000000
0.000000	102938.000000
0.000000	102938.000000
0.000000	102938.000000
0.000000	102938.000000
0.000000	102938.000000
0.000000	102938.000000
0.000000	102938.000000
0.000000	102938.000000
0.000000	102938.000000
0.000000	102938.000000
0.000000	102938.000000
0.000000	102938.000000
0.000000	102938.000000
0.000000	102938.000000
0.000000	102938.000000
0.000000	102938.000000
0.000000	102939.000000
0.000000	102939.000000
0.000000	102939.000000
0.000000	102939.000000
0.000000	102939.000000
0.000000	102939.000000
0.000000	102939.000000
0.000000	102939.000000
0.000000	102939.000000
0.000000	102939.000000
0.000000	102939.000000
0.000000	102939.000000
0.000000	102939.000000
0.000000	102939.000000
0.000000	102939.000000
0.000000	102939.000000
0.000000	102939.000000
0.000000	102940.000000
0.000000	102940.000000
0.000000	102940.000000
0.000000	102940.000000
0.000000	102940.000000
0.000000	102940.000000
0.000000	102940.000000
0.000000	102940.000000
0.000000	102940.000000
0.000000	102940.000000
0.000000	102940.000000
0.000000	102940.000000
0.000000	102940.000000
0.000000	102940.000000
0.000000	102940.000000
0.000000	102940.000000
0.000000	102940.000000
0.000000	102940.000000
0.000000	102941.000000
0.000000	102941.000000
0.000000	102941.000000
0.000000	102941.000000
0.000000	102941.000000
0.000000	102941.000000
0.000000	102941.000000
0.000000	102941.000000
0.000000	102941.000000
0.000000	102941.000000
0.000000	102941.000000
0.000000	102941.000000
0.000000	102941.000000
0.000000	102941.000000
0.000000	102941.000000
0.000000	102941.000000
0.000000	102941.000000
0.000000	102942.000000
0.000000	102942.000000
0.000000	102942.000000
0.000000	102942.000000
0.000000	102942.000000
0.000000	102942.000000
0.000000	102942.000000
0.000000	102942.000000
0.000000	102942.000000
0.000000	102942.000000
0.000000	102942.000000
0.000000	102942.000000
0.000000	102942.000000
0.000000	102942.000000
0.000000	102942.000000
0.000000	102942.000000
0.000000	102942.000000
0.000000	102943.000000
0.000000	102943.000000
0.000000	102943.000000
0.000000	102943.000000
0.000000	102943.000000
0.000000	102943.000000
0.000000	102943.000000
0.000000	102943.000000
0.000000	102943.000000
0.000000	102943.000000
0.000000	102943.000000
0.000000	102943.000000
0.000000	102943.000000
0.000000	102943.000000
0.000000	102943.000000
0.000000	102943.000000
0.000000	102943.000000
0.000000	102944.000000
0.000000	102944.000000
0.000000	102944.000000
0.000000	102944.000000
0.000000	102944.000000
0.000000	102944.000000
0.000000	102944.000000
0.000000	102944.000000
0.000000	102944.000000
0.000000	102944.000000
0.000000	102944.000000
0.000000	102944.000000
0.000000	102944.000000
0.000000	102944.000000
0.000000	102944.000000
0.000000	102944.000000
0.000000	102944.000000
0.000000	102945.000000
0.000000	102945.000000
0.000000	102945.000000
0.000000	102945.000000
0.000000	102945.000000
0.000000	102945.000000
0.000000	102945.000000
0.000000	102945.000000
0.000000	102945.000000
0.000000	102945.000000
0.000000	102945.000000
0.000000	102945.000000
0.000000	102945.000000
0.000000	102945.000000
0.000000	102945.000000
0.000000	102945.000000
0.000000	102945.000000
0.000000	102946.000000
0.000000	102946.000000
0.000000	102946.000000
0.000000	102946.000000
0.000000	102946.000000
0.000000	102946.000000
0.000000	102946.000000
0.000000	102946.000000
0.000000	102946.000000
0.000000	102946.000000
0.000000	102946.000000
0.000000	102946.000000
0.000000	102946.000000
0.000000	102946.000000
0.000000	102946.000000
0.000000	102946.000000
0.000000	102946.000000
0.000000	102947.000000
0.000000	102947.000000
0.000000	102947.000000
0.000000	102947.000000
0.000000	102947.000000
0.000000	102947.000000
0.000000	102947.000000
0.000000	102947.000000
0.000000	102947.000000
0.000000	102947.000000
0.000000	102947.000000
0.000000	102947.000000
0.000000	102947.000000
0.000000	102947.000000
0.000000	102947.000000
0.000000	102947.000000
0.000000	102947.000000
0.000000	102948.000000
0.000000	102948.000000
0.000000	102948.000000
0.000000	102948.000000
0.000000	102948.000000
0.000000	102948.000000
0.000000	102948.000000
0.000000	102948.000000
0.000000	102948.000000
0.000000	102948.000000
0.000000	102948.000000
0.000000	102948.000000
0.000000	102948.000000
0.000000	102948.000000
0.000000	102948.000000
0.000000	102948.000000
0.000000	102948.000000
0.000000	102949.000000
0.000000	102949.000000
0.000000	102949.000000
0.000000	102949.000000
0.000000	102949.000000
0.000000	102949.000000
0.000000	102949.000000
0.000000	102949.000000
0.000000	102949.000000
0.000000	102949.000000
0.000000	102949.000000
0.000000	102949.000000
0.000000	102949.000000
0.000000	102949.000000
0.000000	102949.000000
0.000000	102949.000000
0.000000	102949.000000
0.000000	102950.000000
0.000000	102950.000000
0.000000	102950.000000
0.000000	102950.000000
0.000000	102950.000000
0.000000	102950.000000
0.000000	102950.000000
0.000000	102950.000000
0.000000	102950.000000
0.000000	102950.000000
0.000000	102950.000000
0.000000	102950.000000
0.000000	102950.000000
0.000000	102950.000000
0.000000	102950.000000
0.000000	102950.000000
0.000000	102950.000000
0.000000	102951.000000
0.000000	102951.000000
0.000000	102951.000000
0.000000	102951.000000
0.000000	102951.000000
0.000000	102951.000000
0.000000	102951.000000
0.000000	102951.000000
0.000000	102951.000000
0.000000	102951.000000
0.000000	102951.000000
0.000000	102951.000000
0.000000	102951.000000
0.000000	102951.000000
0.000000	102951.000000
0.000000	102951.000000
0.000000	102951.000000
0.000000	102952.000000
0.000000	102952.000000
0.000000	102952.000000
0.000000	102952.000000
0.000000	102952.000000
0.000000	102952.000000
0.000000	102952.000000
0.000000	102952.000000
0.000000	102952.000000
0.000000	102952.000000
0.000000	102952.000000
0.000000	102952.000000
0.000000	102952.000000
0.000000	102952.000000
0.000000	102952.000000
0.000000	102952.000000
0.000000	102952.000000
0.000000	102953.000000
0.000000	102953.000000
0.000000	102953.000000
0.000000	102953.000000
0.000000	102953.000000
0.000000	102953.000000
0.000000	102953.000000
0.000000	102953.000000
0.000000	102953.000000
0.000000	102953.000000
0.000000	102953.000000
0.000000	102953.000000
0.000000	102953.000000
0.000000	102953.000000
0.000000	102953.000000
0.000000	102953.000000
0.000000	102953.000000
0.000000	102954.000000
0.000000	102954.000000
0.000000	102954.000000
0.000000	102954.000000
0.000000	102954.000000
0.000000	102954.000000
0.000000	102954.000000
0.000000	102954.000000
0.000000	102954.000000
0.000000	102954.000000
0.000000	102954.000000
0.000000	102954.000000
0.000000	102954.000000
0.000000	102954.000000
0.000000	102954.000000
0.000000	102954.000000
0.000000	102954.000000
0.000000	102955.000000
0.000000	102955.000000
0.000000	102955.000000
0.000000	102955.000000
0.000000	102955.000000
0.000000	102955.000000
0.000000	102955.000000
0.000000	102955.000000
0.000000	102955.000000
0.000000	102955.000000
0.000000	102955.000000
0.000000	102955.000000
0.000000	102955.000000
0.000000	102955.000000
0.000000	102955.000000
0.000000	102955.000000
0.000000	102955.000000
0.000000	102955.000000
0.000000	102956.000000
0.000000	102956.000000
0.000000	102956.000000
0.000000	102956.000000
0.000000	102956.000000
0.000000	102956.000000
0.000000	102956.000000
0.000000	102956.000000
0.000000	102956.000000
0.000000	102956.000000
0.000000	102956.000000
0.000000	102956.000000
0.000000	102956.000000
0.000000	102956.000000
0.000000	102956.000000
0.000000	102956.000000
0.000000	102956.000000
0.000000	102957.000000
0.000000	102957.000000
0.000000	102957.000000
0.000000	102957.000000
0.000000	102957.000000
0.000000	102957.000000
0.000000	102957.000000
0.000000	102957.000000
0.000000	102957.000000
0.000000	102957.000000
0.000000	102957.000000
0.000000	102957.000000
0.000000	102957.000000
0.000000	102957.000000
0.000000	102957.000000
0.000000	102957.000000
0.000000	102957.000000
0.000000	102958.000000
0.000000	102958.000000
0.000000	102958.000000
0.000000	102958.000000
0.000000	102958.000000
0.000000	102958.000000
0.000000	102958.000000
0.000000	102958.000000
0.000000	102958.000000
0.000000	102958.000000
0.000000	102958.000000
0.000000	102958.000000
0.000000	102958.000000
0.000000	102958.000000
0.000000	102958.000000
0.000000	102958.000000
0.000000	102958.000000
0.000000	102959.000000
0.000000	102959.000000
0.000000	102959.000000
0.000000	102959.000000
0.000000	102959.000000
0.000000	102959.000000
0.000000	102959.000000
0.000000	102959.000000
0.000000	102959.000000
0.000000	102959.000000
0.000000	102959.000000
0.000000	102959.000000
0.000000	102959.000000
0.000000	102959.000000
0.000000	102959.000000
0.000000	102959.000000
0.000000	102959.000000
0.000000	103000.000000
0.000000	103000.000000
0.000000	103000.000000
0.000000	103000.000000
0.000000	103000.000000
0.000000	103000.000000
0.000000	103000.000000
0.000000	103000.000000
0.000000	103000.000000
0.000000	103000.000000
0.000000	103000.000000
0.000000	103000.000000
0.000000	103000.000000
0.000000	103000.000000
0.000000	103000.000000
0.000000	103000.000000
0.000000	103000.000000
0.000000	103001.000000
0.000000	103001.000000
0.000000	103001.000000
0.000000	103001.000000
0.000000	103001.000000
0.000000	103001.000000
0.000000	103001.000000
0.000000	103001.000000
0.000000	103001.000000
0.000000	103001.000000
0.000000	103001.000000
0.000000	103001.000000
0.000000	103001.000000
0.000000	103001.000000
0.000000	103001.000000
0.000000	103001.000000
0.000000	103001.000000
0.000000	103002.000000
0.000000	103002.000000
0.000000	103002.000000
0.000000	103002.000000
0.000000	103002.000000
0.000000	103002.000000
0.000000	103002.000000
0.000000	103002.000000
0.000000	103002.000000
0.000000	103002.000000
0.000000	103002.000000
0.000000	103002.000000
0.000000	103002.000000
0.000000	103002.000000
0.000000	103002.000000
0.000000	103002.000000
0.000000	103002.000000
0.000000	103003.000000
0.000000	103003.000000
0.000000	103003.000000
0.000000	103003.000000
0.000000	103003.000000
0.000000	103003.000000
0.000000	103003.000000
0.000000	103003.000000
0.000000	103003.000000
0.000000	103003.000000
0.000000	103003.000000
0.000000	103003.000000
0.000000	103003.000000
0.000000	103003.000000
0.000000	103003.000000
0.000000	103003.000000
0.000000	103003.000000
0.000000	103004.000000
0.000000	103004.000000
0.000000	103004.000000
0.000000	103004.000000
0.000000	103004.000000
0.000000	103004.000000
0.000000	103004.000000
0.000000	103004.000000
0.000000	103004.000000
0.000000	103004.000000
0.000000	103004.000000
0.000000	103004.000000
0.000000	103004.000000
0.000000	103004.000000
0.000000	103004.000000
0.000000	103004.000000
0.000000	103004.000000
0.000000	103005.000000
0.000000	103005.000000
0.000000	103005.000000
0.000000	103005.000000
0.000000	103005.000000
0.000000	103005.000000
0.000000	103005.000000
0.000000	103005.000000
0.000000	103005.000000
0.000000	103005.000000
0.000000	103005.000000
0.000000	103005.000000
0.000000	103005.000000
0.000000	103005.000000
0.000000	103005.000000
0.000000	103005.000000
0.000000	103005.000000
0.000000	103006.000000
0.000000	103006.000000
0.000000	103006.000000
0.000000	103006.000000
0.000000	103006.000000
0.000000	103006.000000
0.000000	103006.000000
0.000000	103006.000000
0.000000	103006.000000
0.000000	103006.000000
0.000000	103006.000000
0.000000	103006.000000
0.000000	103006.000000
0.000000	103006.000000
0.000000	103006.000000
0.000000	103006.000000
0.000000	103006.000000
0.000000	103007.000000
0.000000	103007.000000
0.000000	103007.000000
0.000000	103007.000000
0.000000	103007.000000
0.000000	103007.000000
0.000000	103007.000000
0.000000	103007.000000
0.000000	103007.000000
0.000000	103007.000000
0.000000	103007.000000
0.000000	103007.000000
0.000000	103007.000000
0.000000	103007.000000
0.000000	103007.000000
0.000000	103007.000000
0.000000	103007.000000
0.000000	103008.000000
0.000000	103008.000000
0.000000	103008.000000
0.000000	103008.000000
0.000000	103008.000000
0.000000	103008.000000
0.000000	103008.000000
0.000000	103008.000000
0.000000	103008.000000
0.000000	103008.000000
0.000000	103008.000000
0.000000	103008.000000
0.000000	103008.000000
0.000000	103008.000000
0.000000	103008.000000
0.000000	103008.000000
0.000000	103008.000000
0.000000	103009.000000
0.000000	103009.000000
0.000000	103009.000000
0.000000	103009.000000
0.000000	103009.000000
0.000000	103009.000000
0.000000	103009.000000
0.000000	103009.000000
0.000000	103009.000000
0.000000	103009.000000
0.000000	103009.000000
0.000000	103009.000000
0.000000	103009.000000
0.000000	103009.000000
0.000000	103009.000000
0.000000	103009.000000
0.000000	103009.000000
0.000000	103010.000000
0.000000	103010.000000
0.000000	103010.000000
0.000000	103010.000000
0.000000	103010.000000
0.000000	103010.000000
0.000000	103010.000000
0.000000	103010.000000
0.000000	103010.000000
0.000000	103010.000000
0.000000	103010.000000
0.000000	103010.000000
0.000000	103010.000000
0.000000	103010.000000
0.000000	103010.000000
0.000000	103010.000000
0.000000	103011.000000
0.000000	103011.000000
0.000000	103011.000000
0.000000	103011.000000
0.000000	103011.000000
0.000000	103011.000000
0.000000	103011.000000
0.000000	103011.000000
0.000000	103011.000000
0.000000	103011.000000
0.000000	103011.000000
0.000000	103011.000000
0.000000	103011.000000
0.000000	103011.000000
0.000000	103011.000000
0.000000	103011.000000
0.000000	103011.000000
0.000000	103011.000000
0.000000	103011.000000
0.000000	103012.000000
0.000000	103012.000000
0.000000	103012.000000
0.000000	103012.000000
0.000000	103012.000000
0.000000	103012.000000
0.000000	103012.000000
0.000000	103012.000000
0.000000	103012.000000
0.000000	103012.000000
0.000000	103012.000000
0.000000	103012.000000
0.000000	103012.000000
0.000000	103012.000000
0.000000	103012.000000
0.000000	103012.000000
0.000000	103012.000000
0.000000	103013.000000
0.000000	103013.000000
0.000000	103013.000000
0.000000	103013.000000
0.000000	103013.000000
0.000000	103013.000000
0.000000	103013.000000
0.000000	103013.000000
0.000000	103013.000000
0.000000	103013.000000
0.000000	103013.000000
0.000000	103013.000000
0.000000	103013.000000
0.000000	103013.000000
0.000000	103013.000000
0.000000	103013.000000
0.000000	103013.000000
0.000000	103014.000000
0.000000	103014.000000
0.000000	103014.000000
0.000000	103014.000000
0.000000	103014.000000
0.000000	103014.000000
0.000000	103014.000000
0.000000	103014.000000
0.000000	103014.000000
0.000000	103014.000000
0.000000	103014.000000
0.000000	103014.000000
0.000000	103014.000000
0.000000	103014.000000
0.000000	103014.000000
0.000000	103014.000000
0.000000	103014.000000
0.000000	103015.000000
0.000000	103015.000000
0.000000	103015.000000
0.000000	103015.000000
0.000000	103015.000000
0.000000	103015.000000
0.000000	103015.000000
0.000000	103015.000000
0.000000	103015.000000
0.000000	103015.000000
0.000000	103015.000000
0.000000	103015.000000
0.000000	103015.000000
0.000000	103015.000000
0.000000	103015.000000
0.000000	103015.000000
0.000000	103015.000000
0.000000	103016.000000
0.000000	103016.000000
0.000000	103016.000000
0.000000	103016.000000
0.000000	103016.000000
0.000000	103016.000000
0.000000	103016.000000
0.000000	103016.000000
0.000000	103016.000000
0.000000	103016.000000
0.000000	103016.000000
0.000000	103016.000000
0.000000	103016.000000
0.000000	103016.000000
0.000000	103016.000000
0.000000	103016.000000
0.000000	103016.000000
0.000000	103017.000000
0.000000	103017.000000
0.000000	103017.000000
0.000000	103017.000000
0.000000	103017.000000
0.000000	103017.000000
0.000000	103017.000000
0.000000	103017.000000
0.000000	103017.000000
0.000000	103017.000000
0.000000	103017.000000
0.000000	103017.000000
0.000000	103017.000000
0.000000	103017.000000
0.000000	103017.000000
0.000000	103017.000000
0.000000	103017.000000
0.000000	103018.000000
0.000000	103018.000000
0.000000	103018.000000
0.000000	103018.000000
0.000000	103018.000000
0.000000	103018.000000
0.000000	103018.000000
0.000000	103018.000000
0.000000	103018.000000
0.000000	103018.000000
0.000000	103018.000000
0.000000	103018.000000
0.000000	103018.000000
0.000000	103018.000000
0.000000	103018.000000
0.000000	103018.000000
0.000000	103018.000000
0.000000	103019.000000
0.000000	103019.000000
0.000000	103019.000000
0.000000	103019.000000
0.000000	103019.000000
0.000000	103019.000000
0.000000	103019.000000
0.000000	103019.000000
0.000000	103019.000000
0.000000	103019.000000
0.000000	103019.000000
0.000000	103019.000000
0.000000	103019.000000
0.000000	103019.000000
0.000000	103019.000000
0.000000	103019.000000
0.000000	103019.000000
0.000000	103020.000000
0.000000	103020.000000
0.000000	103020.000000
0.000000	103020.000000
0.000000	103020.000000
0.000000	103020.000000
0.000000	103020.000000
0.000000	103020.000000
0.000000	103020.000000
0.000000	103020.000000
0.000000	103020.000000
0.000000	103020.000000
0.000000	103020.000000
0.000000	103020.000000
0.000000	103020.000000
0.000000	103020.000000
0.000000	103020.000000
0.000000	103021.000000
0.000000	103021.000000
0.000000	103021.000000
0.000000	103021.000000
0.000000	103021.000000
0.000000	103021.000000
0.000000	103021.000000
0.000000	103021.000000
0.000000	103021.000000
0.000000	103021.000000
0.000000	103021.000000
0.000000	103021.000000
0.000000	103021.000000
0.000000	103021.000000
0.000000	103021.000000
0.000000	103021.000000
0.000000	103021.000000
0.000000	103022.000000
0.000000	103022.000000
0.000000	103022.000000
0.000000	103022.000000
0.000000	103022.000000
0.000000	103022.000000
0.000000	103022.000000
0.000000	103022.000000
0.000000	103022.000000
0.000000	103022.000000
0.000000	103022.000000
0.000000	103022.000000
0.000000	103022.000000
0.000000	103022.000000
0.000000	103022.000000
0.000000	103022.000000
0.000000	103022.000000
0.000000	103023.000000
0.000000	103023.000000
0.000000	103023.000000
0.000000	103023.000000
0.000000	103023.000000
0.000000	103023.000000
0.000000	103023.000000
0.000000	103023.000000
0.000000	103023.000000
0.000000	103023.000000
0.000000	103023.000000
0.000000	103023.000000
0.000000	103023.000000
0.000000	103023.000000
0.000000	103023.000000
0.000000	103023.000000
0.000000	103023.000000
0.000000	103024.000000
0.000000	103024.000000
0.000000	103024.000000
0.000000	103024.000000
0.000000	103024.000000
0.000000	103024.000000
0.000000	103024.000000
0.000000	103024.000000
0.000000	103024.000000
0.000000	103024.000000
0.000000	103024.000000
0.000000	103024.000000
0.000000	103024.000000
0.000000	103024.000000
0.000000	103024.000000
0.000000	103024.000000
0.000000	103024.000000
0.000000	103025.000000
0.000000	103025.000000
0.000000	103025.000000
0.000000	103025.000000
0.000000	103025.000000
0.000000	103025.000000
0.000000	103025.000000
0.000000	103025.000000
0.000000	103025.000000
0.000000	103025.000000
0.000000	103025.000000
0.000000	103025.000000
0.000000	103025.000000
0.000000	103025.000000
0.000000	103025.000000
0.000000	103025.000000
0.000000	103025.000000
0.000000	103025.000000
0.000000	103026.000000
0.000000	103026.000000
0.000000	103026.000000
0.000000	103026.000000
0.000000	103026.000000
0.000000	103026.000000
0.000000	103026.000000
0.000000	103026.000000
0.000000	103026.000000
0.000000	103026.000000
0.000000	103026.000000
0.000000	103026.000000
0.000000	103026.000000
0.000000	103026.000000
0.000000	103026.000000
0.000000	103026.000000
0.000000	103026.000000
0.000000	103027.000000
0.000000	103027.000000
0.000000	103027.000000
0.000000	103027.000000
0.000000	103027.000000
0.000000	103027.000000
0.000000	103027.000000
0.000000	103027.000000
0.000000	103027.000000
0.000000	103027.000000
0.000000	103027.000000
0.000000	103027.000000
0.000000	103027.000000
0.000000	103027.000000
0.000000	103027.000000
0.000000	103027.000000
0.000000	103027.000000
0.000000	103028.000000
0.000000	103028.000000
0.000000	103028.000000
0.000000	103028.000000
0.000000	103028.000000
0.000000	103028.000000
0.000000	103028.000000
0.000000	103028.000000
0.000000	103028.000000
0.000000	103028.000000
0.000000	103028.000000
0.000000	103028.000000
0.000000	103028.000000
0.000000	103028.000000
0.000000	103028.000000
0.000000	103028.000000
0.000000	103028.000000
0.000000	103029.000000
0.000000	103029.000000
0.000000	103029.000000
0.000000	103029.000000
0.000000	103029.000000
0.000000	103029.000000
0.000000	103029.000000
0.000000	103029.000000
0.000000	103029.000000
0.000000	103029.000000
0.000000	103029.000000
0.000000	103029.000000
0.000000	103029.000000
0.000000	103029.000000
0.000000	103029.000000
0.000000	103029.000000
0.000000	103029.000000
0.000000	103030.000000
0.000000	103030.000000
0.000000	103030.000000
0.000000	103030.000000
0.000000	103030.000000
0.000000	103030.000000
0.000000	103030.000000
0.000000	103030.000000
0.000000	103030.000000
0.000000	103030.000000
0.000000	103030.000000
0.000000	103030.000000
0.000000	103030.000000
0.000000	103030.000000
0.000000	103030.000000
0.000000	103030.000000
0.000000	103030.000000
0.000000	103031.000000
0.000000	103031.000000
0.000000	103031.000000
0.000000	103031.000000
0.000000	103031.000000
0.000000	103031.000000
0.000000	103031.000000
0.000000	103031.000000
0.000000	103031.000000
0.000000	103031.000000
0.000000	103031.000000
0.000000	103031.000000
0.000000	103031.000000
0.000000	103031.000000
0.000000	103031.000000
0.000000	103031.000000
0.000000	103031.000000
0.000000	103032.000000
0.000000	103032.000000
0.000000	103032.000000
0.000000	103032.000000
0.000000	103032.000000
0.000000	103032.000000
0.000000	103032.000000
0.000000	103032.000000
0.000000	103032.000000
0.000000	103032.000000
0.000000	103032.000000
0.000000	103032.000000
0.000000	103032.000000
0.000000	103032.000000
0.000000	103032.000000
0.000000	103032.000000
0.000000	103032.000000
0.000000	103033.000000
0.000000	103033.000000
0.000000	103033.000000
0.000000	103033.000000
0.000000	103033.000000
0.000000	103033.000000
0.000000	103033.000000
0.000000	103033.000000
0.000000	103033.000000
0.000000	103033.000000
0.000000	103033.000000
0.000000	103033.000000
0.000000	103033.000000
0.000000	103033.000000
0.000000	103033.000000
0.000000	103033.000000
0.000000	103034.000000
0.000000	103034.000000
0.000000	103034.000000
0.000000	103034.000000
0.000000	103034.000000
0.000000	103034.000000
0.000000	103034.000000
0.000000	103034.000000
0.000000	103034.000000
0.000000	103034.000000
0.000000	103034.000000
0.000000	103034.000000
0.000000	103034.000000
0.000000	103034.000000
0.000000	103034.000000
0.000000	103034.000000
0.000000	103034.000000
0.000000	103034.000000
0.000000	103035.000000
0.000000	103035.000000
0.000000	103035.000000
0.000000	103035.000000
0.000000	103035.000000
0.000000	103035.000000
0.000000	103035.000000
0.000000	103035.000000
0.000000	103035.000000
0.000000	103035.000000
0.000000	103035.000000
0.000000	103035.000000
0.000000	103035.000000
0.000000	103035.000000
0.000000	103035.000000
0.000000	103035.000000
0.000000	103035.000000
0.000000	103036.000000
0.000000	103036.000000
0.000000	103036.000000
0.000000	103036.000000
0.000000	103036.000000
0.000000	103036.000000
0.000000	103036.000000
0.000000	103036.000000
0.000000	103036.000000
0.000000	103036.000000
0.000000	103036.000000
0.000000	103036.000000
0.000000	103036.000000
0.000000	103036.000000
0.000000	103036.000000
0.000000	103036.000000
0.000000	103036.000000
0.000000	103037.000000
0.000000	103037.000000
0.000000	103037.000000
0.000000	103037.000000
0.000000	103037.000000
0.000000	103037.000000
0.000000	103037.000000
0.000000	103037.000000
0.000000	103037.000000
0.000000	103037.000000
0.000000	103037.000000
0.000000	103037.000000
0.000000	103037.000000
0.000000	103037.000000
0.000000	103037.000000
0.000000	103037.000000
0.000000	103037.000000
0.000000	103038.000000
0.000000	103038.000000
0.000000	103038.000000
0.000000	103038.000000
0.000000	103038.000000
0.000000	103038.000000
0.000000	103038.000000
0.000000	103038.000000
0.000000	103038.000000
0.000000	103038.000000
0.000000	103038.000000
0.000000	103038.000000
0.000000	103038.000000
0.000000	103038.000000
0.000000	103038.000000
0.000000	103038.000000
0.000000	103038.000000
0.000000	103039.000000
0.000000	103039.000000
0.000000	103039.000000
0.000000	103039.000000
0.000000	103039.000000
0.000000	103039.000000
0.000000	103039.000000
0.000000	103039.000000
0.000000	103039.000000
0.000000	103039.000000
0.000000	103039.000000
0.000000	103039.000000
0.000000	103039.000000
0.000000	103039.000000
0.000000	103039.000000
0.000000	103039.000000
0.000000	103039.000000
0.000000	103040.000000
0.000000	103040.000000
0.000000	103040.000000
0.000000	103040.000000
0.000000	103040.000000
0.000000	103040.000000
0.000000	103040.000000
0.000000	103040.000000
0.000000	103040.000000
0.000000	103040.000000
0.000000	103040.000000
0.000000	103040.000000
0.000000	103040.000000
0.000000	103040.000000
0.000000	103040.000000
0.000000	103040.000000
0.000000	103040.000000
0.000000	103041.000000
0.000000	103041.000000
0.000000	103041.000000
0.000000	103041.000000
0.000000	103041.000000
0.000000	103041.000000
0.000000	103041.000000
0.000000	103041.000000
0.000000	103041.000000
0.000000	103041.000000
0.000000	103041.000000
0.000000	103041.000000
0.000000	103041.000000
0.000000	103041.000000
0.000000	103041.000000
0.000000	103041.000000
0.000000	103041.000000
0.000000	103041.000000
0.000000	103042.000000
0.000000	103042.000000
0.000000	103042.000000
0.000000	103042.000000
0.000000	103042.000000
0.000000	103042.000000
0.000000	103042.000000
0.000000	103042.000000
0.000000	103042.000000
0.000000	103042.000000
0.000000	103042.000000
0.000000	103042.000000
0.000000	103042.000000
0.000000	103042.000000
0.000000	103042.000000
0.000000	103042.000000
0.000000	103042.000000
0.000000	103043.000000
0.000000	103043.000000
0.000000	103043.000000
0.000000	103043.000000
0.000000	103043.000000
0.000000	103043.000000
0.000000	103043.000000
0.000000	103043.000000
0.000000	103043.000000
0.000000	103043.000000
0.000000	103043.000000
0.000000	103043.000000
0.000000	103043.000000
0.000000	103043.000000
0.000000	103043.000000
0.000000	103043.000000
0.000000	103043.000000
0.000000	103044.000000
0.000000	103044.000000
0.000000	103044.000000
0.000000	103044.000000
0.000000	103044.000000
0.000000	103044.000000
0.000000	103044.000000
0.000000	103044.000000
0.000000	103044.000000
0.000000	103044.000000
0.000000	103044.000000
0.000000	103044.000000
0.000000	103044.000000
0.000000	103044.000000
0.000000	103044.000000
0.000000	103044.000000
0.000000	103044.000000
0.000000	103045.000000
0.000000	103045.000000
0.000000	103045.000000
0.000000	103045.000000
0.000000	103045.000000
0.000000	103045.000000
0.000000	103045.000000
0.000000	103045.000000
0.000000	103045.000000
0.000000	103045.000000
0.000000	103045.000000
0.000000	103045.000000
0.000000	103045.000000
0.000000	103045.000000
0.000000	103045.000000
0.000000	103045.000000
0.000000	103045.000000
0.000000	103046.000000
0.000000	103046.000000
0.000000	103046.000000
0.000000	103046.000000
0.000000	103046.000000
0.000000	103046.000000
0.000000	103046.000000
0.000000	103046.000000
0.000000	103046.000000
0.000000	103046.000000
0.000000	103046.000000
0.000000	103046.000000
0.000000	103046.000000
0.000000	103046.000000
0.000000	103046.000000
0.000000	103046.000000
0.000000	103046.000000
0.000000	103047.000000
0.000000	103047.000000
0.000000	103047.000000
0.000000	103047.000000
0.000000	103047.000000
0.000000	103047.000000
0.000000	103047.000000
0.000000	103047.000000
0.000000	103047.000000
0.000000	103047.000000
0.000000	103047.000000
0.000000	103047.000000
0.000000	103047.000000
0.000000	103047.000000
0.000000	103047.000000
0.000000	103047.000000
0.000000	103047.000000
0.000000	103048.000000
0.000000	103048.000000
0.000000	103048.000000
0.000000	103048.000000
0.000000	103048.000000
0.000000	103048.000000
0.000000	103048.000000
0.000000	103048.000000
0.000000	103048.000000
0.000000	103048.000000
0.000000	103048.000000
0.000000	103048.000000
0.000000	103048.000000
0.000000	103048.000000
0.000000	103048.000000
0.000000	103048.000000
0.000000	103048.000000
0.000000	103049.000000
0.000000	103049.000000
0.000000	103049.000000
0.000000	103049.000000
0.000000	103049.000000
0.000000	103049.000000
0.000000	103049.000000
0.000000	103049.000000
0.000000	103049.000000
0.000000	103049.000000
0.000000	103049.000000
0.000000	103049.000000
0.000000	103049.000000
0.000000	103049.000000
0.000000	103049.000000
0.000000	103049.000000
0.000000	103049.000000
0.000000	103050.000000
0.000000	103050.000000
0.000000	103050.000000
0.000000	103050.000000
0.000000	103050.000000
0.000000	103050.000000
0.000000	103050.000000
0.000000	103050.000000
0.000000	103050.000000
0.000000	103050.000000
0.000000	103050.000000
0.000000	103050.000000
0.000000	103050.000000
0.000000	103050.000000
0.000000	103050.000000
0.000000	103050.000000
0.000000	103050.000000
0.000000	103051.000000
0.000000	103051.000000
0.000000	103051.000000
0.000000	103051.000000
0.000000	103051.000000
0.000000	103051.000000
0.000000	103051.000000
0.000000	103051.000000
0.000000	103051.000000
0.000000	103051.000000
0.000000	103051.000000
0.000000	103051.000000
0.000000	103051.000000
0.000000	103051.000000
0.000000	103051.000000
0.000000	103051.000000
0.000000	103051.000000
0.000000	103052.000000
0.000000	103052.000000
0.000000	103052.000000
0.000000	103052.000000
0.000000	103052.000000
0.000000	103052.000000
0.000000	103052.000000
0.000000	103052.000000
0.000000	103052.000000
0.000000	103052.000000
0.000000	103052.000000
0.000000	103052.000000
0.000000	103052.000000
0.000000	103052.000000
0.000000	103052.000000
0.000000	103052.000000
0.000000	103052.000000
0.000000	103053.000000
0.000000	103053.000000
0.000000	103053.000000
0.000000	103053.000000
0.000000	103053.000000
0.000000	103053.000000
0.000000	103053.000000
0.000000	103053.000000
0.000000	103053.000000
0.000000	103053.000000
0.000000	103053.000000
0.000000	103053.000000
0.000000	103053.000000
0.000000	103053.000000
0.000000	103053.000000
0.000000	103053.000000
0.000000	103053.000000
0.000000	103054.000000
0.000000	103054.000000
0.000000	103054.000000
0.000000	103054.000000
0.000000	103054.000000
0.000000	103054.000000
0.000000	103054.000000
0.000000	103054.000000
0.000000	103054.000000
0.000000	103054.000000
0.000000	103054.000000
0.000000	103054.000000
0.000000	103054.000000
0.000000	103054.000000
0.000000	103054.000000
0.000000	103054.000000
0.000000	103054.000000
0.000000	103055.000000
0.000000	103055.000000
0.000000	103055.000000
0.000000	103055.000000
0.000000	103055.000000
0.000000	103055.000000
0.000000	103055.000000
0.000000	103055.000000
0.000000	103055.000000
0.000000	103055.000000
0.000000	103055.000000
0.000000	103055.000000
0.000000	103055.000000
0.000000	103055.000000
0.000000	103055.000000
0.000000	103055.000000
0.000000	103055.000000
0.000000	103055.000000
0.000000	103056.000000
0.000000	103056.000000
0.000000	103056.000000
0.000000	103056.000000
0.000000	103056.000000
0.000000	103056.000000
0.000000	103056.000000
0.000000	103056.000000
0.000000	103056.000000
0.000000	103056.000000
0.000000	103056.000000
0.000000	103056.000000
0.000000	103056.000000
0.000000	103056.000000
0.000000	103056.000000
0.000000	103056.000000
0.000000	103056.000000
0.000000	103057.000000
0.000000	103057.000000
0.000000	103057.000000
0.000000	103057.000000
0.000000	103057.000000
0.000000	103057.000000
0.000000	103057.000000
0.000000	103057.000000
0.000000	103057.000000
0.000000	103057.000000
0.000000	103057.000000
0.000000	103057.000000
0.000000	103057.000000
0.000000	103057.000000
0.000000	103057.000000
0.000000	103057.000000
0.000000	103057.000000
0.000000	103058.000000
0.000000	103058.000000
0.000000	103058.000000
0.000000	103058.000000
0.000000	103058.000000
0.000000	103058.000000
0.000000	103058.000000
0.000000	103058.000000
0.000000	103058.000000
0.000000	103058.000000
0.000000	103058.000000
0.000000	103058.000000
0.000000	103058.000000
0.000000	103058.000000
0.000000	103058.000000
0.000000	103058.000000
0.000000	103058.000000
0.000000	103059.000000
0.000000	103059.000000
0.000000	103059.000000
0.000000	103059.000000
0.000000	103059.000000
0.000000	103059.000000
0.000000	103059.000000
0.000000	103059.000000
0.000000	103059.000000
0.000000	103059.000000
0.000000	103059.000000
0.000000	103059.000000
0.000000	103059.000000
0.000000	103059.000000
0.000000	103059.000000
0.000000	103059.000000
0.000000	103059.000000
0.000000	103100.000000
0.000000	103100.000000
0.000000	103100.000000
0.000000	103100.000000
0.000000	103100.000000
0.000000	103100.000000
0.000000	103100.000000
0.000000	103100.000000
0.000000	103100.000000
0.000000	103100.000000
0.000000	103100.000000
0.000000	103100.000000
0.000000	103100.000000
0.000000	103100.000000
0.000000	103100.000000
0.000000	103100.000000
0.000000	103100.000000
0.000000	103101.000000
0.000000	103101.000000
0.000000	103101.000000
0.000000	103101.000000
0.000000	103101.000000
0.000000	103101.000000
0.000000	103101.000000
0.000000	103101.000000
0.000000	103101.000000
0.000000	103101.000000
0.000000	103101.000000
0.000000	103101.000000
0.000000	103101.000000
0.000000	103101.000000
0.000000	103101.000000
0.000000	103101.000000
0.000000	103101.000000
0.000000	103102.000000
0.000000	103102.000000
0.000000	103102.000000
0.000000	103102.000000
0.000000	103102.000000
0.000000	103102.000000
0.000000	103102.000000
0.000000	103102.000000
0.000000	103102.000000
0.000000	103102.000000
0.000000	103102.000000
0.000000	103102.000000
0.000000	103102.000000
0.000000	103102.000000
0.000000	103102.000000
0.000000	103102.000000
0.000000	103102.000000
0.000000	103103.000000
0.000000	103103.000000
0.000000	103103.000000
0.000000	103103.000000
0.000000	103103.000000
0.000000	103103.000000
0.000000	103103.000000
0.000000	103103.000000
0.000000	103103.000000
0.000000	103103.000000
0.000000	103103.000000
0.000000	103103.000000
0.000000	103103.000000
0.000000	103103.000000
0.000000	103103.000000
0.000000	103103.000000
0.000000	103103.000000
0.000000	103104.000000
0.000000	103104.000000
0.000000	103104.000000
0.000000	103104.000000
0.000000	103104.000000
0.000000	103104.000000
0.000000	103104.000000
0.000000	103104.000000
0.000000	103104.000000
0.000000	103104.000000
0.000000	103104.000000
0.000000	103104.000000
0.000000	103104.000000
0.000000	103104.000000
0.000000	103104.000000
0.000000	103104.000000
0.000000	103105.000000
0.000000	103105.000000
0.000000	103105.000000
0.000000	103105.000000
0.000000	103105.000000
0.000000	103105.000000
0.000000	103105.000000
0.000000	103105.000000
0.000000	103105.000000
0.000000	103105.000000
0.000000	103105.000000
0.000000	103105.000000
0.000000	103105.000000
0.000000	103105.000000
0.000000	103105.000000
0.000000	103105.000000
0.000000	103105.000000
0.000000	103105.000000
0.000000	103106.000000
0.000000	103106.000000
0.000000	103106.000000
0.000000	103106.000000
0.000000	103106.000000
0.000000	103106.000000
0.000000	103106.000000
0.000000	103106.000000
0.000000	103106.000000
0.000000	103106.000000
0.000000	103106.000000
0.000000	103106.000000
0.000000	103106.000000
0.000000	103106.000000
0.000000	103106.000000
0.000000	103106.000000
0.000000	103106.000000
0.000000	103107.000000
0.000000	103107.000000
0.000000	103107.000000
0.000000	103107.000000
0.000000	103107.000000
0.000000	103107.000000
0.000000	103107.000000
0.000000	103107.000000
0.000000	103107.000000
0.000000	103107.000000
0.000000	103107.000000
0.000000	103107.000000
0.000000	103107.000000
0.000000	103107.000000
0.000000	103107.000000
0.000000	103107.000000
0.000000	103107.000000
0.000000	103108.000000
0.000000	103108.000000
0.000000	103108.000000
0.000000	103108.000000
0.000000	103108.000000
0.000000	103108.000000
0.000000	103108.000000
0.000000	103108.000000
0.000000	103108.000000
0.000000	103108.000000
0.000000	103108.000000
0.000000	103108.000000
0.000000	103108.000000
0.000000	103108.000000
0.000000	103108.000000
0.000000	103108.000000
0.000000	103108.000000
0.000000	103109.000000
0.000000	103109.000000
0.000000	103109.000000
0.000000	103109.000000
0.000000	103109.000000
0.000000	103109.000000
0.000000	103109.000000
0.000000	103109.000000
0.000000	103109.000000
0.000000	103109.000000
0.000000	103109.000000
0.000000	103109.000000
0.000000	103109.000000
0.000000	103109.000000
0.000000	103109.000000
0.000000	103109.000000
0.000000	103109.000000
0.000000	103110.000000
0.000000	103110.000000
0.000000	103110.000000
0.000000	103110.000000
0.000000	103110.000000
0.000000	103110.000000
0.000000	103110.000000
0.000000	103110.000000
0.000000	103110.000000
0.000000	103110.000000
0.000000	103110.000000
0.000000	103110.000000
0.000000	103110.000000
0.000000	103110.000000
0.000000	103110.000000
0.000000	103110.000000
0.000000	103110.000000
0.000000	103110.000000
0.000000	103111.000000
0.000000	103111.000000
0.000000	103111.000000
0.000000	103111.000000
0.000000	103111.000000
0.000000	103111.000000
0.000000	103111.000000
0.000000	103111.000000
0.000000	103111.000000
0.000000	103111.000000
0.000000	103111.000000
0.000000	103111.000000
0.000000	103111.000000
0.000000	103111.000000
0.000000	103111.000000
0.000000	103111.000000
0.000000	103111.000000
0.000000	103112.000000
0.000000	103112.000000
0.000000	103112.000000
0.000000	103112.000000
0.000000	103112.000000
0.000000	103112.000000
0.000000	103112.000000
0.000000	103112.000000
0.000000	103112.000000
0.000000	103112.000000
0.000000	103112.000000
0.000000	103112.000000
0.000000	103112.000000
0.000000	103112.000000
0.000000	103112.000000
0.000000	103112.000000
0.000000	103112.000000
0.000000	103113.000000
0.000000	103113.000000
0.000000	103113.000000
0.000000	103113.000000
0.000000	103113.000000
0.000000	103113.000000
0.000000	103113.000000
0.000000	103113.000000
0.000000	103113.000000
0.000000	103113.000000
0.000000	103113.000000
0.000000	103113.000000
0.000000	103113.000000
0.000000	103113.000000
0.000000	103113.000000
0.000000	103113.000000
0.000000	103113.000000
0.000000	103114.000000
0.000000	103114.000000
0.000000	103114.000000
0.000000	103114.000000
0.000000	103114.000000
0.000000	103114.000000
0.000000	103114.000000
0.000000	103114.000000
0.000000	103114.000000
0.000000	103114.000000
0.000000	103114.000000
0.000000	103114.000000
0.000000	103114.000000
0.000000	103114.000000
0.000000	103114.000000
0.000000	103114.000000
0.000000	103114.000000
0.000000	103115.000000
0.000000	103115.000000
0.000000	103115.000000
0.000000	103115.000000
0.000000	103115.000000
0.000000	103115.000000
0.000000	103115.000000
0.000000	103115.000000
0.000000	103115.000000
0.000000	103115.000000
0.000000	103115.000000
0.000000	103115.000000
0.000000	103115.000000
0.000000	103115.000000
0.000000	103115.000000
0.000000	103115.000000
0.000000	103115.000000
0.000000	103116.000000
0.000000	103116.000000
0.000000	103116.000000
0.000000	103116.000000
0.000000	103116.000000
0.000000	103116.000000
0.000000	103116.000000
0.000000	103116.000000
0.000000	103116.000000
0.000000	103116.000000
0.000000	103116.000000
0.000000	103116.000000
0.000000	103116.000000
0.000000	103116.000000
0.000000	103116.000000
0.000000	103116.000000
0.000000	103117.000000
0.000000	103117.000000
0.000000	103117.000000
0.000000	103117.000000
0.000000	103117.000000
0.000000	103117.000000
0.000000	103117.000000
0.000000	103117.000000
0.000000	103117.000000
0.000000	103117.000000
0.000000	103117.000000
0.000000	103117.000000
0.000000	103117.000000
0.000000	103117.000000
0.000000	103117.000000
0.000000	103117.000000
0.000000	103117.000000
0.000000	103117.000000
0.000000	103118.000000
0.000000	103118.000000
0.000000	103118.000000
0.000000	103118.000000
0.000000	103118.000000
0.000000	103118.000000
0.000000	103118.000000
0.000000	103118.000000
0.000000	103118.000000
0.000000	103118.000000
0.000000	103118.000000
0.000000	103118.000000
0.000000	103118.000000
0.000000	103118.000000
0.000000	103118.000000
0.000000	103118.000000
0.000000	103119.000000
0.000000	103119.000000
0.000000	103119.000000
0.000000	103119.000000
0.000000	103119.000000
0.000000	103119.000000
0.000000	103119.000000
0.000000	103119.000000
0.000000	103119.000000
0.000000	103119.000000
0.000000	103119.000000
0.000000	103119.000000
0.000000	103119.000000
0.000000	103119.000000
0.000000	103119.000000
0.000000	103119.000000
0.000000	103119.000000
0.000000	103119.000000
0.000000	103120.000000
0.000000	103120.000000
0.000000	103120.000000
0.000000	103120.000000
0.000000	103120.000000
0.000000	103120.000000
0.000000	103120.000000
0.000000	103120.000000
0.000000	103120.000000
0.000000	103120.000000
0.000000	103120.000000
0.000000	103120.000000
0.000000	103120.000000
0.000000	103120.000000
0.000000	103120.000000
0.000000	103120.000000
0.000000	103120.000000
0.000000	103121.000000
0.000000	103121.000000
0.000000	103121.000000
0.000000	103121.000000
0.000000	103121.000000
0.000000	103121.000000
0.000000	103121.000000
0.000000	103121.000000
0.000000	103121.000000
0.000000	103121.000000
0.000000	103121.000000
0.000000	103121.000000
0.000000	103121.000000
0.000000	103121.000000
0.000000	103121.000000
0.000000	103121.000000
0.000000	103121.000000
0.000000	103122.000000
0.000000	103122.000000
0.000000	103122.000000
0.000000	103122.000000
0.000000	103122.000000
0.000000	103122.000000
0.000000	103122.000000
0.000000	103122.000000
0.000000	103122.000000
0.000000	103122.000000
0.000000	103122.000000
0.000000	103122.000000
0.000000	103122.000000
0.000000	103122.000000
0.000000	103122.000000
0.000000	103122.000000
0.000000	103122.000000
0.000000	103123.000000
0.000000	103123.000000
0.000000	103123.000000
0.000000	103123.000000
0.000000	103123.000000
0.000000	103123.000000
0.000000	103123.000000
0.000000	103123.000000
0.000000	103123.000000
0.000000	103123.000000
0.000000	103123.000000
0.000000	103123.000000
0.000000	103123.000000
0.000000	103123.000000
0.000000	103123.000000
0.000000	103123.000000
0.000000	103123.000000
0.000000	103124.000000
0.000000	103124.000000
0.000000	103124.000000
0.000000	103124.000000
0.000000	103124.000000
0.000000	103124.000000
0.000000	103124.000000
0.000000	103124.000000
0.000000	103124.000000
0.000000	103124.000000
0.000000	103124.000000
0.000000	103124.000000
0.000000	103124.000000
0.000000	103124.000000
0.000000	103124.000000
0.000000	103124.000000
0.000000	103124.000000
0.000000	103125.000000
0.000000	103125.000000
0.000000	103125.000000
0.000000	103125.000000
0.000000	103125.000000
0.000000	103125.000000
0.000000	103125.000000
0.000000	103125.000000
0.000000	103125.000000
0.000000	103125.000000
0.000000	103125.000000
0.000000	103125.000000
0.000000	103125.000000
0.000000	103125.000000
0.000000	103125.000000
0.000000	103125.000000
0.000000	103125.000000
0.000000	103125.000000
0.000000	103126.000000
0.000000	103126.000000
0.000000	103126.000000
0.000000	103126.000000
0.000000	103126.000000
0.000000	103126.000000
0.000000	103126.000000
0.000000	103126.000000
0.000000	103126.000000
0.000000	103126.000000
0.000000	103126.000000
0.000000	103126.000000
0.000000	103126.000000
0.000000	103126.000000
0.000000	103126.000000
0.000000	103126.000000
0.000000	103126.000000
0.000000	103127.000000
0.000000	103127.000000
0.000000	103127.000000
0.000000	103127.000000
0.000000	103127.000000
0.000000	103127.000000
0.000000	103127.000000
0.000000	103127.000000
0.000000	103127.000000
0.000000	103127.000000
0.000000	103127.000000
0.000000	103127.000000
0.000000	103127.000000
0.000000	103127.000000
0.000000	103127.000000
0.000000	103127.000000
0.000000	103128.000000
0.000000	103128.000000
0.000000	103128.000000
0.000000	103128.000000
0.000000	103128.000000
0.000000	103128.000000
0.000000	103128.000000
0.000000	103128.000000
0.000000	103128.000000
0.000000	103128.000000
0.000000	103128.000000
0.000000	103128.000000
0.000000	103128.000000
0.000000	103128.000000
0.000000	103128.000000
0.000000	103128.000000
0.000000	103128.000000
0.000000	103128.000000
0.000000	103129.000000
0.000000	103129.000000
0.000000	103129.000000
0.000000	103129.000000
0.000000	103129.000000
0.000000	103129.000000
0.000000	103129.000000
0.000000	103129.000000
0.000000	103129.000000
0.000000	103129.000000
0.000000	103129.000000
0.000000	103129.000000
0.000000	103129.000000
0.000000	103129.000000
0.000000	103129.000000
0.000000	103129.000000
0.000000	103129.000000
0.000000	103130.000000
0.000000	103130.000000
0.000000	103130.000000
0.000000	103130.000000
0.000000	103130.000000
0.000000	103130.000000
0.000000	103130.000000
0.000000	103130.000000
0.000000	103130.000000
0.000000	103130.000000
0.000000	103130.000000
0.000000	103130.000000
0.000000	103130.000000
0.000000	103130.000000
0.000000	103130.000000
0.000000	103130.000000
0.000000	103130.000000
0.000000	103131.000000
0.000000	103131.000000
0.000000	103131.000000
0.000000	103131.000000
0.000000	103131.000000
0.000000	103131.000000
0.000000	103131.000000
0.000000	103131.000000
0.000000	103131.000000
0.000000	103131.000000
0.000000	103131.000000
0.000000	103131.000000
0.000000	103131.000000
0.000000	103131.000000
0.000000	103131.000000
0.000000	103131.000000
0.000000	103131.000000
0.000000	103132.000000
0.000000	103132.000000
0.000000	103132.000000
0.000000	103132.000000
0.000000	103132.000000
0.000000	103132.000000
0.000000	103132.000000
0.000000	103132.000000
0.000000	103132.000000
0.000000	103132.000000
0.000000	103132.000000
0.000000	103132.000000
0.000000	103132.000000
0.000000	103132.000000
0.000000	103132.000000
0.000000	103132.000000
0.000000	103132.000000
0.000000	103133.000000
0.000000	103133.000000
0.000000	103133.000000
0.000000	103133.000000
0.000000	103133.000000
0.000000	103133.000000
0.000000	103133.000000
0.000000	103133.000000
0.000000	103133.000000
0.000000	103133.000000
0.000000	103133.000000
0.000000	103133.000000
0.000000	103133.000000
0.000000	103133.000000
0.000000	103133.000000
0.000000	103133.000000
0.000000	103133.000000
0.000000	103134.000000
0.000000	103134.000000
0.000000	103134.000000
0.000000	103134.000000
0.000000	103134.000000
0.000000	103134.000000
0.000000	103134.000000
0.000000	103134.000000
0.000000	103134.000000
0.000000	103134.000000
0.000000	103134.000000
0.000000	103134.000000
0.000000	103134.000000
0.000000	103134.000000
0.000000	103134.000000
0.000000	103134.000000
0.000000	103134.000000
0.000000	103135.000000
0.000000	103135.000000
0.000000	103135.000000
0.000000	103135.000000
0.000000	103135.000000
0.000000	103135.000000
0.000000	103135.000000
0.000000	103135.000000
0.000000	103135.000000
0.000000	103135.000000
0.000000	103135.000000
0.000000	103135.000000
0.000000	103135.000000
0.000000	103135.000000
0.000000	103135.000000
0.000000	103135.000000
0.000000	103135.000000
0.000000	103136.000000
0.000000	103136.000000
0.000000	103136.000000
0.000000	103136.000000
0.000000	103136.000000
0.000000	103136.000000
0.000000	103136.000000
0.000000	103136.000000
0.000000	103136.000000
0.000000	103136.000000
0.000000	103136.000000
0.000000	103136.000000
0.000000	103136.000000
0.000000	103136.000000
0.000000	103136.000000
0.000000	103136.000000
0.000000	103136.000000
0.000000	103137.000000
0.000000	103137.000000
0.000000	103137.000000
0.000000	103137.000000
0.000000	103137.000000
0.000000	103137.000000
0.000000	103137.000000
0.000000	103137.000000
0.000000	103137.000000
0.000000	103137.000000
0.000000	103137.000000
0.000000	103137.000000
0.000000	103137.000000
0.000000	103137.000000
0.000000	103137.000000
0.000000	103137.000000
0.000000	103137.000000
0.000000	103138.000000
0.000000	103138.000000
0.000000	103138.000000
0.000000	103138.000000
0.000000	103138.000000
0.000000	103138.000000
0.000000	103138.000000
0.000000	103138.000000
0.000000	103138.000000
0.000000	103138.000000
0.000000	103138.000000
0.000000	103138.000000
0.000000	103138.000000
0.000000	103138.000000
0.000000	103138.000000
0.000000	103138.000000
0.000000	103138.000000
0.000000	103139.000000
0.000000	103139.000000
0.000000	103139.000000
0.000000	103139.000000
0.000000	103139.000000
0.000000	103139.000000
0.000000	103139.000000
0.000000	103139.000000
0.000000	103139.000000
0.000000	103139.000000
0.000000	103139.000000
0.000000	103139.000000
0.000000	103139.000000
0.000000	103139.000000
0.000000	103139.000000
0.000000	103139.000000
0.000000	103139.000000
0.000000	103140.000000
0.000000	103140.000000
0.000000	103140.000000
0.000000	103140.000000
0.000000	103140.000000
0.000000	103140.000000
0.000000	103140.000000
0.000000	103140.000000
0.000000	103140.000000
0.000000	103140.000000
0.000000	103140.000000
0.000000	103140.000000
0.000000	103140.000000
0.000000	103140.000000
0.000000	103140.000000
0.000000	103140.000000
0.000000	103140.000000
0.000000	103140.000000
0.000000	103141.000000
0.000000	103141.000000
0.000000	103141.000000
0.000000	103141.000000
0.000000	103141.000000
0.000000	103141.000000
0.000000	103141.000000
0.000000	103141.000000
0.000000	103141.000000
0.000000	103141.000000
0.000000	103141.000000
0.000000	103141.000000
0.000000	103141.000000
0.000000	103141.000000
0.000000	103141.000000
0.000000	103141.000000
0.000000	103141.000000
0.000000	103142.000000
0.000000	103142.000000
0.000000	103142.000000
0.000000	103142.000000
0.000000	103142.000000
0.000000	103142.000000
0.000000	103142.000000
0.000000	103142.000000
0.000000	103142.000000
0.000000	103142.000000
0.000000	103142.000000
0.000000	103142.000000
0.000000	103142.000000
0.000000	103142.000000
0.000000	103142.000000
0.000000	103142.000000
0.000000	103142.000000
0.000000	103143.000000
0.000000	103143.000000
0.000000	103143.000000
0.000000	103143.000000
0.000000	103143.000000
0.000000	103143.000000
0.000000	103143.000000
0.000000	103143.000000
0.000000	103143.000000
0.000000	103143.000000
0.000000	103143.000000
0.000000	103143.000000
0.000000	103143.000000
0.000000	103143.000000
0.000000	103143.000000
0.000000	103143.000000
0.000000	103143.000000
0.000000	103144.000000
0.000000	103144.000000
0.000000	103144.000000
0.000000	103144.000000
0.000000	103144.000000
0.000000	103144.000000
0.000000	103144.000000
0.000000	103144.000000
0.000000	103144.000000
0.000000	103144.000000
0.000000	103144.000000
0.000000	103144.000000
0.000000	103144.000000
0.000000	103144.000000
0.000000	103144.000000
0.000000	103144.000000
0.000000	103144.000000
0.000000	103145.000000
0.000000	103145.000000
0.000000	103145.000000
0.000000	103145.000000
0.000000	103145.000000
0.000000	103145.000000
0.000000	103145.000000
0.000000	103145.000000
0.000000	103145.000000
0.000000	103145.000000
0.000000	103145.000000
0.000000	103145.000000
0.000000	103145.000000
0.000000	103145.000000
0.000000	103145.000000
0.000000	103145.000000
0.000000	103145.000000
0.000000	103146.000000
0.000000	103146.000000
0.000000	103146.000000
0.000000	103146.000000
0.000000	103146.000000
0.000000	103146.000000
0.000000	103146.000000
0.000000	103146.000000
0.000000	103146.000000
0.000000	103146.000000
0.000000	103146.000000
0.000000	103146.000000
0.000000	103146.000000
0.000000	103146.000000
0.000000	103146.000000
0.000000	103146.000000
0.000000	103146.000000
0.000000	103147.000000
0.000000	103147.000000
0.000000	103147.000000
0.000000	103147.000000
0.000000	103147.000000
0.000000	103147.000000
0.000000	103147.000000
0.000000	103147.000000
0.000000	103147.000000
0.000000	103147.000000
0.000000	103147.000000
0.000000	103147.000000
0.000000	103147.000000
0.000000	103147.000000
0.000000	103147.000000
0.000000	103147.000000
0.000000	103147.000000
0.000000	103148.000000
0.000000	103148.000000
0.000000	103148.000000
0.000000	103148.000000
0.000000	103148.000000
0.000000	103148.000000
0.000000	103148.000000
0.000000	103148.000000
0.000000	103148.000000
0.000000	103148.000000
0.000000	103148.000000
0.000000	103148.000000
0.000000	103148.000000
0.000000	103148.000000
0.000000	103148.000000
0.000000	103148.000000
0.000000	103148.000000
0.000000	103149.000000
0.000000	103149.000000
0.000000	103149.000000
0.000000	103149.000000
0.000000	103149.000000
0.000000	103149.000000
0.000000	103149.000000
0.000000	103149.000000
0.000000	103149.000000
0.000000	103149.000000
0.000000	103149.000000
0.000000	103149.000000
0.000000	103149.000000
0.000000	103149.000000
0.000000	103149.000000
0.000000	103149.000000
0.000000	103149.000000
0.000000	103150.000000
0.000000	103150.000000
0.000000	103150.000000
0.000000	103150.000000
0.000000	103150.000000
0.000000	103150.000000
0.000000	103150.000000
0.000000	103150.000000
0.000000	103150.000000
0.000000	103150.000000
0.000000	103150.000000
0.000000	103150.000000
0.000000	103150.000000
0.000000	103150.000000
0.000000	103150.000000
0.000000	103150.000000
0.000000	103150.000000
0.000000	103151.000000
0.000000	103151.000000
0.000000	103151.000000
0.000000	103151.000000
0.000000	103151.000000
0.000000	103151.000000
0.000000	103151.000000
0.000000	103151.000000
0.000000	103151.000000
0.000000	103151.000000
0.000000	103151.000000
0.000000	103151.000000
0.000000	103151.000000
0.000000	103151.000000
0.000000	103151.000000
0.000000	103151.000000
0.000000	103151.000000
0.000000	103152.000000
0.000000	103152.000000
0.000000	103152.000000
0.000000	103152.000000
0.000000	103152.000000
0.000000	103152.000000
0.000000	103152.000000
0.000000	103152.000000
0.000000	103152.000000
0.000000	103152.000000
0.000000	103152.000000
0.000000	103152.000000
0.000000	103152.000000
0.000000	103152.000000
0.000000	103152.000000
0.000000	103152.000000
0.000000	103152.000000
0.000000	103153.000000
0.000000	103153.000000
0.000000	103153.000000
0.000000	103153.000000
0.000000	103153.000000
0.000000	103153.000000
0.000000	103153.000000
0.000000	103153.000000
0.000000	103153.000000
0.000000	103153.000000
0.000000	103153.000000
0.000000	103153.000000
0.000000	103153.000000
0.000000	103153.000000
0.000000	103153.000000
0.000000	103153.000000
0.000000	103153.000000
0.000000	103154.000000
0.000000	103154.000000
0.000000	103154.000000
0.000000	103154.000000
0.000000	103154.000000
0.000000	103154.000000
0.000000	103154.000000
0.000000	103154.000000
0.000000	103154.000000
0.000000	103154.000000
0.000000	103154.000000
0.000000	103154.000000
0.000000	103154.000000
0.000000	103154.000000
0.000000	103154.000000
0.000000	103154.000000
0.000000	103154.000000
0.000000	103155.000000
0.000000	103155.000000
0.000000	103155.000000
0.000000	103155.000000
0.000000	103155.000000
0.000000	103155.000000
0.000000	103155.000000
0.000000	103155.000000
0.000000	103155.000000
0.000000	103155.000000
0.000000	103155.000000
0.000000	103155.000000
0.000000	103155.000000
0.000000	103155.000000
0.000000	103155.000000
0.000000	103155.000000
0.000000	103155.000000
0.000000	103155.000000
0.000000	103156.000000
0.000000	103156.000000
0.000000	103156.000000
0.000000	103156.000000
0.000000	103156.000000
0.000000	103156.000000
0.000000	103156.000000
0.000000	103156.000000
0.000000	103156.000000
0.000000	103156.000000
0.000000	103156.000000
0.000000	103156.000000
0.000000	103156.000000
0.000000	103156.000000
0.000000	103156.000000
0.000000	103156.000000
0.000000	103157.000000
0.000000	103157.000000
0.000000	103157.000000
0.000000	103157.000000
0.000000	103157.000000
0.000000	103157.000000
0.000000	103157.000000
0.000000	103157.000000
0.000000	103157.000000
0.000000	103157.000000
0.000000	103157.000000
0.000000	103157.000000
0.000000	103157.000000
0.000000	103157.000000
0.000000	103157.000000
0.000000	103157.000000
0.000000	103157.000000
0.000000	103157.000000
0.000000	103158.000000
0.000000	103158.000000
0.000000	103158.000000
0.000000	103158.000000
0.000000	103158.000000
0.000000	103158.000000
0.000000	103158.000000
0.000000	103158.000000
0.000000	103158.000000
0.000000	103158.000000
0.000000	103158.000000
0.000000	103158.000000
0.000000	103158.000000
0.000000	103158.000000
0.000000	103158.000000
0.000000	103158.000000
0.000000	103159.000000
0.000000	103159.000000
0.000000	103159.000000
0.000000	103159.000000
0.000000	103159.000000
0.000000	103159.000000
0.000000	103159.000000
0.000000	103159.000000
0.000000	103159.000000
0.000000	103159.000000
0.000000	103159.000000
0.000000	103159.000000
0.000000	103159.000000
0.000000	103159.000000
0.000000	103159.000000
0.000000	103159.000000
0.000000	103159.000000
0.000000	103159.000000
0.000000	103200.000000
0.000000	103200.000000
0.000000	103200.000000
0.000000	103200.000000
0.000000	103200.000000
0.000000	103200.000000
0.000000	103200.000000
0.000000	103200.000000
0.000000	103200.000000
0.000000	103200.000000
0.000000	103200.000000
0.000000	103200.000000
0.000000	103200.000000
0.000000	103200.000000
0.000000	103200.000000
0.000000	103200.000000
0.000000	103200.000000
0.000000	103201.000000
0.000000	103201.000000
0.000000	103201.000000
0.000000	103201.000000
0.000000	103201.000000
0.000000	103201.000000
0.000000	103201.000000
0.000000	103201.000000
0.000000	103201.000000
0.000000	103201.000000
0.000000	103201.000000
0.000000	103201.000000
0.000000	103201.000000
0.000000	103201.000000
0.000000	103201.000000
0.000000	103201.000000
0.000000	103201.000000
0.000000	103202.000000
0.000000	103202.000000
0.000000	103202.000000
0.000000	103202.000000
0.000000	103202.000000
0.000000	103202.000000
0.000000	103202.000000
0.000000	103202.000000
0.000000	103202.000000
0.000000	103202.000000
0.000000	103202.000000
0.000000	103202.000000
0.000000	103202.000000
0.000000	103202.000000
0.000000	103202.000000
0.000000	103202.000000
0.000000	103202.000000
0.000000	103203.000000
0.000000	103203.000000
0.000000	103203.000000
0.000000	103203.000000
0.000000	103203.000000
0.000000	103203.000000
0.000000	103203.000000
0.000000	103203.000000
0.000000	103203.000000
0.000000	103203.000000
0.000000	103203.000000
0.000000	103203.000000
0.000000	103203.000000
0.000000	103203.000000
0.000000	103203.000000
0.000000	103203.000000
0.000000	103203.000000
0.000000	103204.000000
0.000000	103204.000000
0.000000	103204.000000
0.000000	103204.000000
0.000000	103204.000000
0.000000	103204.000000
0.000000	103204.000000
0.000000	103204.000000
0.000000	103204.000000
0.000000	103204.000000
0.000000	103204.000000
0.000000	103204.000000
0.000000	103204.000000
0.000000	103204.000000
0.000000	103204.000000
0.000000	103204.000000
0.000000	103204.000000
0.000000	103205.000000
0.000000	103205.000000
0.000000	103205.000000
0.000000	103205.000000
0.000000	103205.000000
0.000000	103205.000000
0.000000	103205.000000
0.000000	103205.000000
0.000000	103205.000000
0.000000	103205.000000
0.000000	103205.000000
0.000000	103205.000000
0.000000	103205.000000
0.000000	103205.000000
0.000000	103205.000000
0.000000	103205.000000
0.000000	103205.000000
0.000000	103206.000000
0.000000	103206.000000
0.000000	103206.000000
0.000000	103206.000000
0.000000	103206.000000
0.000000	103206.000000
0.000000	103206.000000
0.000000	103206.000000
0.000000	103206.000000
0.000000	103206.000000
0.000000	103206.000000
0.000000	103206.000000
0.000000	103206.000000
0.000000	103206.000000
0.000000	103206.000000
0.000000	103206.000000
0.000000	103206.000000
0.000000	103207.000000
0.000000	103207.000000
0.000000	103207.000000
0.000000	103207.000000
0.000000	103207.000000
0.000000	103207.000000
0.000000	103207.000000
0.000000	103207.000000
0.000000	103207.000000
0.000000	103207.000000
0.000000	103207.000000
0.000000	103207.000000
0.000000	103207.000000
0.000000	103207.000000
0.000000	103207.000000
0.000000	103207.000000
0.000000	103207.000000
0.000000	103208.000000
0.000000	103208.000000
0.000000	103208.000000
0.000000	103208.000000
0.000000	103208.000000
0.000000	103208.000000
0.000000	103208.000000
0.000000	103208.000000
0.000000	103208.000000
0.000000	103208.000000
0.000000	103208.000000
0.000000	103208.000000
0.000000	103208.000000
0.000000	103208.000000
0.000000	103208.000000
0.000000	103208.000000
0.000000	103208.000000
0.000000	103209.000000
0.000000	103209.000000
0.000000	103209.000000
0.000000	103209.000000
0.000000	103209.000000
0.000000	103209.000000
0.000000	103209.000000
0.000000	103209.000000
0.000000	103209.000000
0.000000	103209.000000
0.000000	103209.000000
0.000000	103209.000000
0.000000	103209.000000
0.000000	103209.000000
0.000000	103209.000000
0.000000	103209.000000
0.000000	103209.000000
0.000000	103210.000000
0.000000	103210.000000
0.000000	103210.000000
0.000000	103210.000000
0.000000	103210.000000
0.000000	103210.000000
0.000000	103210.000000
0.000000	103210.000000
0.000000	103210.000000
0.000000	103210.000000
0.000000	103210.000000
0.000000	103210.000000
0.000000	103210.000000
0.000000	103210.000000
0.000000	103210.000000
0.000000	103210.000000
0.000000	103210.000000
0.000000	103210.000000
0.000000	103211.000000
0.000000	103211.000000
0.000000	103211.000000
0.000000	103211.000000
0.000000	103211.000000
0.000000	103211.000000
0.000000	103211.000000
0.000000	103211.000000
0.000000	103211.000000
0.000000	103211.000000
0.000000	103211.000000
0.000000	103211.000000
0.000000	103211.000000
0.000000	103211.000000
0.000000	103211.000000
0.000000	103211.000000
0.000000	103212.000000
0.000000	103212.000000
0.000000	103212.000000
0.000000	103212.000000
0.000000	103212.000000
0.000000	103212.000000
0.000000	103212.000000
0.000000	103212.000000
0.000000	103212.000000
0.000000	103212.000000
0.000000	103212.000000
0.000000	103212.000000
0.000000	103212.000000
0.000000	103212.000000
0.000000	103212.000000
0.000000	103213.000000
0.000000	103213.000000
0.000000	103213.000000
0.000000	103213.000000
0.000000	103213.000000
0.000000	103213.000000
0.000000	103213.000000
0.000000	103213.000000
0.000000	103213.000000
0.000000	103213.000000
0.000000	103213.000000
0.000000	103213.000000
0.000000	103213.000000
0.000000	103213.000000
0.000000	103213.000000
0.000000	103213.000000
0.000000	103213.000000
0.000000	103213.000000
0.000000	103213.000000
0.000000	103213.000000
0.000000	103214.000000
0.000000	103214.000000
0.000000	103214.000000
0.000000	103214.000000
0.000000	103214.000000
0.000000	103214.000000
0.000000	103214.000000
0.000000	103214.000000
0.000000	103214.000000
0.000000	103214.000000
0.000000	103214.000000
0.000000	103214.000000
0.000000	103214.000000
0.000000	103214.000000
0.000000	103214.000000
0.000000	103214.000000
0.000000	103214.000000
0.000000	103215.000000
0.000000	103215.000000
0.000000	103215.000000
0.000000	103215.000000
0.000000	103215.000000
0.000000	103215.000000
0.000000	103215.000000
0.000000	103215.000000
0.000000	103215.000000
0.000000	103215.000000
0.000000	103215.000000
0.000000	103215.000000
0.000000	103215.000000
0.000000	103215.000000
0.000000	103215.000000
0.000000	103215.000000
0.000000	103215.000000
0.000000	103216.000000
0.000000	103216.000000
0.000000	103216.000000
0.000000	103216.000000
0.000000	103216.000000
0.000000	103216.000000
0.000000	103216.000000
0.000000	103216.000000
0.000000	103216.000000
0.000000	103216.000000
0.000000	103216.000000
0.000000	103216.000000
0.000000	103216.000000
0.000000	103216.000000
0.000000	103216.000000
0.000000	103216.000000
0.000000	103216.000000
0.000000	103217.000000
0.000000	103217.000000
0.000000	103217.000000
0.000000	103217.000000
0.000000	103217.000000
0.000000	103217.000000
0.000000	103217.000000
0.000000	103217.000000
0.000000	103217.000000
0.000000	103217.000000
0.000000	103217.000000
0.000000	103217.000000
0.000000	103217.000000
0.000000	103217.000000
0.000000	103217.000000
0.000000	103217.000000
0.000000	103217.000000
0.000000	103218.000000
0.000000	103218.000000
0.000000	103218.000000
0.000000	103218.000000
0.000000	103218.000000
0.000000	103218.000000
0.000000	103218.000000
0.000000	103218.000000
0.000000	103218.000000
0.000000	103218.000000
0.000000	103218.000000
0.000000	103218.000000
0.000000	103218.000000
0.000000	103218.000000
0.000000	103218.000000
0.000000	103218.000000
0.000000	103218.000000
0.000000	103219.000000
0.000000	103219.000000
0.000000	103219.000000
0.000000	103219.000000
0.000000	103219.000000
0.000000	103219.000000
0.000000	103219.000000
0.000000	103219.000000
0.000000	103219.000000
0.000000	103219.000000
0.000000	103219.000000
0.000000	103219.000000
0.000000	103219.000000
0.000000	103219.000000
0.000000	103219.000000
0.000000	103219.000000
0.000000	103219.000000
0.000000	103220.000000
0.000000	103220.000000
0.000000	103220.000000
0.000000	103220.000000
0.000000	103220.000000
0.000000	103220.000000
0.000000	103220.000000
0.000000	103220.000000
