0.000000	70106.000000
0.000000	70106.000000
0.000000	70106.000000
0.000000	70106.000000
0.000000	70106.000000
0.000000	70106.000000
0.000000	70106.000000
0.000000	70106.000000
0.000000	70106.000000
0.000000	70106.000000
0.000000	70107.000000
0.000000	70107.000000
0.000000	70107.000000
0.000000	70107.000000
0.000000	70107.000000
0.000000	70107.000000
0.000000	70107.000000
0.000000	70107.000000
0.000000	70107.000000
0.000000	70107.000000
0.000000	70107.000000
0.000000	70107.000000
0.000000	70107.000000
0.000000	70107.000000
0.000000	70107.000000
0.000000	70107.000000
0.000000	70107.000000
0.000000	70108.000000
0.000000	70108.000000
0.000000	70108.000000
0.000000	70108.000000
0.000000	70108.000000
0.000000	70108.000000
0.000000	70108.000000
0.000000	70108.000000
0.000000	70108.000000
0.000000	70108.000000
0.000000	70108.000000
0.000000	70108.000000
0.000000	70108.000000
0.000000	70108.000000
0.000000	70108.000000
0.000000	70108.000000
0.000000	70108.000000
0.000000	70109.000000
0.000000	70109.000000
0.000000	70109.000000
0.000000	70109.000000
0.000000	70109.000000
0.000000	70109.000000
0.000000	70109.000000
0.000000	70109.000000
0.000000	70109.000000
0.000000	70109.000000
0.000000	70109.000000
0.000000	70109.000000
0.000000	70109.000000
0.000000	70109.000000
0.000000	70109.000000
0.000000	70109.000000
0.000000	70109.000000
0.000000	70110.000000
0.000000	70110.000000
0.000000	70110.000000
0.000000	70110.000000
0.000000	70110.000000
0.000000	70110.000000
0.000000	70110.000000
0.000000	70110.000000
0.000000	70110.000000
0.000000	70110.000000
0.000000	70110.000000
0.000000	70110.000000
0.000000	70110.000000
0.000000	70110.000000
0.000000	70110.000000
0.000000	70110.000000
0.000000	70110.000000
0.000000	70111.000000
0.000000	70111.000000
0.000000	70111.000000
0.000000	70111.000000
0.000000	70111.000000
0.000000	70111.000000
0.000000	70111.000000
0.000000	70111.000000
0.000000	70111.000000
0.000000	70111.000000
0.000000	70111.000000
0.000000	70111.000000
0.000000	70111.000000
0.000000	70111.000000
0.000000	70111.000000
0.000000	70111.000000
0.000000	70111.000000
0.000000	70112.000000
0.000000	70112.000000
0.000000	70112.000000
0.000000	70112.000000
0.000000	70112.000000
0.000000	70112.000000
0.000000	70112.000000
0.000000	70112.000000
0.000000	70112.000000
0.000000	70112.000000
0.000000	70112.000000
0.000000	70112.000000
0.000000	70112.000000
0.000000	70112.000000
0.000000	70112.000000
0.000000	70112.000000
0.000000	70112.000000
0.000000	70113.000000
0.000000	70113.000000
0.000000	70113.000000
0.000000	70113.000000
0.000000	70113.000000
0.000000	70113.000000
0.000000	70113.000000
0.000000	70113.000000
0.000000	70113.000000
0.000000	70113.000000
0.000000	70113.000000
0.000000	70113.000000
0.000000	70113.000000
0.000000	70113.000000
0.000000	70113.000000
0.000000	70113.000000
0.000000	70113.000000
0.000000	70114.000000
0.000000	70114.000000
0.000000	70114.000000
0.000000	70114.000000
0.000000	70114.000000
0.000000	70114.000000
0.000000	70114.000000
0.000000	70114.000000
0.000000	70114.000000
0.000000	70114.000000
0.000000	70114.000000
0.000000	70114.000000
0.000000	70114.000000
0.000000	70114.000000
0.000000	70114.000000
0.000000	70114.000000
0.000000	70114.000000
0.000000	70115.000000
0.000000	70115.000000
0.000000	70115.000000
0.000000	70115.000000
0.000000	70115.000000
0.000000	70115.000000
0.000000	70115.000000
0.000000	70115.000000
0.000000	70115.000000
0.000000	70115.000000
0.000000	70115.000000
0.000000	70115.000000
0.000000	70115.000000
0.000000	70115.000000
0.000000	70115.000000
0.000000	70115.000000
0.000000	70115.000000
0.000000	70116.000000
0.000000	70116.000000
0.000000	70116.000000
0.000000	70116.000000
0.000000	70116.000000
0.000000	70116.000000
0.000000	70116.000000
0.000000	70116.000000
0.000000	70116.000000
0.000000	70116.000000
0.000000	70116.000000
0.000000	70116.000000
0.000000	70116.000000
0.000000	70116.000000
0.000000	70116.000000
0.000000	70116.000000
0.000000	70116.000000
0.000000	70117.000000
0.000000	70117.000000
0.000000	70117.000000
0.000000	70117.000000
0.000000	70117.000000
0.000000	70117.000000
0.000000	70117.000000
0.000000	70117.000000
0.000000	70117.000000
0.000000	70117.000000
0.000000	70117.000000
0.000000	70117.000000
0.000000	70117.000000
0.000000	70117.000000
0.000000	70117.000000
0.000000	70117.000000
0.000000	70117.000000
0.000000	70118.000000
0.000000	70118.000000
0.000000	70118.000000
0.000000	70118.000000
0.000000	70118.000000
0.000000	70118.000000
0.000000	70118.000000
0.000000	70118.000000
0.000000	70118.000000
0.000000	70118.000000
0.000000	70118.000000
0.000000	70118.000000
0.000000	70118.000000
0.000000	70118.000000
0.000000	70118.000000
0.000000	70118.000000
0.000000	70118.000000
0.000000	70119.000000
0.000000	70119.000000
0.000000	70119.000000
0.000000	70119.000000
0.000000	70119.000000
0.000000	70119.000000
0.000000	70119.000000
0.000000	70119.000000
0.000000	70119.000000
0.000000	70119.000000
0.000000	70119.000000
0.000000	70119.000000
0.000000	70119.000000
0.000000	70119.000000
0.000000	70119.000000
0.000000	70119.000000
0.000000	70119.000000
0.000000	70119.000000
0.000000	70120.000000
0.000000	70120.000000
0.000000	70120.000000
0.000000	70120.000000
0.000000	70120.000000
0.000000	70120.000000
0.000000	70120.000000
0.000000	70120.000000
0.000000	70120.000000
0.000000	70120.000000
0.000000	70120.000000
0.000000	70120.000000
0.000000	70120.000000
0.000000	70120.000000
0.000000	70120.000000
0.000000	70120.000000
0.000000	70120.000000
0.000000	70121.000000
0.000000	70121.000000
0.000000	70121.000000
0.000000	70121.000000
0.000000	70121.000000
0.000000	70121.000000
0.000000	70121.000000
0.000000	70121.000000
0.000000	70121.000000
0.000000	70121.000000
0.000000	70121.000000
0.000000	70121.000000
0.000000	70121.000000
0.000000	70121.000000
0.000000	70121.000000
0.000000	70121.000000
0.000000	70121.000000
0.000000	70122.000000
0.000000	70122.000000
0.000000	70122.000000
0.000000	70122.000000
0.000000	70122.000000
0.000000	70122.000000
0.000000	70122.000000
0.000000	70122.000000
0.000000	70122.000000
0.000000	70122.000000
0.000000	70122.000000
0.000000	70122.000000
0.000000	70122.000000
0.000000	70122.000000
0.000000	70122.000000
0.000000	70122.000000
0.000000	70122.000000
0.000000	70123.000000
0.000000	70123.000000
0.000000	70123.000000
0.000000	70123.000000
0.000000	70123.000000
0.000000	70123.000000
0.000000	70123.000000
0.000000	70123.000000
0.000000	70123.000000
0.000000	70123.000000
0.000000	70123.000000
0.000000	70123.000000
0.000000	70123.000000
0.000000	70123.000000
0.000000	70123.000000
0.000000	70123.000000
0.000000	70123.000000
0.000000	70124.000000
0.000000	70124.000000
0.000000	70124.000000
0.000000	70124.000000
0.000000	70124.000000
0.000000	70124.000000
0.000000	70124.000000
0.000000	70124.000000
0.000000	70124.000000
0.000000	70124.000000
0.000000	70124.000000
0.000000	70124.000000
0.000000	70124.000000
0.000000	70124.000000
0.000000	70124.000000
0.000000	70124.000000
0.000000	70124.000000
0.000000	70125.000000
0.000000	70125.000000
0.000000	70125.000000
0.000000	70125.000000
0.000000	70125.000000
0.000000	70125.000000
0.000000	70125.000000
0.000000	70125.000000
0.000000	70125.000000
0.000000	70125.000000
0.000000	70125.000000
0.000000	70125.000000
0.000000	70125.000000
0.000000	70125.000000
0.000000	70125.000000
0.000000	70125.000000
0.000000	70125.000000
0.000000	70126.000000
0.000000	70126.000000
0.000000	70126.000000
0.000000	70126.000000
0.000000	70126.000000
0.000000	70126.000000
0.000000	70126.000000
0.000000	70126.000000
0.000000	70126.000000
0.000000	70126.000000
0.000000	70126.000000
0.000000	70126.000000
0.000000	70126.000000
0.000000	70126.000000
0.000000	70126.000000
0.000000	70126.000000
0.000000	70126.000000
0.000000	70127.000000
0.000000	70127.000000
0.000000	70127.000000
0.000000	70127.000000
0.000000	70127.000000
0.000000	70127.000000
0.000000	70127.000000
0.000000	70127.000000
0.000000	70127.000000
0.000000	70127.000000
0.000000	70127.000000
0.000000	70127.000000
0.000000	70127.000000
0.000000	70127.000000
0.000000	70127.000000
0.000000	70127.000000
0.000000	70127.000000
0.000000	70128.000000
0.000000	70128.000000
0.000000	70128.000000
0.000000	70128.000000
0.000000	70128.000000
0.000000	70128.000000
0.000000	70128.000000
0.000000	70128.000000
0.000000	70128.000000
0.000000	70128.000000
0.000000	70128.000000
0.000000	70128.000000
0.000000	70128.000000
0.000000	70128.000000
0.000000	70128.000000
0.000000	70128.000000
0.000000	70128.000000
0.000000	70129.000000
0.000000	70129.000000
0.000000	70129.000000
0.000000	70129.000000
0.000000	70129.000000
0.000000	70129.000000
0.000000	70129.000000
0.000000	70129.000000
0.000000	70129.000000
0.000000	70129.000000
0.000000	70129.000000
0.000000	70129.000000
0.000000	70129.000000
0.000000	70129.000000
0.000000	70129.000000
0.000000	70129.000000
0.000000	70129.000000
0.000000	70130.000000
0.000000	70130.000000
0.000000	70130.000000
0.000000	70130.000000
0.000000	70130.000000
0.000000	70130.000000
0.000000	70130.000000
0.000000	70130.000000
0.000000	70130.000000
0.000000	70130.000000
0.000000	70130.000000
0.000000	70130.000000
0.000000	70130.000000
0.000000	70130.000000
0.000000	70130.000000
0.000000	70130.000000
0.000000	70130.000000
0.000000	70131.000000
0.000000	70131.000000
0.000000	70131.000000
0.000000	70131.000000
0.000000	70131.000000
0.000000	70131.000000
0.000000	70131.000000
0.000000	70131.000000
0.000000	70131.000000
0.000000	70131.000000
0.000000	70131.000000
0.000000	70131.000000
0.000000	70131.000000
0.000000	70131.000000
0.000000	70131.000000
0.000000	70131.000000
0.000000	70131.000000
0.000000	70132.000000
0.000000	70132.000000
0.000000	70132.000000
0.000000	70132.000000
0.000000	70132.000000
0.000000	70132.000000
0.000000	70132.000000
0.000000	70132.000000
0.000000	70132.000000
0.000000	70132.000000
0.000000	70132.000000
0.000000	70132.000000
0.000000	70132.000000
0.000000	70132.000000
0.000000	70132.000000
0.000000	70132.000000
0.000000	70132.000000
0.000000	70133.000000
0.000000	70133.000000
0.000000	70133.000000
0.000000	70133.000000
0.000000	70133.000000
0.000000	70133.000000
0.000000	70133.000000
0.000000	70133.000000
0.000000	70133.000000
0.000000	70133.000000
0.000000	70133.000000
0.000000	70133.000000
0.000000	70133.000000
0.000000	70133.000000
0.000000	70133.000000
0.000000	70133.000000
0.000000	70133.000000
0.000000	70134.000000
0.000000	70134.000000
0.000000	70134.000000
0.000000	70134.000000
0.000000	70134.000000
0.000000	70134.000000
0.000000	70134.000000
0.000000	70134.000000
0.000000	70134.000000
0.000000	70134.000000
0.000000	70134.000000
0.000000	70134.000000
0.000000	70134.000000
0.000000	70134.000000
0.000000	70134.000000
0.000000	70134.000000
0.000000	70134.000000
0.000000	70134.000000
0.000000	70135.000000
0.000000	70135.000000
0.000000	70135.000000
0.000000	70135.000000
0.000000	70135.000000
0.000000	70135.000000
0.000000	70135.000000
0.000000	70135.000000
0.000000	70135.000000
0.000000	70135.000000
0.000000	70135.000000
0.000000	70135.000000
0.000000	70135.000000
0.000000	70135.000000
0.000000	70135.000000
0.000000	70135.000000
0.000000	70135.000000
0.000000	70136.000000
0.000000	70136.000000
0.000000	70136.000000
0.000000	70136.000000
0.000000	70136.000000
0.000000	70136.000000
0.000000	70136.000000
0.000000	70136.000000
0.000000	70136.000000
0.000000	70136.000000
0.000000	70136.000000
0.000000	70136.000000
0.000000	70136.000000
0.000000	70136.000000
0.000000	70136.000000
0.000000	70136.000000
0.000000	70136.000000
0.000000	70137.000000
0.000000	70137.000000
0.000000	70137.000000
0.000000	70137.000000
0.000000	70137.000000
0.000000	70137.000000
0.000000	70137.000000
0.000000	70137.000000
0.000000	70137.000000
0.000000	70137.000000
0.000000	70137.000000
0.000000	70137.000000
0.000000	70137.000000
0.000000	70137.000000
0.000000	70137.000000
0.000000	70137.000000
0.000000	70137.000000
0.000000	70138.000000
0.000000	70138.000000
0.000000	70138.000000
0.000000	70138.000000
0.000000	70138.000000
0.000000	70138.000000
0.000000	70138.000000
0.000000	70138.000000
0.000000	70138.000000
0.000000	70138.000000
0.000000	70138.000000
0.000000	70138.000000
0.000000	70138.000000
0.000000	70138.000000
0.000000	70138.000000
0.000000	70138.000000
0.000000	70138.000000
0.000000	70139.000000
0.000000	70139.000000
0.000000	70139.000000
0.000000	70139.000000
0.000000	70139.000000
0.000000	70139.000000
0.000000	70139.000000
0.000000	70139.000000
0.000000	70139.000000
0.000000	70139.000000
0.000000	70139.000000
0.000000	70139.000000
0.000000	70139.000000
0.000000	70139.000000
0.000000	70139.000000
0.000000	70139.000000
0.000000	70139.000000
0.000000	70140.000000
0.000000	70140.000000
0.000000	70140.000000
0.000000	70140.000000
0.000000	70140.000000
0.000000	70140.000000
0.000000	70140.000000
0.000000	70140.000000
0.000000	70140.000000
0.000000	70140.000000
0.000000	70140.000000
0.000000	70140.000000
0.000000	70140.000000
0.000000	70140.000000
0.000000	70140.000000
0.000000	70140.000000
0.000000	70140.000000
0.000000	70141.000000
0.000000	70141.000000
0.000000	70141.000000
0.000000	70141.000000
0.000000	70141.000000
0.000000	70141.000000
0.000000	70141.000000
0.000000	70141.000000
0.000000	70141.000000
0.000000	70141.000000
0.000000	70141.000000
0.000000	70141.000000
0.000000	70141.000000
0.000000	70141.000000
0.000000	70141.000000
0.000000	70141.000000
0.000000	70141.000000
0.000000	70142.000000
0.000000	70142.000000
0.000000	70142.000000
0.000000	70142.000000
0.000000	70142.000000
0.000000	70142.000000
0.000000	70142.000000
0.000000	70142.000000
0.000000	70142.000000
0.000000	70142.000000
0.000000	70142.000000
0.000000	70142.000000
0.000000	70142.000000
0.000000	70142.000000
0.000000	70142.000000
0.000000	70142.000000
0.000000	70142.000000
0.000000	70143.000000
0.000000	70143.000000
0.000000	70143.000000
0.000000	70143.000000
0.000000	70143.000000
0.000000	70143.000000
0.000000	70143.000000
0.000000	70143.000000
0.000000	70143.000000
0.000000	70143.000000
0.000000	70143.000000
0.000000	70143.000000
0.000000	70143.000000
0.000000	70143.000000
0.000000	70143.000000
0.000000	70143.000000
0.000000	70143.000000
0.000000	70144.000000
0.000000	70144.000000
0.000000	70144.000000
0.000000	70144.000000
0.000000	70144.000000
0.000000	70144.000000
0.000000	70144.000000
0.000000	70144.000000
0.000000	70144.000000
0.000000	70144.000000
0.000000	70144.000000
0.000000	70144.000000
0.000000	70144.000000
0.000000	70144.000000
0.000000	70144.000000
0.000000	70144.000000
0.000000	70144.000000
0.000000	70145.000000
0.000000	70145.000000
0.000000	70145.000000
0.000000	70145.000000
0.000000	70145.000000
0.000000	70145.000000
0.000000	70145.000000
0.000000	70145.000000
0.000000	70145.000000
0.000000	70145.000000
0.000000	70145.000000
0.000000	70145.000000
0.000000	70145.000000
0.000000	70145.000000
0.000000	70145.000000
0.000000	70145.000000
0.000000	70145.000000
0.000000	70146.000000
0.000000	70146.000000
0.000000	70146.000000
0.000000	70146.000000
0.000000	70146.000000
0.000000	70146.000000
0.000000	70146.000000
0.000000	70146.000000
0.000000	70146.000000
0.000000	70146.000000
0.000000	70146.000000
0.000000	70146.000000
0.000000	70146.000000
0.000000	70146.000000
0.000000	70146.000000
0.000000	70146.000000
0.000000	70146.000000
0.000000	70147.000000
0.000000	70147.000000
0.000000	70147.000000
0.000000	70147.000000
0.000000	70147.000000
0.000000	70147.000000
0.000000	70147.000000
0.000000	70147.000000
0.000000	70147.000000
0.000000	70147.000000
0.000000	70147.000000
0.000000	70147.000000
0.000000	70147.000000
0.000000	70147.000000
0.000000	70147.000000
0.000000	70147.000000
0.000000	70147.000000
0.000000	70148.000000
0.000000	70148.000000
0.000000	70148.000000
0.000000	70148.000000
0.000000	70148.000000
0.000000	70148.000000
0.000000	70148.000000
0.000000	70148.000000
0.000000	70148.000000
0.000000	70148.000000
0.000000	70148.000000
0.000000	70148.000000
0.000000	70148.000000
0.000000	70148.000000
0.000000	70148.000000
0.000000	70148.000000
0.000000	70148.000000
0.000000	70149.000000
0.000000	70149.000000
0.000000	70149.000000
0.000000	70149.000000
0.000000	70149.000000
0.000000	70149.000000
0.000000	70149.000000
0.000000	70149.000000
0.000000	70149.000000
0.000000	70149.000000
0.000000	70149.000000
0.000000	70149.000000
0.000000	70149.000000
0.000000	70149.000000
0.000000	70149.000000
0.000000	70149.000000
0.000000	70149.000000
0.000000	70149.000000
0.000000	70150.000000
0.000000	70150.000000
0.000000	70150.000000
0.000000	70150.000000
0.000000	70150.000000
0.000000	70150.000000
0.000000	70150.000000
0.000000	70150.000000
0.000000	70150.000000
0.000000	70150.000000
0.000000	70150.000000
0.000000	70150.000000
0.000000	70150.000000
0.000000	70150.000000
0.000000	70150.000000
0.000000	70150.000000
0.000000	70150.000000
0.000000	70151.000000
0.000000	70151.000000
0.000000	70151.000000
0.000000	70151.000000
0.000000	70151.000000
0.000000	70151.000000
0.000000	70151.000000
0.000000	70151.000000
0.000000	70151.000000
0.000000	70151.000000
0.000000	70151.000000
0.000000	70151.000000
0.000000	70151.000000
0.000000	70151.000000
0.000000	70151.000000
0.000000	70151.000000
0.000000	70151.000000
0.000000	70152.000000
0.000000	70152.000000
0.000000	70152.000000
0.000000	70152.000000
0.000000	70152.000000
0.000000	70152.000000
0.000000	70152.000000
0.000000	70152.000000
0.000000	70152.000000
0.000000	70152.000000
0.000000	70152.000000
0.000000	70152.000000
0.000000	70152.000000
0.000000	70152.000000
0.000000	70152.000000
0.000000	70152.000000
0.000000	70152.000000
0.000000	70153.000000
0.000000	70153.000000
0.000000	70153.000000
0.000000	70153.000000
0.000000	70153.000000
0.000000	70153.000000
0.000000	70153.000000
0.000000	70153.000000
0.000000	70153.000000
0.000000	70153.000000
0.000000	70153.000000
0.000000	70153.000000
0.000000	70153.000000
0.000000	70153.000000
0.000000	70153.000000
0.000000	70153.000000
0.000000	70153.000000
0.000000	70154.000000
0.000000	70154.000000
0.000000	70154.000000
0.000000	70154.000000
0.000000	70154.000000
0.000000	70154.000000
0.000000	70154.000000
0.000000	70154.000000
0.000000	70154.000000
0.000000	70154.000000
0.000000	70154.000000
0.000000	70154.000000
0.000000	70154.000000
0.000000	70154.000000
0.000000	70154.000000
0.000000	70154.000000
0.000000	70154.000000
0.000000	70155.000000
0.000000	70155.000000
0.000000	70155.000000
0.000000	70155.000000
0.000000	70155.000000
0.000000	70155.000000
0.000000	70155.000000
0.000000	70155.000000
0.000000	70155.000000
0.000000	70155.000000
0.000000	70155.000000
0.000000	70155.000000
0.000000	70155.000000
0.000000	70155.000000
0.000000	70155.000000
0.000000	70155.000000
0.000000	70155.000000
0.000000	70156.000000
0.000000	70156.000000
0.000000	70156.000000
0.000000	70156.000000
0.000000	70156.000000
0.000000	70156.000000
0.000000	70156.000000
0.000000	70156.000000
0.000000	70156.000000
0.000000	70156.000000
0.000000	70156.000000
0.000000	70156.000000
0.000000	70156.000000
0.000000	70156.000000
0.000000	70156.000000
0.000000	70156.000000
0.000000	70156.000000
0.000000	70157.000000
0.000000	70157.000000
0.000000	70157.000000
0.000000	70157.000000
0.000000	70157.000000
0.000000	70157.000000
0.000000	70157.000000
0.000000	70157.000000
0.000000	70157.000000
0.000000	70157.000000
0.000000	70157.000000
0.000000	70157.000000
0.000000	70157.000000
0.000000	70157.000000
0.000000	70157.000000
0.000000	70157.000000
0.000000	70157.000000
0.000000	70158.000000
0.000000	70158.000000
0.000000	70158.000000
0.000000	70158.000000
0.000000	70158.000000
0.000000	70158.000000
0.000000	70158.000000
0.000000	70158.000000
0.000000	70158.000000
0.000000	70158.000000
0.000000	70158.000000
0.000000	70158.000000
0.000000	70158.000000
0.000000	70158.000000
0.000000	70158.000000
0.000000	70158.000000
0.000000	70158.000000
0.000000	70159.000000
0.000000	70159.000000
0.000000	70159.000000
0.000000	70159.000000
0.000000	70159.000000
0.000000	70159.000000
0.000000	70159.000000
0.000000	70159.000000
0.000000	70159.000000
0.000000	70159.000000
0.000000	70159.000000
0.000000	70159.000000
0.000000	70159.000000
0.000000	70159.000000
0.000000	70159.000000
0.000000	70159.000000
0.000000	70159.000000
0.000000	70200.000000
0.000000	70200.000000
0.000000	70200.000000
0.000000	70200.000000
0.000000	70200.000000
0.000000	70200.000000
0.000000	70200.000000
0.000000	70200.000000
0.000000	70200.000000
0.000000	70200.000000
0.000000	70200.000000
0.000000	70200.000000
0.000000	70200.000000
0.000000	70200.000000
0.000000	70200.000000
0.000000	70200.000000
0.000000	70200.000000
0.000000	70201.000000
0.000000	70201.000000
0.000000	70201.000000
0.000000	70201.000000
0.000000	70201.000000
0.000000	70201.000000
0.000000	70201.000000
0.000000	70201.000000
0.000000	70201.000000
0.000000	70201.000000
0.000000	70201.000000
0.000000	70201.000000
0.000000	70201.000000
0.000000	70201.000000
0.000000	70201.000000
0.000000	70201.000000
0.000000	70201.000000
0.000000	70202.000000
0.000000	70202.000000
0.000000	70202.000000
0.000000	70202.000000
0.000000	70202.000000
0.000000	70202.000000
0.000000	70202.000000
0.000000	70202.000000
0.000000	70202.000000
0.000000	70202.000000
0.000000	70202.000000
0.000000	70202.000000
0.000000	70202.000000
0.000000	70202.000000
0.000000	70202.000000
0.000000	70202.000000
0.000000	70202.000000
0.000000	70203.000000
0.000000	70203.000000
0.000000	70203.000000
0.000000	70203.000000
0.000000	70203.000000
0.000000	70203.000000
0.000000	70203.000000
0.000000	70203.000000
0.000000	70203.000000
0.000000	70203.000000
0.000000	70203.000000
0.000000	70203.000000
0.000000	70203.000000
0.000000	70203.000000
0.000000	70203.000000
0.000000	70203.000000
0.000000	70203.000000
0.000000	70204.000000
0.000000	70204.000000
0.000000	70204.000000
0.000000	70204.000000
0.000000	70204.000000
0.000000	70204.000000
0.000000	70204.000000
0.000000	70204.000000
0.000000	70204.000000
0.000000	70204.000000
0.000000	70204.000000
0.000000	70204.000000
0.000000	70204.000000
0.000000	70204.000000
0.000000	70204.000000
0.000000	70204.000000
0.000000	70204.000000
0.000000	70204.000000
0.000000	70205.000000
0.000000	70205.000000
0.000000	70205.000000
0.000000	70205.000000
0.000000	70205.000000
0.000000	70205.000000
0.000000	70205.000000
0.000000	70205.000000
0.000000	70205.000000
0.000000	70205.000000
0.000000	70205.000000
0.000000	70205.000000
0.000000	70205.000000
0.000000	70205.000000
0.000000	70205.000000
0.000000	70205.000000
0.000000	70205.000000
0.000000	70206.000000
0.000000	70206.000000
0.000000	70206.000000
0.000000	70206.000000
0.000000	70206.000000
0.000000	70206.000000
0.000000	70206.000000
0.000000	70206.000000
0.000000	70206.000000
0.000000	70206.000000
0.000000	70206.000000
0.000000	70206.000000
0.000000	70206.000000
0.000000	70206.000000
0.000000	70206.000000
0.000000	70206.000000
0.000000	70206.000000
0.000000	70207.000000
0.000000	70207.000000
0.000000	70207.000000
0.000000	70207.000000
0.000000	70207.000000
0.000000	70207.000000
0.000000	70207.000000
0.000000	70207.000000
0.000000	70207.000000
0.000000	70207.000000
0.000000	70207.000000
0.000000	70207.000000
0.000000	70207.000000
0.000000	70207.000000
0.000000	70207.000000
0.000000	70207.000000
0.000000	70207.000000
0.000000	70208.000000
0.000000	70208.000000
0.000000	70208.000000
0.000000	70208.000000
0.000000	70208.000000
0.000000	70208.000000
0.000000	70208.000000
0.000000	70208.000000
0.000000	70208.000000
0.000000	70208.000000
0.000000	70208.000000
0.000000	70208.000000
0.000000	70208.000000
0.000000	70208.000000
0.000000	70208.000000
0.000000	70208.000000
0.000000	70208.000000
0.000000	70209.000000
0.000000	70209.000000
0.000000	70209.000000
0.000000	70209.000000
0.000000	70209.000000
0.000000	70209.000000
0.000000	70209.000000
0.000000	70209.000000
0.000000	70209.000000
0.000000	70209.000000
0.000000	70209.000000
0.000000	70209.000000
0.000000	70209.000000
0.000000	70209.000000
0.000000	70209.000000
0.000000	70209.000000
0.000000	70209.000000
0.000000	70210.000000
0.000000	70210.000000
0.000000	70210.000000
0.000000	70210.000000
0.000000	70210.000000
0.000000	70210.000000
0.000000	70210.000000
0.000000	70210.000000
0.000000	70210.000000
0.000000	70210.000000
0.000000	70210.000000
0.000000	70210.000000
0.000000	70210.000000
0.000000	70210.000000
0.000000	70210.000000
0.000000	70210.000000
0.000000	70210.000000
0.000000	70211.000000
0.000000	70211.000000
0.000000	70211.000000
0.000000	70211.000000
0.000000	70211.000000
0.000000	70211.000000
0.000000	70211.000000
0.000000	70211.000000
0.000000	70211.000000
0.000000	70211.000000
0.000000	70211.000000
0.000000	70211.000000
0.000000	70211.000000
0.000000	70211.000000
0.000000	70211.000000
0.000000	70211.000000
0.000000	70211.000000
0.000000	70212.000000
0.000000	70212.000000
0.000000	70212.000000
0.000000	70212.000000
0.000000	70212.000000
0.000000	70212.000000
0.000000	70212.000000
0.000000	70212.000000
0.000000	70212.000000
0.000000	70212.000000
0.000000	70212.000000
0.000000	70212.000000
0.000000	70212.000000
0.000000	70212.000000
0.000000	70212.000000
0.000000	70212.000000
0.000000	70212.000000
0.000000	70213.000000
0.000000	70213.000000
0.000000	70213.000000
0.000000	70213.000000
0.000000	70213.000000
0.000000	70213.000000
0.000000	70213.000000
0.000000	70213.000000
0.000000	70213.000000
0.000000	70213.000000
0.000000	70213.000000
0.000000	70213.000000
0.000000	70213.000000
0.000000	70213.000000
0.000000	70213.000000
0.000000	70213.000000
0.000000	70213.000000
0.000000	70214.000000
0.000000	70214.000000
0.000000	70214.000000
0.000000	70214.000000
0.000000	70214.000000
0.000000	70214.000000
0.000000	70214.000000
0.000000	70214.000000
0.000000	70214.000000
0.000000	70214.000000
0.000000	70214.000000
0.000000	70214.000000
0.000000	70214.000000
0.000000	70214.000000
0.000000	70214.000000
0.000000	70214.000000
0.000000	70214.000000
0.000000	70215.000000
0.000000	70215.000000
0.000000	70215.000000
0.000000	70215.000000
0.000000	70215.000000
0.000000	70215.000000
0.000000	70215.000000
0.000000	70215.000000
0.000000	70215.000000
0.000000	70215.000000
0.000000	70215.000000
0.000000	70215.000000
0.000000	70215.000000
0.000000	70215.000000
0.000000	70215.000000
0.000000	70215.000000
0.000000	70215.000000
0.000000	70216.000000
0.000000	70216.000000
0.000000	70216.000000
0.000000	70216.000000
0.000000	70216.000000
0.000000	70216.000000
0.000000	70216.000000
0.000000	70216.000000
0.000000	70216.000000
0.000000	70216.000000
0.000000	70216.000000
0.000000	70216.000000
0.000000	70216.000000
0.000000	70216.000000
0.000000	70216.000000
0.000000	70216.000000
0.000000	70216.000000
0.000000	70217.000000
0.000000	70217.000000
0.000000	70217.000000
0.000000	70217.000000
0.000000	70217.000000
0.000000	70217.000000
0.000000	70217.000000
0.000000	70217.000000
0.000000	70217.000000
0.000000	70217.000000
0.000000	70217.000000
0.000000	70217.000000
0.000000	70217.000000
0.000000	70217.000000
0.000000	70217.000000
0.000000	70217.000000
0.000000	70217.000000
0.000000	70218.000000
0.000000	70218.000000
0.000000	70218.000000
0.000000	70218.000000
0.000000	70218.000000
0.000000	70218.000000
0.000000	70218.000000
0.000000	70218.000000
0.000000	70218.000000
0.000000	70218.000000
0.000000	70218.000000
0.000000	70218.000000
0.000000	70218.000000
0.000000	70218.000000
0.000000	70218.000000
0.000000	70218.000000
0.000000	70218.000000
0.000000	70219.000000
0.000000	70219.000000
0.000000	70219.000000
0.000000	70219.000000
0.000000	70219.000000
0.000000	70219.000000
0.000000	70219.000000
0.000000	70219.000000
0.000000	70219.000000
0.000000	70219.000000
0.000000	70219.000000
0.000000	70219.000000
0.000000	70219.000000
0.000000	70219.000000
0.000000	70219.000000
0.000000	70219.000000
0.000000	70219.000000
0.000000	70220.000000
0.000000	70220.000000
0.000000	70220.000000
0.000000	70220.000000
0.000000	70220.000000
0.000000	70220.000000
0.000000	70220.000000
0.000000	70220.000000
0.000000	70220.000000
0.000000	70220.000000
0.000000	70220.000000
0.000000	70220.000000
0.000000	70220.000000
0.000000	70220.000000
0.000000	70220.000000
0.000000	70220.000000
0.000000	70220.000000
0.000000	70220.000000
0.000000	70221.000000
0.000000	70221.000000
0.000000	70221.000000
0.000000	70221.000000
0.000000	70221.000000
0.000000	70221.000000
0.000000	70221.000000
0.000000	70221.000000
0.000000	70221.000000
0.000000	70221.000000
0.000000	70221.000000
0.000000	70221.000000
0.000000	70221.000000
0.000000	70221.000000
0.000000	70221.000000
0.000000	70221.000000
0.000000	70221.000000
0.000000	70222.000000
0.000000	70222.000000
0.000000	70222.000000
0.000000	70222.000000
0.000000	70222.000000
0.000000	70222.000000
0.000000	70222.000000
0.000000	70222.000000
0.000000	70222.000000
0.000000	70222.000000
0.000000	70222.000000
0.000000	70222.000000
0.000000	70222.000000
0.000000	70222.000000
0.000000	70222.000000
0.000000	70222.000000
0.000000	70222.000000
0.000000	70223.000000
0.000000	70223.000000
0.000000	70223.000000
0.000000	70223.000000
0.000000	70223.000000
0.000000	70223.000000
0.000000	70223.000000
0.000000	70223.000000
0.000000	70223.000000
0.000000	70223.000000
0.000000	70223.000000
0.000000	70223.000000
0.000000	70223.000000
0.000000	70223.000000
0.000000	70223.000000
0.000000	70223.000000
0.000000	70223.000000
0.000000	70224.000000
0.000000	70224.000000
0.000000	70224.000000
0.000000	70224.000000
0.000000	70224.000000
0.000000	70224.000000
0.000000	70224.000000
0.000000	70224.000000
0.000000	70224.000000
0.000000	70224.000000
0.000000	70224.000000
0.000000	70224.000000
0.000000	70224.000000
0.000000	70224.000000
0.000000	70224.000000
0.000000	70224.000000
0.000000	70224.000000
0.000000	70225.000000
0.000000	70225.000000
0.000000	70225.000000
0.000000	70225.000000
0.000000	70225.000000
0.000000	70225.000000
0.000000	70225.000000
0.000000	70225.000000
0.000000	70225.000000
0.000000	70225.000000
0.000000	70225.000000
0.000000	70225.000000
0.000000	70225.000000
0.000000	70225.000000
0.000000	70225.000000
0.000000	70225.000000
0.000000	70225.000000
0.000000	70226.000000
0.000000	70226.000000
0.000000	70226.000000
0.000000	70226.000000
0.000000	70226.000000
0.000000	70226.000000
0.000000	70226.000000
0.000000	70226.000000
0.000000	70226.000000
0.000000	70226.000000
0.000000	70226.000000
0.000000	70226.000000
0.000000	70226.000000
0.000000	70226.000000
0.000000	70226.000000
0.000000	70226.000000
0.000000	70226.000000
0.000000	70227.000000
0.000000	70227.000000
0.000000	70227.000000
0.000000	70227.000000
0.000000	70227.000000
0.000000	70227.000000
0.000000	70227.000000
0.000000	70227.000000
0.000000	70227.000000
0.000000	70227.000000
0.000000	70227.000000
0.000000	70227.000000
0.000000	70227.000000
0.000000	70227.000000
0.000000	70227.000000
0.000000	70227.000000
0.000000	70227.000000
0.000000	70228.000000
0.000000	70228.000000
0.000000	70228.000000
0.000000	70228.000000
0.000000	70228.000000
0.000000	70228.000000
0.000000	70228.000000
0.000000	70228.000000
0.000000	70228.000000
0.000000	70228.000000
0.000000	70228.000000
0.000000	70228.000000
0.000000	70228.000000
0.000000	70228.000000
0.000000	70228.000000
0.000000	70228.000000
0.000000	70228.000000
0.000000	70229.000000
0.000000	70229.000000
0.000000	70229.000000
0.000000	70229.000000
0.000000	70229.000000
0.000000	70229.000000
0.000000	70229.000000
0.000000	70229.000000
0.000000	70229.000000
0.000000	70229.000000
0.000000	70229.000000
0.000000	70229.000000
0.000000	70229.000000
0.000000	70229.000000
0.000000	70229.000000
0.000000	70229.000000
0.000000	70229.000000
0.000000	70230.000000
0.000000	70230.000000
0.000000	70230.000000
0.000000	70230.000000
0.000000	70230.000000
0.000000	70230.000000
0.000000	70230.000000
0.000000	70230.000000
0.000000	70230.000000
0.000000	70230.000000
0.000000	70230.000000
0.000000	70230.000000
0.000000	70230.000000
0.000000	70230.000000
0.000000	70230.000000
0.000000	70230.000000
0.000000	70230.000000
0.000000	70231.000000
0.000000	70231.000000
0.000000	70231.000000
0.000000	70231.000000
0.000000	70231.000000
0.000000	70231.000000
0.000000	70231.000000
0.000000	70231.000000
0.000000	70231.000000
0.000000	70231.000000
0.000000	70231.000000
0.000000	70231.000000
0.000000	70231.000000
0.000000	70231.000000
0.000000	70231.000000
0.000000	70231.000000
0.000000	70231.000000
0.000000	70232.000000
0.000000	70232.000000
0.000000	70232.000000
0.000000	70232.000000
0.000000	70232.000000
0.000000	70232.000000
0.000000	70232.000000
0.000000	70232.000000
0.000000	70232.000000
0.000000	70232.000000
0.000000	70232.000000
0.000000	70232.000000
0.000000	70232.000000
0.000000	70232.000000
0.000000	70232.000000
0.000000	70232.000000
0.000000	70232.000000
0.000000	70233.000000
0.000000	70233.000000
0.000000	70233.000000
0.000000	70233.000000
0.000000	70233.000000
0.000000	70233.000000
0.000000	70233.000000
0.000000	70233.000000
0.000000	70233.000000
0.000000	70233.000000
0.000000	70233.000000
0.000000	70233.000000
0.000000	70233.000000
0.000000	70233.000000
0.000000	70233.000000
0.000000	70233.000000
0.000000	70233.000000
0.000000	70234.000000
0.000000	70234.000000
0.000000	70234.000000
0.000000	70234.000000
0.000000	70234.000000
0.000000	70234.000000
0.000000	70234.000000
0.000000	70234.000000
0.000000	70234.000000
0.000000	70234.000000
0.000000	70234.000000
0.000000	70234.000000
0.000000	70234.000000
0.000000	70234.000000
0.000000	70234.000000
0.000000	70234.000000
0.000000	70234.000000
0.000000	70234.000000
0.000000	70235.000000
0.000000	70235.000000
0.000000	70235.000000
0.000000	70235.000000
0.000000	70235.000000
0.000000	70235.000000
0.000000	70235.000000
0.000000	70235.000000
0.000000	70235.000000
0.000000	70235.000000
0.000000	70235.000000
0.000000	70235.000000
0.000000	70235.000000
0.000000	70235.000000
0.000000	70235.000000
0.000000	70235.000000
0.000000	70235.000000
0.000000	70236.000000
0.000000	70236.000000
0.000000	70236.000000
0.000000	70236.000000
0.000000	70236.000000
0.000000	70236.000000
0.000000	70236.000000
0.000000	70236.000000
0.000000	70236.000000
0.000000	70236.000000
0.000000	70236.000000
0.000000	70236.000000
0.000000	70236.000000
0.000000	70236.000000
0.000000	70236.000000
0.000000	70236.000000
0.000000	70236.000000
0.000000	70237.000000
0.000000	70237.000000
0.000000	70237.000000
0.000000	70237.000000
0.000000	70237.000000
0.000000	70237.000000
0.000000	70237.000000
0.000000	70237.000000
0.000000	70237.000000
0.000000	70237.000000
0.000000	70237.000000
0.000000	70237.000000
0.000000	70237.000000
0.000000	70237.000000
0.000000	70237.000000
0.000000	70237.000000
0.000000	70237.000000
0.000000	70238.000000
0.000000	70238.000000
0.000000	70238.000000
0.000000	70238.000000
0.000000	70238.000000
0.000000	70238.000000
0.000000	70238.000000
0.000000	70238.000000
0.000000	70238.000000
0.000000	70238.000000
0.000000	70238.000000
0.000000	70238.000000
0.000000	70238.000000
0.000000	70238.000000
0.000000	70238.000000
0.000000	70238.000000
0.000000	70238.000000
0.000000	70239.000000
0.000000	70239.000000
0.000000	70239.000000
0.000000	70239.000000
0.000000	70239.000000
0.000000	70239.000000
0.000000	70239.000000
0.000000	70239.000000
0.000000	70239.000000
0.000000	70239.000000
0.000000	70239.000000
0.000000	70239.000000
0.000000	70239.000000
0.000000	70239.000000
0.000000	70239.000000
0.000000	70239.000000
0.000000	70239.000000
0.000000	70240.000000
0.000000	70240.000000
0.000000	70240.000000
0.000000	70240.000000
0.000000	70240.000000
0.000000	70240.000000
0.000000	70240.000000
0.000000	70240.000000
0.000000	70240.000000
0.000000	70240.000000
0.000000	70240.000000
0.000000	70240.000000
0.000000	70240.000000
0.000000	70240.000000
0.000000	70240.000000
0.000000	70240.000000
0.000000	70240.000000
0.000000	70241.000000
0.000000	70241.000000
0.000000	70241.000000
0.000000	70241.000000
0.000000	70241.000000
0.000000	70241.000000
0.000000	70241.000000
0.000000	70241.000000
0.000000	70241.000000
0.000000	70241.000000
0.000000	70241.000000
0.000000	70241.000000
0.000000	70241.000000
0.000000	70241.000000
0.000000	70241.000000
0.000000	70241.000000
0.000000	70241.000000
0.000000	70242.000000
0.000000	70242.000000
0.000000	70242.000000
0.000000	70242.000000
0.000000	70242.000000
0.000000	70242.000000
0.000000	70242.000000
0.000000	70242.000000
0.000000	70242.000000
0.000000	70242.000000
0.000000	70242.000000
0.000000	70242.000000
0.000000	70242.000000
0.000000	70242.000000
0.000000	70242.000000
0.000000	70242.000000
0.000000	70242.000000
0.000000	70243.000000
0.000000	70243.000000
0.000000	70243.000000
0.000000	70243.000000
0.000000	70243.000000
0.000000	70243.000000
0.000000	70243.000000
0.000000	70243.000000
0.000000	70243.000000
0.000000	70243.000000
0.000000	70243.000000
0.000000	70243.000000
0.000000	70243.000000
0.000000	70243.000000
0.000000	70243.000000
0.000000	70243.000000
0.000000	70243.000000
0.000000	70244.000000
0.000000	70244.000000
0.000000	70244.000000
0.000000	70244.000000
0.000000	70244.000000
0.000000	70244.000000
0.000000	70244.000000
0.000000	70244.000000
0.000000	70244.000000
0.000000	70244.000000
0.000000	70244.000000
0.000000	70244.000000
0.000000	70244.000000
0.000000	70244.000000
0.000000	70244.000000
0.000000	70244.000000
0.000000	70244.000000
0.000000	70245.000000
0.000000	70245.000000
0.000000	70245.000000
0.000000	70245.000000
0.000000	70245.000000
0.000000	70245.000000
0.000000	70245.000000
0.000000	70245.000000
0.000000	70245.000000
0.000000	70245.000000
0.000000	70245.000000
0.000000	70245.000000
0.000000	70245.000000
0.000000	70245.000000
0.000000	70245.000000
0.000000	70245.000000
0.000000	70245.000000
0.000000	70246.000000
0.000000	70246.000000
0.000000	70246.000000
0.000000	70246.000000
0.000000	70246.000000
0.000000	70246.000000
0.000000	70246.000000
0.000000	70246.000000
0.000000	70246.000000
0.000000	70246.000000
0.000000	70246.000000
0.000000	70246.000000
0.000000	70246.000000
0.000000	70246.000000
0.000000	70246.000000
0.000000	70246.000000
0.000000	70246.000000
0.000000	70247.000000
0.000000	70247.000000
0.000000	70247.000000
0.000000	70247.000000
0.000000	70247.000000
0.000000	70247.000000
0.000000	70247.000000
0.000000	70247.000000
0.000000	70247.000000
0.000000	70247.000000
0.000000	70247.000000
0.000000	70247.000000
0.000000	70247.000000
0.000000	70247.000000
0.000000	70247.000000
0.000000	70247.000000
0.000000	70247.000000
0.000000	70248.000000
0.000000	70248.000000
0.000000	70248.000000
0.000000	70248.000000
0.000000	70248.000000
0.000000	70248.000000
0.000000	70248.000000
0.000000	70248.000000
0.000000	70248.000000
0.000000	70248.000000
0.000000	70248.000000
0.000000	70248.000000
0.000000	70248.000000
0.000000	70248.000000
0.000000	70248.000000
0.000000	70248.000000
0.000000	70248.000000
0.000000	70249.000000
0.000000	70249.000000
0.000000	70249.000000
0.000000	70249.000000
0.000000	70249.000000
0.000000	70249.000000
0.000000	70249.000000
0.000000	70249.000000
0.000000	70249.000000
0.000000	70249.000000
0.000000	70249.000000
0.000000	70249.000000
0.000000	70249.000000
0.000000	70249.000000
0.000000	70249.000000
0.000000	70249.000000
0.000000	70249.000000
0.000000	70249.000000
0.000000	70250.000000
0.000000	70250.000000
0.000000	70250.000000
0.000000	70250.000000
0.000000	70250.000000
0.000000	70250.000000
0.000000	70250.000000
0.000000	70250.000000
0.000000	70250.000000
0.000000	70250.000000
0.000000	70250.000000
0.000000	70250.000000
0.000000	70250.000000
0.000000	70250.000000
0.000000	70250.000000
0.000000	70250.000000
0.000000	70250.000000
0.000000	70251.000000
0.000000	70251.000000
0.000000	70251.000000
0.000000	70251.000000
0.000000	70251.000000
0.000000	70251.000000
0.000000	70251.000000
0.000000	70251.000000
0.000000	70251.000000
0.000000	70251.000000
0.000000	70251.000000
0.000000	70251.000000
0.000000	70251.000000
0.000000	70251.000000
0.000000	70251.000000
0.000000	70251.000000
0.000000	70251.000000
0.000000	70252.000000
0.000000	70252.000000
0.000000	70252.000000
0.000000	70252.000000
0.000000	70252.000000
0.000000	70252.000000
0.000000	70252.000000
0.000000	70252.000000
0.000000	70252.000000
0.000000	70252.000000
0.000000	70252.000000
0.000000	70252.000000
0.000000	70252.000000
0.000000	70252.000000
0.000000	70252.000000
0.000000	70252.000000
0.000000	70252.000000
0.000000	70253.000000
0.000000	70253.000000
0.000000	70253.000000
0.000000	70253.000000
0.000000	70253.000000
0.000000	70253.000000
0.000000	70253.000000
0.000000	70253.000000
0.000000	70253.000000
0.000000	70253.000000
0.000000	70253.000000
0.000000	70253.000000
0.000000	70253.000000
0.000000	70253.000000
0.000000	70253.000000
0.000000	70253.000000
0.000000	70253.000000
0.000000	70254.000000
0.000000	70254.000000
0.000000	70254.000000
0.000000	70254.000000
0.000000	70254.000000
0.000000	70254.000000
0.000000	70254.000000
0.000000	70254.000000
0.000000	70254.000000
0.000000	70254.000000
0.000000	70254.000000
0.000000	70254.000000
0.000000	70254.000000
0.000000	70254.000000
0.000000	70254.000000
0.000000	70254.000000
0.000000	70254.000000
0.000000	70255.000000
0.000000	70255.000000
0.000000	70255.000000
0.000000	70255.000000
0.000000	70255.000000
0.000000	70255.000000
0.000000	70255.000000
0.000000	70255.000000
0.000000	70255.000000
0.000000	70255.000000
0.000000	70255.000000
0.000000	70255.000000
0.000000	70255.000000
0.000000	70255.000000
0.000000	70255.000000
0.000000	70255.000000
0.000000	70255.000000
0.000000	70256.000000
0.000000	70256.000000
0.000000	70256.000000
0.000000	70256.000000
0.000000	70256.000000
0.000000	70256.000000
0.000000	70256.000000
0.000000	70256.000000
0.000000	70256.000000
0.000000	70256.000000
0.000000	70256.000000
0.000000	70256.000000
0.000000	70256.000000
0.000000	70256.000000
0.000000	70256.000000
0.000000	70256.000000
0.000000	70256.000000
0.000000	70257.000000
0.000000	70257.000000
0.000000	70257.000000
0.000000	70257.000000
0.000000	70257.000000
0.000000	70257.000000
0.000000	70257.000000
0.000000	70257.000000
0.000000	70257.000000
0.000000	70257.000000
0.000000	70257.000000
0.000000	70257.000000
0.000000	70257.000000
0.000000	70257.000000
0.000000	70257.000000
0.000000	70257.000000
0.000000	70257.000000
0.000000	70258.000000
0.000000	70258.000000
0.000000	70258.000000
0.000000	70258.000000
0.000000	70258.000000
0.000000	70258.000000
0.000000	70258.000000
0.000000	70258.000000
0.000000	70258.000000
0.000000	70258.000000
0.000000	70258.000000
0.000000	70258.000000
0.000000	70258.000000
0.000000	70258.000000
0.000000	70258.000000
0.000000	70258.000000
0.000000	70258.000000
0.000000	70259.000000
0.000000	70259.000000
0.000000	70259.000000
0.000000	70259.000000
0.000000	70259.000000
0.000000	70259.000000
0.000000	70259.000000
0.000000	70259.000000
0.000000	70259.000000
0.000000	70259.000000
0.000000	70259.000000
0.000000	70259.000000
0.000000	70259.000000
0.000000	70259.000000
0.000000	70259.000000
0.000000	70259.000000
0.000000	70259.000000
0.000000	70300.000000
0.000000	70300.000000
0.000000	70300.000000
0.000000	70300.000000
0.000000	70300.000000
0.000000	70300.000000
0.000000	70300.000000
0.000000	70300.000000
0.000000	70300.000000
0.000000	70300.000000
0.000000	70300.000000
0.000000	70300.000000
0.000000	70300.000000
0.000000	70300.000000
0.000000	70300.000000
0.000000	70300.000000
0.000000	70300.000000
0.000000	70301.000000
0.000000	70301.000000
0.000000	70301.000000
0.000000	70301.000000
0.000000	70301.000000
0.000000	70301.000000
0.000000	70301.000000
0.000000	70301.000000
0.000000	70301.000000
0.000000	70301.000000
0.000000	70301.000000
0.000000	70301.000000
0.000000	70301.000000
0.000000	70301.000000
0.000000	70301.000000
0.000000	70301.000000
0.000000	70301.000000
0.000000	70302.000000
0.000000	70302.000000
0.000000	70302.000000
0.000000	70302.000000
0.000000	70302.000000
0.000000	70302.000000
0.000000	70302.000000
0.000000	70302.000000
0.000000	70302.000000
0.000000	70302.000000
0.000000	70302.000000
0.000000	70302.000000
0.000000	70302.000000
0.000000	70302.000000
0.000000	70302.000000
0.000000	70302.000000
0.000000	70302.000000
0.000000	70303.000000
0.000000	70303.000000
0.000000	70303.000000
0.000000	70303.000000
0.000000	70303.000000
0.000000	70303.000000
0.000000	70303.000000
0.000000	70303.000000
0.000000	70303.000000
0.000000	70303.000000
0.000000	70303.000000
0.000000	70303.000000
0.000000	70303.000000
0.000000	70303.000000
0.000000	70303.000000
0.000000	70303.000000
0.000000	70303.000000
0.000000	70304.000000
0.000000	70304.000000
0.000000	70304.000000
0.000000	70304.000000
0.000000	70304.000000
0.000000	70304.000000
0.000000	70304.000000
0.000000	70304.000000
0.000000	70304.000000
0.000000	70304.000000
0.000000	70304.000000
0.000000	70304.000000
0.000000	70304.000000
0.000000	70304.000000
0.000000	70304.000000
0.000000	70304.000000
0.000000	70304.000000
0.000000	70304.000000
0.000000	70305.000000
0.000000	70305.000000
0.000000	70305.000000
0.000000	70305.000000
0.000000	70305.000000
0.000000	70305.000000
0.000000	70305.000000
0.000000	70305.000000
0.000000	70305.000000
0.000000	70305.000000
0.000000	70305.000000
0.000000	70305.000000
0.000000	70305.000000
0.000000	70305.000000
0.000000	70305.000000
0.000000	70305.000000
0.000000	70305.000000
0.000000	70306.000000
0.000000	70306.000000
0.000000	70306.000000
0.000000	70306.000000
0.000000	70306.000000
0.000000	70306.000000
0.000000	70306.000000
0.000000	70306.000000
0.000000	70306.000000
0.000000	70306.000000
0.000000	70306.000000
0.000000	70306.000000
0.000000	70306.000000
0.000000	70306.000000
0.000000	70306.000000
0.000000	70306.000000
0.000000	70306.000000
0.000000	70307.000000
0.000000	70307.000000
0.000000	70307.000000
0.000000	70307.000000
0.000000	70307.000000
0.000000	70307.000000
0.000000	70307.000000
0.000000	70307.000000
0.000000	70307.000000
0.000000	70307.000000
0.000000	70307.000000
0.000000	70307.000000
0.000000	70307.000000
0.000000	70307.000000
0.000000	70307.000000
0.000000	70307.000000
0.000000	70307.000000
0.000000	70308.000000
0.000000	70308.000000
0.000000	70308.000000
0.000000	70308.000000
0.000000	70308.000000
0.000000	70308.000000
0.000000	70308.000000
0.000000	70308.000000
0.000000	70308.000000
0.000000	70308.000000
0.000000	70308.000000
0.000000	70308.000000
0.000000	70308.000000
0.000000	70308.000000
0.000000	70308.000000
0.000000	70308.000000
0.000000	70308.000000
0.000000	70309.000000
0.000000	70309.000000
0.000000	70309.000000
0.000000	70309.000000
0.000000	70309.000000
0.000000	70309.000000
0.000000	70309.000000
0.000000	70309.000000
0.000000	70309.000000
0.000000	70309.000000
0.000000	70309.000000
0.000000	70309.000000
0.000000	70309.000000
0.000000	70309.000000
0.000000	70309.000000
0.000000	70309.000000
0.000000	70309.000000
0.000000	70310.000000
0.000000	70310.000000
0.000000	70310.000000
0.000000	70310.000000
0.000000	70310.000000
0.000000	70310.000000
0.000000	70310.000000
0.000000	70310.000000
0.000000	70310.000000
0.000000	70310.000000
0.000000	70310.000000
0.000000	70310.000000
0.000000	70310.000000
0.000000	70310.000000
0.000000	70310.000000
0.000000	70310.000000
0.000000	70310.000000
0.000000	70311.000000
0.000000	70311.000000
0.000000	70311.000000
0.000000	70311.000000
0.000000	70311.000000
0.000000	70311.000000
0.000000	70311.000000
0.000000	70311.000000
0.000000	70311.000000
0.000000	70311.000000
0.000000	70311.000000
0.000000	70311.000000
0.000000	70311.000000
0.000000	70311.000000
0.000000	70311.000000
0.000000	70311.000000
0.000000	70311.000000
0.000000	70312.000000
0.000000	70312.000000
0.000000	70312.000000
0.000000	70312.000000
0.000000	70312.000000
0.000000	70312.000000
0.000000	70312.000000
0.000000	70312.000000
0.000000	70312.000000
0.000000	70312.000000
0.000000	70312.000000
0.000000	70312.000000
0.000000	70312.000000
0.000000	70312.000000
0.000000	70312.000000
0.000000	70312.000000
0.000000	70312.000000
0.000000	70313.000000
0.000000	70313.000000
0.000000	70313.000000
0.000000	70313.000000
0.000000	70313.000000
0.000000	70313.000000
0.000000	70313.000000
0.000000	70313.000000
0.000000	70313.000000
0.000000	70313.000000
0.000000	70313.000000
0.000000	70313.000000
0.000000	70313.000000
0.000000	70313.000000
0.000000	70313.000000
0.000000	70313.000000
0.000000	70313.000000
0.000000	70314.000000
0.000000	70314.000000
0.000000	70314.000000
0.000000	70314.000000
0.000000	70314.000000
0.000000	70314.000000
0.000000	70314.000000
0.000000	70314.000000
0.000000	70314.000000
0.000000	70314.000000
0.000000	70314.000000
0.000000	70314.000000
0.000000	70314.000000
0.000000	70314.000000
0.000000	70314.000000
0.000000	70314.000000
0.000000	70314.000000
0.000000	70315.000000
0.000000	70315.000000
0.000000	70315.000000
0.000000	70315.000000
0.000000	70315.000000
0.000000	70315.000000
0.000000	70315.000000
0.000000	70315.000000
0.000000	70315.000000
0.000000	70315.000000
0.000000	70315.000000
0.000000	70315.000000
0.000000	70315.000000
0.000000	70315.000000
0.000000	70315.000000
0.000000	70315.000000
0.000000	70315.000000
0.000000	70316.000000
0.000000	70316.000000
0.000000	70316.000000
0.000000	70316.000000
0.000000	70316.000000
0.000000	70316.000000
0.000000	70316.000000
0.000000	70316.000000
0.000000	70316.000000
0.000000	70316.000000
0.000000	70316.000000
0.000000	70316.000000
0.000000	70316.000000
0.000000	70316.000000
0.000000	70316.000000
0.000000	70316.000000
0.000000	70316.000000
0.000000	70317.000000
0.000000	70317.000000
0.000000	70317.000000
0.000000	70317.000000
0.000000	70317.000000
0.000000	70317.000000
0.000000	70317.000000
0.000000	70317.000000
0.000000	70317.000000
0.000000	70317.000000
0.000000	70317.000000
0.000000	70317.000000
0.000000	70317.000000
0.000000	70317.000000
0.000000	70317.000000
0.000000	70317.000000
0.000000	70317.000000
0.000000	70318.000000
0.000000	70318.000000
0.000000	70318.000000
0.000000	70318.000000
0.000000	70318.000000
0.000000	70318.000000
0.000000	70318.000000
0.000000	70318.000000
0.000000	70318.000000
0.000000	70318.000000
0.000000	70318.000000
0.000000	70318.000000
0.000000	70318.000000
0.000000	70318.000000
0.000000	70318.000000
0.000000	70318.000000
0.000000	70318.000000
0.000000	70319.000000
0.000000	70319.000000
0.000000	70319.000000
0.000000	70319.000000
0.000000	70319.000000
0.000000	70319.000000
0.000000	70319.000000
0.000000	70319.000000
0.000000	70319.000000
0.000000	70319.000000
0.000000	70319.000000
0.000000	70319.000000
0.000000	70319.000000
0.000000	70319.000000
0.000000	70319.000000
0.000000	70319.000000
0.000000	70319.000000
0.000000	70319.000000
0.000000	70320.000000
0.000000	70320.000000
0.000000	70320.000000
0.000000	70320.000000
0.000000	70320.000000
0.000000	70320.000000
0.000000	70320.000000
0.000000	70320.000000
0.000000	70320.000000
0.000000	70320.000000
0.000000	70320.000000
0.000000	70320.000000
0.000000	70320.000000
0.000000	70320.000000
0.000000	70320.000000
0.000000	70320.000000
0.000000	70320.000000
0.000000	70321.000000
0.000000	70321.000000
0.000000	70321.000000
0.000000	70321.000000
0.000000	70321.000000
0.000000	70321.000000
0.000000	70321.000000
0.000000	70321.000000
0.000000	70321.000000
0.000000	70321.000000
0.000000	70321.000000
0.000000	70321.000000
0.000000	70321.000000
0.000000	70321.000000
0.000000	70321.000000
0.000000	70321.000000
0.000000	70321.000000
0.000000	70322.000000
0.000000	70322.000000
0.000000	70322.000000
0.000000	70322.000000
0.000000	70322.000000
0.000000	70322.000000
0.000000	70322.000000
0.000000	70322.000000
0.000000	70322.000000
0.000000	70322.000000
0.000000	70322.000000
0.000000	70322.000000
0.000000	70322.000000
0.000000	70322.000000
0.000000	70322.000000
0.000000	70322.000000
0.000000	70322.000000
0.000000	70323.000000
0.000000	70323.000000
0.000000	70323.000000
0.000000	70323.000000
0.000000	70323.000000
0.000000	70323.000000
0.000000	70323.000000
0.000000	70323.000000
0.000000	70323.000000
0.000000	70323.000000
0.000000	70323.000000
0.000000	70323.000000
0.000000	70323.000000
0.000000	70323.000000
0.000000	70323.000000
0.000000	70323.000000
0.000000	70323.000000
0.000000	70324.000000
0.000000	70324.000000
0.000000	70324.000000
0.000000	70324.000000
0.000000	70324.000000
0.000000	70324.000000
0.000000	70324.000000
0.000000	70324.000000
0.000000	70324.000000
0.000000	70324.000000
0.000000	70324.000000
0.000000	70324.000000
0.000000	70324.000000
0.000000	70324.000000
0.000000	70324.000000
0.000000	70324.000000
0.000000	70324.000000
0.000000	70325.000000
0.000000	70325.000000
0.000000	70325.000000
0.000000	70325.000000
0.000000	70325.000000
0.000000	70325.000000
0.000000	70325.000000
0.000000	70325.000000
0.000000	70325.000000
0.000000	70325.000000
0.000000	70325.000000
0.000000	70325.000000
0.000000	70325.000000
0.000000	70325.000000
0.000000	70325.000000
0.000000	70325.000000
0.000000	70325.000000
0.000000	70326.000000
0.000000	70326.000000
0.000000	70326.000000
0.000000	70326.000000
0.000000	70326.000000
0.000000	70326.000000
0.000000	70326.000000
0.000000	70326.000000
0.000000	70326.000000
0.000000	70326.000000
0.000000	70326.000000
0.000000	70326.000000
0.000000	70326.000000
0.000000	70326.000000
0.000000	70326.000000
0.000000	70326.000000
0.000000	70326.000000
0.000000	70327.000000
0.000000	70327.000000
0.000000	70327.000000
0.000000	70327.000000
0.000000	70327.000000
0.000000	70327.000000
0.000000	70327.000000
0.000000	70327.000000
0.000000	70327.000000
0.000000	70327.000000
0.000000	70327.000000
0.000000	70327.000000
0.000000	70327.000000
0.000000	70327.000000
0.000000	70327.000000
0.000000	70327.000000
0.000000	70327.000000
0.000000	70328.000000
0.000000	70328.000000
0.000000	70328.000000
0.000000	70328.000000
0.000000	70328.000000
0.000000	70328.000000
0.000000	70328.000000
0.000000	70328.000000
0.000000	70328.000000
0.000000	70328.000000
0.000000	70328.000000
0.000000	70328.000000
0.000000	70328.000000
0.000000	70328.000000
0.000000	70328.000000
0.000000	70328.000000
0.000000	70328.000000
0.000000	70329.000000
0.000000	70329.000000
0.000000	70329.000000
0.000000	70329.000000
0.000000	70329.000000
0.000000	70329.000000
0.000000	70329.000000
0.000000	70329.000000
0.000000	70329.000000
0.000000	70329.000000
0.000000	70329.000000
0.000000	70329.000000
0.000000	70329.000000
0.000000	70329.000000
0.000000	70329.000000
0.000000	70329.000000
0.000000	70329.000000
0.000000	70330.000000
0.000000	70330.000000
0.000000	70330.000000
0.000000	70330.000000
0.000000	70330.000000
0.000000	70330.000000
0.000000	70330.000000
0.000000	70330.000000
0.000000	70330.000000
0.000000	70330.000000
0.000000	70330.000000
0.000000	70330.000000
0.000000	70330.000000
0.000000	70330.000000
0.000000	70330.000000
0.000000	70330.000000
0.000000	70330.000000
0.000000	70331.000000
0.000000	70331.000000
0.000000	70331.000000
0.000000	70331.000000
0.000000	70331.000000
0.000000	70331.000000
0.000000	70331.000000
0.000000	70331.000000
0.000000	70331.000000
0.000000	70331.000000
0.000000	70331.000000
0.000000	70331.000000
0.000000	70331.000000
0.000000	70331.000000
0.000000	70331.000000
0.000000	70331.000000
0.000000	70331.000000
0.000000	70332.000000
0.000000	70332.000000
0.000000	70332.000000
0.000000	70332.000000
0.000000	70332.000000
0.000000	70332.000000
0.000000	70332.000000
0.000000	70332.000000
0.000000	70332.000000
0.000000	70332.000000
0.000000	70332.000000
0.000000	70332.000000
0.000000	70332.000000
0.000000	70332.000000
0.000000	70332.000000
0.000000	70332.000000
0.000000	70332.000000
0.000000	70333.000000
0.000000	70333.000000
0.000000	70333.000000
0.000000	70333.000000
0.000000	70333.000000
0.000000	70333.000000
0.000000	70333.000000
0.000000	70333.000000
0.000000	70333.000000
0.000000	70333.000000
0.000000	70333.000000
0.000000	70333.000000
0.000000	70333.000000
0.000000	70333.000000
0.000000	70333.000000
0.000000	70333.000000
0.000000	70333.000000
0.000000	70334.000000
0.000000	70334.000000
0.000000	70334.000000
0.000000	70334.000000
0.000000	70334.000000
0.000000	70334.000000
0.000000	70334.000000
0.000000	70334.000000
0.000000	70334.000000
0.000000	70334.000000
0.000000	70334.000000
0.000000	70334.000000
0.000000	70334.000000
0.000000	70334.000000
0.000000	70334.000000
0.000000	70334.000000
0.000000	70334.000000
0.000000	70334.000000
0.000000	70335.000000
0.000000	70335.000000
0.000000	70335.000000
0.000000	70335.000000
0.000000	70335.000000
0.000000	70335.000000
0.000000	70335.000000
0.000000	70335.000000
0.000000	70335.000000
0.000000	70335.000000
0.000000	70335.000000
0.000000	70335.000000
0.000000	70335.000000
0.000000	70335.000000
0.000000	70335.000000
0.000000	70335.000000
0.000000	70335.000000
0.000000	70336.000000
0.000000	70336.000000
0.000000	70336.000000
0.000000	70336.000000
0.000000	70336.000000
0.000000	70336.000000
0.000000	70336.000000
0.000000	70336.000000
0.000000	70336.000000
0.000000	70336.000000
0.000000	70336.000000
0.000000	70336.000000
0.000000	70336.000000
0.000000	70336.000000
0.000000	70336.000000
0.000000	70336.000000
0.000000	70336.000000
0.000000	70337.000000
0.000000	70337.000000
0.000000	70337.000000
0.000000	70337.000000
0.000000	70337.000000
0.000000	70337.000000
0.000000	70337.000000
0.000000	70337.000000
0.000000	70337.000000
0.000000	70337.000000
0.000000	70337.000000
0.000000	70337.000000
0.000000	70337.000000
0.000000	70337.000000
0.000000	70337.000000
0.000000	70337.000000
0.000000	70337.000000
0.000000	70338.000000
0.000000	70338.000000
0.000000	70338.000000
0.000000	70338.000000
0.000000	70338.000000
0.000000	70338.000000
0.000000	70338.000000
0.000000	70338.000000
0.000000	70338.000000
0.000000	70338.000000
0.000000	70338.000000
0.000000	70338.000000
0.000000	70338.000000
0.000000	70338.000000
0.000000	70338.000000
0.000000	70338.000000
0.000000	70338.000000
0.000000	70339.000000
0.000000	70339.000000
0.000000	70339.000000
0.000000	70339.000000
0.000000	70339.000000
0.000000	70339.000000
0.000000	70339.000000
0.000000	70339.000000
0.000000	70339.000000
0.000000	70339.000000
0.000000	70339.000000
0.000000	70339.000000
0.000000	70339.000000
0.000000	70339.000000
0.000000	70339.000000
0.000000	70339.000000
0.000000	70339.000000
0.000000	70340.000000
0.000000	70340.000000
0.000000	70340.000000
0.000000	70340.000000
0.000000	70340.000000
0.000000	70340.000000
0.000000	70340.000000
0.000000	70340.000000
0.000000	70340.000000
0.000000	70340.000000
0.000000	70340.000000
0.000000	70340.000000
0.000000	70340.000000
0.000000	70340.000000
0.000000	70340.000000
0.000000	70340.000000
0.000000	70340.000000
0.000000	70341.000000
0.000000	70341.000000
0.000000	70341.000000
0.000000	70341.000000
0.000000	70341.000000
0.000000	70341.000000
0.000000	70341.000000
0.000000	70341.000000
0.000000	70341.000000
0.000000	70341.000000
0.000000	70341.000000
0.000000	70341.000000
0.000000	70341.000000
0.000000	70341.000000
0.000000	70341.000000
0.000000	70341.000000
0.000000	70341.000000
0.000000	70342.000000
0.000000	70342.000000
0.000000	70342.000000
0.000000	70342.000000
0.000000	70342.000000
0.000000	70342.000000
0.000000	70342.000000
0.000000	70342.000000
0.000000	70342.000000
0.000000	70342.000000
0.000000	70342.000000
0.000000	70342.000000
0.000000	70342.000000
0.000000	70342.000000
0.000000	70342.000000
0.000000	70342.000000
0.000000	70342.000000
0.000000	70343.000000
0.000000	70343.000000
0.000000	70343.000000
0.000000	70343.000000
0.000000	70343.000000
0.000000	70343.000000
0.000000	70343.000000
0.000000	70343.000000
0.000000	70343.000000
0.000000	70343.000000
0.000000	70343.000000
0.000000	70343.000000
0.000000	70343.000000
0.000000	70343.000000
0.000000	70343.000000
0.000000	70343.000000
0.000000	70343.000000
0.000000	70344.000000
0.000000	70344.000000
0.000000	70344.000000
0.000000	70344.000000
0.000000	70344.000000
0.000000	70344.000000
0.000000	70344.000000
0.000000	70344.000000
0.000000	70344.000000
0.000000	70344.000000
0.000000	70344.000000
0.000000	70344.000000
0.000000	70344.000000
0.000000	70344.000000
0.000000	70344.000000
0.000000	70344.000000
0.000000	70344.000000
0.000000	70345.000000
0.000000	70345.000000
0.000000	70345.000000
0.000000	70345.000000
0.000000	70345.000000
0.000000	70345.000000
0.000000	70345.000000
0.000000	70345.000000
0.000000	70345.000000
0.000000	70345.000000
0.000000	70345.000000
0.000000	70345.000000
0.000000	70345.000000
0.000000	70345.000000
0.000000	70345.000000
0.000000	70345.000000
0.000000	70345.000000
0.000000	70346.000000
0.000000	70346.000000
0.000000	70346.000000
0.000000	70346.000000
0.000000	70346.000000
0.000000	70346.000000
0.000000	70346.000000
0.000000	70346.000000
0.000000	70346.000000
0.000000	70346.000000
0.000000	70346.000000
0.000000	70346.000000
0.000000	70346.000000
0.000000	70346.000000
0.000000	70346.000000
0.000000	70346.000000
0.000000	70346.000000
0.000000	70347.000000
0.000000	70347.000000
0.000000	70347.000000
0.000000	70347.000000
0.000000	70347.000000
0.000000	70347.000000
0.000000	70347.000000
0.000000	70347.000000
0.000000	70347.000000
0.000000	70347.000000
0.000000	70347.000000
0.000000	70347.000000
0.000000	70347.000000
0.000000	70347.000000
0.000000	70347.000000
0.000000	70347.000000
0.000000	70347.000000
0.000000	70348.000000
0.000000	70348.000000
0.000000	70348.000000
0.000000	70348.000000
0.000000	70348.000000
0.000000	70348.000000
0.000000	70348.000000
0.000000	70348.000000
0.000000	70348.000000
0.000000	70348.000000
0.000000	70348.000000
0.000000	70348.000000
0.000000	70348.000000
0.000000	70348.000000
0.000000	70348.000000
0.000000	70348.000000
0.000000	70348.000000
0.000000	70348.000000
0.000000	70349.000000
0.000000	70349.000000
0.000000	70349.000000
0.000000	70349.000000
0.000000	70349.000000
0.000000	70349.000000
0.000000	70349.000000
0.000000	70349.000000
0.000000	70349.000000
0.000000	70349.000000
0.000000	70349.000000
0.000000	70349.000000
0.000000	70349.000000
0.000000	70349.000000
0.000000	70349.000000
0.000000	70349.000000
0.000000	70349.000000
0.000000	70350.000000
0.000000	70350.000000
0.000000	70350.000000
0.000000	70350.000000
0.000000	70350.000000
0.000000	70350.000000
0.000000	70350.000000
0.000000	70350.000000
0.000000	70350.000000
0.000000	70350.000000
0.000000	70350.000000
0.000000	70350.000000
0.000000	70350.000000
0.000000	70350.000000
0.000000	70350.000000
0.000000	70350.000000
0.000000	70350.000000
0.000000	70351.000000
0.000000	70351.000000
0.000000	70351.000000
0.000000	70351.000000
0.000000	70351.000000
0.000000	70351.000000
0.000000	70351.000000
0.000000	70351.000000
0.000000	70351.000000
0.000000	70351.000000
0.000000	70351.000000
0.000000	70351.000000
0.000000	70351.000000
0.000000	70351.000000
0.000000	70351.000000
0.000000	70351.000000
0.000000	70351.000000
0.000000	70352.000000
0.000000	70352.000000
0.000000	70352.000000
0.000000	70352.000000
0.000000	70352.000000
0.000000	70352.000000
0.000000	70352.000000
0.000000	70352.000000
0.000000	70352.000000
0.000000	70352.000000
0.000000	70352.000000
0.000000	70352.000000
0.000000	70352.000000
0.000000	70352.000000
0.000000	70352.000000
0.000000	70352.000000
0.000000	70352.000000
0.000000	70353.000000
0.000000	70353.000000
0.000000	70353.000000
0.000000	70353.000000
0.000000	70353.000000
0.000000	70353.000000
0.000000	70353.000000
0.000000	70353.000000
0.000000	70353.000000
0.000000	70353.000000
0.000000	70353.000000
0.000000	70353.000000
0.000000	70353.000000
0.000000	70353.000000
0.000000	70353.000000
0.000000	70353.000000
0.000000	70353.000000
0.000000	70354.000000
0.000000	70354.000000
0.000000	70354.000000
0.000000	70354.000000
0.000000	70354.000000
0.000000	70354.000000
0.000000	70354.000000
0.000000	70354.000000
0.000000	70354.000000
0.000000	70354.000000
0.000000	70354.000000
0.000000	70354.000000
0.000000	70354.000000
0.000000	70354.000000
0.000000	70354.000000
0.000000	70354.000000
0.000000	70354.000000
0.000000	70355.000000
0.000000	70355.000000
0.000000	70355.000000
0.000000	70355.000000
0.000000	70355.000000
0.000000	70355.000000
0.000000	70355.000000
0.000000	70355.000000
0.000000	70355.000000
0.000000	70355.000000
0.000000	70355.000000
0.000000	70355.000000
0.000000	70355.000000
0.000000	70355.000000
0.000000	70355.000000
0.000000	70355.000000
0.000000	70355.000000
0.000000	70356.000000
0.000000	70356.000000
0.000000	70356.000000
0.000000	70356.000000
0.000000	70356.000000
0.000000	70356.000000
0.000000	70356.000000
0.000000	70356.000000
0.000000	70356.000000
0.000000	70356.000000
0.000000	70356.000000
0.000000	70356.000000
0.000000	70356.000000
0.000000	70356.000000
0.000000	70356.000000
0.000000	70356.000000
0.000000	70356.000000
0.000000	70357.000000
0.000000	70357.000000
0.000000	70357.000000
0.000000	70357.000000
0.000000	70357.000000
0.000000	70357.000000
0.000000	70357.000000
0.000000	70357.000000
0.000000	70357.000000
0.000000	70357.000000
0.000000	70357.000000
0.000000	70357.000000
0.000000	70357.000000
0.000000	70357.000000
0.000000	70357.000000
0.000000	70357.000000
0.000000	70357.000000
0.000000	70358.000000
0.000000	70358.000000
0.000000	70358.000000
0.000000	70358.000000
0.000000	70358.000000
0.000000	70358.000000
0.000000	70358.000000
0.000000	70358.000000
0.000000	70358.000000
0.000000	70358.000000
0.000000	70358.000000
0.000000	70358.000000
0.000000	70358.000000
0.000000	70358.000000
0.000000	70358.000000
0.000000	70358.000000
0.000000	70358.000000
0.000000	70359.000000
0.000000	70359.000000
0.000000	70359.000000
0.000000	70359.000000
0.000000	70359.000000
0.000000	70359.000000
0.000000	70359.000000
0.000000	70359.000000
0.000000	70359.000000
0.000000	70359.000000
0.000000	70359.000000
0.000000	70359.000000
0.000000	70359.000000
0.000000	70359.000000
0.000000	70359.000000
0.000000	70359.000000
0.000000	70359.000000
0.000000	70400.000000
0.000000	70400.000000
0.000000	70400.000000
0.000000	70400.000000
0.000000	70400.000000
0.000000	70400.000000
0.000000	70400.000000
0.000000	70400.000000
0.000000	70400.000000
0.000000	70400.000000
0.000000	70400.000000
0.000000	70400.000000
0.000000	70400.000000
0.000000	70400.000000
0.000000	70400.000000
0.000000	70400.000000
0.000000	70400.000000
0.000000	70401.000000
0.000000	70401.000000
0.000000	70401.000000
0.000000	70401.000000
0.000000	70401.000000
0.000000	70401.000000
0.000000	70401.000000
0.000000	70401.000000
0.000000	70401.000000
0.000000	70401.000000
0.000000	70401.000000
0.000000	70401.000000
0.000000	70401.000000
0.000000	70401.000000
0.000000	70401.000000
0.000000	70401.000000
0.000000	70401.000000
0.000000	70402.000000
0.000000	70402.000000
0.000000	70402.000000
0.000000	70402.000000
0.000000	70402.000000
0.000000	70402.000000
0.000000	70402.000000
0.000000	70402.000000
0.000000	70402.000000
0.000000	70402.000000
0.000000	70402.000000
0.000000	70402.000000
0.000000	70402.000000
0.000000	70402.000000
0.000000	70402.000000
0.000000	70402.000000
0.000000	70402.000000
0.000000	70403.000000
0.000000	70403.000000
0.000000	70403.000000
0.000000	70403.000000
0.000000	70403.000000
0.000000	70403.000000
0.000000	70403.000000
0.000000	70403.000000
0.000000	70403.000000
0.000000	70403.000000
0.000000	70403.000000
0.000000	70403.000000
0.000000	70403.000000
0.000000	70403.000000
0.000000	70403.000000
0.000000	70403.000000
0.000000	70403.000000
0.000000	70404.000000
0.000000	70404.000000
0.000000	70404.000000
0.000000	70404.000000
0.000000	70404.000000
0.000000	70404.000000
0.000000	70404.000000
0.000000	70404.000000
0.000000	70404.000000
0.000000	70404.000000
0.000000	70404.000000
0.000000	70404.000000
0.000000	70404.000000
0.000000	70404.000000
0.000000	70404.000000
0.000000	70404.000000
0.000000	70404.000000
0.000000	70404.000000
0.000000	70405.000000
0.000000	70405.000000
0.000000	70405.000000
0.000000	70405.000000
0.000000	70405.000000
0.000000	70405.000000
0.000000	70405.000000
0.000000	70405.000000
0.000000	70405.000000
0.000000	70405.000000
0.000000	70405.000000
0.000000	70405.000000
0.000000	70405.000000
0.000000	70405.000000
0.000000	70405.000000
0.000000	70405.000000
0.000000	70405.000000
0.000000	70406.000000
0.000000	70406.000000
0.000000	70406.000000
0.000000	70406.000000
0.000000	70406.000000
0.000000	70406.000000
0.000000	70406.000000
